-2.64234e-05
-0.00011579
8.59466e-05
-1.71255e-05
-9.92529e-05
9.54962e-05
-1.2475e-05
-9.92536e-05
8.59491e-05
5.25392e-05
0.000157199
0.000138508
0.000199507
0.000960426
0.000277642
0.00027304
0.001963
0.000360612
0.000282369
0.00298195
0.000368263
0.000299335
0.0041669
0.000377873
0.000271935
0.00521852
0.000359546
0.000228321
0.00639374
0.000319458
0.000248959
0.00741326
0.000303577
0.00021185
0.00837311
0.000273914
0.000212878
0.00947541
0.000280303
0.000186402
0.0104524
0.00027222
0.000192168
0.0114637
0.000246572
0.000173277
0.0125244
0.000261008
0.000125822
0.0135162
0.000189623
0.000120165
0.0145275
0.000167483
0.000128236
0.0155577
0.000223325
8.88423e-05
0.016692
0.000201076
7.16914e-05
0.0177691
0.000145667
4.55168e-05
0.0187803
0.000137983
1.39195e-05
0.0199412
0.000144411
1.01023e-05
0.0201817
0.000135551
-7.73584e-06
0.0201089
0.000282107
-8.52482e-05
0.0198803
0.00108421
-0.000226258
0.0196257
0.00278484
-0.00017696
0.0189856
0.00491701
-0.0001841
0.0180636
0.00708063
-0.000207847
0.0171937
0.00916014
-0.000134925
0.0161239
0.011198
-0.000134454
0.0149991
0.0130365
-0.000105769
0.0137926
0.0147086
4.59562e-05
0.0122221
0.0162739
5.88496e-05
0.0106015
0.0175781
8.56713e-05
0.00904038
0.0185571
0.000103239
0.00716826
0.0193471
4.73762e-05
0.00529771
0.0198588
5.68364e-05
0.00338262
0.0200086
3.07895e-05
0.00132226
0.0199678
-3.59769e-06
-0.000745731
0.0198332
-6.91052e-05
-0.00261711
0.0196212
-8.96995e-05
-0.00467257
0.0192116
-0.000153654
-0.00663814
0.0185594
-0.000167311
-0.00846386
0.017679
-0.000190916
-0.0103347
0.0166893
-0.000167626
-0.0121015
0.0156478
-0.000151559
-0.0138256
0.0143158
-8.56387e-05
-0.0154301
0.012976
-0.000126829
-0.0167268
0.0114796
-5.18728e-05
-0.0178218
0.00981273
-2.40305e-06
-0.0187198
0.00817144
-1.47344e-05
-0.0197302
0.00626749
9.71463e-05
-0.0202787
0.00436115
0.00022112
-0.0204623
0.00255543
0.000219145
-0.0204277
0.000734339
0.000243525
-0.020164
-0.001417
0.000229966
-0.0196656
-0.0032758
0.000200366
-0.0191749
-0.00523871
0.000210462
-0.0185087
-0.00718124
0.000218032
-0.0174746
-0.00918816
0.000170966
-0.0163962
-0.011013
0.000128177
-0.015324
-0.0127917
3.56458e-05
-0.0142008
-0.0143028
-5.32253e-05
-0.0128393
-0.0157302
-6.77032e-05
-0.0114145
-0.0170506
-5.53793e-05
-0.00971348
-0.018126
-0.000111913
-0.00794307
-0.0190046
-6.78686e-05
-0.00609156
-0.019668
-0.000147701
-0.00414451
-0.0200056
-0.000104688
-0.00210473
-0.0200644
9.4102e-06
-0.000145754
-0.0198887
4.07721e-05
0.00183935
-0.0196882
1.41861e-05
0.00382546
-0.0193716
7.37564e-05
0.00583235
-0.0187926
3.18097e-05
0.00784087
-0.0180949
-8.85476e-08
0.00983014
-0.0172042
1.77082e-05
0.0115669
-0.0161507
6.11634e-05
0.0131892
-0.0149667
9.33355e-05
0.0147868
-0.0135572
9.94042e-05
0.0161847
-0.0121153
0.000112932
0.0173513
-0.0106153
7.5194e-05
0.0183753
-0.00888521
9.14312e-07
0.0192265
-0.00722336
-5.56671e-05
0.0201302
-0.00526085
-0.000224788
0.0204295
-0.00348774
-0.000262387
0.0205583
-0.00170625
-0.000325111
0.0206064
-0.000494588
-0.000287631
0.0205467
-0.000333587
-0.000277761
0.020539
-0.00033857
-0.000262012
0.0205157
-0.000324814
-0.000241017
0.0204845
-0.00030647
-0.000220027
0.0204534
-0.000288123
-0.000198417
0.0204143
-0.000255616
-0.000182682
0.0203909
-0.000241849
-0.000166949
0.0203675
-0.000228081
-0.000151219
0.0203441
-0.000214311
-0.000140733
0.0203285
-0.00020513
-0.000129632
0.020305
-0.000181789
-0.000123157
0.0202807
-0.00017758
-0.000107436
0.0202573
-0.000163803
-9.69561e-05
0.0202417
-0.000154618
-8.58669e-05
0.0202182
-0.00013127
-8.06286e-05
0.0202104
-0.000126676
-6.49155e-05
0.0201869
-0.000112894
-6.30797e-05
0.0201625
-9.91114e-05
-6.24729e-05
0.0201546
-8.49489e-05
-5.20016e-05
0.0201389
-7.57581e-05
-4.67664e-05
0.0201311
-7.11624e-05
-4.61619e-05
0.0201232
-5.69993e-05
-4.09274e-05
0.0201154
-5.24031e-05
-3.56932e-05
0.0201076
-4.78067e-05
-3.50907e-05
0.0200996
-3.36432e-05
-2.98572e-05
0.0200918
-2.90463e-05
-2.46239e-05
0.020084
-2.44492e-05
-2.46239e-05
0.020084
-2.44492e-05
-2.34019e-05
0.0200675
-2.48276e-05
-2.28017e-05
0.0200596
-1.06635e-05
-2.28017e-05
0.0200596
-1.06635e-05
-2.28017e-05
0.0200596
-1.06635e-05
-1.75697e-05
0.0200518
-6.06577e-06
-1.75697e-05
0.0200518
-6.06577e-06
-1.63496e-05
0.0200352
-6.44347e-06
-1.63496e-05
0.0200352
-6.44347e-06
-1.63496e-05
0.0200352
-6.44347e-06
-1.63496e-05
0.0200352
-6.44347e-06
-1.63496e-05
0.0200352
-6.44347e-06
-1.63496e-05
0.0200352
-6.44347e-06
-1.11183e-05
0.0200274
-1.84538e-06
-1.11183e-05
0.0200274
-1.84538e-06
-1.11183e-05
0.0200274
-1.84538e-06
-1.11183e-05
0.0200274
-1.84538e-06
-1.11183e-05
0.0200274
-1.84538e-06
-1.11183e-05
0.0200274
-1.84538e-06
-5.88723e-06
0.0200196
2.75293e-06
-5.88723e-06
0.0200196
2.75293e-06
-5.88723e-06
0.0200196
2.75293e-06
-5.88723e-06
0.0200196
2.75293e-06
-5.88723e-06
0.0200196
2.75293e-06
-5.88723e-06
0.0200196
2.75293e-06
-5.88723e-06
0.0200196
2.75293e-06
-5.88723e-06
0.0200196
2.75293e-06
-5.88723e-06
0.0200196
2.75293e-06
-5.88723e-06
0.0200196
2.75293e-06
-5.88723e-06
0.0200196
2.75293e-06
-5.88723e-06
0.0200196
2.75293e-06
-5.88723e-06
0.0200196
2.75293e-06
-5.88723e-06
0.0200196
2.75293e-06
-5.88723e-06
0.0200196
2.75293e-06
-5.88723e-06
0.0200196
2.75293e-06
-5.88723e-06
0.0200196
2.75293e-06
-5.88723e-06
0.0200196
2.75293e-06
-5.88723e-06
0.0200196
2.75293e-06
-5.88723e-06
0.0200196
2.75293e-06
-5.88723e-06
0.0200196
2.75293e-06
-5.88723e-06
0.0200196
2.75293e-06
-5.88723e-06
0.0200196
2.75293e-06
-5.88723e-06
0.0200196
2.75293e-06
-5.88723e-06
0.0200196
2.75293e-06
-5.88723e-06
0.0200196
2.75293e-06
-9.89961e-06
0.0200109
-2.22261e-06
-9.89961e-06
0.0200109
-2.22261e-06
-9.89961e-06
0.0200109
-2.22261e-06
-9.89961e-06
0.0200109
-2.22261e-06
-9.89961e-06
0.0200109
-2.22261e-06
-9.89961e-06
0.0200109
-2.22261e-06
-9.89961e-06
0.0200109
-2.22261e-06
-9.89961e-06
0.0200109
-2.22261e-06
-9.89961e-06
0.0200109
-2.22261e-06
-9.89961e-06
0.0200109
-2.22261e-06
-9.89961e-06
0.0200109
-2.22261e-06
-9.89961e-06
0.0200109
-2.22261e-06
-9.89961e-06
0.0200109
-2.22261e-06
-9.89961e-06
0.0200109
-2.22261e-06
-9.89961e-06
0.0200109
-2.22261e-06
-9.89961e-06
0.0200109
-2.22261e-06
-9.89961e-06
0.0200109
-2.22261e-06
-9.89961e-06
0.0200109
-2.22261e-06
-9.89961e-06
0.0200109
-2.22261e-06
-9.89961e-06
0.0200109
-2.22261e-06
-9.89961e-06
0.0200109
-2.22261e-06
-9.89961e-06
0.0200109
-2.22261e-06
-9.89961e-06
0.0200109
-2.22261e-06
-9.89961e-06
0.0200109
-2.22261e-06
-9.89961e-06
0.0200109
-2.22261e-06
-9.89961e-06
0.0200109
-2.22261e-06
-9.89961e-06
0.0200109
-2.22261e-06
-9.89961e-06
0.0200109
-2.22261e-06
-9.89961e-06
0.0200109
-2.22261e-06
-9.89961e-06
0.0200109
-2.22261e-06
-9.89961e-06
0.0200109
-2.22261e-06
-9.89961e-06
0.0200109
-2.22261e-06
-9.89961e-06
0.0200109
-2.22261e-06
-9.89961e-06
0.0200109
-2.22261e-06
-9.89961e-06
0.0200109
-2.22261e-06
-9.89961e-06
0.0200109
-2.22261e-06
-9.89961e-06
0.0200109
-2.22261e-06
-9.89961e-06
0.0200109
-2.22261e-06
-9.89961e-06
0.0200109
-2.22261e-06
-9.89961e-06
0.0200109
-2.22261e-06
-9.89961e-06
0.0200109
-2.22261e-06
-9.89961e-06
0.0200109
-2.22261e-06
-9.89961e-06
0.0200109
-2.22261e-06
-9.89961e-06
0.0200109
-2.22261e-06
-9.89961e-06
0.0200109
-2.22261e-06
-9.89961e-06
0.0200109
-2.22261e-06
-9.89961e-06
0.0200109
-2.22261e-06
-1.3315e-05
0.0199942
6.96684e-06
-8.68195e-06
0.0199944
-2.59952e-06
-1.3315e-05
0.0199942
6.96684e-06
-8.08505e-06
0.0199864
1.15655e-05
-8.08505e-06
0.0199864
1.15655e-05
