2.64234e-05
0.0201158
8.59466e-05
1.71255e-05
0.0200993
9.54962e-05
1.2475e-05
0.0200993
8.59491e-05
5.25392e-05
0.0198428
0.000138508
0.000199507
0.0190396
0.000277642
0.00027304
0.018037
0.000360612
0.000282369
0.017018
0.000368263
0.000299335
0.0158331
0.000377873
0.000271935
0.0147815
0.000359546
0.000228321
0.0136063
0.000319458
0.000248959
0.0125867
0.000303577
0.00021185
0.0116269
0.000273914
0.000212878
0.0105246
0.000280303
0.000186402
0.00954761
0.00027222
0.000192168
0.0085363
0.000246572
0.000173277
0.00747558
0.000261008
0.000125822
0.00648378
0.000189623
0.000120165
0.00547253
0.000167483
0.000128236
0.00444226
0.000223325
8.88423e-05
0.00330795
0.000201076
7.16914e-05
0.00223087
0.000145667
4.55168e-05
0.00121966
0.000137983
1.39195e-05
5.8776e-05
0.000144411
1.01023e-05
0.000181708
0.000135551
7.73584e-06
0.000108926
0.000282107
8.52482e-05
0.000119652
0.00108421
0.000226258
0.000374288
0.00278484
0.00017696
0.00101444
0.00491701
0.0001841
0.00193643
0.00708063
0.000207847
0.0028063
0.00916014
0.000134925
0.00387611
0.011198
0.000134454
0.0050009
0.0130365
0.000105769
0.00620741
0.0147086
4.59562e-05
0.00777789
0.0162739
5.88496e-05
0.00939852
0.0175781
8.56713e-05
0.0109596
0.0185571
0.000103239
0.0128317
0.0193471
4.73762e-05
0.0147023
0.0198588
5.68364e-05
0.0166174
0.0200086
3.07895e-05
0.0186777
0.0199678
3.59769e-06
0.0207457
0.0198332
6.91052e-05
0.0226171
0.0196212
8.96995e-05
0.0246726
0.0192116
0.000153654
0.0266381
0.0185594
0.000167311
0.0284639
0.017679
0.000190916
0.0303347
0.0166893
0.000167626
0.0321015
0.0156478
0.000151559
0.0338256
0.0143158
8.56387e-05
0.0354301
0.012976
0.000126829
0.0367268
0.0114796
5.18728e-05
0.0378218
0.00981273
2.40305e-06
0.0387198
0.00817144
1.47344e-05
0.0397302
0.00626749
9.71463e-05
0.0402787
0.00436115
0.00022112
0.0404623
0.00255543
0.000219145
0.0404277
0.000734339
0.000243525
0.040164
0.001417
0.000229966
0.0396656
0.0032758
0.000200366
0.0391749
0.00523871
0.000210462
0.0385087
0.00718124
0.000218032
0.0374746
0.00918816
0.000170966
0.0363962
0.011013
0.000128177
0.035324
0.0127917
3.56458e-05
0.0342008
0.0143028
5.32253e-05
0.0328393
0.0157302
6.77032e-05
0.0314145
0.0170506
5.53793e-05
0.0297135
0.018126
0.000111913
0.0279431
0.0190046
6.78686e-05
0.0260916
0.019668
0.000147701
0.0241445
0.0200056
0.000104688
0.0221047
0.0200644
9.4102e-06
0.0201458
0.0198887
4.07721e-05
0.0181606
0.0196882
1.41861e-05
0.0161745
0.0193716
7.37564e-05
0.0141677
0.0187926
3.18097e-05
0.0121591
0.0180949
8.85476e-08
0.0101699
0.0172042
1.77082e-05
0.00843306
0.0161507
6.11634e-05
0.00681081
0.0149667
9.33355e-05
0.00521316
0.0135572
9.94042e-05
0.00381531
0.0121153
0.000112932
0.00264874
0.0106153
7.5194e-05
0.00162469
0.00888521
9.14312e-07
0.000773474
0.00722336
5.56671e-05
0.000130216
0.00526085
0.000224788
0.000429497
0.00348774
0.000262387
0.000558292
0.00170625
0.000325111
0.000606388
0.000494588
0.000287631
0.000546669
0.000333587
0.000277761
0.000539018
0.00033857
0.000262012
0.000515659
0.000324814
0.000241017
0.000484509
0.00030647
0.000220027
0.000453352
0.000288123
0.000198417
0.000414264
0.000255616
0.000182682
0.000390886
0.000241849
0.000166949
0.000367505
0.000228081
0.000151219
0.00034412
0.000214311
0.000140733
0.000328528
0.00020513
0.000129632
0.000305005
0.000181789
0.000123157
0.000280687
0.00017758
0.000107436
0.00025729
0.000163803
9.69561e-05
0.00024169
0.000154618
8.58669e-05
0.000218156
0.00013127
8.06286e-05
0.000210354
0.000126676
6.49155e-05
0.000186947
0.000112894
6.30797e-05
0.000162486
9.91114e-05
6.24729e-05
0.00015455
8.49489e-05
5.20016e-05
0.000138941
7.57581e-05
4.67664e-05
0.000131136
7.11624e-05
4.61619e-05
0.000123199
5.69993e-05
4.09274e-05
0.000115393
5.24031e-05
3.56932e-05
0.000107587
4.78067e-05
3.50907e-05
9.96494e-05
3.36432e-05
2.98572e-05
9.18424e-05
2.90463e-05
2.46239e-05
8.4035e-05
2.44492e-05
2.46239e-05
8.4035e-05
2.44492e-05
2.34019e-05
6.75049e-05
2.48276e-05
2.28017e-05
5.95657e-05
1.06635e-05
2.28017e-05
5.95657e-05
1.06635e-05
2.28017e-05
5.95657e-05
1.06635e-05
1.75697e-05
5.17572e-05
6.06577e-06
1.75697e-05
5.17572e-05
6.06577e-06
1.63496e-05
3.52262e-05
6.44347e-06
1.63496e-05
3.52262e-05
6.44347e-06
1.63496e-05
3.52262e-05
6.44347e-06
1.63496e-05
3.52262e-05
6.44347e-06
1.63496e-05
3.52262e-05
6.44347e-06
1.63496e-05
3.52262e-05
6.44347e-06
1.11183e-05
2.74169e-05
1.84538e-06
1.11183e-05
2.74169e-05
1.84538e-06
1.11183e-05
2.74169e-05
1.84538e-06
1.11183e-05
2.74169e-05
1.84538e-06
1.11183e-05
2.74169e-05
1.84538e-06
1.11183e-05
2.74169e-05
1.84538e-06
5.88723e-06
1.96071e-05
2.75293e-06
5.88723e-06
1.96071e-05
2.75293e-06
5.88723e-06
1.96071e-05
2.75293e-06
5.88723e-06
1.96071e-05
2.75293e-06
5.88723e-06
1.96071e-05
2.75293e-06
5.88723e-06
1.96071e-05
2.75293e-06
5.88723e-06
1.96071e-05
2.75293e-06
5.88723e-06
1.96071e-05
2.75293e-06
5.88723e-06
1.96071e-05
2.75293e-06
5.88723e-06
1.96071e-05
2.75293e-06
5.88723e-06
1.96071e-05
2.75293e-06
5.88723e-06
1.96071e-05
2.75293e-06
5.88723e-06
1.96071e-05
2.75293e-06
5.88723e-06
1.96071e-05
2.75293e-06
5.88723e-06
1.96071e-05
2.75293e-06
5.88723e-06
1.96071e-05
2.75293e-06
5.88723e-06
1.96071e-05
2.75293e-06
5.88723e-06
1.96071e-05
2.75293e-06
5.88723e-06
1.96071e-05
2.75293e-06
5.88723e-06
1.96071e-05
2.75293e-06
5.88723e-06
1.96071e-05
2.75293e-06
5.88723e-06
1.96071e-05
2.75293e-06
5.88723e-06
1.96071e-05
2.75293e-06
5.88723e-06
1.96071e-05
2.75293e-06
5.88723e-06
1.96071e-05
2.75293e-06
5.88723e-06
1.96071e-05
2.75293e-06
9.89961e-06
1.08854e-05
2.22261e-06
9.89961e-06
1.08854e-05
2.22261e-06
9.89961e-06
1.08854e-05
2.22261e-06
9.89961e-06
1.08854e-05
2.22261e-06
9.89961e-06
1.08854e-05
2.22261e-06
9.89961e-06
1.08854e-05
2.22261e-06
9.89961e-06
1.08854e-05
2.22261e-06
9.89961e-06
1.08854e-05
2.22261e-06
9.89961e-06
1.08854e-05
2.22261e-06
9.89961e-06
1.08854e-05
2.22261e-06
9.89961e-06
1.08854e-05
2.22261e-06
9.89961e-06
1.08854e-05
2.22261e-06
9.89961e-06
1.08854e-05
2.22261e-06
9.89961e-06
1.08854e-05
2.22261e-06
9.89961e-06
1.08854e-05
2.22261e-06
9.89961e-06
1.08854e-05
2.22261e-06
9.89961e-06
1.08854e-05
2.22261e-06
9.89961e-06
1.08854e-05
2.22261e-06
9.89961e-06
1.08854e-05
2.22261e-06
9.89961e-06
1.08854e-05
2.22261e-06
9.89961e-06
1.08854e-05
2.22261e-06
9.89961e-06
1.08854e-05
2.22261e-06
9.89961e-06
1.08854e-05
2.22261e-06
9.89961e-06
1.08854e-05
2.22261e-06
9.89961e-06
1.08854e-05
2.22261e-06
9.89961e-06
1.08854e-05
2.22261e-06
9.89961e-06
1.08854e-05
2.22261e-06
9.89961e-06
1.08854e-05
2.22261e-06
9.89961e-06
1.08854e-05
2.22261e-06
9.89961e-06
1.08854e-05
2.22261e-06
9.89961e-06
1.08854e-05
2.22261e-06
9.89961e-06
1.08854e-05
2.22261e-06
9.89961e-06
1.08854e-05
2.22261e-06
9.89961e-06
1.08854e-05
2.22261e-06
9.89961e-06
1.08854e-05
2.22261e-06
9.89961e-06
1.08854e-05
2.22261e-06
9.89961e-06
1.08854e-05
2.22261e-06
9.89961e-06
1.08854e-05
2.22261e-06
9.89961e-06
1.08854e-05
2.22261e-06
9.89961e-06
1.08854e-05
2.22261e-06
9.89961e-06
1.08854e-05
2.22261e-06
9.89961e-06
1.08854e-05
2.22261e-06
9.89961e-06
1.08854e-05
2.22261e-06
9.89961e-06
1.08854e-05
2.22261e-06
9.89961e-06
1.08854e-05
2.22261e-06
9.89961e-06
1.08854e-05
2.22261e-06
9.89961e-06
1.08854e-05
2.22261e-06
1.3315e-05
5.77668e-06
6.96684e-06
8.68195e-06
5.64615e-06
2.59952e-06
1.3315e-05
5.77668e-06
6.96684e-06
8.08505e-06
1.35872e-05
1.15655e-05
8.08505e-06
1.35872e-05
1.15655e-05
