   0.0000000e+00
   0.0000000e+00
   0.0000000e+00
   0.0000000e+00
   1.0000000e-03
   0.0000000e+00
   0.0000000e+00
   2.0000000e-03
   0.0000000e+00
   0.0000000e+00
   3.0000000e-03
   0.0000000e+00
   0.0000000e+00
   4.0000000e-03
   0.0000000e+00
   0.0000000e+00
   5.0000000e-03
   0.0000000e+00
   0.0000000e+00
   6.0000000e-03
   0.0000000e+00
   0.0000000e+00
   7.0000000e-03
   0.0000000e+00
   0.0000000e+00
   8.0000000e-03
   0.0000000e+00
   0.0000000e+00
   9.0000000e-03
   0.0000000e+00
   0.0000000e+00
   1.0000000e-02
   0.0000000e+00
   0.0000000e+00
   1.1000000e-02
   0.0000000e+00
   0.0000000e+00
   1.2000000e-02
   0.0000000e+00
   0.0000000e+00
   1.3000000e-02
   0.0000000e+00
   0.0000000e+00
   1.4000000e-02
   0.0000000e+00
   0.0000000e+00
   1.5000000e-02
   0.0000000e+00
   0.0000000e+00
   1.6000000e-02
   0.0000000e+00
   0.0000000e+00
   1.7000000e-02
   0.0000000e+00
   0.0000000e+00
   1.8000000e-02
   0.0000000e+00
   0.0000000e+00
   1.9000000e-02
   0.0000000e+00
   0.0000000e+00
   2.0000000e-02
   0.0000000e+00
   0.0000000e+00
   2.0000000e-02
   0.0000000e+00
   0.0000000e+00
   2.0000000e-02
   2.8000000e-04
   0.0000000e+00
   1.9998000e-02
   5.6000000e-04
   0.0000000e+00
   1.9996000e-02
   8.4000000e-04
   0.0000000e+00
   1.9992000e-02
   1.1200000e-03
   0.0000000e+00
   1.9988000e-02
   1.4000000e-03
   0.0000000e+00
   1.9982000e-02
   1.6800000e-03
   0.0000000e+00
   1.9976000e-02
   1.9590000e-03
   0.0000000e+00
   1.9969000e-02
   2.2390000e-03
   0.0000000e+00
   1.9960000e-02
   2.5180000e-03
   0.0000000e+00
   1.9951000e-02
   2.7980000e-03
   0.0000000e+00
   1.9941000e-02
   3.0770000e-03
   0.0000000e+00
   1.9929000e-02
   3.3560000e-03
   0.0000000e+00
   1.9917000e-02
   3.6350000e-03
   0.0000000e+00
   1.9904000e-02
   3.9140000e-03
   0.0000000e+00
   1.9890000e-02
   4.1920000e-03
   0.0000000e+00
   1.9875000e-02
   4.4710000e-03
   0.0000000e+00
   1.9859000e-02
   4.7490000e-03
   0.0000000e+00
   1.9841000e-02
   5.0270000e-03
   0.0000000e+00
   1.9823000e-02
   5.3040000e-03
   0.0000000e+00
   1.9804000e-02
   5.5820000e-03
   0.0000000e+00
   1.9784000e-02
   5.8590000e-03
   0.0000000e+00
   1.9763000e-02
   6.1360000e-03
   0.0000000e+00
   1.9741000e-02
   6.4120000e-03
   0.0000000e+00
   1.9718000e-02
   6.6880000e-03
   0.0000000e+00
   1.9695000e-02
   6.9640000e-03
   0.0000000e+00
   1.9670000e-02
   7.2400000e-03
   0.0000000e+00
   1.9644000e-02
   7.5150000e-03
   0.0000000e+00
   1.9617000e-02
   7.7900000e-03
   0.0000000e+00
   1.9589000e-02
   8.0640000e-03
   0.0000000e+00
   1.9561000e-02
   8.3380000e-03
   0.0000000e+00
   1.9531000e-02
   8.6120000e-03
   0.0000000e+00
   1.9500000e-02
   8.8850000e-03
   0.0000000e+00
   1.9469000e-02
   9.1580000e-03
   0.0000000e+00
   1.9436000e-02
   9.4300000e-03
   0.0000000e+00
   1.9403000e-02
   9.7020000e-03
   0.0000000e+00
   1.9368000e-02
   9.9740000e-03
   0.0000000e+00
   1.9333000e-02
   1.0245000e-02
   0.0000000e+00
   1.9297000e-02
   1.0515000e-02
   0.0000000e+00
   1.9259000e-02
   1.0785000e-02
   0.0000000e+00
   1.9221000e-02
   1.1054000e-02
   0.0000000e+00
   1.9182000e-02
   1.1323000e-02
   0.0000000e+00
   1.9142000e-02
   1.1591000e-02
   0.0000000e+00
   1.9101000e-02
   1.1859000e-02
   0.0000000e+00
   1.9059000e-02
   1.2126000e-02
   0.0000000e+00
   1.9016000e-02
   1.2393000e-02
   0.0000000e+00
   1.8972000e-02
   1.2659000e-02
   0.0000000e+00
   1.8927000e-02
   1.2924000e-02
   0.0000000e+00
   1.8882000e-02
   1.3189000e-02
   0.0000000e+00
   1.8835000e-02
   1.3453000e-02
   0.0000000e+00
   1.8787000e-02
   1.3716000e-02
   0.0000000e+00
   1.8739000e-02
   1.3979000e-02
   0.0000000e+00
   1.8690000e-02
   1.4241000e-02
   0.0000000e+00
   1.8639000e-02
   1.4502000e-02
   0.0000000e+00
   1.8588000e-02
   1.4762000e-02
   0.0000000e+00
   1.8536000e-02
   1.5022000e-02
   0.0000000e+00
   1.8483000e-02
   1.5281000e-02
   0.0000000e+00
   1.8429000e-02
   1.5540000e-02
   0.0000000e+00
   1.8374000e-02
   1.5798000e-02
   0.0000000e+00
   1.8318000e-02
   1.6054000e-02
   0.0000000e+00
   1.8262000e-02
   1.6310000e-02
   0.0000000e+00
   1.8204000e-02
   1.6566000e-02
   0.0000000e+00
   1.8146000e-02
   1.6820000e-02
   0.0000000e+00
   1.8087000e-02
   1.7074000e-02
   0.0000000e+00
   1.8026000e-02
   1.7327000e-02
   0.0000000e+00
   1.7965000e-02
   1.7578000e-02
   0.0000000e+00
   1.7903000e-02
   1.7830000e-02
   0.0000000e+00
   1.7840000e-02
   1.8080000e-02
   0.0000000e+00
   1.7777000e-02
   1.8329000e-02
   0.0000000e+00
   1.7712000e-02
   1.8578000e-02
   0.0000000e+00
   1.7647000e-02
   1.8825000e-02
   0.0000000e+00
   1.7580000e-02
   1.9072000e-02
   0.0000000e+00
   1.7513000e-02
   1.9317000e-02
   0.0000000e+00
   1.7445000e-02
   1.9562000e-02
   0.0000000e+00
   1.7376000e-02
   1.9806000e-02
   0.0000000e+00
   1.7306000e-02
   2.0049000e-02
   0.0000000e+00
   1.7236000e-02
   2.0290000e-02
   0.0000000e+00
   1.7164000e-02
   2.0531000e-02
   0.0000000e+00
   1.7092000e-02
   2.0771000e-02
   0.0000000e+00
   1.7019000e-02
   2.1010000e-02
   0.0000000e+00
   1.6945000e-02
   2.1247000e-02
   0.0000000e+00
   1.6870000e-02
   2.1484000e-02
   0.0000000e+00
   1.6795000e-02
   2.1720000e-02
   0.0000000e+00
   1.6718000e-02
   2.1954000e-02
   0.0000000e+00
   1.6641000e-02
   2.2188000e-02
   0.0000000e+00
   1.6563000e-02
   2.2420000e-02
   0.0000000e+00
   1.6484000e-02
   2.2652000e-02
   0.0000000e+00
   1.6404000e-02
   2.2882000e-02
   0.0000000e+00
   1.6324000e-02
   2.3111000e-02
   0.0000000e+00
   1.6243000e-02
   2.3339000e-02
   0.0000000e+00
   1.6161000e-02
   2.3566000e-02
   0.0000000e+00
   1.6078000e-02
   2.3791000e-02
   0.0000000e+00
   1.5994000e-02
   2.4016000e-02
   0.0000000e+00
   1.5910000e-02
   2.4239000e-02
   0.0000000e+00
   1.5824000e-02
   2.4461000e-02
   0.0000000e+00
   1.5738000e-02
   2.4682000e-02
   0.0000000e+00
   1.5652000e-02
   2.4902000e-02
   0.0000000e+00
   1.5564000e-02
   2.5121000e-02
   0.0000000e+00
   1.5476000e-02
   2.5338000e-02
   0.0000000e+00
   1.5387000e-02
   2.5554000e-02
   0.0000000e+00
   1.5297000e-02
   2.5769000e-02
   0.0000000e+00
   1.5206000e-02
   2.5982000e-02
   0.0000000e+00
   1.5115000e-02
   2.6194000e-02
   0.0000000e+00
   1.5023000e-02
   2.6405000e-02
   0.0000000e+00
   1.4930000e-02
   2.6615000e-02
   0.0000000e+00
   1.4837000e-02
   2.6823000e-02
   0.0000000e+00
   1.4742000e-02
   2.7031000e-02
   0.0000000e+00
   1.4647000e-02
   2.7236000e-02
   0.0000000e+00
   1.4552000e-02
   2.7441000e-02
   0.0000000e+00
   1.4455000e-02
   2.7644000e-02
   0.0000000e+00
   1.4358000e-02
   2.7845000e-02
   0.0000000e+00
   1.4260000e-02
   2.8046000e-02
   0.0000000e+00
   1.4162000e-02
   2.8245000e-02
   0.0000000e+00
   1.4063000e-02
   2.8442000e-02
   0.0000000e+00
   1.3963000e-02
   2.8638000e-02
   0.0000000e+00
   1.3862000e-02
   2.8833000e-02
   0.0000000e+00
   1.3761000e-02
   2.9027000e-02
   0.0000000e+00
   1.3659000e-02
   2.9219000e-02
   0.0000000e+00
   1.3556000e-02
   2.9409000e-02
   0.0000000e+00
   1.3453000e-02
   2.9598000e-02
   0.0000000e+00
   1.3349000e-02
   2.9786000e-02
   0.0000000e+00
   1.3245000e-02
   2.9972000e-02
   0.0000000e+00
   1.3139000e-02
   3.0157000e-02
   0.0000000e+00
   1.3034000e-02
   3.0340000e-02
   0.0000000e+00
   1.2927000e-02
   3.0522000e-02
   0.0000000e+00
   1.2820000e-02
   3.0702000e-02
   0.0000000e+00
   1.2712000e-02
   3.0880000e-02
   0.0000000e+00
   1.2604000e-02
   3.1058000e-02
   0.0000000e+00
   1.2495000e-02
   3.1233000e-02
   0.0000000e+00
   1.2385000e-02
   3.1408000e-02
   0.0000000e+00
   1.2275000e-02
   3.1580000e-02
   0.0000000e+00
   1.2164000e-02
   3.1751000e-02
   0.0000000e+00
   1.2053000e-02
   3.1921000e-02
   0.0000000e+00
   1.1941000e-02
   3.2089000e-02
   0.0000000e+00
   1.1828000e-02
   3.2255000e-02
   0.0000000e+00
   1.1715000e-02
   3.2420000e-02
   0.0000000e+00
   1.1601000e-02
   3.2583000e-02
   0.0000000e+00
   1.1487000e-02
   3.2745000e-02
   0.0000000e+00
   1.1372000e-02
   3.2905000e-02
   0.0000000e+00
   1.1256000e-02
   3.3063000e-02
   0.0000000e+00
   1.1140000e-02
   3.3220000e-02
   0.0000000e+00
   1.1024000e-02
   3.3375000e-02
   0.0000000e+00
   1.0907000e-02
   3.3529000e-02
   0.0000000e+00
   1.0789000e-02
   3.3680000e-02
   0.0000000e+00
   1.0671000e-02
   3.3831000e-02
   0.0000000e+00
   1.0552000e-02
   3.3979000e-02
   0.0000000e+00
   1.0433000e-02
   3.4126000e-02
   0.0000000e+00
   1.0314000e-02
   3.4271000e-02
   0.0000000e+00
   1.0193000e-02
   3.4415000e-02
   0.0000000e+00
   1.0073000e-02
   3.4557000e-02
   0.0000000e+00
   9.9510000e-03
   3.4697000e-02
   0.0000000e+00
   9.8300000e-03
   3.4835000e-02
   0.0000000e+00
   9.7080000e-03
   3.4972000e-02
   0.0000000e+00
   9.5850000e-03
   3.5107000e-02
   0.0000000e+00
   9.4620000e-03
   3.5241000e-02
   0.0000000e+00
   9.3380000e-03
   3.5372000e-02
   0.0000000e+00
   9.2140000e-03
   3.5502000e-02
   0.0000000e+00
   9.0900000e-03
   3.5630000e-02
   0.0000000e+00
   8.9650000e-03
   3.5757000e-02
   0.0000000e+00
   8.8390000e-03
   3.5881000e-02
   0.0000000e+00
   8.7140000e-03
   3.6004000e-02
   0.0000000e+00
   8.5870000e-03
   3.6125000e-02
   0.0000000e+00
   8.4610000e-03
   3.6244000e-02
   0.0000000e+00
   8.3340000e-03
   3.6362000e-02
   0.0000000e+00
   8.2060000e-03
   3.6478000e-02
   0.0000000e+00
   8.0780000e-03
   3.6592000e-02
   0.0000000e+00
   7.9500000e-03
   3.6704000e-02
   0.0000000e+00
   7.8210000e-03
   3.6814000e-02
   0.0000000e+00
   7.6920000e-03
   3.6923000e-02
   0.0000000e+00
   7.5630000e-03
   3.7030000e-02
   0.0000000e+00
   7.4330000e-03
   3.7135000e-02
   0.0000000e+00
   7.3030000e-03
   3.7238000e-02
   0.0000000e+00
   7.1730000e-03
   3.7339000e-02
   0.0000000e+00
   7.0420000e-03
   3.7439000e-02
   0.0000000e+00
   6.9100000e-03
   3.7536000e-02
   0.0000000e+00
   6.7790000e-03
   3.7632000e-02
   0.0000000e+00
   6.6470000e-03
   3.7726000e-02
   0.0000000e+00
   6.5150000e-03
   3.7818000e-02
   0.0000000e+00
   6.3820000e-03
   3.7909000e-02
   0.0000000e+00
   6.2490000e-03
   3.7997000e-02
   0.0000000e+00
   6.1160000e-03
   3.8084000e-02
   0.0000000e+00
   5.9830000e-03
   3.8168000e-02
   0.0000000e+00
   5.8490000e-03
   3.8251000e-02
   0.0000000e+00
   5.7150000e-03
   3.8332000e-02
   0.0000000e+00
   5.5810000e-03
   3.8411000e-02
   0.0000000e+00
   5.4460000e-03
   3.8488000e-02
   0.0000000e+00
   5.3110000e-03
   3.8564000e-02
   0.0000000e+00
   5.1760000e-03
   3.8637000e-02
   0.0000000e+00
   5.0410000e-03
   3.8709000e-02
   0.0000000e+00
   4.9050000e-03
   3.8778000e-02
   0.0000000e+00
   4.7700000e-03
   3.8846000e-02
   0.0000000e+00
   4.6330000e-03
   3.8912000e-02
   0.0000000e+00
   4.4970000e-03
   3.8976000e-02
   0.0000000e+00
   4.3610000e-03
   3.9038000e-02
   0.0000000e+00
   4.2240000e-03
   3.9098000e-02
   0.0000000e+00
   4.0870000e-03
   3.9156000e-02
   0.0000000e+00
   3.9500000e-03
   3.9212000e-02
   0.0000000e+00
   3.8120000e-03
   3.9267000e-02
   0.0000000e+00
   3.6750000e-03
   3.9319000e-02
   0.0000000e+00
   3.5370000e-03
   3.9369000e-02
   0.0000000e+00
   3.3990000e-03
   3.9418000e-02
   0.0000000e+00
   3.2610000e-03
   3.9465000e-02
   0.0000000e+00
   3.1230000e-03
   3.9509000e-02
   0.0000000e+00
   2.9850000e-03
   3.9552000e-02
   0.0000000e+00
   2.8460000e-03
   3.9593000e-02
   0.0000000e+00
   2.7080000e-03
   3.9632000e-02
   0.0000000e+00
   2.5690000e-03
   3.9669000e-02
   0.0000000e+00
   2.4300000e-03
   3.9704000e-02
   0.0000000e+00
   2.2910000e-03
   3.9737000e-02
   0.0000000e+00
   2.1520000e-03
   3.9768000e-02
   0.0000000e+00
   2.0130000e-03
   3.9797000e-02
   0.0000000e+00
   1.8730000e-03
   3.9824000e-02
   0.0000000e+00
   1.7340000e-03
   3.9849000e-02
   0.0000000e+00
   1.5940000e-03
   3.9873000e-02
   0.0000000e+00
   1.4550000e-03
   3.9894000e-02
   0.0000000e+00
   1.3150000e-03
   3.9913000e-02
   0.0000000e+00
   1.1750000e-03
   3.9931000e-02
   0.0000000e+00
   1.0350000e-03
   3.9946000e-02
   0.0000000e+00
   8.9600000e-04
   3.9960000e-02
   0.0000000e+00
   7.5600000e-04
   3.9971000e-02
   0.0000000e+00
   6.1600000e-04
   3.9981000e-02
   0.0000000e+00
   4.7600000e-04
   3.9989000e-02
   0.0000000e+00
   3.3600000e-04
   3.9994000e-02
   0.0000000e+00
   1.9600000e-04
   3.9998000e-02
   0.0000000e+00
   5.6000000e-05
   4.0000000e-02
   0.0000000e+00
  -8.4000000e-05
   4.0000000e-02
   0.0000000e+00
  -2.2400000e-04
   3.9997000e-02
   0.0000000e+00
  -3.6400000e-04
   3.9993000e-02
   0.0000000e+00
  -5.0400000e-04
   3.9987000e-02
   0.0000000e+00
  -6.4400000e-04
   3.9979000e-02
   0.0000000e+00
  -7.8400000e-04
   3.9969000e-02
   0.0000000e+00
  -9.2400000e-04
   3.9957000e-02
   0.0000000e+00
  -1.0640000e-03
   3.9943000e-02
   0.0000000e+00
  -1.2030000e-03
   3.9928000e-02
   0.0000000e+00
  -1.3430000e-03
   3.9910000e-02
   0.0000000e+00
  -1.4830000e-03
   3.9890000e-02
   0.0000000e+00
  -1.6220000e-03
   3.9868000e-02
   0.0000000e+00
  -1.7620000e-03
   3.9845000e-02
   0.0000000e+00
  -1.9010000e-03
   3.9819000e-02
   0.0000000e+00
  -2.0410000e-03
   3.9791000e-02
   0.0000000e+00
  -2.1800000e-03
   3.9762000e-02
   0.0000000e+00
  -2.3190000e-03
   3.9730000e-02
   0.0000000e+00
  -2.4580000e-03
   3.9697000e-02
   0.0000000e+00
  -2.5970000e-03
   3.9661000e-02
   0.0000000e+00
  -2.7350000e-03
   3.9624000e-02
   0.0000000e+00
  -2.8740000e-03
   3.9585000e-02
   0.0000000e+00
  -3.0130000e-03
   3.9544000e-02
   0.0000000e+00
  -3.1510000e-03
   3.9500000e-02
   0.0000000e+00
  -3.2890000e-03
   3.9455000e-02
   0.0000000e+00
  -3.4270000e-03
   3.9408000e-02
   0.0000000e+00
  -3.5650000e-03
   3.9359000e-02
   0.0000000e+00
  -3.7030000e-03
   3.9309000e-02
   0.0000000e+00
  -3.8400000e-03
   3.9256000e-02
   0.0000000e+00
  -3.9770000e-03
   3.9201000e-02
   0.0000000e+00
  -4.1140000e-03
   3.9144000e-02
   0.0000000e+00
  -4.2510000e-03
   3.9086000e-02
   0.0000000e+00
  -4.3880000e-03
   3.9025000e-02
   0.0000000e+00
  -4.5250000e-03
   3.8963000e-02
   0.0000000e+00
  -4.6610000e-03
   3.8899000e-02
   0.0000000e+00
  -4.7970000e-03
   3.8832000e-02
   0.0000000e+00
  -4.9330000e-03
   3.8764000e-02
   0.0000000e+00
  -5.0680000e-03
   3.8694000e-02
   0.0000000e+00
  -5.2040000e-03
   3.8622000e-02
   0.0000000e+00
  -5.3390000e-03
   3.8549000e-02
   0.0000000e+00
  -5.4730000e-03
   3.8473000e-02
   0.0000000e+00
  -5.6080000e-03
   3.8395000e-02
   0.0000000e+00
  -5.7420000e-03
   3.8316000e-02
   0.0000000e+00
  -5.8760000e-03
   3.8235000e-02
   0.0000000e+00
  -6.0100000e-03
   3.8151000e-02
   0.0000000e+00
  -6.1430000e-03
   3.8066000e-02
   0.0000000e+00
  -6.2760000e-03
   3.7979000e-02
   0.0000000e+00
  -6.4090000e-03
   3.7891000e-02
   0.0000000e+00
  -6.5410000e-03
   3.7800000e-02
   0.0000000e+00
  -6.6740000e-03
   3.7707000e-02
   0.0000000e+00
  -6.8050000e-03
   3.7613000e-02
   0.0000000e+00
  -6.9370000e-03
   3.7517000e-02
   0.0000000e+00
  -7.0680000e-03
   3.7419000e-02
   0.0000000e+00
  -7.1990000e-03
   3.7319000e-02
   0.0000000e+00
  -7.3290000e-03
   3.7217000e-02
   0.0000000e+00
  -7.4590000e-03
   3.7114000e-02
   0.0000000e+00
  -7.5890000e-03
   3.7008000e-02
   0.0000000e+00
  -7.7180000e-03
   3.6901000e-02
   0.0000000e+00
  -7.8470000e-03
   3.6792000e-02
   0.0000000e+00
  -7.9760000e-03
   3.6682000e-02
   0.0000000e+00
  -8.1040000e-03
   3.6569000e-02
   0.0000000e+00
  -8.2320000e-03
   3.6455000e-02
   0.0000000e+00
  -8.3590000e-03
   3.6339000e-02
   0.0000000e+00
  -8.4860000e-03
   3.6221000e-02
   0.0000000e+00
  -8.6130000e-03
   3.6101000e-02
   0.0000000e+00
  -8.7390000e-03
   3.5979000e-02
   0.0000000e+00
  -8.8650000e-03
   3.5856000e-02
   0.0000000e+00
  -8.9900000e-03
   3.5731000e-02
   0.0000000e+00
  -9.1150000e-03
   3.5605000e-02
   0.0000000e+00
  -9.2390000e-03
   3.5476000e-02
   0.0000000e+00
  -9.3630000e-03
   3.5346000e-02
   0.0000000e+00
  -9.4870000e-03
   3.5214000e-02
   0.0000000e+00
  -9.6100000e-03
   3.5080000e-02
   0.0000000e+00
  -9.7320000e-03
   3.4945000e-02
   0.0000000e+00
  -9.8540000e-03
   3.4808000e-02
   0.0000000e+00
  -9.9760000e-03
   3.4669000e-02
   0.0000000e+00
  -1.0097000e-02
   3.4528000e-02
   0.0000000e+00
  -1.0218000e-02
   3.4386000e-02
   0.0000000e+00
  -1.0338000e-02
   3.4242000e-02
   0.0000000e+00
  -1.0457000e-02
   3.4097000e-02
   0.0000000e+00
  -1.0576000e-02
   3.3949000e-02
   0.0000000e+00
  -1.0695000e-02
   3.3801000e-02
   0.0000000e+00
  -1.0813000e-02
   3.3650000e-02
   0.0000000e+00
  -1.0930000e-02
   3.3498000e-02
   0.0000000e+00
  -1.1047000e-02
   3.3344000e-02
   0.0000000e+00
  -1.1164000e-02
   3.3189000e-02
   0.0000000e+00
  -1.1280000e-02
   3.3031000e-02
   0.0000000e+00
  -1.1395000e-02
   3.2873000e-02
   0.0000000e+00
  -1.1510000e-02
   3.2712000e-02
   0.0000000e+00
  -1.1624000e-02
   3.2550000e-02
   0.0000000e+00
  -1.1738000e-02
   3.2387000e-02
   0.0000000e+00
  -1.1851000e-02
   3.2222000e-02
   0.0000000e+00
  -1.1963000e-02
   3.2055000e-02
   0.0000000e+00
  -1.2075000e-02
   3.1887000e-02
   0.0000000e+00
  -1.2186000e-02
   3.1717000e-02
   0.0000000e+00
  -1.2297000e-02
   3.1546000e-02
   0.0000000e+00
  -1.2407000e-02
   3.1373000e-02
   0.0000000e+00
  -1.2517000e-02
   3.1198000e-02
   0.0000000e+00
  -1.2626000e-02
   3.1022000e-02
   0.0000000e+00
  -1.2734000e-02
   3.0845000e-02
   0.0000000e+00
  -1.2842000e-02
   3.0666000e-02
   0.0000000e+00
  -1.2949000e-02
   3.0485000e-02
   0.0000000e+00
  -1.3055000e-02
   3.0303000e-02
   0.0000000e+00
  -1.3161000e-02
   3.0120000e-02
   0.0000000e+00
  -1.3266000e-02
   2.9935000e-02
   0.0000000e+00
  -1.3370000e-02
   2.9748000e-02
   0.0000000e+00
  -1.3474000e-02
   2.9560000e-02
   0.0000000e+00
  -1.3577000e-02
   2.9371000e-02
   0.0000000e+00
  -1.3680000e-02
   2.9180000e-02
   0.0000000e+00
  -1.3781000e-02
   2.8988000e-02
   0.0000000e+00
  -1.3883000e-02
   2.8794000e-02
   0.0000000e+00
  -1.3983000e-02
   2.8599000e-02
   0.0000000e+00
  -1.4083000e-02
   2.8403000e-02
   0.0000000e+00
  -1.4182000e-02
   2.8205000e-02
   0.0000000e+00
  -1.4280000e-02
   2.8006000e-02
   0.0000000e+00
  -1.4378000e-02
   2.7805000e-02
   0.0000000e+00
  -1.4475000e-02
   2.7603000e-02
   0.0000000e+00
  -1.4571000e-02
   2.7400000e-02
   0.0000000e+00
  -1.4667000e-02
   2.7195000e-02
   0.0000000e+00
  -1.4761000e-02
   2.6989000e-02
   0.0000000e+00
  -1.4855000e-02
   2.6782000e-02
   0.0000000e+00
  -1.4949000e-02
   2.6573000e-02
   0.0000000e+00
  -1.5041000e-02
   2.6363000e-02
   0.0000000e+00
  -1.5133000e-02
   2.6152000e-02
   0.0000000e+00
  -1.5225000e-02
   2.5939000e-02
   0.0000000e+00
  -1.5315000e-02
   2.5726000e-02
   0.0000000e+00
  -1.5405000e-02
   2.5511000e-02
   0.0000000e+00
  -1.5494000e-02
   2.5294000e-02
   0.0000000e+00
  -1.5582000e-02
   2.5077000e-02
   0.0000000e+00
  -1.5669000e-02
   2.4858000e-02
   0.0000000e+00
  -1.5756000e-02
   2.4638000e-02
   0.0000000e+00
  -1.5842000e-02
   2.4417000e-02
   0.0000000e+00
  -1.5927000e-02
   2.4194000e-02
   0.0000000e+00
  -1.6011000e-02
   2.3971000e-02
   0.0000000e+00
  -1.6094000e-02
   2.3746000e-02
   0.0000000e+00
  -1.6177000e-02
   2.3520000e-02
   0.0000000e+00
  -1.6259000e-02
   2.3293000e-02
   0.0000000e+00
  -1.6340000e-02
   2.3065000e-02
   0.0000000e+00
  -1.6420000e-02
   2.2836000e-02
   0.0000000e+00
  -1.6500000e-02
   2.2605000e-02
   0.0000000e+00
  -1.6579000e-02
   2.2374000e-02
   0.0000000e+00
  -1.6657000e-02
   2.2141000e-02
   0.0000000e+00
  -1.6734000e-02
   2.1907000e-02
   0.0000000e+00
  -1.6810000e-02
   2.1673000e-02
   0.0000000e+00
  -1.6885000e-02
   2.1437000e-02
   0.0000000e+00
  -1.6960000e-02
   2.1200000e-02
   0.0000000e+00
  -1.7034000e-02
   2.0962000e-02
   0.0000000e+00
  -1.7107000e-02
   2.0723000e-02
   0.0000000e+00
  -1.7179000e-02
   2.0483000e-02
   0.0000000e+00
  -1.7250000e-02
   2.0242000e-02
   0.0000000e+00
  -1.7321000e-02
   2.0000000e-02
   0.0000000e+00
  -1.7390000e-02
   1.9757000e-02
   0.0000000e+00
  -1.7459000e-02
   1.9513000e-02
   0.0000000e+00
  -1.7527000e-02
   1.9268000e-02
   0.0000000e+00
  -1.7594000e-02
   1.9022000e-02
   0.0000000e+00
  -1.7660000e-02
   1.8775000e-02
   0.0000000e+00
  -1.7725000e-02
   1.8528000e-02
   0.0000000e+00
  -1.7790000e-02
   1.8279000e-02
   0.0000000e+00
  -1.7853000e-02
   1.8030000e-02
   0.0000000e+00
  -1.7916000e-02
   1.7779000e-02
   0.0000000e+00
  -1.7978000e-02
   1.7528000e-02
   0.0000000e+00
  -1.8038000e-02
   1.7276000e-02
   0.0000000e+00
  -1.8099000e-02
   1.7023000e-02
   0.0000000e+00
  -1.8158000e-02
   1.6769000e-02
   0.0000000e+00
  -1.8216000e-02
   1.6514000e-02
   0.0000000e+00
  -1.8273000e-02
   1.6259000e-02
   0.0000000e+00
  -1.8330000e-02
   1.6003000e-02
   0.0000000e+00
  -1.8385000e-02
   1.5746000e-02
   0.0000000e+00
  -1.8440000e-02
   1.5488000e-02
   0.0000000e+00
  -1.8494000e-02
   1.5229000e-02
   0.0000000e+00
  -1.8547000e-02
   1.4970000e-02
   0.0000000e+00
  -1.8598000e-02
   1.4710000e-02
   0.0000000e+00
  -1.8649000e-02
   1.4449000e-02
   0.0000000e+00
  -1.8700000e-02
   1.4188000e-02
   0.0000000e+00
  -1.8749000e-02
   1.3926000e-02
   0.0000000e+00
  -1.8797000e-02
   1.3663000e-02
   0.0000000e+00
  -1.8844000e-02
   1.3400000e-02
   0.0000000e+00
  -1.8891000e-02
   1.3135000e-02
   0.0000000e+00
  -1.8936000e-02
   1.2871000e-02
   0.0000000e+00
  -1.8981000e-02
   1.2605000e-02
   0.0000000e+00
  -1.9025000e-02
   1.2339000e-02
   0.0000000e+00
  -1.9067000e-02
   1.2072000e-02
   0.0000000e+00
  -1.9109000e-02
   1.1805000e-02
   0.0000000e+00
  -1.9150000e-02
   1.1537000e-02
   0.0000000e+00
  -1.9190000e-02
   1.1269000e-02
   0.0000000e+00
  -1.9229000e-02
   1.1000000e-02
   0.0000000e+00
  -1.9267000e-02
   1.0731000e-02
   0.0000000e+00
  -1.9304000e-02
   1.0461000e-02
   0.0000000e+00
  -1.9340000e-02
   1.0190000e-02
   0.0000000e+00
  -1.9375000e-02
   9.9190000e-03
   0.0000000e+00
  -1.9410000e-02
   9.6480000e-03
   0.0000000e+00
  -1.9443000e-02
   9.3760000e-03
   0.0000000e+00
  -1.9475000e-02
   9.1030000e-03
   0.0000000e+00
  -1.9507000e-02
   8.8300000e-03
   0.0000000e+00
  -1.9537000e-02
   8.5570000e-03
   0.0000000e+00
  -1.9566000e-02
   8.2830000e-03
   0.0000000e+00
  -1.9595000e-02
   8.0090000e-03
   0.0000000e+00
  -1.9623000e-02
   7.7350000e-03
   0.0000000e+00
  -1.9649000e-02
   7.4600000e-03
   0.0000000e+00
  -1.9675000e-02
   7.1850000e-03
   0.0000000e+00
  -1.9699000e-02
   6.9090000e-03
   0.0000000e+00
  -1.9723000e-02
   6.6330000e-03
   0.0000000e+00
  -1.9746000e-02
   6.3570000e-03
   0.0000000e+00
  -1.9768000e-02
   6.0800000e-03
   0.0000000e+00
  -1.9788000e-02
   5.8030000e-03
   0.0000000e+00
  -1.9808000e-02
   5.5260000e-03
   0.0000000e+00
  -1.9827000e-02
   5.2490000e-03
   0.0000000e+00
  -1.9845000e-02
   4.9710000e-03
   0.0000000e+00
  -1.9862000e-02
   4.6930000e-03
   0.0000000e+00
  -1.9878000e-02
   4.4150000e-03
   0.0000000e+00
  -1.9893000e-02
   4.1360000e-03
   0.0000000e+00
  -1.9907000e-02
   3.8580000e-03
   0.0000000e+00
  -1.9920000e-02
   3.5790000e-03
   0.0000000e+00
  -1.9932000e-02
   3.3000000e-03
   0.0000000e+00
  -1.9943000e-02
   3.0210000e-03
   0.0000000e+00
  -1.9953000e-02
   2.7420000e-03
   0.0000000e+00
  -1.9962000e-02
   2.4620000e-03
   0.0000000e+00
  -1.9970000e-02
   2.1830000e-03
   0.0000000e+00
  -1.9977000e-02
   1.9030000e-03
   0.0000000e+00
  -1.9984000e-02
   1.6230000e-03
   0.0000000e+00
  -1.9989000e-02
   1.3430000e-03
   0.0000000e+00
  -1.9993000e-02
   1.0640000e-03
   0.0000000e+00
  -1.9996000e-02
   7.8400000e-04
   0.0000000e+00
  -1.9998000e-02
   5.0400000e-04
   0.0000000e+00
  -2.0000000e-02
   2.2400000e-04
   0.0000000e+00
  -2.0000000e-02
  -5.6000000e-05
   0.0000000e+00
  -1.9999000e-02
  -3.3600000e-04
   0.0000000e+00
  -1.9998000e-02
  -6.1600000e-04
   0.0000000e+00
  -1.9995000e-02
  -8.9600000e-04
   0.0000000e+00
  -1.9991000e-02
  -1.1760000e-03
   0.0000000e+00
  -1.9987000e-02
  -1.4560000e-03
   0.0000000e+00
  -1.9981000e-02
  -1.7360000e-03
   0.0000000e+00
  -1.9975000e-02
  -2.0150000e-03
   0.0000000e+00
  -1.9967000e-02
  -2.2950000e-03
   0.0000000e+00
  -1.9959000e-02
  -2.5750000e-03
   0.0000000e+00
  -1.9949000e-02
  -2.8540000e-03
   0.0000000e+00
  -1.9939000e-02
  -3.1330000e-03
   0.0000000e+00
  -1.9927000e-02
  -3.4120000e-03
   0.0000000e+00
  -1.9915000e-02
  -3.6910000e-03
   0.0000000e+00
  -1.9901000e-02
  -3.9700000e-03
   0.0000000e+00
  -1.9887000e-02
  -4.2480000e-03
   0.0000000e+00
  -1.9872000e-02
  -4.5270000e-03
   0.0000000e+00
  -1.9855000e-02
  -4.8050000e-03
   0.0000000e+00
  -1.9838000e-02
  -5.0830000e-03
   0.0000000e+00
  -1.9820000e-02
  -5.3600000e-03
   0.0000000e+00
  -1.9800000e-02
  -5.6370000e-03
   0.0000000e+00
  -1.9780000e-02
  -5.9150000e-03
   0.0000000e+00
  -1.9759000e-02
  -6.1910000e-03
   0.0000000e+00
  -1.9737000e-02
  -6.4680000e-03
   0.0000000e+00
  -1.9714000e-02
  -6.7440000e-03
   0.0000000e+00
  -1.9690000e-02
  -7.0200000e-03
   0.0000000e+00
  -1.9665000e-02
  -7.2950000e-03
   0.0000000e+00
  -1.9639000e-02
  -7.5700000e-03
   0.0000000e+00
  -1.9612000e-02
  -7.8450000e-03
   0.0000000e+00
  -1.9584000e-02
  -8.1190000e-03
   0.0000000e+00
  -1.9555000e-02
  -8.3930000e-03
   0.0000000e+00
  -1.9525000e-02
  -8.6670000e-03
   0.0000000e+00
  -1.9494000e-02
  -8.9400000e-03
   0.0000000e+00
  -1.9462000e-02
  -9.2130000e-03
   0.0000000e+00
  -1.9430000e-02
  -9.4850000e-03
   0.0000000e+00
  -1.9396000e-02
  -9.7570000e-03
   0.0000000e+00
  -1.9361000e-02
  -1.0028000e-02
   0.0000000e+00
  -1.9326000e-02
  -1.0299000e-02
   0.0000000e+00
  -1.9289000e-02
  -1.0569000e-02
   0.0000000e+00
  -1.9252000e-02
  -1.0839000e-02
   0.0000000e+00
  -1.9213000e-02
  -1.1108000e-02
   0.0000000e+00
  -1.9174000e-02
  -1.1377000e-02
   0.0000000e+00
  -1.9134000e-02
  -1.1645000e-02
   0.0000000e+00
  -1.9092000e-02
  -1.1913000e-02
   0.0000000e+00
  -1.9050000e-02
  -1.2180000e-02
   0.0000000e+00
  -1.9007000e-02
  -1.2446000e-02
   0.0000000e+00
  -1.8963000e-02
  -1.2712000e-02
   0.0000000e+00
  -1.8918000e-02
  -1.2977000e-02
   0.0000000e+00
  -1.8872000e-02
  -1.3242000e-02
   0.0000000e+00
  -1.8826000e-02
  -1.3506000e-02
   0.0000000e+00
  -1.8778000e-02
  -1.3769000e-02
   0.0000000e+00
  -1.8729000e-02
  -1.4031000e-02
   0.0000000e+00
  -1.8680000e-02
  -1.4293000e-02
   0.0000000e+00
  -1.8629000e-02
  -1.4554000e-02
   0.0000000e+00
  -1.8578000e-02
  -1.4815000e-02
   0.0000000e+00
  -1.8525000e-02
  -1.5075000e-02
   0.0000000e+00
  -1.8472000e-02
  -1.5334000e-02
   0.0000000e+00
  -1.8418000e-02
  -1.5592000e-02
   0.0000000e+00
  -1.8363000e-02
  -1.5849000e-02
   0.0000000e+00
  -1.8307000e-02
  -1.6106000e-02
   0.0000000e+00
  -1.8250000e-02
  -1.6362000e-02
   0.0000000e+00
  -1.8193000e-02
  -1.6617000e-02
   0.0000000e+00
  -1.8134000e-02
  -1.6871000e-02
   0.0000000e+00
  -1.8074000e-02
  -1.7125000e-02
   0.0000000e+00
  -1.8014000e-02
  -1.7377000e-02
   0.0000000e+00
  -1.7953000e-02
  -1.7629000e-02
   0.0000000e+00
  -1.7891000e-02
  -1.7880000e-02
   0.0000000e+00
  -1.7828000e-02
  -1.8130000e-02
   0.0000000e+00
  -1.7764000e-02
  -1.8379000e-02
   0.0000000e+00
  -1.7699000e-02
  -1.8627000e-02
   0.0000000e+00
  -1.7633000e-02
  -1.8875000e-02
   0.0000000e+00
  -1.7567000e-02
  -1.9121000e-02
   0.0000000e+00
  -1.7500000e-02
  -1.9367000e-02
   0.0000000e+00
  -1.7431000e-02
  -1.9611000e-02
   0.0000000e+00
  -1.7362000e-02
  -1.9855000e-02
   0.0000000e+00
  -1.7292000e-02
  -2.0097000e-02
   0.0000000e+00
  -1.7222000e-02
  -2.0339000e-02
   0.0000000e+00
  -1.7150000e-02
  -2.0579000e-02
   0.0000000e+00
  -1.7078000e-02
  -2.0819000e-02
   0.0000000e+00
  -1.7004000e-02
  -2.1058000e-02
   0.0000000e+00
  -1.6930000e-02
  -2.1295000e-02
   0.0000000e+00
  -1.6855000e-02
  -2.1532000e-02
   0.0000000e+00
  -1.6779000e-02
  -2.1767000e-02
   0.0000000e+00
  -1.6703000e-02
  -2.2001000e-02
   0.0000000e+00
  -1.6625000e-02
  -2.2235000e-02
   0.0000000e+00
  -1.6547000e-02
  -2.2467000e-02
   0.0000000e+00
  -1.6468000e-02
  -2.2698000e-02
   0.0000000e+00
  -1.6388000e-02
  -2.2928000e-02
   0.0000000e+00
  -1.6308000e-02
  -2.3157000e-02
   0.0000000e+00
  -1.6226000e-02
  -2.3385000e-02
   0.0000000e+00
  -1.6144000e-02
  -2.3611000e-02
   0.0000000e+00
  -1.6061000e-02
  -2.3837000e-02
   0.0000000e+00
  -1.5977000e-02
  -2.4061000e-02
   0.0000000e+00
  -1.5892000e-02
  -2.4284000e-02
   0.0000000e+00
  -1.5807000e-02
  -2.4506000e-02
   0.0000000e+00
  -1.5721000e-02
  -2.4727000e-02
   0.0000000e+00
  -1.5634000e-02
  -2.4946000e-02
   0.0000000e+00
  -1.5546000e-02
  -2.5164000e-02
   0.0000000e+00
  -1.5458000e-02
  -2.5381000e-02
   0.0000000e+00
  -1.5369000e-02
  -2.5597000e-02
   0.0000000e+00
  -1.5279000e-02
  -2.5812000e-02
   0.0000000e+00
  -1.5188000e-02
  -2.6025000e-02
   0.0000000e+00
  -1.5097000e-02
  -2.6237000e-02
   0.0000000e+00
  -1.5004000e-02
  -2.6448000e-02
   0.0000000e+00
  -1.4911000e-02
  -2.6657000e-02
   0.0000000e+00
  -1.4818000e-02
  -2.6865000e-02
   0.0000000e+00
  -1.4723000e-02
  -2.7072000e-02
   0.0000000e+00
  -1.4628000e-02
  -2.7277000e-02
   0.0000000e+00
  -1.4532000e-02
  -2.7482000e-02
   0.0000000e+00
  -1.4436000e-02
  -2.7684000e-02
   0.0000000e+00
  -1.4339000e-02
  -2.7886000e-02
   0.0000000e+00
  -1.4241000e-02
  -2.8086000e-02
   0.0000000e+00
  -1.4142000e-02
  -2.8285000e-02
   0.0000000e+00
  -1.4043000e-02
  -2.8482000e-02
   0.0000000e+00
  -1.3943000e-02
  -2.8678000e-02
   0.0000000e+00
  -1.3842000e-02
  -2.8872000e-02
   0.0000000e+00
  -1.3741000e-02
  -2.9065000e-02
   0.0000000e+00
  -1.3638000e-02
  -2.9257000e-02
   0.0000000e+00
  -1.3536000e-02
  -2.9447000e-02
   0.0000000e+00
  -1.3432000e-02
  -2.9636000e-02
   0.0000000e+00
  -1.3328000e-02
  -2.9823000e-02
   0.0000000e+00
  -1.3224000e-02
  -3.0009000e-02
   0.0000000e+00
  -1.3118000e-02
  -3.0194000e-02
   0.0000000e+00
  -1.3012000e-02
  -3.0376000e-02
   0.0000000e+00
  -1.2906000e-02
  -3.0558000e-02
   0.0000000e+00
  -1.2798000e-02
  -3.0738000e-02
   0.0000000e+00
  -1.2690000e-02
  -3.0916000e-02
   0.0000000e+00
  -1.2582000e-02
  -3.1093000e-02
   0.0000000e+00
  -1.2473000e-02
  -3.1269000e-02
   0.0000000e+00
  -1.2363000e-02
  -3.1442000e-02
   0.0000000e+00
  -1.2253000e-02
  -3.1615000e-02
   0.0000000e+00
  -1.2142000e-02
  -3.1785000e-02
   0.0000000e+00
  -1.2030000e-02
  -3.1955000e-02
   0.0000000e+00
  -1.1918000e-02
  -3.2122000e-02
   0.0000000e+00
  -1.1805000e-02
  -3.2288000e-02
   0.0000000e+00
  -1.1692000e-02
  -3.2453000e-02
   0.0000000e+00
  -1.1578000e-02
  -3.2616000e-02
   0.0000000e+00
  -1.1464000e-02
  -3.2777000e-02
   0.0000000e+00
  -1.1349000e-02
  -3.2937000e-02
   0.0000000e+00
  -1.1233000e-02
  -3.3095000e-02
   0.0000000e+00
  -1.1117000e-02
  -3.3251000e-02
   0.0000000e+00
  -1.1000000e-02
  -3.3406000e-02
   0.0000000e+00
  -1.0883000e-02
  -3.3559000e-02
   0.0000000e+00
  -1.0766000e-02
  -3.3711000e-02
   0.0000000e+00
  -1.0647000e-02
  -3.3861000e-02
   0.0000000e+00
  -1.0528000e-02
  -3.4009000e-02
   0.0000000e+00
  -1.0409000e-02
  -3.4155000e-02
   0.0000000e+00
  -1.0289000e-02
  -3.4300000e-02
   0.0000000e+00
  -1.0169000e-02
  -3.4444000e-02
   0.0000000e+00
  -1.0048000e-02
  -3.4585000e-02
   0.0000000e+00
  -9.9270000e-03
  -3.4725000e-02
   0.0000000e+00
  -9.8050000e-03
  -3.4863000e-02
   0.0000000e+00
  -9.6830000e-03
  -3.4999000e-02
   0.0000000e+00
  -9.5600000e-03
  -3.5134000e-02
   0.0000000e+00
  -9.4370000e-03
  -3.5267000e-02
   0.0000000e+00
  -9.3130000e-03
  -3.5398000e-02
   0.0000000e+00
  -9.1890000e-03
  -3.5528000e-02
   0.0000000e+00
  -9.0650000e-03
  -3.5656000e-02
   0.0000000e+00
  -8.9400000e-03
  -3.5782000e-02
   0.0000000e+00
  -8.8140000e-03
  -3.5906000e-02
   0.0000000e+00
  -8.6880000e-03
  -3.6029000e-02
   0.0000000e+00
  -8.5620000e-03
  -3.6149000e-02
   0.0000000e+00
  -8.4350000e-03
  -3.6268000e-02
   0.0000000e+00
  -8.3080000e-03
  -3.6385000e-02
   0.0000000e+00
  -8.1810000e-03
  -3.6501000e-02
   0.0000000e+00
  -8.0530000e-03
  -3.6615000e-02
   0.0000000e+00
  -7.9240000e-03
  -3.6726000e-02
   0.0000000e+00
  -7.7960000e-03
  -3.6836000e-02
   0.0000000e+00
  -7.6660000e-03
  -3.6945000e-02
   0.0000000e+00
  -7.5370000e-03
  -3.7051000e-02
   0.0000000e+00
  -7.4070000e-03
  -3.7156000e-02
   0.0000000e+00
  -7.2770000e-03
  -3.7258000e-02
   0.0000000e+00
  -7.1460000e-03
  -3.7359000e-02
   0.0000000e+00
  -7.0150000e-03
  -3.7459000e-02
   0.0000000e+00
  -6.8840000e-03
  -3.7556000e-02
   0.0000000e+00
  -6.7520000e-03
  -3.7651000e-02
   0.0000000e+00
  -6.6200000e-03
  -3.7745000e-02
   0.0000000e+00
  -6.4880000e-03
  -3.7837000e-02
   0.0000000e+00
  -6.3560000e-03
  -3.7927000e-02
   0.0000000e+00
  -6.2230000e-03
  -3.8015000e-02
   0.0000000e+00
  -6.0900000e-03
  -3.8101000e-02
   0.0000000e+00
  -5.9560000e-03
  -3.8185000e-02
   0.0000000e+00
  -5.8220000e-03
  -3.8268000e-02
   0.0000000e+00
  -5.6880000e-03
  -3.8348000e-02
   0.0000000e+00
  -5.5540000e-03
  -3.8427000e-02
   0.0000000e+00
  -5.4190000e-03
  -3.8504000e-02
   0.0000000e+00
  -5.2840000e-03
  -3.8579000e-02
   0.0000000e+00
  -5.1490000e-03
  -3.8652000e-02
   0.0000000e+00
  -5.0140000e-03
  -3.8723000e-02
   0.0000000e+00
  -4.8780000e-03
  -3.8792000e-02
   0.0000000e+00
  -4.7420000e-03
  -3.8859000e-02
   0.0000000e+00
  -4.6060000e-03
  -3.8925000e-02
   0.0000000e+00
  -4.4700000e-03
  -3.8988000e-02
   0.0000000e+00
  -4.3330000e-03
  -3.9050000e-02
   0.0000000e+00
  -4.1960000e-03
  -3.9110000e-02
   0.0000000e+00
  -4.0590000e-03
  -3.9167000e-02
   0.0000000e+00
  -3.9220000e-03
  -3.9223000e-02
   0.0000000e+00
  -3.7850000e-03
  -3.9277000e-02
   0.0000000e+00
  -3.6470000e-03
  -3.9329000e-02
   0.0000000e+00
  -3.5100000e-03
  -3.9379000e-02
   0.0000000e+00
  -3.3720000e-03
  -3.9428000e-02
   0.0000000e+00
  -3.2340000e-03
  -3.9474000e-02
   0.0000000e+00
  -3.0950000e-03
  -3.9518000e-02
   0.0000000e+00
  -2.9570000e-03
  -3.9560000e-02
   0.0000000e+00
  -2.8180000e-03
  -3.9601000e-02
   0.0000000e+00
  -2.6800000e-03
  -3.9639000e-02
   0.0000000e+00
  -2.5410000e-03
  -3.9676000e-02
   0.0000000e+00
  -2.4020000e-03
  -3.9710000e-02
   0.0000000e+00
  -2.2630000e-03
  -3.9743000e-02
   0.0000000e+00
  -2.1240000e-03
  -3.9774000e-02
   0.0000000e+00
  -1.9850000e-03
  -3.9803000e-02
   0.0000000e+00
  -1.8450000e-03
  -3.9829000e-02
   0.0000000e+00
  -1.7060000e-03
  -3.9854000e-02
   0.0000000e+00
  -1.5660000e-03
  -3.9877000e-02
   0.0000000e+00
  -1.4270000e-03
  -3.9898000e-02
   0.0000000e+00
  -1.2870000e-03
  -3.9917000e-02
   0.0000000e+00
  -1.1470000e-03
  -3.9934000e-02
   0.0000000e+00
  -1.0070000e-03
  -3.9949000e-02
   0.0000000e+00
  -8.6800000e-04
  -3.9962000e-02
   0.0000000e+00
  -7.2800000e-04
  -3.9974000e-02
   0.0000000e+00
  -5.8800000e-04
  -3.9983000e-02
   0.0000000e+00
  -4.4800000e-04
  -3.9990000e-02
   0.0000000e+00
  -3.0800000e-04
  -3.9995000e-02
   0.0000000e+00
  -1.6800000e-04
  -3.9999000e-02
   0.0000000e+00
  -2.8000000e-05
  -4.0000000e-02
   0.0000000e+00
   1.1200000e-04
  -3.9999000e-02
   0.0000000e+00
   2.5200000e-04
  -3.9997000e-02
   0.0000000e+00
   3.9200000e-04
  -3.9992000e-02
   0.0000000e+00
   5.3200000e-04
  -3.9986000e-02
   0.0000000e+00
   6.7200000e-04
  -3.9977000e-02
   0.0000000e+00
   8.1200000e-04
  -3.9967000e-02
   0.0000000e+00
   9.5200000e-04
  -3.9955000e-02
   0.0000000e+00
   1.0920000e-03
  -3.9940000e-02
   0.0000000e+00
   1.2310000e-03
  -3.9924000e-02
   0.0000000e+00
   1.3710000e-03
  -3.9906000e-02
   0.0000000e+00
   1.5110000e-03
  -3.9886000e-02
   0.0000000e+00
   1.6500000e-03
  -3.9864000e-02
   0.0000000e+00
   1.7900000e-03
  -3.9840000e-02
   0.0000000e+00
   1.9290000e-03
  -3.9813000e-02
   0.0000000e+00
   2.0690000e-03
  -3.9785000e-02
   0.0000000e+00
   2.2080000e-03
  -3.9756000e-02
   0.0000000e+00
   2.3470000e-03
  -3.9724000e-02
   0.0000000e+00
   2.4860000e-03
  -3.9690000e-02
   0.0000000e+00
   2.6250000e-03
  -3.9654000e-02
   0.0000000e+00
   2.7630000e-03
  -3.9616000e-02
   0.0000000e+00
   2.9020000e-03
  -3.9577000e-02
   0.0000000e+00
   3.0400000e-03
  -3.9535000e-02
   0.0000000e+00
   3.1790000e-03
  -3.9492000e-02
   0.0000000e+00
   3.3170000e-03
  -3.9446000e-02
   0.0000000e+00
   3.4550000e-03
  -3.9399000e-02
   0.0000000e+00
   3.5930000e-03
  -3.9349000e-02
   0.0000000e+00
   3.7300000e-03
  -3.9298000e-02
   0.0000000e+00
   3.8680000e-03
  -3.9245000e-02
   0.0000000e+00
   4.0050000e-03
  -3.9190000e-02
   0.0000000e+00
   4.1420000e-03
  -3.9133000e-02
   0.0000000e+00
   4.2790000e-03
  -3.9074000e-02
   0.0000000e+00
   4.4160000e-03
  -3.9013000e-02
   0.0000000e+00
   4.5520000e-03
  -3.8950000e-02
   0.0000000e+00
   4.6880000e-03
  -3.8886000e-02
   0.0000000e+00
   4.8240000e-03
  -3.8819000e-02
   0.0000000e+00
   4.9600000e-03
  -3.8750000e-02
   0.0000000e+00
   5.0950000e-03
  -3.8680000e-02
   0.0000000e+00
   5.2310000e-03
  -3.8608000e-02
   0.0000000e+00
   5.3660000e-03
  -3.8534000e-02
   0.0000000e+00
   5.5000000e-03
  -3.8458000e-02
   0.0000000e+00
   5.6350000e-03
  -3.8380000e-02
   0.0000000e+00
   5.7690000e-03
  -3.8300000e-02
   0.0000000e+00
   5.9030000e-03
  -3.8218000e-02
   0.0000000e+00
   6.0370000e-03
  -3.8134000e-02
   0.0000000e+00
   6.1700000e-03
  -3.8049000e-02
   0.0000000e+00
   6.3030000e-03
  -3.7962000e-02
   0.0000000e+00
   6.4360000e-03
  -3.7873000e-02
   0.0000000e+00
   6.5680000e-03
  -3.7782000e-02
   0.0000000e+00
   6.7000000e-03
  -3.7689000e-02
   0.0000000e+00
   6.8320000e-03
  -3.7594000e-02
   0.0000000e+00
   6.9630000e-03
  -3.7497000e-02
   0.0000000e+00
   7.0940000e-03
  -3.7399000e-02
   0.0000000e+00
   7.2250000e-03
  -3.7299000e-02
   0.0000000e+00
   7.3550000e-03
  -3.7197000e-02
   0.0000000e+00
   7.4850000e-03
  -3.7093000e-02
   0.0000000e+00
   7.6150000e-03
  -3.6987000e-02
   0.0000000e+00
   7.7440000e-03
  -3.6880000e-02
   0.0000000e+00
   7.8730000e-03
  -3.6770000e-02
   0.0000000e+00
   8.0020000e-03
  -3.6659000e-02
   0.0000000e+00
   8.1300000e-03
  -3.6546000e-02
   0.0000000e+00
   8.2580000e-03
  -3.6431000e-02
   0.0000000e+00
   8.3850000e-03
  -3.6315000e-02
   0.0000000e+00
   8.5120000e-03
  -3.6197000e-02
   0.0000000e+00
   8.6380000e-03
  -3.6077000e-02
   0.0000000e+00
   8.7640000e-03
  -3.5955000e-02
   0.0000000e+00
   8.8900000e-03
  -3.5831000e-02
   0.0000000e+00
   9.0150000e-03
  -3.5706000e-02
   0.0000000e+00
   9.1400000e-03
  -3.5579000e-02
   0.0000000e+00
   9.2640000e-03
  -3.5450000e-02
   0.0000000e+00
   9.3880000e-03
  -3.5319000e-02
   0.0000000e+00
   9.5110000e-03
  -3.5187000e-02
   0.0000000e+00
   9.6340000e-03
  -3.5053000e-02
   0.0000000e+00
   9.7570000e-03
  -3.4917000e-02
   0.0000000e+00
   9.8790000e-03
  -3.4780000e-02
   0.0000000e+00
   1.0000000e-02
  -3.4641000e-02
   0.0000000e+00
   1.0121000e-02
  -3.4500000e-02
   0.0000000e+00
   1.0242000e-02
  -3.4357000e-02
   0.0000000e+00
   1.0362000e-02
  -3.4213000e-02
   0.0000000e+00
   1.0481000e-02
  -3.4067000e-02
   0.0000000e+00
   1.0600000e-02
  -3.3920000e-02
   0.0000000e+00
   1.0719000e-02
  -3.3770000e-02
   0.0000000e+00
   1.0837000e-02
  -3.3620000e-02
   0.0000000e+00
   1.0954000e-02
  -3.3467000e-02
   0.0000000e+00
   1.1071000e-02
  -3.3313000e-02
   0.0000000e+00
   1.1187000e-02
  -3.3157000e-02
   0.0000000e+00
   1.1303000e-02
  -3.3000000e-02
   0.0000000e+00
   1.1418000e-02
  -3.2841000e-02
   0.0000000e+00
   1.1533000e-02
  -3.2680000e-02
   0.0000000e+00
   1.1647000e-02
  -3.2518000e-02
   0.0000000e+00
   1.1760000e-02
  -3.2354000e-02
   0.0000000e+00
   1.1873000e-02
  -3.2188000e-02
   0.0000000e+00
   1.1986000e-02
  -3.2021000e-02
   0.0000000e+00
   1.2098000e-02
  -3.1853000e-02
   0.0000000e+00
   1.2209000e-02
  -3.1683000e-02
   0.0000000e+00
   1.2319000e-02
  -3.1511000e-02
   0.0000000e+00
   1.2429000e-02
  -3.1338000e-02
   0.0000000e+00
   1.2539000e-02
  -3.1163000e-02
   0.0000000e+00
   1.2647000e-02
  -3.0987000e-02
   0.0000000e+00
   1.2756000e-02
  -3.0809000e-02
   0.0000000e+00
   1.2863000e-02
  -3.0629000e-02
   0.0000000e+00
   1.2970000e-02
  -3.0449000e-02
   0.0000000e+00
   1.3076000e-02
  -3.0266000e-02
   0.0000000e+00
   1.3182000e-02
  -3.0082000e-02
   0.0000000e+00
   1.3287000e-02
  -2.9897000e-02
   0.0000000e+00
   1.3391000e-02
  -2.9710000e-02
   0.0000000e+00
   1.3495000e-02
  -2.9522000e-02
   0.0000000e+00
   1.3598000e-02
  -2.9333000e-02
   0.0000000e+00
   1.3700000e-02
  -2.9142000e-02
   0.0000000e+00
   1.3802000e-02
  -2.8949000e-02
   0.0000000e+00
   1.3903000e-02
  -2.8755000e-02
   0.0000000e+00
   1.4003000e-02
  -2.8560000e-02
   0.0000000e+00
   1.4103000e-02
  -2.8363000e-02
   0.0000000e+00
   1.4202000e-02
  -2.8165000e-02
   0.0000000e+00
   1.4300000e-02
  -2.7965000e-02
   0.0000000e+00
   1.4397000e-02
  -2.7764000e-02
   0.0000000e+00
   1.4494000e-02
  -2.7562000e-02
   0.0000000e+00
   1.4590000e-02
  -2.7359000e-02
   0.0000000e+00
   1.4686000e-02
  -2.7154000e-02
   0.0000000e+00
   1.4780000e-02
  -2.6947000e-02
   0.0000000e+00
   1.4874000e-02
  -2.6740000e-02
   0.0000000e+00
   1.4968000e-02
  -2.6531000e-02
   0.0000000e+00
   1.5060000e-02
  -2.6321000e-02
   0.0000000e+00
   1.5152000e-02
  -2.6109000e-02
   0.0000000e+00
   1.5243000e-02
  -2.5897000e-02
   0.0000000e+00
   1.5333000e-02
  -2.5682000e-02
   0.0000000e+00
   1.5423000e-02
  -2.5467000e-02
   0.0000000e+00
   1.5511000e-02
  -2.5251000e-02
   0.0000000e+00
   1.5599000e-02
  -2.5033000e-02
   0.0000000e+00
   1.5687000e-02
  -2.4814000e-02
   0.0000000e+00
   1.5773000e-02
  -2.4594000e-02
   0.0000000e+00
   1.5859000e-02
  -2.4372000e-02
   0.0000000e+00
   1.5944000e-02
  -2.4150000e-02
   0.0000000e+00
   1.6028000e-02
  -2.3926000e-02
   0.0000000e+00
   1.6111000e-02
  -2.3701000e-02
   0.0000000e+00
   1.6194000e-02
  -2.3475000e-02
   0.0000000e+00
   1.6275000e-02
  -2.3247000e-02
   0.0000000e+00
   1.6356000e-02
  -2.3019000e-02
   0.0000000e+00
   1.6437000e-02
  -2.2789000e-02
   0.0000000e+00
   1.6516000e-02
  -2.2559000e-02
   0.0000000e+00
   1.6594000e-02
  -2.2327000e-02
   0.0000000e+00
   1.6672000e-02
  -2.2094000e-02
   0.0000000e+00
   1.6749000e-02
  -2.1860000e-02
   0.0000000e+00
   1.6825000e-02
  -2.1625000e-02
   0.0000000e+00
   1.6900000e-02
  -2.1389000e-02
   0.0000000e+00
   1.6975000e-02
  -2.1152000e-02
   0.0000000e+00
   1.7049000e-02
  -2.0914000e-02
   0.0000000e+00
   1.7121000e-02
  -2.0675000e-02
   0.0000000e+00
   1.7193000e-02
  -2.0434000e-02
   0.0000000e+00
   1.7264000e-02
  -2.0193000e-02
   0.0000000e+00
   1.7335000e-02
  -1.9951000e-02
   0.0000000e+00
   1.7404000e-02
  -1.9708000e-02
   0.0000000e+00
   1.7473000e-02
  -1.9464000e-02
   0.0000000e+00
   1.7540000e-02
  -1.9219000e-02
   0.0000000e+00
   1.7607000e-02
  -1.8973000e-02
   0.0000000e+00
   1.7673000e-02
  -1.8726000e-02
   0.0000000e+00
   1.7738000e-02
  -1.8478000e-02
   0.0000000e+00
   1.7802000e-02
  -1.8229000e-02
   0.0000000e+00
   1.7866000e-02
  -1.7979000e-02
   0.0000000e+00
   1.7928000e-02
  -1.7729000e-02
   0.0000000e+00
   1.7990000e-02
  -1.7477000e-02
   0.0000000e+00
   1.8051000e-02
  -1.7225000e-02
   0.0000000e+00
   1.8110000e-02
  -1.6972000e-02
   0.0000000e+00
   1.8169000e-02
  -1.6718000e-02
   0.0000000e+00
   1.8227000e-02
  -1.6463000e-02
   0.0000000e+00
   1.8285000e-02
  -1.6208000e-02
   0.0000000e+00
   1.8341000e-02
  -1.5951000e-02
   0.0000000e+00
   1.8396000e-02
  -1.5694000e-02
   0.0000000e+00
   1.8451000e-02
  -1.5436000e-02
   0.0000000e+00
   1.8504000e-02
  -1.5177000e-02
   0.0000000e+00
   1.8557000e-02
  -1.4918000e-02
   0.0000000e+00
   1.8609000e-02
  -1.4658000e-02
   0.0000000e+00
   1.8660000e-02
  -1.4397000e-02
   0.0000000e+00
   1.8710000e-02
  -1.4135000e-02
   0.0000000e+00
   1.8759000e-02
  -1.3873000e-02
   0.0000000e+00
   1.8807000e-02
  -1.3610000e-02
   0.0000000e+00
   1.8854000e-02
  -1.3346000e-02
   0.0000000e+00
   1.8900000e-02
  -1.3082000e-02
   0.0000000e+00
   1.8945000e-02
  -1.2817000e-02
   0.0000000e+00
   1.8990000e-02
  -1.2552000e-02
   0.0000000e+00
   1.9033000e-02
  -1.2286000e-02
   0.0000000e+00
   1.9076000e-02
  -1.2019000e-02
   0.0000000e+00
   1.9117000e-02
  -1.1751000e-02
   0.0000000e+00
   1.9158000e-02
  -1.1484000e-02
   0.0000000e+00
   1.9198000e-02
  -1.1215000e-02
   0.0000000e+00
   1.9237000e-02
  -1.0946000e-02
   0.0000000e+00
   1.9274000e-02
  -1.0676000e-02
   0.0000000e+00
   1.9311000e-02
  -1.0406000e-02
   0.0000000e+00
   1.9347000e-02
  -1.0136000e-02
   0.0000000e+00
   1.9382000e-02
  -9.8650000e-03
   0.0000000e+00
   1.9416000e-02
  -9.5930000e-03
   0.0000000e+00
   1.9449000e-02
  -9.3210000e-03
   0.0000000e+00
   1.9482000e-02
  -9.0480000e-03
   0.0000000e+00
   1.9513000e-02
  -8.7750000e-03
   0.0000000e+00
   1.9543000e-02
  -8.5020000e-03
   0.0000000e+00
   1.9572000e-02
  -8.2280000e-03
   0.0000000e+00
   1.9601000e-02
  -7.9540000e-03
   0.0000000e+00
   1.9628000e-02
  -7.6790000e-03
   0.0000000e+00
   1.9654000e-02
  -7.4040000e-03
   0.0000000e+00
   1.9680000e-02
  -7.1290000e-03
   0.0000000e+00
   1.9704000e-02
  -6.8530000e-03
   0.0000000e+00
   1.9728000e-02
  -6.5770000e-03
   0.0000000e+00
   1.9750000e-02
  -6.3010000e-03
   0.0000000e+00
   1.9772000e-02
  -6.0240000e-03
   0.0000000e+00
   1.9792000e-02
  -5.7470000e-03
   0.0000000e+00
   1.9812000e-02
  -5.4700000e-03
   0.0000000e+00
   1.9831000e-02
  -5.1930000e-03
   0.0000000e+00
   1.9848000e-02
  -4.9150000e-03
   0.0000000e+00
   1.9865000e-02
  -4.6370000e-03
   0.0000000e+00
   1.9881000e-02
  -4.3590000e-03
   0.0000000e+00
   1.9896000e-02
  -4.0800000e-03
   0.0000000e+00
   1.9909000e-02
  -3.8020000e-03
   0.0000000e+00
   1.9922000e-02
  -3.5230000e-03
   0.0000000e+00
   1.9934000e-02
  -3.2440000e-03
   0.0000000e+00
   1.9945000e-02
  -2.9650000e-03
   0.0000000e+00
   1.9955000e-02
  -2.6850000e-03
   0.0000000e+00
   1.9964000e-02
  -2.4060000e-03
   0.0000000e+00
   1.9972000e-02
  -2.1260000e-03
   0.0000000e+00
   1.9979000e-02
  -1.8470000e-03
   0.0000000e+00
   1.9985000e-02
  -1.5670000e-03
   0.0000000e+00
   1.9990000e-02
  -1.2870000e-03
   0.0000000e+00
   1.9994000e-02
  -1.0070000e-03
   0.0000000e+00
   1.9997000e-02
  -7.2700000e-04
   0.0000000e+00
   1.9999000e-02
  -4.4700000e-04
   0.0000000e+00
   2.0000000e-02
  -1.6700000e-04
   0.0000000e+00
   2.0000000e-02
   0.0000000e+00
