   0.0000000e+00
   0.0000000e+00
   0.0000000e+00
   1.0000000e-03
   0.0000000e+00
   0.0000000e+00
   2.0000000e-03
   0.0000000e+00
   0.0000000e+00
   3.0000000e-03
   0.0000000e+00
   0.0000000e+00
   4.0000000e-03
   0.0000000e+00
   0.0000000e+00
   5.0000000e-03
   0.0000000e+00
   0.0000000e+00
   6.0000000e-03
   0.0000000e+00
   0.0000000e+00
   7.0000000e-03
   0.0000000e+00
   0.0000000e+00
   8.0000000e-03
   0.0000000e+00
   0.0000000e+00
   9.0000000e-03
   0.0000000e+00
   0.0000000e+00
   1.0000000e-02
   0.0000000e+00
   0.0000000e+00
   1.1000000e-02
   0.0000000e+00
   0.0000000e+00
   1.2000000e-02
   0.0000000e+00
   0.0000000e+00
   1.3000000e-02
   0.0000000e+00
   0.0000000e+00
   1.4000000e-02
   0.0000000e+00
   0.0000000e+00
   1.5000000e-02
   0.0000000e+00
   0.0000000e+00
   1.6000000e-02
   0.0000000e+00
   0.0000000e+00
   1.7000000e-02
   0.0000000e+00
   0.0000000e+00
   1.8000000e-02
   0.0000000e+00
   0.0000000e+00
   1.9000000e-02
   0.0000000e+00
   0.0000000e+00
   2.0000000e-02
   0.0000000e+00
   0.0000000e+00
   2.0000000e-02
   0.0000000e+00
   0.0000000e+00
   1.9999000e-02
   4.2000000e-04
   0.0000000e+00
   1.9996000e-02
   8.4000000e-04
   0.0000000e+00
   1.9991000e-02
   1.2600000e-03
   0.0000000e+00
   1.9984000e-02
   1.6800000e-03
   0.0000000e+00
   1.9976000e-02
   2.1000000e-03
   0.0000000e+00
   1.9965000e-02
   2.5190000e-03
   0.0000000e+00
   1.9952000e-02
   2.9390000e-03
   0.0000000e+00
   1.9937000e-02
   3.3580000e-03
   0.0000000e+00
   1.9921000e-02
   3.7780000e-03
   0.0000000e+00
   1.9902000e-02
   4.1970000e-03
   0.0000000e+00
   1.9881000e-02
   4.6150000e-03
   0.0000000e+00
   1.9859000e-02
   5.0340000e-03
   0.0000000e+00
   1.9834000e-02
   5.4520000e-03
   0.0000000e+00
   1.9808000e-02
   5.8710000e-03
   0.0000000e+00
   1.9780000e-02
   6.2880000e-03
   0.0000000e+00
   1.9749000e-02
   6.7060000e-03
   0.0000000e+00
   1.9717000e-02
   7.1230000e-03
   0.0000000e+00
   1.9683000e-02
   7.5400000e-03
   0.0000000e+00
   1.9647000e-02
   7.9560000e-03
   0.0000000e+00
   1.9609000e-02
   8.3730000e-03
   0.0000000e+00
   1.9569000e-02
   8.7880000e-03
   0.0000000e+00
   1.9527000e-02
   9.2040000e-03
   0.0000000e+00
   1.9483000e-02
   9.6180000e-03
   0.0000000e+00
   1.9437000e-02
   1.0033000e-02
   0.0000000e+00
   1.9389000e-02
   1.0446000e-02
   0.0000000e+00
   1.9339000e-02
   1.0860000e-02
   0.0000000e+00
   1.9288000e-02
   1.1273000e-02
   0.0000000e+00
   1.9234000e-02
   1.1685000e-02
   0.0000000e+00
   1.9179000e-02
   1.2097000e-02
   0.0000000e+00
   1.9121000e-02
   1.2508000e-02
   0.0000000e+00
   1.9062000e-02
   1.2918000e-02
   0.0000000e+00
   1.9001000e-02
   1.3328000e-02
   0.0000000e+00
   1.8938000e-02
   1.3737000e-02
   0.0000000e+00
   1.8872000e-02
   1.4146000e-02
   0.0000000e+00
   1.8805000e-02
   1.4553000e-02
   0.0000000e+00
   1.8737000e-02
   1.4960000e-02
   0.0000000e+00
   1.8666000e-02
   1.5367000e-02
   0.0000000e+00
   1.8593000e-02
   1.5772000e-02
   0.0000000e+00
   1.8519000e-02
   1.6177000e-02
   0.0000000e+00
   1.8442000e-02
   1.6581000e-02
   0.0000000e+00
   1.8364000e-02
   1.6985000e-02
   0.0000000e+00
   1.8284000e-02
   1.7387000e-02
   0.0000000e+00
   1.8202000e-02
   1.7789000e-02
   0.0000000e+00
   1.8118000e-02
   1.8189000e-02
   0.0000000e+00
   1.8032000e-02
   1.8589000e-02
   0.0000000e+00
   1.7944000e-02
   1.8988000e-02
   0.0000000e+00
   1.7855000e-02
   1.9386000e-02
   0.0000000e+00
   1.7763000e-02
   1.9783000e-02
   0.0000000e+00
   1.7670000e-02
   2.0179000e-02
   0.0000000e+00
   1.7575000e-02
   2.0574000e-02
   0.0000000e+00
   1.7478000e-02
   2.0968000e-02
   0.0000000e+00
   1.7379000e-02
   2.1361000e-02
   0.0000000e+00
   1.7279000e-02
   2.1753000e-02
   0.0000000e+00
   1.7176000e-02
   2.2144000e-02
   0.0000000e+00
   1.7072000e-02
   2.2534000e-02
   0.0000000e+00
   1.6966000e-02
   2.2922000e-02
   0.0000000e+00
   1.6858000e-02
   2.3310000e-02
   0.0000000e+00
   1.6748000e-02
   2.3696000e-02
   0.0000000e+00
   1.6637000e-02
   2.4082000e-02
   0.0000000e+00
   1.6524000e-02
   2.4466000e-02
   0.0000000e+00
   1.6408000e-02
   2.4849000e-02
   0.0000000e+00
   1.6292000e-02
   2.5230000e-02
   0.0000000e+00
   1.6173000e-02
   2.5611000e-02
   0.0000000e+00
   1.6053000e-02
   2.5990000e-02
   0.0000000e+00
   1.5930000e-02
   2.6368000e-02
   0.0000000e+00
   1.5807000e-02
   2.6744000e-02
   0.0000000e+00
   1.5681000e-02
   2.7120000e-02
   0.0000000e+00
   1.5553000e-02
   2.7494000e-02
   0.0000000e+00
   1.5424000e-02
   2.7866000e-02
   0.0000000e+00
   1.5293000e-02
   2.8238000e-02
   0.0000000e+00
   1.5161000e-02
   2.8607000e-02
   0.0000000e+00
   1.5026000e-02
   2.8976000e-02
   0.0000000e+00
   1.4890000e-02
   2.9343000e-02
   0.0000000e+00
   1.4752000e-02
   2.9709000e-02
   0.0000000e+00
   1.4613000e-02
   3.0073000e-02
   0.0000000e+00
   1.4472000e-02
   3.0435000e-02
   0.0000000e+00
   1.4329000e-02
   3.0797000e-02
   0.0000000e+00
   1.4184000e-02
   3.1156000e-02
   0.0000000e+00
   1.4038000e-02
   3.1515000e-02
   0.0000000e+00
   1.3890000e-02
   3.1871000e-02
   0.0000000e+00
   1.3741000e-02
   3.2226000e-02
   0.0000000e+00
   1.3589000e-02
   3.2580000e-02
   0.0000000e+00
   1.3437000e-02
   3.2932000e-02
   0.0000000e+00
   1.3282000e-02
   3.3282000e-02
   0.0000000e+00
   1.3126000e-02
   3.3631000e-02
   0.0000000e+00
   1.2968000e-02
   3.3978000e-02
   0.0000000e+00
   1.2809000e-02
   3.4323000e-02
   0.0000000e+00
   1.2648000e-02
   3.4667000e-02
   0.0000000e+00
   1.2485000e-02
   3.5008000e-02
   0.0000000e+00
   1.2321000e-02
   3.5349000e-02
   0.0000000e+00
   1.2155000e-02
   3.5687000e-02
   0.0000000e+00
   1.1988000e-02
   3.6024000e-02
   0.0000000e+00
   1.1819000e-02
   3.6359000e-02
   0.0000000e+00
   1.1649000e-02
   3.6692000e-02
   0.0000000e+00
   1.1477000e-02
   3.7024000e-02
   0.0000000e+00
   1.1303000e-02
   3.7353000e-02
   0.0000000e+00
   1.1128000e-02
   3.7681000e-02
   0.0000000e+00
   1.0951000e-02
   3.8007000e-02
   0.0000000e+00
   1.0773000e-02
   3.8331000e-02
   0.0000000e+00
   1.0594000e-02
   3.8653000e-02
   0.0000000e+00
   1.0413000e-02
   3.8973000e-02
   0.0000000e+00
   1.0230000e-02
   3.9292000e-02
   0.0000000e+00
   1.0046000e-02
   3.9608000e-02
   0.0000000e+00
   9.8600000e-03
   3.9923000e-02
   0.0000000e+00
   9.6730000e-03
   4.0235000e-02
   0.0000000e+00
   9.4850000e-03
   4.0546000e-02
   0.0000000e+00
   9.2950000e-03
   4.0854000e-02
   0.0000000e+00
   9.1030000e-03
   4.1161000e-02
   0.0000000e+00
   8.9110000e-03
   4.1466000e-02
   0.0000000e+00
   8.7160000e-03
   4.1768000e-02
   0.0000000e+00
   8.5210000e-03
   4.2069000e-02
   0.0000000e+00
   8.3240000e-03
   4.2367000e-02
   0.0000000e+00
   8.1250000e-03
   4.2663000e-02
   0.0000000e+00
   7.9260000e-03
   4.2958000e-02
   0.0000000e+00
   7.7240000e-03
   4.3250000e-02
   0.0000000e+00
   7.5220000e-03
   4.3540000e-02
   0.0000000e+00
   7.3180000e-03
   4.3828000e-02
   0.0000000e+00
   7.1130000e-03
   4.4114000e-02
   0.0000000e+00
   6.9060000e-03
   4.4397000e-02
   0.0000000e+00
   6.6990000e-03
   4.4679000e-02
   0.0000000e+00
   6.4890000e-03
   4.4958000e-02
   0.0000000e+00
   6.2790000e-03
   4.5235000e-02
   0.0000000e+00
   6.0670000e-03
   4.5510000e-02
   0.0000000e+00
   5.8540000e-03
   4.5782000e-02
   0.0000000e+00
   5.6400000e-03
   4.6053000e-02
   0.0000000e+00
   5.4240000e-03
   4.6321000e-02
   0.0000000e+00
   5.2080000e-03
   4.6587000e-02
   0.0000000e+00
   4.9900000e-03
   4.6850000e-02
   0.0000000e+00
   4.7700000e-03
   4.7111000e-02
   0.0000000e+00
   4.5500000e-03
   4.7370000e-02
   0.0000000e+00
   4.3280000e-03
   4.7627000e-02
   0.0000000e+00
   4.1050000e-03
   4.7881000e-02
   0.0000000e+00
   3.8810000e-03
   4.8133000e-02
   0.0000000e+00
   3.6560000e-03
   4.8383000e-02
   0.0000000e+00
   3.4300000e-03
   4.8630000e-02
   0.0000000e+00
   3.2020000e-03
   4.8875000e-02
   0.0000000e+00
   2.9740000e-03
   4.9117000e-02
   0.0000000e+00
   2.7440000e-03
   4.9357000e-02
   0.0000000e+00
   2.5130000e-03
   4.9595000e-02
   0.0000000e+00
   2.2810000e-03
   4.9830000e-02
   0.0000000e+00
   2.0480000e-03
   5.0063000e-02
   0.0000000e+00
   1.8140000e-03
   5.0293000e-02
   0.0000000e+00
   1.5780000e-03
   5.0521000e-02
   0.0000000e+00
   1.3420000e-03
   5.0746000e-02
   0.0000000e+00
   1.1050000e-03
   5.0969000e-02
   0.0000000e+00
   8.6600000e-04
   5.1189000e-02
   0.0000000e+00
   6.2700000e-04
   5.1407000e-02
   0.0000000e+00
   3.8700000e-04
   5.1622000e-02
   0.0000000e+00
   1.4500000e-04
   5.1835000e-02
   0.0000000e+00
  -9.7000000e-05
   5.2045000e-02
   0.0000000e+00
  -3.4100000e-04
   5.2253000e-02
   0.0000000e+00
  -5.8500000e-04
   5.2458000e-02
   0.0000000e+00
  -8.3000000e-04
   5.2661000e-02
   0.0000000e+00
  -1.0760000e-03
   5.2861000e-02
   0.0000000e+00
  -1.3230000e-03
   5.3058000e-02
   0.0000000e+00
  -1.5720000e-03
   5.3253000e-02
   0.0000000e+00
  -1.8210000e-03
   5.3445000e-02
   0.0000000e+00
  -2.0700000e-03
   5.3635000e-02
   0.0000000e+00
  -2.3210000e-03
   5.3822000e-02
   0.0000000e+00
  -2.5730000e-03
   5.4006000e-02
   0.0000000e+00
  -2.8250000e-03
   5.4188000e-02
   0.0000000e+00
  -3.0780000e-03
   5.4367000e-02
   0.0000000e+00
  -3.3330000e-03
   5.4543000e-02
   0.0000000e+00
  -3.5880000e-03
   5.4717000e-02
   0.0000000e+00
  -3.8430000e-03
   5.4888000e-02
   0.0000000e+00
  -4.1000000e-03
   5.5056000e-02
   0.0000000e+00
  -4.3570000e-03
   5.5222000e-02
   0.0000000e+00
  -4.6150000e-03
   5.5384000e-02
   0.0000000e+00
  -4.8740000e-03
   5.5545000e-02
   0.0000000e+00
  -5.1340000e-03
   5.5702000e-02
   0.0000000e+00
  -5.3940000e-03
   5.5857000e-02
   0.0000000e+00
  -5.6550000e-03
   5.6009000e-02
   0.0000000e+00
  -5.9170000e-03
   5.6158000e-02
   0.0000000e+00
  -6.1790000e-03
   5.6305000e-02
   0.0000000e+00
  -6.4420000e-03
   5.6448000e-02
   0.0000000e+00
  -6.7060000e-03
   5.6589000e-02
   0.0000000e+00
  -6.9700000e-03
   5.6728000e-02
   0.0000000e+00
  -7.2350000e-03
   5.6863000e-02
   0.0000000e+00
  -7.5010000e-03
   5.6996000e-02
   0.0000000e+00
  -7.7670000e-03
   5.7125000e-02
   0.0000000e+00
  -8.0340000e-03
   5.7252000e-02
   0.0000000e+00
  -8.3020000e-03
   5.7377000e-02
   0.0000000e+00
  -8.5700000e-03
   5.7498000e-02
   0.0000000e+00
  -8.8380000e-03
   5.7617000e-02
   0.0000000e+00
  -9.1070000e-03
   5.7733000e-02
   0.0000000e+00
  -9.3770000e-03
   5.7845000e-02
   0.0000000e+00
  -9.6470000e-03
   5.7956000e-02
   0.0000000e+00
  -9.9180000e-03
   5.8063000e-02
   0.0000000e+00
  -1.0189000e-02
   5.8167000e-02
   0.0000000e+00
  -1.0461000e-02
   5.8269000e-02
   0.0000000e+00
  -1.0733000e-02
   5.8368000e-02
   0.0000000e+00
  -1.1006000e-02
   5.8464000e-02
   0.0000000e+00
  -1.1279000e-02
   5.8557000e-02
   0.0000000e+00
  -1.1552000e-02
   5.8647000e-02
   0.0000000e+00
  -1.1826000e-02
   5.8734000e-02
   0.0000000e+00
  -1.2100000e-02
   5.8818000e-02
   0.0000000e+00
  -1.2375000e-02
   5.8900000e-02
   0.0000000e+00
  -1.2650000e-02
   5.8978000e-02
   0.0000000e+00
  -1.2926000e-02
   5.9054000e-02
   0.0000000e+00
  -1.3201000e-02
   5.9127000e-02
   0.0000000e+00
  -1.3477000e-02
   5.9197000e-02
   0.0000000e+00
  -1.3754000e-02
   5.9264000e-02
   0.0000000e+00
  -1.4031000e-02
   5.9328000e-02
   0.0000000e+00
  -1.4308000e-02
   5.9389000e-02
   0.0000000e+00
  -1.4585000e-02
   5.9448000e-02
   0.0000000e+00
  -1.4862000e-02
   5.9503000e-02
   0.0000000e+00
  -1.5140000e-02
   5.9556000e-02
   0.0000000e+00
  -1.5418000e-02
   5.9605000e-02
   0.0000000e+00
  -1.5696000e-02
   5.9652000e-02
   0.0000000e+00
  -1.5975000e-02
   5.9695000e-02
   0.0000000e+00
  -1.6254000e-02
   5.9736000e-02
   0.0000000e+00
  -1.6533000e-02
   5.9774000e-02
   0.0000000e+00
  -1.6812000e-02
   5.9809000e-02
   0.0000000e+00
  -1.7091000e-02
   5.9841000e-02
   0.0000000e+00
  -1.7370000e-02
   5.9870000e-02
   0.0000000e+00
  -1.7650000e-02
   5.9896000e-02
   0.0000000e+00
  -1.7929000e-02
   5.9920000e-02
   0.0000000e+00
  -1.8209000e-02
   5.9940000e-02
   0.0000000e+00
  -1.8489000e-02
   5.9957000e-02
   0.0000000e+00
  -1.8768000e-02
   5.9972000e-02
   0.0000000e+00
  -1.9048000e-02
   5.9983000e-02
   0.0000000e+00
  -1.9328000e-02
   5.9992000e-02
   0.0000000e+00
  -1.9608000e-02
   5.9997000e-02
   0.0000000e+00
  -1.9888000e-02
   6.0000000e-02
   0.0000000e+00
  -2.0168000e-02
   5.9999000e-02
   0.0000000e+00
  -2.0448000e-02
   5.9996000e-02
   0.0000000e+00
  -2.0728000e-02
   5.9990000e-02
   0.0000000e+00
  -2.1008000e-02
   5.9981000e-02
   0.0000000e+00
  -2.1288000e-02
   5.9969000e-02
   0.0000000e+00
  -2.1568000e-02
   5.9954000e-02
   0.0000000e+00
  -2.1847000e-02
   5.9936000e-02
   0.0000000e+00
  -2.2127000e-02
   5.9915000e-02
   0.0000000e+00
  -2.2407000e-02
   5.9891000e-02
   0.0000000e+00
  -2.2686000e-02
   5.9865000e-02
   0.0000000e+00
  -2.2965000e-02
   5.9835000e-02
   0.0000000e+00
  -2.3245000e-02
   5.9802000e-02
   0.0000000e+00
  -2.3524000e-02
   5.9767000e-02
   0.0000000e+00
  -2.3802000e-02
   5.9728000e-02
   0.0000000e+00
  -2.4081000e-02
   5.9687000e-02
   0.0000000e+00
  -2.4359000e-02
   5.9643000e-02
   0.0000000e+00
  -2.4638000e-02
   5.9595000e-02
   0.0000000e+00
  -2.4916000e-02
   5.9545000e-02
   0.0000000e+00
  -2.5193000e-02
   5.9492000e-02
   0.0000000e+00
  -2.5471000e-02
   5.9436000e-02
   0.0000000e+00
  -2.5748000e-02
   5.9377000e-02
   0.0000000e+00
  -2.6025000e-02
   5.9315000e-02
   0.0000000e+00
  -2.6302000e-02
   5.9251000e-02
   0.0000000e+00
  -2.6578000e-02
   5.9183000e-02
   0.0000000e+00
  -2.6854000e-02
   5.9113000e-02
   0.0000000e+00
  -2.7130000e-02
   5.9039000e-02
   0.0000000e+00
  -2.7405000e-02
   5.8963000e-02
   0.0000000e+00
  -2.7680000e-02
   5.8884000e-02
   0.0000000e+00
  -2.7955000e-02
   5.8802000e-02
   0.0000000e+00
  -2.8229000e-02
   5.8717000e-02
   0.0000000e+00
  -2.8503000e-02
   5.8629000e-02
   0.0000000e+00
  -2.8776000e-02
   5.8538000e-02
   0.0000000e+00
  -2.9049000e-02
   5.8444000e-02
   0.0000000e+00
  -2.9322000e-02
   5.8348000e-02
   0.0000000e+00
  -2.9594000e-02
   5.8249000e-02
   0.0000000e+00
  -2.9865000e-02
   5.8147000e-02
   0.0000000e+00
  -3.0136000e-02
   5.8042000e-02
   0.0000000e+00
  -3.0407000e-02
   5.7934000e-02
   0.0000000e+00
  -3.0677000e-02
   5.7823000e-02
   0.0000000e+00
  -3.0947000e-02
   5.7709000e-02
   0.0000000e+00
  -3.1216000e-02
   5.7593000e-02
   0.0000000e+00
  -3.1484000e-02
   5.7474000e-02
   0.0000000e+00
  -3.1752000e-02
   5.7352000e-02
   0.0000000e+00
  -3.2019000e-02
   5.7227000e-02
   0.0000000e+00
  -3.2286000e-02
   5.7100000e-02
   0.0000000e+00
  -3.2552000e-02
   5.6969000e-02
   0.0000000e+00
  -3.2818000e-02
   5.6836000e-02
   0.0000000e+00
  -3.3083000e-02
   5.6700000e-02
   0.0000000e+00
  -3.3347000e-02
   5.6561000e-02
   0.0000000e+00
  -3.3611000e-02
   5.6420000e-02
   0.0000000e+00
  -3.3874000e-02
   5.6275000e-02
   0.0000000e+00
  -3.4136000e-02
   5.6128000e-02
   0.0000000e+00
  -3.4398000e-02
   5.5979000e-02
   0.0000000e+00
  -3.4658000e-02
   5.5826000e-02
   0.0000000e+00
  -3.4919000e-02
   5.5671000e-02
   0.0000000e+00
  -3.5178000e-02
   5.5513000e-02
   0.0000000e+00
  -3.5437000e-02
   5.5352000e-02
   0.0000000e+00
  -3.5695000e-02
   5.5189000e-02
   0.0000000e+00
  -3.5952000e-02
   5.5022000e-02
   0.0000000e+00
  -3.6208000e-02
   5.4854000e-02
   0.0000000e+00
  -3.6464000e-02
   5.4682000e-02
   0.0000000e+00
  -3.6719000e-02
   5.4508000e-02
   0.0000000e+00
  -3.6973000e-02
   5.4331000e-02
   0.0000000e+00
  -3.7226000e-02
   5.4151000e-02
   0.0000000e+00
  -3.7478000e-02
   5.3969000e-02
   0.0000000e+00
  -3.7729000e-02
   5.3784000e-02
   0.0000000e+00
  -3.7980000e-02
   5.3597000e-02
   0.0000000e+00
  -3.8230000e-02
   5.3407000e-02
   0.0000000e+00
  -3.8478000e-02
   5.3214000e-02
   0.0000000e+00
  -3.8726000e-02
   5.3019000e-02
   0.0000000e+00
  -3.8973000e-02
   5.2821000e-02
   0.0000000e+00
  -3.9219000e-02
   5.2620000e-02
   0.0000000e+00
  -3.9464000e-02
   5.2417000e-02
   0.0000000e+00
  -3.9708000e-02
   5.2212000e-02
   0.0000000e+00
  -3.9952000e-02
   5.2003000e-02
   0.0000000e+00
  -4.0194000e-02
   5.1793000e-02
   0.0000000e+00
  -4.0435000e-02
   5.1579000e-02
   0.0000000e+00
  -4.0675000e-02
   5.1363000e-02
   0.0000000e+00
  -4.0914000e-02
   5.1145000e-02
   0.0000000e+00
  -4.1153000e-02
   5.0924000e-02
   0.0000000e+00
  -4.1390000e-02
   5.0701000e-02
   0.0000000e+00
  -4.1626000e-02
   5.0475000e-02
   0.0000000e+00
  -4.1861000e-02
   5.0247000e-02
   0.0000000e+00
  -4.2095000e-02
   5.0016000e-02
   0.0000000e+00
  -4.2328000e-02
   4.9783000e-02
   0.0000000e+00
  -4.2559000e-02
   4.9547000e-02
   0.0000000e+00
  -4.2790000e-02
   4.9309000e-02
   0.0000000e+00
  -4.3020000e-02
   4.9069000e-02
   0.0000000e+00
  -4.3248000e-02
   4.8826000e-02
   0.0000000e+00
  -4.3475000e-02
   4.8580000e-02
   0.0000000e+00
  -4.3701000e-02
   4.8333000e-02
   0.0000000e+00
  -4.3926000e-02
   4.8083000e-02
   0.0000000e+00
  -4.4150000e-02
   4.7830000e-02
   0.0000000e+00
  -4.4373000e-02
   4.7575000e-02
   0.0000000e+00
  -4.4594000e-02
   4.7318000e-02
   0.0000000e+00
  -4.4814000e-02
   4.7059000e-02
   0.0000000e+00
  -4.5033000e-02
   4.6797000e-02
   0.0000000e+00
  -4.5251000e-02
   4.6533000e-02
   0.0000000e+00
  -4.5468000e-02
   4.6267000e-02
   0.0000000e+00
  -4.5683000e-02
   4.5998000e-02
   0.0000000e+00
  -4.5897000e-02
   4.5728000e-02
   0.0000000e+00
  -4.6110000e-02
   4.5455000e-02
   0.0000000e+00
  -4.6321000e-02
   4.5179000e-02
   0.0000000e+00
  -4.6532000e-02
   4.4902000e-02
   0.0000000e+00
  -4.6740000e-02
   4.4622000e-02
   0.0000000e+00
  -4.6948000e-02
   4.4340000e-02
   0.0000000e+00
  -4.7154000e-02
   4.4056000e-02
   0.0000000e+00
  -4.7359000e-02
   4.3770000e-02
   0.0000000e+00
  -4.7563000e-02
   4.3482000e-02
   0.0000000e+00
  -4.7765000e-02
   4.3191000e-02
   0.0000000e+00
  -4.7966000e-02
   4.2899000e-02
   0.0000000e+00
  -4.8165000e-02
   4.2604000e-02
   0.0000000e+00
  -4.8364000e-02
   4.2307000e-02
   0.0000000e+00
  -4.8560000e-02
   4.2008000e-02
   0.0000000e+00
  -4.8756000e-02
   4.1707000e-02
   0.0000000e+00
  -4.8950000e-02
   4.1404000e-02
   0.0000000e+00
  -4.9142000e-02
   4.1100000e-02
   0.0000000e+00
  -4.9333000e-02
   4.0793000e-02
   0.0000000e+00
  -4.9523000e-02
   4.0484000e-02
   0.0000000e+00
  -4.9711000e-02
   4.0173000e-02
   0.0000000e+00
  -4.9898000e-02
   3.9860000e-02
   0.0000000e+00
  -5.0083000e-02
   3.9545000e-02
   0.0000000e+00
  -5.0267000e-02
   3.9228000e-02
   0.0000000e+00
  -5.0449000e-02
   3.8909000e-02
   0.0000000e+00
  -5.0630000e-02
   3.8588000e-02
   0.0000000e+00
  -5.0809000e-02
   3.8266000e-02
   0.0000000e+00
  -5.0987000e-02
   3.7941000e-02
   0.0000000e+00
  -5.1163000e-02
   3.7615000e-02
   0.0000000e+00
  -5.1338000e-02
   3.7287000e-02
   0.0000000e+00
  -5.1511000e-02
   3.6957000e-02
   0.0000000e+00
  -5.1683000e-02
   3.6625000e-02
   0.0000000e+00
  -5.1853000e-02
   3.6292000e-02
   0.0000000e+00
  -5.2022000e-02
   3.5956000e-02
   0.0000000e+00
  -5.2189000e-02
   3.5619000e-02
   0.0000000e+00
  -5.2354000e-02
   3.5280000e-02
   0.0000000e+00
  -5.2518000e-02
   3.4940000e-02
   0.0000000e+00
  -5.2680000e-02
   3.4598000e-02
   0.0000000e+00
  -5.2841000e-02
   3.4254000e-02
   0.0000000e+00
  -5.3000000e-02
   3.3908000e-02
   0.0000000e+00
  -5.3157000e-02
   3.3561000e-02
   0.0000000e+00
  -5.3313000e-02
   3.3212000e-02
   0.0000000e+00
  -5.3467000e-02
   3.2861000e-02
   0.0000000e+00
  -5.3620000e-02
   3.2509000e-02
   0.0000000e+00
  -5.3771000e-02
   3.2155000e-02
   0.0000000e+00
  -5.3920000e-02
   3.1800000e-02
   0.0000000e+00
  -5.4068000e-02
   3.1443000e-02
   0.0000000e+00
  -5.4214000e-02
   3.1084000e-02
   0.0000000e+00
  -5.4358000e-02
   3.0724000e-02
   0.0000000e+00
  -5.4500000e-02
   3.0363000e-02
   0.0000000e+00
  -5.4641000e-02
   3.0000000e-02
   0.0000000e+00
  -5.4780000e-02
   2.9635000e-02
   0.0000000e+00
  -5.4918000e-02
   2.9269000e-02
   0.0000000e+00
  -5.5053000e-02
   2.8902000e-02
   0.0000000e+00
  -5.5187000e-02
   2.8533000e-02
   0.0000000e+00
  -5.5320000e-02
   2.8163000e-02
   0.0000000e+00
  -5.5450000e-02
   2.7791000e-02
   0.0000000e+00
  -5.5579000e-02
   2.7419000e-02
   0.0000000e+00
  -5.5706000e-02
   2.7044000e-02
   0.0000000e+00
  -5.5832000e-02
   2.6669000e-02
   0.0000000e+00
  -5.5955000e-02
   2.6292000e-02
   0.0000000e+00
  -5.6077000e-02
   2.5914000e-02
   0.0000000e+00
  -5.6197000e-02
   2.5534000e-02
   0.0000000e+00
  -5.6315000e-02
   2.5154000e-02
   0.0000000e+00
  -5.6432000e-02
   2.4772000e-02
   0.0000000e+00
  -5.6546000e-02
   2.4389000e-02
   0.0000000e+00
  -5.6659000e-02
   2.4004000e-02
   0.0000000e+00
  -5.6771000e-02
   2.3619000e-02
   0.0000000e+00
  -5.6880000e-02
   2.3232000e-02
   0.0000000e+00
  -5.6987000e-02
   2.2844000e-02
   0.0000000e+00
  -5.7093000e-02
   2.2455000e-02
   0.0000000e+00
  -5.7197000e-02
   2.2065000e-02
   0.0000000e+00
  -5.7299000e-02
   2.1674000e-02
   0.0000000e+00
  -5.7399000e-02
   2.1282000e-02
   0.0000000e+00
  -5.7498000e-02
   2.0889000e-02
   0.0000000e+00
  -5.7594000e-02
   2.0495000e-02
   0.0000000e+00
  -5.7689000e-02
   2.0099000e-02
   0.0000000e+00
  -5.7782000e-02
   1.9703000e-02
   0.0000000e+00
  -5.7873000e-02
   1.9306000e-02
   0.0000000e+00
  -5.7962000e-02
   1.8908000e-02
   0.0000000e+00
  -5.8049000e-02
   1.8509000e-02
   0.0000000e+00
  -5.8135000e-02
   1.8109000e-02
   0.0000000e+00
  -5.8218000e-02
   1.7708000e-02
   0.0000000e+00
  -5.8300000e-02
   1.7306000e-02
   0.0000000e+00
  -5.8380000e-02
   1.6904000e-02
   0.0000000e+00
  -5.8458000e-02
   1.6500000e-02
   0.0000000e+00
  -5.8534000e-02
   1.6096000e-02
   0.0000000e+00
  -5.8608000e-02
   1.5691000e-02
   0.0000000e+00
  -5.8680000e-02
   1.5285000e-02
   0.0000000e+00
  -5.8751000e-02
   1.4879000e-02
   0.0000000e+00
  -5.8819000e-02
   1.4471000e-02
   0.0000000e+00
  -5.8886000e-02
   1.4063000e-02
   0.0000000e+00
  -5.8950000e-02
   1.3655000e-02
   0.0000000e+00
  -5.9013000e-02
   1.3246000e-02
   0.0000000e+00
  -5.9074000e-02
   1.2836000e-02
   0.0000000e+00
  -5.9133000e-02
   1.2425000e-02
   0.0000000e+00
  -5.9190000e-02
   1.2014000e-02
   0.0000000e+00
  -5.9245000e-02
   1.1602000e-02
   0.0000000e+00
  -5.9298000e-02
   1.1190000e-02
   0.0000000e+00
  -5.9349000e-02
   1.0777000e-02
   0.0000000e+00
  -5.9399000e-02
   1.0363000e-02
   0.0000000e+00
  -5.9446000e-02
   9.9490000e-03
   0.0000000e+00
  -5.9492000e-02
   9.5350000e-03
   0.0000000e+00
  -5.9535000e-02
   9.1200000e-03
   0.0000000e+00
  -5.9577000e-02
   8.7050000e-03
   0.0000000e+00
  -5.9616000e-02
   8.2890000e-03
   0.0000000e+00
  -5.9654000e-02
   7.8730000e-03
   0.0000000e+00
  -5.9690000e-02
   7.4560000e-03
   0.0000000e+00
  -5.9724000e-02
   7.0390000e-03
   0.0000000e+00
  -5.9756000e-02
   6.6220000e-03
   0.0000000e+00
  -5.9786000e-02
   6.2040000e-03
   0.0000000e+00
  -5.9814000e-02
   5.7870000e-03
   0.0000000e+00
  -5.9840000e-02
   5.3680000e-03
   0.0000000e+00
  -5.9864000e-02
   4.9500000e-03
   0.0000000e+00
  -5.9886000e-02
   4.5310000e-03
   0.0000000e+00
  -5.9906000e-02
   4.1120000e-03
   0.0000000e+00
  -5.9924000e-02
   3.6930000e-03
   0.0000000e+00
  -5.9940000e-02
   3.2740000e-03
   0.0000000e+00
  -5.9955000e-02
   2.8540000e-03
   0.0000000e+00
  -5.9967000e-02
   2.4350000e-03
   0.0000000e+00
  -5.9977000e-02
   2.0150000e-03
   0.0000000e+00
  -5.9986000e-02
   1.5950000e-03
   0.0000000e+00
  -5.9992000e-02
   1.1750000e-03
   0.0000000e+00
  -5.9997000e-02
   7.5600000e-04
   0.0000000e+00
  -5.9999000e-02
   3.3600000e-04
   0.0000000e+00
  -6.0000000e-02
  -8.4000000e-05
   0.0000000e+00
  -5.9999000e-02
  -5.0400000e-04
   0.0000000e+00
  -5.9995000e-02
  -9.2400000e-04
   0.0000000e+00
  -5.9990000e-02
  -1.3440000e-03
   0.0000000e+00
  -5.9983000e-02
  -1.7640000e-03
   0.0000000e+00
  -5.9973000e-02
  -2.1840000e-03
   0.0000000e+00
  -5.9962000e-02
  -2.6040000e-03
   0.0000000e+00
  -5.9949000e-02
  -3.0230000e-03
   0.0000000e+00
  -5.9934000e-02
  -3.4430000e-03
   0.0000000e+00
  -5.9917000e-02
  -3.8620000e-03
   0.0000000e+00
  -5.9898000e-02
  -4.2810000e-03
   0.0000000e+00
  -5.9877000e-02
  -4.7000000e-03
   0.0000000e+00
  -5.9854000e-02
  -5.1180000e-03
   0.0000000e+00
  -5.9829000e-02
  -5.5370000e-03
   0.0000000e+00
  -5.9803000e-02
  -5.9550000e-03
   0.0000000e+00
  -5.9774000e-02
  -6.3720000e-03
   0.0000000e+00
  -5.9743000e-02
  -6.7900000e-03
   0.0000000e+00
  -5.9710000e-02
  -7.2070000e-03
   0.0000000e+00
  -5.9676000e-02
  -7.6240000e-03
   0.0000000e+00
  -5.9639000e-02
  -8.0400000e-03
   0.0000000e+00
  -5.9601000e-02
  -8.4560000e-03
   0.0000000e+00
  -5.9560000e-02
  -8.8720000e-03
   0.0000000e+00
  -5.9518000e-02
  -9.2870000e-03
   0.0000000e+00
  -5.9474000e-02
  -9.7020000e-03
   0.0000000e+00
  -5.9427000e-02
  -1.0116000e-02
   0.0000000e+00
  -5.9379000e-02
  -1.0530000e-02
   0.0000000e+00
  -5.9329000e-02
  -1.0943000e-02
   0.0000000e+00
  -5.9277000e-02
  -1.1356000e-02
   0.0000000e+00
  -5.9223000e-02
  -1.1768000e-02
   0.0000000e+00
  -5.9167000e-02
  -1.2179000e-02
   0.0000000e+00
  -5.9109000e-02
  -1.2590000e-02
   0.0000000e+00
  -5.9050000e-02
  -1.3001000e-02
   0.0000000e+00
  -5.8988000e-02
  -1.3410000e-02
   0.0000000e+00
  -5.8925000e-02
  -1.3819000e-02
   0.0000000e+00
  -5.8859000e-02
  -1.4228000e-02
   0.0000000e+00
  -5.8792000e-02
  -1.4635000e-02
   0.0000000e+00
  -5.8723000e-02
  -1.5042000e-02
   0.0000000e+00
  -5.8651000e-02
  -1.5448000e-02
   0.0000000e+00
  -5.8578000e-02
  -1.5854000e-02
   0.0000000e+00
  -5.8503000e-02
  -1.6259000e-02
   0.0000000e+00
  -5.8427000e-02
  -1.6662000e-02
   0.0000000e+00
  -5.8348000e-02
  -1.7066000e-02
   0.0000000e+00
  -5.8267000e-02
  -1.7468000e-02
   0.0000000e+00
  -5.8185000e-02
  -1.7869000e-02
   0.0000000e+00
  -5.8101000e-02
  -1.8270000e-02
   0.0000000e+00
  -5.8014000e-02
  -1.8669000e-02
   0.0000000e+00
  -5.7926000e-02
  -1.9068000e-02
   0.0000000e+00
  -5.7836000e-02
  -1.9466000e-02
   0.0000000e+00
  -5.7745000e-02
  -1.9863000e-02
   0.0000000e+00
  -5.7651000e-02
  -2.0258000e-02
   0.0000000e+00
  -5.7556000e-02
  -2.0653000e-02
   0.0000000e+00
  -5.7458000e-02
  -2.1047000e-02
   0.0000000e+00
  -5.7359000e-02
  -2.1440000e-02
   0.0000000e+00
  -5.7258000e-02
  -2.1832000e-02
   0.0000000e+00
  -5.7155000e-02
  -2.2222000e-02
   0.0000000e+00
  -5.7051000e-02
  -2.2612000e-02
   0.0000000e+00
  -5.6944000e-02
  -2.3000000e-02
   0.0000000e+00
  -5.6836000e-02
  -2.3388000e-02
   0.0000000e+00
  -5.6726000e-02
  -2.3774000e-02
   0.0000000e+00
  -5.6614000e-02
  -2.4159000e-02
   0.0000000e+00
  -5.6501000e-02
  -2.4543000e-02
   0.0000000e+00
  -5.6385000e-02
  -2.4925000e-02
   0.0000000e+00
  -5.6268000e-02
  -2.5307000e-02
   0.0000000e+00
  -5.6149000e-02
  -2.5687000e-02
   0.0000000e+00
  -5.6028000e-02
  -2.6066000e-02
   0.0000000e+00
  -5.5906000e-02
  -2.6444000e-02
   0.0000000e+00
  -5.5781000e-02
  -2.6820000e-02
   0.0000000e+00
  -5.5655000e-02
  -2.7195000e-02
   0.0000000e+00
  -5.5528000e-02
  -2.7569000e-02
   0.0000000e+00
  -5.5398000e-02
  -2.7941000e-02
   0.0000000e+00
  -5.5267000e-02
  -2.8312000e-02
   0.0000000e+00
  -5.5134000e-02
  -2.8682000e-02
   0.0000000e+00
  -5.4999000e-02
  -2.9050000e-02
   0.0000000e+00
  -5.4863000e-02
  -2.9417000e-02
   0.0000000e+00
  -5.4725000e-02
  -2.9782000e-02
   0.0000000e+00
  -5.4585000e-02
  -3.0146000e-02
   0.0000000e+00
  -5.4443000e-02
  -3.0508000e-02
   0.0000000e+00
  -5.4300000e-02
  -3.0869000e-02
   0.0000000e+00
  -5.4155000e-02
  -3.1229000e-02
   0.0000000e+00
  -5.4009000e-02
  -3.1586000e-02
   0.0000000e+00
  -5.3860000e-02
  -3.1943000e-02
   0.0000000e+00
  -5.3710000e-02
  -3.2297000e-02
   0.0000000e+00
  -5.3559000e-02
  -3.2651000e-02
   0.0000000e+00
  -5.3406000e-02
  -3.3002000e-02
   0.0000000e+00
  -5.3251000e-02
  -3.3352000e-02
   0.0000000e+00
  -5.3094000e-02
  -3.3700000e-02
   0.0000000e+00
  -5.2936000e-02
  -3.4047000e-02
   0.0000000e+00
  -5.2777000e-02
  -3.4392000e-02
   0.0000000e+00
  -5.2615000e-02
  -3.4735000e-02
   0.0000000e+00
  -5.2452000e-02
  -3.5077000e-02
   0.0000000e+00
  -5.2288000e-02
  -3.5417000e-02
   0.0000000e+00
  -5.2122000e-02
  -3.5755000e-02
   0.0000000e+00
  -5.1954000e-02
  -3.6091000e-02
   0.0000000e+00
  -5.1785000e-02
  -3.6426000e-02
   0.0000000e+00
  -5.1614000e-02
  -3.6759000e-02
   0.0000000e+00
  -5.1442000e-02
  -3.7090000e-02
   0.0000000e+00
  -5.1268000e-02
  -3.7419000e-02
   0.0000000e+00
  -5.1093000e-02
  -3.7747000e-02
   0.0000000e+00
  -5.0916000e-02
  -3.8072000e-02
   0.0000000e+00
  -5.0737000e-02
  -3.8396000e-02
   0.0000000e+00
  -5.0557000e-02
  -3.8718000e-02
   0.0000000e+00
  -5.0376000e-02
  -3.9038000e-02
   0.0000000e+00
  -5.0193000e-02
  -3.9355000e-02
   0.0000000e+00
  -5.0009000e-02
  -3.9672000e-02
   0.0000000e+00
  -4.9823000e-02
  -3.9986000e-02
   0.0000000e+00
  -4.9635000e-02
  -4.0298000e-02
   0.0000000e+00
  -4.9447000e-02
  -4.0608000e-02
   0.0000000e+00
  -4.9256000e-02
  -4.0916000e-02
   0.0000000e+00
  -4.9065000e-02
  -4.1222000e-02
   0.0000000e+00
  -4.8872000e-02
  -4.1527000e-02
   0.0000000e+00
  -4.8677000e-02
  -4.1829000e-02
   0.0000000e+00
  -4.8481000e-02
  -4.2129000e-02
   0.0000000e+00
  -4.8284000e-02
  -4.2427000e-02
   0.0000000e+00
  -4.8085000e-02
  -4.2723000e-02
   0.0000000e+00
  -4.7885000e-02
  -4.3017000e-02
   0.0000000e+00
  -4.7684000e-02
  -4.3308000e-02
   0.0000000e+00
  -4.7481000e-02
  -4.3598000e-02
   0.0000000e+00
  -4.7277000e-02
  -4.3885000e-02
   0.0000000e+00
  -4.7071000e-02
  -4.4171000e-02
   0.0000000e+00
  -4.6865000e-02
  -4.4454000e-02
   0.0000000e+00
  -4.6657000e-02
  -4.4735000e-02
   0.0000000e+00
  -4.6447000e-02
  -4.5014000e-02
   0.0000000e+00
  -4.6236000e-02
  -4.5290000e-02
   0.0000000e+00
  -4.6024000e-02
  -4.5565000e-02
   0.0000000e+00
  -4.5811000e-02
  -4.5837000e-02
   0.0000000e+00
  -4.5597000e-02
  -4.6107000e-02
   0.0000000e+00
  -4.5381000e-02
  -4.6374000e-02
   0.0000000e+00
  -4.5164000e-02
  -4.6640000e-02
   0.0000000e+00
  -4.4946000e-02
  -4.6903000e-02
   0.0000000e+00
  -4.4726000e-02
  -4.7164000e-02
   0.0000000e+00
  -4.4505000e-02
  -4.7422000e-02
   0.0000000e+00
  -4.4283000e-02
  -4.7678000e-02
   0.0000000e+00
  -4.4060000e-02
  -4.7932000e-02
   0.0000000e+00
  -4.3836000e-02
  -4.8183000e-02
   0.0000000e+00
  -4.3611000e-02
  -4.8433000e-02
   0.0000000e+00
  -4.3384000e-02
  -4.8679000e-02
   0.0000000e+00
  -4.3156000e-02
  -4.8924000e-02
   0.0000000e+00
  -4.2927000e-02
  -4.9166000e-02
   0.0000000e+00
  -4.2697000e-02
  -4.9405000e-02
   0.0000000e+00
  -4.2466000e-02
  -4.9642000e-02
   0.0000000e+00
  -4.2234000e-02
  -4.9877000e-02
   0.0000000e+00
  -4.2001000e-02
  -5.0109000e-02
   0.0000000e+00
  -4.1766000e-02
  -5.0339000e-02
   0.0000000e+00
  -4.1531000e-02
  -5.0566000e-02
   0.0000000e+00
  -4.1295000e-02
  -5.0791000e-02
   0.0000000e+00
  -4.1057000e-02
  -5.1013000e-02
   0.0000000e+00
  -4.0818000e-02
  -5.1233000e-02
   0.0000000e+00
  -4.0579000e-02
  -5.1451000e-02
   0.0000000e+00
  -4.0338000e-02
  -5.1665000e-02
   0.0000000e+00
  -4.0097000e-02
  -5.1878000e-02
   0.0000000e+00
  -3.9854000e-02
  -5.2087000e-02
   0.0000000e+00
  -3.9610000e-02
  -5.2295000e-02
   0.0000000e+00
  -3.9366000e-02
  -5.2499000e-02
   0.0000000e+00
  -3.9120000e-02
  -5.2701000e-02
   0.0000000e+00
  -3.8874000e-02
  -5.2901000e-02
   0.0000000e+00
  -3.8627000e-02
  -5.3098000e-02
   0.0000000e+00
  -3.8378000e-02
  -5.3292000e-02
   0.0000000e+00
  -3.8129000e-02
  -5.3484000e-02
   0.0000000e+00
  -3.7879000e-02
  -5.3673000e-02
   0.0000000e+00
  -3.7628000e-02
  -5.3859000e-02
   0.0000000e+00
  -3.7377000e-02
  -5.4043000e-02
   0.0000000e+00
  -3.7124000e-02
  -5.4224000e-02
   0.0000000e+00
  -3.6871000e-02
  -5.4402000e-02
   0.0000000e+00
  -3.6616000e-02
  -5.4578000e-02
   0.0000000e+00
  -3.6361000e-02
  -5.4751000e-02
   0.0000000e+00
  -3.6105000e-02
  -5.4922000e-02
   0.0000000e+00
  -3.5849000e-02
  -5.5090000e-02
   0.0000000e+00
  -3.5591000e-02
  -5.5255000e-02
   0.0000000e+00
  -3.5333000e-02
  -5.5417000e-02
   0.0000000e+00
  -3.5074000e-02
  -5.5577000e-02
   0.0000000e+00
  -3.4814000e-02
  -5.5733000e-02
   0.0000000e+00
  -3.4554000e-02
  -5.5888000e-02
   0.0000000e+00
  -3.4293000e-02
  -5.6039000e-02
   0.0000000e+00
  -3.4031000e-02
  -5.6188000e-02
   0.0000000e+00
  -3.3768000e-02
  -5.6334000e-02
   0.0000000e+00
  -3.3505000e-02
  -5.6477000e-02
   0.0000000e+00
  -3.3241000e-02
  -5.6617000e-02
   0.0000000e+00
  -3.2976000e-02
  -5.6755000e-02
   0.0000000e+00
  -3.2711000e-02
  -5.6890000e-02
   0.0000000e+00
  -3.2445000e-02
  -5.7022000e-02
   0.0000000e+00
  -3.2179000e-02
  -5.7151000e-02
   0.0000000e+00
  -3.1912000e-02
  -5.7278000e-02
   0.0000000e+00
  -3.1644000e-02
  -5.7401000e-02
   0.0000000e+00
  -3.1376000e-02
  -5.7522000e-02
   0.0000000e+00
  -3.1108000e-02
  -5.7640000e-02
   0.0000000e+00
  -3.0838000e-02
  -5.7755000e-02
   0.0000000e+00
  -3.0569000e-02
  -5.7868000e-02
   0.0000000e+00
  -3.0298000e-02
  -5.7977000e-02
   0.0000000e+00
  -3.0027000e-02
  -5.8084000e-02
   0.0000000e+00
  -2.9756000e-02
  -5.8188000e-02
   0.0000000e+00
  -2.9484000e-02
  -5.8289000e-02
   0.0000000e+00
  -2.9212000e-02
  -5.8387000e-02
   0.0000000e+00
  -2.8939000e-02
  -5.8482000e-02
   0.0000000e+00
  -2.8666000e-02
  -5.8575000e-02
   0.0000000e+00
  -2.8393000e-02
  -5.8664000e-02
   0.0000000e+00
  -2.8119000e-02
  -5.8751000e-02
   0.0000000e+00
  -2.7844000e-02
  -5.8835000e-02
   0.0000000e+00
  -2.7570000e-02
  -5.8916000e-02
   0.0000000e+00
  -2.7295000e-02
  -5.8994000e-02
   0.0000000e+00
  -2.7019000e-02
  -5.9069000e-02
   0.0000000e+00
  -2.6743000e-02
  -5.9141000e-02
   0.0000000e+00
  -2.6467000e-02
  -5.9211000e-02
   0.0000000e+00
  -2.6191000e-02
  -5.9277000e-02
   0.0000000e+00
  -2.5914000e-02
  -5.9341000e-02
   0.0000000e+00
  -2.5637000e-02
  -5.9401000e-02
   0.0000000e+00
  -2.5359000e-02
  -5.9459000e-02
   0.0000000e+00
  -2.5082000e-02
  -5.9514000e-02
   0.0000000e+00
  -2.4804000e-02
  -5.9566000e-02
   0.0000000e+00
  -2.4526000e-02
  -5.9615000e-02
   0.0000000e+00
  -2.4248000e-02
  -5.9661000e-02
   0.0000000e+00
  -2.3969000e-02
  -5.9704000e-02
   0.0000000e+00
  -2.3690000e-02
  -5.9744000e-02
   0.0000000e+00
  -2.3411000e-02
  -5.9781000e-02
   0.0000000e+00
  -2.3132000e-02
  -5.9816000e-02
   0.0000000e+00
  -2.2853000e-02
  -5.9847000e-02
   0.0000000e+00
  -2.2574000e-02
  -5.9876000e-02
   0.0000000e+00
  -2.2294000e-02
  -5.9901000e-02
   0.0000000e+00
  -2.2015000e-02
  -5.9924000e-02
   0.0000000e+00
  -2.1735000e-02
  -5.9944000e-02
   0.0000000e+00
  -2.1455000e-02
  -5.9960000e-02
   0.0000000e+00
  -2.1175000e-02
  -5.9974000e-02
   0.0000000e+00
  -2.0895000e-02
  -5.9985000e-02
   0.0000000e+00
  -2.0616000e-02
  -5.9993000e-02
   0.0000000e+00
  -2.0336000e-02
  -5.9998000e-02
   0.0000000e+00
  -2.0056000e-02
  -6.0000000e-02
   0.0000000e+00
  -1.9776000e-02
  -5.9999000e-02
   0.0000000e+00
  -1.9496000e-02
  -5.9995000e-02
   0.0000000e+00
  -1.9216000e-02
  -5.9988000e-02
   0.0000000e+00
  -1.8936000e-02
  -5.9979000e-02
   0.0000000e+00
  -1.8656000e-02
  -5.9966000e-02
   0.0000000e+00
  -1.8376000e-02
  -5.9951000e-02
   0.0000000e+00
  -1.8096000e-02
  -5.9932000e-02
   0.0000000e+00
  -1.7817000e-02
  -5.9911000e-02
   0.0000000e+00
  -1.7537000e-02
  -5.9886000e-02
   0.0000000e+00
  -1.7258000e-02
  -5.9859000e-02
   0.0000000e+00
  -1.6978000e-02
  -5.9829000e-02
   0.0000000e+00
  -1.6699000e-02
  -5.9795000e-02
   0.0000000e+00
  -1.6420000e-02
  -5.9759000e-02
   0.0000000e+00
  -1.6142000e-02
  -5.9720000e-02
   0.0000000e+00
  -1.5863000e-02
  -5.9678000e-02
   0.0000000e+00
  -1.5585000e-02
  -5.9633000e-02
   0.0000000e+00
  -1.5306000e-02
  -5.9586000e-02
   0.0000000e+00
  -1.5028000e-02
  -5.9535000e-02
   0.0000000e+00
  -1.4751000e-02
  -5.9481000e-02
   0.0000000e+00
  -1.4473000e-02
  -5.9425000e-02
   0.0000000e+00
  -1.4196000e-02
  -5.9365000e-02
   0.0000000e+00
  -1.3919000e-02
  -5.9303000e-02
   0.0000000e+00
  -1.3643000e-02
  -5.9237000e-02
   0.0000000e+00
  -1.3366000e-02
  -5.9169000e-02
   0.0000000e+00
  -1.3090000e-02
  -5.9098000e-02
   0.0000000e+00
  -1.2815000e-02
  -5.9024000e-02
   0.0000000e+00
  -1.2540000e-02
  -5.8947000e-02
   0.0000000e+00
  -1.2265000e-02
  -5.8867000e-02
   0.0000000e+00
  -1.1990000e-02
  -5.8785000e-02
   0.0000000e+00
  -1.1716000e-02
  -5.8699000e-02
   0.0000000e+00
  -1.1442000e-02
  -5.8611000e-02
   0.0000000e+00
  -1.1169000e-02
  -5.8519000e-02
   0.0000000e+00
  -1.0896000e-02
  -5.8425000e-02
   0.0000000e+00
  -1.0624000e-02
  -5.8328000e-02
   0.0000000e+00
  -1.0352000e-02
  -5.8228000e-02
   0.0000000e+00
  -1.0080000e-02
  -5.8126000e-02
   0.0000000e+00
  -9.8090000e-03
  -5.8020000e-02
   0.0000000e+00
  -9.5390000e-03
  -5.7912000e-02
   0.0000000e+00
  -9.2690000e-03
  -5.7800000e-02
   0.0000000e+00
  -8.9990000e-03
  -5.7686000e-02
   0.0000000e+00
  -8.7300000e-03
  -5.7569000e-02
   0.0000000e+00
  -8.4620000e-03
  -5.7450000e-02
   0.0000000e+00
  -8.1940000e-03
  -5.7327000e-02
   0.0000000e+00
  -7.9270000e-03
  -5.7202000e-02
   0.0000000e+00
  -7.6600000e-03
  -5.7074000e-02
   0.0000000e+00
  -7.3940000e-03
  -5.6943000e-02
   0.0000000e+00
  -7.1290000e-03
  -5.6809000e-02
   0.0000000e+00
  -6.8640000e-03
  -5.6672000e-02
   0.0000000e+00
  -6.6000000e-03
  -5.6533000e-02
   0.0000000e+00
  -6.3360000e-03
  -5.6391000e-02
   0.0000000e+00
  -6.0730000e-03
  -5.6246000e-02
   0.0000000e+00
  -5.8110000e-03
  -5.6098000e-02
   0.0000000e+00
  -5.5500000e-03
  -5.5948000e-02
   0.0000000e+00
  -5.2890000e-03
  -5.5795000e-02
   0.0000000e+00
  -5.0290000e-03
  -5.5639000e-02
   0.0000000e+00
  -4.7700000e-03
  -5.5481000e-02
   0.0000000e+00
  -4.5110000e-03
  -5.5319000e-02
   0.0000000e+00
  -4.2540000e-03
  -5.5155000e-02
   0.0000000e+00
  -3.9970000e-03
  -5.4989000e-02
   0.0000000e+00
  -3.7400000e-03
  -5.4819000e-02
   0.0000000e+00
  -3.4850000e-03
  -5.4647000e-02
   0.0000000e+00
  -3.2300000e-03
  -5.4472000e-02
   0.0000000e+00
  -2.9760000e-03
  -5.4295000e-02
   0.0000000e+00
  -2.7240000e-03
  -5.4115000e-02
   0.0000000e+00
  -2.4710000e-03
  -5.3932000e-02
   0.0000000e+00
  -2.2200000e-03
  -5.3747000e-02
   0.0000000e+00
  -1.9700000e-03
  -5.3559000e-02
   0.0000000e+00
  -1.7200000e-03
  -5.3368000e-02
   0.0000000e+00
  -1.4720000e-03
  -5.3175000e-02
   0.0000000e+00
  -1.2240000e-03
  -5.2979000e-02
   0.0000000e+00
  -9.7700000e-04
  -5.2781000e-02
   0.0000000e+00
  -7.3100000e-04
  -5.2580000e-02
   0.0000000e+00
  -4.8600000e-04
  -5.2376000e-02
   0.0000000e+00
  -2.4300000e-04
  -5.2170000e-02
   0.0000000e+00
   0.0000000e+00
  -5.1961000e-02
   0.0000000e+00
   2.4200000e-04
  -5.1750000e-02
   0.0000000e+00
   4.8300000e-04
  -5.1536000e-02
   0.0000000e+00
   7.2300000e-04
  -5.1320000e-02
   0.0000000e+00
   9.6200000e-04
  -5.1101000e-02
   0.0000000e+00
   1.2000000e-03
  -5.0880000e-02
   0.0000000e+00
   1.4370000e-03
  -5.0656000e-02
   0.0000000e+00
   1.6730000e-03
  -5.0429000e-02
   0.0000000e+00
   1.9080000e-03
  -5.0201000e-02
   0.0000000e+00
   2.1420000e-03
  -4.9969000e-02
   0.0000000e+00
   2.3740000e-03
  -4.9736000e-02
   0.0000000e+00
   2.6060000e-03
  -4.9499000e-02
   0.0000000e+00
   2.8360000e-03
  -4.9261000e-02
   0.0000000e+00
   3.0660000e-03
  -4.9020000e-02
   0.0000000e+00
   3.2940000e-03
  -4.8776000e-02
   0.0000000e+00
   3.5210000e-03
  -4.8531000e-02
   0.0000000e+00
   3.7470000e-03
  -4.8283000e-02
   0.0000000e+00
   3.9720000e-03
  -4.8032000e-02
   0.0000000e+00
   4.1950000e-03
  -4.7779000e-02
   0.0000000e+00
   4.4170000e-03
  -4.7524000e-02
   0.0000000e+00
   4.6390000e-03
  -4.7266000e-02
   0.0000000e+00
   4.8590000e-03
  -4.7007000e-02
   0.0000000e+00
   5.0770000e-03
  -4.6744000e-02
   0.0000000e+00
   5.2950000e-03
  -4.6480000e-02
   0.0000000e+00
   5.5110000e-03
  -4.6213000e-02
   0.0000000e+00
   5.7260000e-03
  -4.5944000e-02
   0.0000000e+00
   5.9400000e-03
  -4.5673000e-02
   0.0000000e+00
   6.1520000e-03
  -4.5399000e-02
   0.0000000e+00
   6.3640000e-03
  -4.5124000e-02
   0.0000000e+00
   6.5740000e-03
  -4.4846000e-02
   0.0000000e+00
   6.7820000e-03
  -4.4566000e-02
   0.0000000e+00
   6.9900000e-03
  -4.4283000e-02
   0.0000000e+00
   7.1960000e-03
  -4.3999000e-02
   0.0000000e+00
   7.4000000e-03
  -4.3712000e-02
   0.0000000e+00
   7.6040000e-03
  -4.3424000e-02
   0.0000000e+00
   7.8050000e-03
  -4.3133000e-02
   0.0000000e+00
   8.0060000e-03
  -4.2840000e-02
   0.0000000e+00
   8.2050000e-03
  -4.2544000e-02
   0.0000000e+00
   8.4030000e-03
  -4.2247000e-02
   0.0000000e+00
   8.6000000e-03
  -4.1948000e-02
   0.0000000e+00
   8.7950000e-03
  -4.1647000e-02
   0.0000000e+00
   8.9880000e-03
  -4.1343000e-02
   0.0000000e+00
   9.1810000e-03
  -4.1038000e-02
   0.0000000e+00
   9.3710000e-03
  -4.0731000e-02
   0.0000000e+00
   9.5610000e-03
  -4.0421000e-02
   0.0000000e+00
   9.7490000e-03
  -4.0110000e-02
   0.0000000e+00
   9.9350000e-03
  -3.9796000e-02
   0.0000000e+00
   1.0120000e-02
  -3.9481000e-02
   0.0000000e+00
   1.0304000e-02
  -3.9164000e-02
   0.0000000e+00
   1.0486000e-02
  -3.8845000e-02
   0.0000000e+00
   1.0666000e-02
  -3.8524000e-02
   0.0000000e+00
   1.0845000e-02
  -3.8201000e-02
   0.0000000e+00
   1.1023000e-02
  -3.7876000e-02
   0.0000000e+00
   1.1199000e-02
  -3.7549000e-02
   0.0000000e+00
   1.1373000e-02
  -3.7221000e-02
   0.0000000e+00
   1.1546000e-02
  -3.6891000e-02
   0.0000000e+00
   1.1717000e-02
  -3.6558000e-02
   0.0000000e+00
   1.1887000e-02
  -3.6224000e-02
   0.0000000e+00
   1.2055000e-02
  -3.5889000e-02
   0.0000000e+00
   1.2222000e-02
  -3.5551000e-02
   0.0000000e+00
   1.2387000e-02
  -3.5212000e-02
   0.0000000e+00
   1.2551000e-02
  -3.4871000e-02
   0.0000000e+00
   1.2713000e-02
  -3.4529000e-02
   0.0000000e+00
   1.2873000e-02
  -3.4184000e-02
   0.0000000e+00
   1.3032000e-02
  -3.3838000e-02
   0.0000000e+00
   1.3189000e-02
  -3.3491000e-02
   0.0000000e+00
   1.3344000e-02
  -3.3141000e-02
   0.0000000e+00
   1.3498000e-02
  -3.2790000e-02
   0.0000000e+00
   1.3650000e-02
  -3.2438000e-02
   0.0000000e+00
   1.3801000e-02
  -3.2084000e-02
   0.0000000e+00
   1.3950000e-02
  -3.1728000e-02
   0.0000000e+00
   1.4097000e-02
  -3.1371000e-02
   0.0000000e+00
   1.4243000e-02
  -3.1012000e-02
   0.0000000e+00
   1.4387000e-02
  -3.0652000e-02
   0.0000000e+00
   1.4529000e-02
  -3.0290000e-02
   0.0000000e+00
   1.4669000e-02
  -2.9927000e-02
   0.0000000e+00
   1.4808000e-02
  -2.9562000e-02
   0.0000000e+00
   1.4945000e-02
  -2.9196000e-02
   0.0000000e+00
   1.5081000e-02
  -2.8828000e-02
   0.0000000e+00
   1.5214000e-02
  -2.8459000e-02
   0.0000000e+00
   1.5346000e-02
  -2.8088000e-02
   0.0000000e+00
   1.5476000e-02
  -2.7717000e-02
   0.0000000e+00
   1.5605000e-02
  -2.7343000e-02
   0.0000000e+00
   1.5732000e-02
  -2.6969000e-02
   0.0000000e+00
   1.5857000e-02
  -2.6593000e-02
   0.0000000e+00
   1.5980000e-02
  -2.6216000e-02
   0.0000000e+00
   1.6101000e-02
  -2.5838000e-02
   0.0000000e+00
   1.6221000e-02
  -2.5458000e-02
   0.0000000e+00
   1.6339000e-02
  -2.5077000e-02
   0.0000000e+00
   1.6455000e-02
  -2.4695000e-02
   0.0000000e+00
   1.6569000e-02
  -2.4311000e-02
   0.0000000e+00
   1.6682000e-02
  -2.3927000e-02
   0.0000000e+00
   1.6793000e-02
  -2.3541000e-02
   0.0000000e+00
   1.6902000e-02
  -2.3154000e-02
   0.0000000e+00
   1.7009000e-02
  -2.2766000e-02
   0.0000000e+00
   1.7114000e-02
  -2.2377000e-02
   0.0000000e+00
   1.7218000e-02
  -2.1987000e-02
   0.0000000e+00
   1.7319000e-02
  -2.1595000e-02
   0.0000000e+00
   1.7419000e-02
  -2.1203000e-02
   0.0000000e+00
   1.7517000e-02
  -2.0810000e-02
   0.0000000e+00
   1.7613000e-02
  -2.0415000e-02
   0.0000000e+00
   1.7708000e-02
  -2.0020000e-02
   0.0000000e+00
   1.7800000e-02
  -1.9623000e-02
   0.0000000e+00
   1.7891000e-02
  -1.9226000e-02
   0.0000000e+00
   1.7980000e-02
  -1.8828000e-02
   0.0000000e+00
   1.8067000e-02
  -1.8428000e-02
   0.0000000e+00
   1.8152000e-02
  -1.8028000e-02
   0.0000000e+00
   1.8235000e-02
  -1.7627000e-02
   0.0000000e+00
   1.8316000e-02
  -1.7225000e-02
   0.0000000e+00
   1.8396000e-02
  -1.6823000e-02
   0.0000000e+00
   1.8473000e-02
  -1.6419000e-02
   0.0000000e+00
   1.8549000e-02
  -1.6015000e-02
   0.0000000e+00
   1.8623000e-02
  -1.5609000e-02
   0.0000000e+00
   1.8695000e-02
  -1.5204000e-02
   0.0000000e+00
   1.8765000e-02
  -1.4797000e-02
   0.0000000e+00
   1.8833000e-02
  -1.4389000e-02
   0.0000000e+00
   1.8899000e-02
  -1.3981000e-02
   0.0000000e+00
   1.8963000e-02
  -1.3573000e-02
   0.0000000e+00
   1.9026000e-02
  -1.3163000e-02
   0.0000000e+00
   1.9086000e-02
  -1.2753000e-02
   0.0000000e+00
   1.9145000e-02
  -1.2342000e-02
   0.0000000e+00
   1.9201000e-02
  -1.1931000e-02
   0.0000000e+00
   1.9256000e-02
  -1.1519000e-02
   0.0000000e+00
   1.9309000e-02
  -1.1107000e-02
   0.0000000e+00
   1.9360000e-02
  -1.0694000e-02
   0.0000000e+00
   1.9409000e-02
  -1.0280000e-02
   0.0000000e+00
   1.9456000e-02
  -9.8660000e-03
   0.0000000e+00
   1.9501000e-02
  -9.4520000e-03
   0.0000000e+00
   1.9544000e-02
  -9.0370000e-03
   0.0000000e+00
   1.9585000e-02
  -8.6210000e-03
   0.0000000e+00
   1.9624000e-02
  -8.2050000e-03
   0.0000000e+00
   1.9662000e-02
  -7.7890000e-03
   0.0000000e+00
   1.9697000e-02
  -7.3720000e-03
   0.0000000e+00
   1.9730000e-02
  -6.9550000e-03
   0.0000000e+00
   1.9762000e-02
  -6.5380000e-03
   0.0000000e+00
   1.9791000e-02
  -6.1200000e-03
   0.0000000e+00
   1.9819000e-02
  -5.7020000e-03
   0.0000000e+00
   1.9845000e-02
  -5.2840000e-03
   0.0000000e+00
   1.9868000e-02
  -4.8660000e-03
   0.0000000e+00
   1.9890000e-02
  -4.4470000e-03
   0.0000000e+00
   1.9910000e-02
  -4.0280000e-03
   0.0000000e+00
   1.9928000e-02
  -3.6090000e-03
   0.0000000e+00
   1.9943000e-02
  -3.1900000e-03
   0.0000000e+00
   1.9957000e-02
  -2.7700000e-03
   0.0000000e+00
   1.9969000e-02
  -2.3510000e-03
   0.0000000e+00
   1.9979000e-02
  -1.9310000e-03
   0.0000000e+00
   1.9987000e-02
  -1.5110000e-03
   0.0000000e+00
   1.9993000e-02
  -1.0910000e-03
   0.0000000e+00
   1.9997000e-02
  -6.7100000e-04
   0.0000000e+00
   2.0000000e-02
  -2.5100000e-04
   0.0000000e+00
   2.0000000e-02
   0.0000000e+00
   0.0000000e+00
