   0.0000000e+00
   0.0000000e+00
   0.0000000e+00
   0.0000000e+00
   0.0000000e+00
   1.0000000e-03
   0.0000000e+00
   0.0000000e+00
   2.0000000e-03
   0.0000000e+00
   0.0000000e+00
   3.0000000e-03
   0.0000000e+00
   0.0000000e+00
   4.0000000e-03
   0.0000000e+00
   0.0000000e+00
   5.0000000e-03
   0.0000000e+00
   0.0000000e+00
   6.0000000e-03
   0.0000000e+00
   0.0000000e+00
   7.0000000e-03
   0.0000000e+00
   0.0000000e+00
   8.0000000e-03
   0.0000000e+00
   0.0000000e+00
   9.0000000e-03
   0.0000000e+00
   0.0000000e+00
   1.0000000e-02
   0.0000000e+00
   0.0000000e+00
   1.1000000e-02
   0.0000000e+00
   0.0000000e+00
   1.2000000e-02
   0.0000000e+00
   0.0000000e+00
   1.3000000e-02
   0.0000000e+00
   0.0000000e+00
   1.4000000e-02
   0.0000000e+00
   0.0000000e+00
   1.5000000e-02
   0.0000000e+00
   0.0000000e+00
   1.6000000e-02
   0.0000000e+00
   0.0000000e+00
   1.7000000e-02
   0.0000000e+00
   0.0000000e+00
   1.8000000e-02
   0.0000000e+00
   0.0000000e+00
   1.9000000e-02
   0.0000000e+00
   0.0000000e+00
   2.0000000e-02
   0.0000000e+00
   0.0000000e+00
   2.0000000e-02
   4.2000000e-04
   0.0000000e+00
   2.0000000e-02
   8.4000000e-04
   0.0000000e+00
   1.9998000e-02
   1.2600000e-03
   0.0000000e+00
   1.9996000e-02
   1.6800000e-03
   0.0000000e+00
   1.9992000e-02
   2.1000000e-03
   0.0000000e+00
   1.9988000e-02
   2.5190000e-03
   0.0000000e+00
   1.9982000e-02
   2.9390000e-03
   0.0000000e+00
   1.9976000e-02
   3.3580000e-03
   0.0000000e+00
   1.9969000e-02
   3.7780000e-03
   0.0000000e+00
   1.9960000e-02
   4.1970000e-03
   0.0000000e+00
   1.9951000e-02
   4.6150000e-03
   0.0000000e+00
   1.9941000e-02
   5.0340000e-03
   0.0000000e+00
   1.9929000e-02
   5.4520000e-03
   0.0000000e+00
   1.9917000e-02
   5.8710000e-03
   0.0000000e+00
   1.9904000e-02
   6.2880000e-03
   0.0000000e+00
   1.9890000e-02
   6.7060000e-03
   0.0000000e+00
   1.9875000e-02
   7.1230000e-03
   0.0000000e+00
   1.9859000e-02
   7.5400000e-03
   0.0000000e+00
   1.9841000e-02
   7.9560000e-03
   0.0000000e+00
   1.9823000e-02
   8.3730000e-03
   0.0000000e+00
   1.9804000e-02
   8.7880000e-03
   0.0000000e+00
   1.9784000e-02
   9.2040000e-03
   0.0000000e+00
   1.9763000e-02
   9.6180000e-03
   0.0000000e+00
   1.9741000e-02
   1.0033000e-02
   0.0000000e+00
   1.9718000e-02
   1.0446000e-02
   0.0000000e+00
   1.9695000e-02
   1.0860000e-02
   0.0000000e+00
   1.9670000e-02
   1.1273000e-02
   0.0000000e+00
   1.9644000e-02
   1.1685000e-02
   0.0000000e+00
   1.9617000e-02
   1.2097000e-02
   0.0000000e+00
   1.9589000e-02
   1.2508000e-02
   0.0000000e+00
   1.9561000e-02
   1.2918000e-02
   0.0000000e+00
   1.9531000e-02
   1.3328000e-02
   0.0000000e+00
   1.9500000e-02
   1.3737000e-02
   0.0000000e+00
   1.9469000e-02
   1.4146000e-02
   0.0000000e+00
   1.9436000e-02
   1.4553000e-02
   0.0000000e+00
   1.9403000e-02
   1.4960000e-02
   0.0000000e+00
   1.9368000e-02
   1.5367000e-02
   0.0000000e+00
   1.9333000e-02
   1.5772000e-02
   0.0000000e+00
   1.9297000e-02
   1.6177000e-02
   0.0000000e+00
   1.9259000e-02
   1.6581000e-02
   0.0000000e+00
   1.9221000e-02
   1.6985000e-02
   0.0000000e+00
   1.9182000e-02
   1.7387000e-02
   0.0000000e+00
   1.9142000e-02
   1.7789000e-02
   0.0000000e+00
   1.9101000e-02
   1.8189000e-02
   0.0000000e+00
   1.9059000e-02
   1.8589000e-02
   0.0000000e+00
   1.9016000e-02
   1.8988000e-02
   0.0000000e+00
   1.8972000e-02
   1.9386000e-02
   0.0000000e+00
   1.8927000e-02
   1.9783000e-02
   0.0000000e+00
   1.8882000e-02
   2.0179000e-02
   0.0000000e+00
   1.8835000e-02
   2.0574000e-02
   0.0000000e+00
   1.8787000e-02
   2.0968000e-02
   0.0000000e+00
   1.8739000e-02
   2.1361000e-02
   0.0000000e+00
   1.8690000e-02
   2.1753000e-02
   0.0000000e+00
   1.8639000e-02
   2.2144000e-02
   0.0000000e+00
   1.8588000e-02
   2.2534000e-02
   0.0000000e+00
   1.8536000e-02
   2.2922000e-02
   0.0000000e+00
   1.8483000e-02
   2.3310000e-02
   0.0000000e+00
   1.8429000e-02
   2.3696000e-02
   0.0000000e+00
   1.8374000e-02
   2.4082000e-02
   0.0000000e+00
   1.8318000e-02
   2.4466000e-02
   0.0000000e+00
   1.8262000e-02
   2.4849000e-02
   0.0000000e+00
   1.8204000e-02
   2.5230000e-02
   0.0000000e+00
   1.8146000e-02
   2.5611000e-02
   0.0000000e+00
   1.8087000e-02
   2.5990000e-02
   0.0000000e+00
   1.8026000e-02
   2.6368000e-02
   0.0000000e+00
   1.7965000e-02
   2.6744000e-02
   0.0000000e+00
   1.7903000e-02
   2.7120000e-02
   0.0000000e+00
   1.7840000e-02
   2.7494000e-02
   0.0000000e+00
   1.7777000e-02
   2.7866000e-02
   0.0000000e+00
   1.7712000e-02
   2.8238000e-02
   0.0000000e+00
   1.7647000e-02
   2.8607000e-02
   0.0000000e+00
   1.7580000e-02
   2.8976000e-02
   0.0000000e+00
   1.7513000e-02
   2.9343000e-02
   0.0000000e+00
   1.7445000e-02
   2.9709000e-02
   0.0000000e+00
   1.7376000e-02
   3.0073000e-02
   0.0000000e+00
   1.7306000e-02
   3.0435000e-02
   0.0000000e+00
   1.7236000e-02
   3.0797000e-02
   0.0000000e+00
   1.7164000e-02
   3.1156000e-02
   0.0000000e+00
   1.7092000e-02
   3.1515000e-02
   0.0000000e+00
   1.7019000e-02
   3.1871000e-02
   0.0000000e+00
   1.6945000e-02
   3.2226000e-02
   0.0000000e+00
   1.6870000e-02
   3.2580000e-02
   0.0000000e+00
   1.6795000e-02
   3.2932000e-02
   0.0000000e+00
   1.6718000e-02
   3.3282000e-02
   0.0000000e+00
   1.6641000e-02
   3.3631000e-02
   0.0000000e+00
   1.6563000e-02
   3.3978000e-02
   0.0000000e+00
   1.6484000e-02
   3.4323000e-02
   0.0000000e+00
   1.6404000e-02
   3.4667000e-02
   0.0000000e+00
   1.6324000e-02
   3.5008000e-02
   0.0000000e+00
   1.6243000e-02
   3.5349000e-02
   0.0000000e+00
   1.6161000e-02
   3.5687000e-02
   0.0000000e+00
   1.6078000e-02
   3.6024000e-02
   0.0000000e+00
   1.5994000e-02
   3.6359000e-02
   0.0000000e+00
   1.5910000e-02
   3.6692000e-02
   0.0000000e+00
   1.5824000e-02
   3.7024000e-02
   0.0000000e+00
   1.5738000e-02
   3.7353000e-02
   0.0000000e+00
   1.5652000e-02
   3.7681000e-02
   0.0000000e+00
   1.5564000e-02
   3.8007000e-02
   0.0000000e+00
   1.5476000e-02
   3.8331000e-02
   0.0000000e+00
   1.5387000e-02
   3.8653000e-02
   0.0000000e+00
   1.5297000e-02
   3.8973000e-02
   0.0000000e+00
   1.5206000e-02
   3.9292000e-02
   0.0000000e+00
   1.5115000e-02
   3.9608000e-02
   0.0000000e+00
   1.5023000e-02
   3.9923000e-02
   0.0000000e+00
   1.4930000e-02
   4.0235000e-02
   0.0000000e+00
   1.4837000e-02
   4.0546000e-02
   0.0000000e+00
   1.4742000e-02
   4.0854000e-02
   0.0000000e+00
   1.4647000e-02
   4.1161000e-02
   0.0000000e+00
   1.4552000e-02
   4.1466000e-02
   0.0000000e+00
   1.4455000e-02
   4.1768000e-02
   0.0000000e+00
   1.4358000e-02
   4.2069000e-02
   0.0000000e+00
   1.4260000e-02
   4.2367000e-02
   0.0000000e+00
   1.4162000e-02
   4.2663000e-02
   0.0000000e+00
   1.4063000e-02
   4.2958000e-02
   0.0000000e+00
   1.3963000e-02
   4.3250000e-02
   0.0000000e+00
   1.3862000e-02
   4.3540000e-02
   0.0000000e+00
   1.3761000e-02
   4.3828000e-02
   0.0000000e+00
   1.3659000e-02
   4.4114000e-02
   0.0000000e+00
   1.3556000e-02
   4.4397000e-02
   0.0000000e+00
   1.3453000e-02
   4.4679000e-02
   0.0000000e+00
   1.3349000e-02
   4.4958000e-02
   0.0000000e+00
   1.3245000e-02
   4.5235000e-02
   0.0000000e+00
   1.3139000e-02
   4.5510000e-02
   0.0000000e+00
   1.3034000e-02
   4.5782000e-02
   0.0000000e+00
   1.2927000e-02
   4.6053000e-02
   0.0000000e+00
   1.2820000e-02
   4.6321000e-02
   0.0000000e+00
   1.2712000e-02
   4.6587000e-02
   0.0000000e+00
   1.2604000e-02
   4.6850000e-02
   0.0000000e+00
   1.2495000e-02
   4.7111000e-02
   0.0000000e+00
   1.2385000e-02
   4.7370000e-02
   0.0000000e+00
   1.2275000e-02
   4.7627000e-02
   0.0000000e+00
   1.2164000e-02
   4.7881000e-02
   0.0000000e+00
   1.2053000e-02
   4.8133000e-02
   0.0000000e+00
   1.1941000e-02
   4.8383000e-02
   0.0000000e+00
   1.1828000e-02
   4.8630000e-02
   0.0000000e+00
   1.1715000e-02
   4.8875000e-02
   0.0000000e+00
   1.1601000e-02
   4.9117000e-02
   0.0000000e+00
   1.1487000e-02
   4.9357000e-02
   0.0000000e+00
   1.1372000e-02
   4.9595000e-02
   0.0000000e+00
   1.1256000e-02
   4.9830000e-02
   0.0000000e+00
   1.1140000e-02
   5.0063000e-02
   0.0000000e+00
   1.1024000e-02
   5.0293000e-02
   0.0000000e+00
   1.0907000e-02
   5.0521000e-02
   0.0000000e+00
   1.0789000e-02
   5.0746000e-02
   0.0000000e+00
   1.0671000e-02
   5.0969000e-02
   0.0000000e+00
   1.0552000e-02
   5.1189000e-02
   0.0000000e+00
   1.0433000e-02
   5.1407000e-02
   0.0000000e+00
   1.0314000e-02
   5.1622000e-02
   0.0000000e+00
   1.0193000e-02
   5.1835000e-02
   0.0000000e+00
   1.0073000e-02
   5.2045000e-02
   0.0000000e+00
   9.9510000e-03
   5.2253000e-02
   0.0000000e+00
   9.8300000e-03
   5.2458000e-02
   0.0000000e+00
   9.7080000e-03
   5.2661000e-02
   0.0000000e+00
   9.5850000e-03
   5.2861000e-02
   0.0000000e+00
   9.4620000e-03
   5.3058000e-02
   0.0000000e+00
   9.3380000e-03
   5.3253000e-02
   0.0000000e+00
   9.2140000e-03
   5.3445000e-02
   0.0000000e+00
   9.0900000e-03
   5.3635000e-02
   0.0000000e+00
   8.9650000e-03
   5.3822000e-02
   0.0000000e+00
   8.8390000e-03
   5.4006000e-02
   0.0000000e+00
   8.7140000e-03
   5.4188000e-02
   0.0000000e+00
   8.5870000e-03
   5.4367000e-02
   0.0000000e+00
   8.4610000e-03
   5.4543000e-02
   0.0000000e+00
   8.3340000e-03
   5.4717000e-02
   0.0000000e+00
   8.2060000e-03
   5.4888000e-02
   0.0000000e+00
   8.0780000e-03
   5.5056000e-02
   0.0000000e+00
   7.9500000e-03
   5.5222000e-02
   0.0000000e+00
   7.8210000e-03
   5.5384000e-02
   0.0000000e+00
   7.6920000e-03
   5.5545000e-02
   0.0000000e+00
   7.5630000e-03
   5.5702000e-02
   0.0000000e+00
   7.4330000e-03
   5.5857000e-02
   0.0000000e+00
   7.3030000e-03
   5.6009000e-02
   0.0000000e+00
   7.1730000e-03
   5.6158000e-02
   0.0000000e+00
   7.0420000e-03
   5.6305000e-02
   0.0000000e+00
   6.9100000e-03
   5.6448000e-02
   0.0000000e+00
   6.7790000e-03
   5.6589000e-02
   0.0000000e+00
   6.6470000e-03
   5.6728000e-02
   0.0000000e+00
   6.5150000e-03
   5.6863000e-02
   0.0000000e+00
   6.3820000e-03
   5.6996000e-02
   0.0000000e+00
   6.2490000e-03
   5.7125000e-02
   0.0000000e+00
   6.1160000e-03
   5.7252000e-02
   0.0000000e+00
   5.9830000e-03
   5.7377000e-02
   0.0000000e+00
   5.8490000e-03
   5.7498000e-02
   0.0000000e+00
   5.7150000e-03
   5.7617000e-02
   0.0000000e+00
   5.5810000e-03
   5.7733000e-02
   0.0000000e+00
   5.4460000e-03
   5.7845000e-02
   0.0000000e+00
   5.3110000e-03
   5.7956000e-02
   0.0000000e+00
   5.1760000e-03
   5.8063000e-02
   0.0000000e+00
   5.0410000e-03
   5.8167000e-02
   0.0000000e+00
   4.9050000e-03
   5.8269000e-02
   0.0000000e+00
   4.7700000e-03
   5.8368000e-02
   0.0000000e+00
   4.6330000e-03
   5.8464000e-02
   0.0000000e+00
   4.4970000e-03
   5.8557000e-02
   0.0000000e+00
   4.3610000e-03
   5.8647000e-02
   0.0000000e+00
   4.2240000e-03
   5.8734000e-02
   0.0000000e+00
   4.0870000e-03
   5.8818000e-02
   0.0000000e+00
   3.9500000e-03
   5.8900000e-02
   0.0000000e+00
   3.8120000e-03
   5.8978000e-02
   0.0000000e+00
   3.6750000e-03
   5.9054000e-02
   0.0000000e+00
   3.5370000e-03
   5.9127000e-02
   0.0000000e+00
   3.3990000e-03
   5.9197000e-02
   0.0000000e+00
   3.2610000e-03
   5.9264000e-02
   0.0000000e+00
   3.1230000e-03
   5.9328000e-02
   0.0000000e+00
   2.9850000e-03
   5.9389000e-02
   0.0000000e+00
   2.8460000e-03
   5.9448000e-02
   0.0000000e+00
   2.7080000e-03
   5.9503000e-02
   0.0000000e+00
   2.5690000e-03
   5.9556000e-02
   0.0000000e+00
   2.4300000e-03
   5.9605000e-02
   0.0000000e+00
   2.2910000e-03
   5.9652000e-02
   0.0000000e+00
   2.1520000e-03
   5.9695000e-02
   0.0000000e+00
   2.0130000e-03
   5.9736000e-02
   0.0000000e+00
   1.8730000e-03
   5.9774000e-02
   0.0000000e+00
   1.7340000e-03
   5.9809000e-02
   0.0000000e+00
   1.5940000e-03
   5.9841000e-02
   0.0000000e+00
   1.4550000e-03
   5.9870000e-02
   0.0000000e+00
   1.3150000e-03
   5.9896000e-02
   0.0000000e+00
   1.1750000e-03
   5.9920000e-02
   0.0000000e+00
   1.0350000e-03
   5.9940000e-02
   0.0000000e+00
   8.9600000e-04
   5.9957000e-02
   0.0000000e+00
   7.5600000e-04
   5.9972000e-02
   0.0000000e+00
   6.1600000e-04
   5.9983000e-02
   0.0000000e+00
   4.7600000e-04
   5.9992000e-02
   0.0000000e+00
   3.3600000e-04
   5.9997000e-02
   0.0000000e+00
   1.9600000e-04
   6.0000000e-02
   0.0000000e+00
   5.6000000e-05
   5.9999000e-02
   0.0000000e+00
  -8.4000000e-05
   5.9996000e-02
   0.0000000e+00
  -2.2400000e-04
   5.9990000e-02
   0.0000000e+00
  -3.6400000e-04
   5.9981000e-02
   0.0000000e+00
  -5.0400000e-04
   5.9969000e-02
   0.0000000e+00
  -6.4400000e-04
   5.9954000e-02
   0.0000000e+00
  -7.8400000e-04
   5.9936000e-02
   0.0000000e+00
  -9.2400000e-04
   5.9915000e-02
   0.0000000e+00
  -1.0640000e-03
   5.9891000e-02
   0.0000000e+00
  -1.2030000e-03
   5.9865000e-02
   0.0000000e+00
  -1.3430000e-03
   5.9835000e-02
   0.0000000e+00
  -1.4830000e-03
   5.9802000e-02
   0.0000000e+00
  -1.6220000e-03
   5.9767000e-02
   0.0000000e+00
  -1.7620000e-03
   5.9728000e-02
   0.0000000e+00
  -1.9010000e-03
   5.9687000e-02
   0.0000000e+00
  -2.0410000e-03
   5.9643000e-02
   0.0000000e+00
  -2.1800000e-03
   5.9595000e-02
   0.0000000e+00
  -2.3190000e-03
   5.9545000e-02
   0.0000000e+00
  -2.4580000e-03
   5.9492000e-02
   0.0000000e+00
  -2.5970000e-03
   5.9436000e-02
   0.0000000e+00
  -2.7350000e-03
   5.9377000e-02
   0.0000000e+00
  -2.8740000e-03
   5.9315000e-02
   0.0000000e+00
  -3.0130000e-03
   5.9251000e-02
   0.0000000e+00
  -3.1510000e-03
   5.9183000e-02
   0.0000000e+00
  -3.2890000e-03
   5.9113000e-02
   0.0000000e+00
  -3.4270000e-03
   5.9039000e-02
   0.0000000e+00
  -3.5650000e-03
   5.8963000e-02
   0.0000000e+00
  -3.7030000e-03
   5.8884000e-02
   0.0000000e+00
  -3.8400000e-03
   5.8802000e-02
   0.0000000e+00
  -3.9770000e-03
   5.8717000e-02
   0.0000000e+00
  -4.1140000e-03
   5.8629000e-02
   0.0000000e+00
  -4.2510000e-03
   5.8538000e-02
   0.0000000e+00
  -4.3880000e-03
   5.8444000e-02
   0.0000000e+00
  -4.5250000e-03
   5.8348000e-02
   0.0000000e+00
  -4.6610000e-03
   5.8249000e-02
   0.0000000e+00
  -4.7970000e-03
   5.8147000e-02
   0.0000000e+00
  -4.9330000e-03
   5.8042000e-02
   0.0000000e+00
  -5.0680000e-03
   5.7934000e-02
   0.0000000e+00
  -5.2040000e-03
   5.7823000e-02
   0.0000000e+00
  -5.3390000e-03
   5.7709000e-02
   0.0000000e+00
  -5.4730000e-03
   5.7593000e-02
   0.0000000e+00
  -5.6080000e-03
   5.7474000e-02
   0.0000000e+00
  -5.7420000e-03
   5.7352000e-02
   0.0000000e+00
  -5.8760000e-03
   5.7227000e-02
   0.0000000e+00
  -6.0100000e-03
   5.7100000e-02
   0.0000000e+00
  -6.1430000e-03
   5.6969000e-02
   0.0000000e+00
  -6.2760000e-03
   5.6836000e-02
   0.0000000e+00
  -6.4090000e-03
   5.6700000e-02
   0.0000000e+00
  -6.5410000e-03
   5.6561000e-02
   0.0000000e+00
  -6.6740000e-03
   5.6420000e-02
   0.0000000e+00
  -6.8050000e-03
   5.6275000e-02
   0.0000000e+00
  -6.9370000e-03
   5.6128000e-02
   0.0000000e+00
  -7.0680000e-03
   5.5979000e-02
   0.0000000e+00
  -7.1990000e-03
   5.5826000e-02
   0.0000000e+00
  -7.3290000e-03
   5.5671000e-02
   0.0000000e+00
  -7.4590000e-03
   5.5513000e-02
   0.0000000e+00
  -7.5890000e-03
   5.5352000e-02
   0.0000000e+00
  -7.7180000e-03
   5.5189000e-02
   0.0000000e+00
  -7.8470000e-03
   5.5022000e-02
   0.0000000e+00
  -7.9760000e-03
   5.4854000e-02
   0.0000000e+00
  -8.1040000e-03
   5.4682000e-02
   0.0000000e+00
  -8.2320000e-03
   5.4508000e-02
   0.0000000e+00
  -8.3590000e-03
   5.4331000e-02
   0.0000000e+00
  -8.4860000e-03
   5.4151000e-02
   0.0000000e+00
  -8.6130000e-03
   5.3969000e-02
   0.0000000e+00
  -8.7390000e-03
   5.3784000e-02
   0.0000000e+00
  -8.8650000e-03
   5.3597000e-02
   0.0000000e+00
  -8.9900000e-03
   5.3407000e-02
   0.0000000e+00
  -9.1150000e-03
   5.3214000e-02
   0.0000000e+00
  -9.2390000e-03
   5.3019000e-02
   0.0000000e+00
  -9.3630000e-03
   5.2821000e-02
   0.0000000e+00
  -9.4870000e-03
   5.2620000e-02
   0.0000000e+00
  -9.6100000e-03
   5.2417000e-02
   0.0000000e+00
  -9.7320000e-03
   5.2212000e-02
   0.0000000e+00
  -9.8540000e-03
   5.2003000e-02
   0.0000000e+00
  -9.9760000e-03
   5.1793000e-02
   0.0000000e+00
  -1.0097000e-02
   5.1579000e-02
   0.0000000e+00
  -1.0218000e-02
   5.1363000e-02
   0.0000000e+00
  -1.0338000e-02
   5.1145000e-02
   0.0000000e+00
  -1.0457000e-02
   5.0924000e-02
   0.0000000e+00
  -1.0576000e-02
   5.0701000e-02
   0.0000000e+00
  -1.0695000e-02
   5.0475000e-02
   0.0000000e+00
  -1.0813000e-02
   5.0247000e-02
   0.0000000e+00
  -1.0930000e-02
   5.0016000e-02
   0.0000000e+00
  -1.1047000e-02
   4.9783000e-02
   0.0000000e+00
  -1.1164000e-02
   4.9547000e-02
   0.0000000e+00
  -1.1280000e-02
   4.9309000e-02
   0.0000000e+00
  -1.1395000e-02
   4.9069000e-02
   0.0000000e+00
  -1.1510000e-02
   4.8826000e-02
   0.0000000e+00
  -1.1624000e-02
   4.8580000e-02
   0.0000000e+00
  -1.1738000e-02
   4.8333000e-02
   0.0000000e+00
  -1.1851000e-02
   4.8083000e-02
   0.0000000e+00
  -1.1963000e-02
   4.7830000e-02
   0.0000000e+00
  -1.2075000e-02
   4.7575000e-02
   0.0000000e+00
  -1.2186000e-02
   4.7318000e-02
   0.0000000e+00
  -1.2297000e-02
   4.7059000e-02
   0.0000000e+00
  -1.2407000e-02
   4.6797000e-02
   0.0000000e+00
  -1.2517000e-02
   4.6533000e-02
   0.0000000e+00
  -1.2626000e-02
   4.6267000e-02
   0.0000000e+00
  -1.2734000e-02
   4.5998000e-02
   0.0000000e+00
  -1.2842000e-02
   4.5728000e-02
   0.0000000e+00
  -1.2949000e-02
   4.5455000e-02
   0.0000000e+00
  -1.3055000e-02
   4.5179000e-02
   0.0000000e+00
  -1.3161000e-02
   4.4902000e-02
   0.0000000e+00
  -1.3266000e-02
   4.4622000e-02
   0.0000000e+00
  -1.3370000e-02
   4.4340000e-02
   0.0000000e+00
  -1.3474000e-02
   4.4056000e-02
   0.0000000e+00
  -1.3577000e-02
   4.3770000e-02
   0.0000000e+00
  -1.3680000e-02
   4.3482000e-02
   0.0000000e+00
  -1.3781000e-02
   4.3191000e-02
   0.0000000e+00
  -1.3883000e-02
   4.2899000e-02
   0.0000000e+00
  -1.3983000e-02
   4.2604000e-02
   0.0000000e+00
  -1.4083000e-02
   4.2307000e-02
   0.0000000e+00
  -1.4182000e-02
   4.2008000e-02
   0.0000000e+00
  -1.4280000e-02
   4.1707000e-02
   0.0000000e+00
  -1.4378000e-02
   4.1404000e-02
   0.0000000e+00
  -1.4475000e-02
   4.1100000e-02
   0.0000000e+00
  -1.4571000e-02
   4.0793000e-02
   0.0000000e+00
  -1.4667000e-02
   4.0484000e-02
   0.0000000e+00
  -1.4761000e-02
   4.0173000e-02
   0.0000000e+00
  -1.4855000e-02
   3.9860000e-02
   0.0000000e+00
  -1.4949000e-02
   3.9545000e-02
   0.0000000e+00
  -1.5041000e-02
   3.9228000e-02
   0.0000000e+00
  -1.5133000e-02
   3.8909000e-02
   0.0000000e+00
  -1.5225000e-02
   3.8588000e-02
   0.0000000e+00
  -1.5315000e-02
   3.8266000e-02
   0.0000000e+00
  -1.5405000e-02
   3.7941000e-02
   0.0000000e+00
  -1.5494000e-02
   3.7615000e-02
   0.0000000e+00
  -1.5582000e-02
   3.7287000e-02
   0.0000000e+00
  -1.5669000e-02
   3.6957000e-02
   0.0000000e+00
  -1.5756000e-02
   3.6625000e-02
   0.0000000e+00
  -1.5842000e-02
   3.6292000e-02
   0.0000000e+00
  -1.5927000e-02
   3.5956000e-02
   0.0000000e+00
  -1.6011000e-02
   3.5619000e-02
   0.0000000e+00
  -1.6094000e-02
   3.5280000e-02
   0.0000000e+00
  -1.6177000e-02
   3.4940000e-02
   0.0000000e+00
  -1.6259000e-02
   3.4598000e-02
   0.0000000e+00
  -1.6340000e-02
   3.4254000e-02
   0.0000000e+00
  -1.6420000e-02
   3.3908000e-02
   0.0000000e+00
  -1.6500000e-02
   3.3561000e-02
   0.0000000e+00
  -1.6579000e-02
   3.3212000e-02
   0.0000000e+00
  -1.6657000e-02
   3.2861000e-02
   0.0000000e+00
  -1.6734000e-02
   3.2509000e-02
   0.0000000e+00
  -1.6810000e-02
   3.2155000e-02
   0.0000000e+00
  -1.6885000e-02
   3.1800000e-02
   0.0000000e+00
  -1.6960000e-02
   3.1443000e-02
   0.0000000e+00
  -1.7034000e-02
   3.1084000e-02
   0.0000000e+00
  -1.7107000e-02
   3.0724000e-02
   0.0000000e+00
  -1.7179000e-02
   3.0363000e-02
   0.0000000e+00
  -1.7250000e-02
   3.0000000e-02
   0.0000000e+00
  -1.7321000e-02
   2.9635000e-02
   0.0000000e+00
  -1.7390000e-02
   2.9269000e-02
   0.0000000e+00
  -1.7459000e-02
   2.8902000e-02
   0.0000000e+00
  -1.7527000e-02
   2.8533000e-02
   0.0000000e+00
  -1.7594000e-02
   2.8163000e-02
   0.0000000e+00
  -1.7660000e-02
   2.7791000e-02
   0.0000000e+00
  -1.7725000e-02
   2.7419000e-02
   0.0000000e+00
  -1.7790000e-02
   2.7044000e-02
   0.0000000e+00
  -1.7853000e-02
   2.6669000e-02
   0.0000000e+00
  -1.7916000e-02
   2.6292000e-02
   0.0000000e+00
  -1.7978000e-02
   2.5914000e-02
   0.0000000e+00
  -1.8038000e-02
   2.5534000e-02
   0.0000000e+00
  -1.8099000e-02
   2.5154000e-02
   0.0000000e+00
  -1.8158000e-02
   2.4772000e-02
   0.0000000e+00
  -1.8216000e-02
   2.4389000e-02
   0.0000000e+00
  -1.8273000e-02
   2.4004000e-02
   0.0000000e+00
  -1.8330000e-02
   2.3619000e-02
   0.0000000e+00
  -1.8385000e-02
   2.3232000e-02
   0.0000000e+00
  -1.8440000e-02
   2.2844000e-02
   0.0000000e+00
  -1.8494000e-02
   2.2455000e-02
   0.0000000e+00
  -1.8547000e-02
   2.2065000e-02
   0.0000000e+00
  -1.8598000e-02
   2.1674000e-02
   0.0000000e+00
  -1.8649000e-02
   2.1282000e-02
   0.0000000e+00
  -1.8700000e-02
   2.0889000e-02
   0.0000000e+00
  -1.8749000e-02
   2.0495000e-02
   0.0000000e+00
  -1.8797000e-02
   2.0099000e-02
   0.0000000e+00
  -1.8844000e-02
   1.9703000e-02
   0.0000000e+00
  -1.8891000e-02
   1.9306000e-02
   0.0000000e+00
  -1.8936000e-02
   1.8908000e-02
   0.0000000e+00
  -1.8981000e-02
   1.8509000e-02
   0.0000000e+00
  -1.9025000e-02
   1.8109000e-02
   0.0000000e+00
  -1.9067000e-02
   1.7708000e-02
   0.0000000e+00
  -1.9109000e-02
   1.7306000e-02
   0.0000000e+00
  -1.9150000e-02
   1.6904000e-02
   0.0000000e+00
  -1.9190000e-02
   1.6500000e-02
   0.0000000e+00
  -1.9229000e-02
   1.6096000e-02
   0.0000000e+00
  -1.9267000e-02
   1.5691000e-02
   0.0000000e+00
  -1.9304000e-02
   1.5285000e-02
   0.0000000e+00
  -1.9340000e-02
   1.4879000e-02
   0.0000000e+00
  -1.9375000e-02
   1.4471000e-02
   0.0000000e+00
  -1.9410000e-02
   1.4063000e-02
   0.0000000e+00
  -1.9443000e-02
   1.3655000e-02
   0.0000000e+00
  -1.9475000e-02
   1.3246000e-02
   0.0000000e+00
  -1.9507000e-02
   1.2836000e-02
   0.0000000e+00
  -1.9537000e-02
   1.2425000e-02
   0.0000000e+00
  -1.9566000e-02
   1.2014000e-02
   0.0000000e+00
  -1.9595000e-02
   1.1602000e-02
   0.0000000e+00
  -1.9623000e-02
   1.1190000e-02
   0.0000000e+00
  -1.9649000e-02
   1.0777000e-02
   0.0000000e+00
  -1.9675000e-02
   1.0363000e-02
   0.0000000e+00
  -1.9699000e-02
   9.9490000e-03
   0.0000000e+00
  -1.9723000e-02
   9.5350000e-03
   0.0000000e+00
  -1.9746000e-02
   9.1200000e-03
   0.0000000e+00
  -1.9768000e-02
   8.7050000e-03
   0.0000000e+00
  -1.9788000e-02
   8.2890000e-03
   0.0000000e+00
  -1.9808000e-02
   7.8730000e-03
   0.0000000e+00
  -1.9827000e-02
   7.4560000e-03
   0.0000000e+00
  -1.9845000e-02
   7.0390000e-03
   0.0000000e+00
  -1.9862000e-02
   6.6220000e-03
   0.0000000e+00
  -1.9878000e-02
   6.2040000e-03
   0.0000000e+00
  -1.9893000e-02
   5.7870000e-03
   0.0000000e+00
  -1.9907000e-02
   5.3680000e-03
   0.0000000e+00
  -1.9920000e-02
   4.9500000e-03
   0.0000000e+00
  -1.9932000e-02
   4.5310000e-03
   0.0000000e+00
  -1.9943000e-02
   4.1120000e-03
   0.0000000e+00
  -1.9953000e-02
   3.6930000e-03
   0.0000000e+00
  -1.9962000e-02
   3.2740000e-03
   0.0000000e+00
  -1.9970000e-02
   2.8540000e-03
   0.0000000e+00
  -1.9977000e-02
   2.4350000e-03
   0.0000000e+00
  -1.9984000e-02
   2.0150000e-03
   0.0000000e+00
  -1.9989000e-02
   1.5950000e-03
   0.0000000e+00
  -1.9993000e-02
   1.1750000e-03
   0.0000000e+00
  -1.9996000e-02
   7.5600000e-04
   0.0000000e+00
  -1.9998000e-02
   3.3600000e-04
   0.0000000e+00
  -2.0000000e-02
  -8.4000000e-05
   0.0000000e+00
  -2.0000000e-02
  -5.0400000e-04
   0.0000000e+00
  -1.9999000e-02
  -9.2400000e-04
   0.0000000e+00
  -1.9998000e-02
  -1.3440000e-03
   0.0000000e+00
  -1.9995000e-02
  -1.7640000e-03
   0.0000000e+00
  -1.9991000e-02
  -2.1840000e-03
   0.0000000e+00
  -1.9987000e-02
  -2.6040000e-03
   0.0000000e+00
  -1.9981000e-02
  -3.0230000e-03
   0.0000000e+00
  -1.9975000e-02
  -3.4430000e-03
   0.0000000e+00
  -1.9967000e-02
  -3.8620000e-03
   0.0000000e+00
  -1.9959000e-02
  -4.2810000e-03
   0.0000000e+00
  -1.9949000e-02
  -4.7000000e-03
   0.0000000e+00
  -1.9939000e-02
  -5.1180000e-03
   0.0000000e+00
  -1.9927000e-02
  -5.5370000e-03
   0.0000000e+00
  -1.9915000e-02
  -5.9550000e-03
   0.0000000e+00
  -1.9901000e-02
  -6.3720000e-03
   0.0000000e+00
  -1.9887000e-02
  -6.7900000e-03
   0.0000000e+00
  -1.9872000e-02
  -7.2070000e-03
   0.0000000e+00
  -1.9855000e-02
  -7.6240000e-03
   0.0000000e+00
  -1.9838000e-02
  -8.0400000e-03
   0.0000000e+00
  -1.9820000e-02
  -8.4560000e-03
   0.0000000e+00
  -1.9800000e-02
  -8.8720000e-03
   0.0000000e+00
  -1.9780000e-02
  -9.2870000e-03
   0.0000000e+00
  -1.9759000e-02
  -9.7020000e-03
   0.0000000e+00
  -1.9737000e-02
  -1.0116000e-02
   0.0000000e+00
  -1.9714000e-02
  -1.0530000e-02
   0.0000000e+00
  -1.9690000e-02
  -1.0943000e-02
   0.0000000e+00
  -1.9665000e-02
  -1.1356000e-02
   0.0000000e+00
  -1.9639000e-02
  -1.1768000e-02
   0.0000000e+00
  -1.9612000e-02
  -1.2179000e-02
   0.0000000e+00
  -1.9584000e-02
  -1.2590000e-02
   0.0000000e+00
  -1.9555000e-02
  -1.3001000e-02
   0.0000000e+00
  -1.9525000e-02
  -1.3410000e-02
   0.0000000e+00
  -1.9494000e-02
  -1.3819000e-02
   0.0000000e+00
  -1.9462000e-02
  -1.4228000e-02
   0.0000000e+00
  -1.9430000e-02
  -1.4635000e-02
   0.0000000e+00
  -1.9396000e-02
  -1.5042000e-02
   0.0000000e+00
  -1.9361000e-02
  -1.5448000e-02
   0.0000000e+00
  -1.9326000e-02
  -1.5854000e-02
   0.0000000e+00
  -1.9289000e-02
  -1.6259000e-02
   0.0000000e+00
  -1.9252000e-02
  -1.6662000e-02
   0.0000000e+00
  -1.9213000e-02
  -1.7066000e-02
   0.0000000e+00
  -1.9174000e-02
  -1.7468000e-02
   0.0000000e+00
  -1.9134000e-02
  -1.7869000e-02
   0.0000000e+00
  -1.9092000e-02
  -1.8270000e-02
   0.0000000e+00
  -1.9050000e-02
  -1.8669000e-02
   0.0000000e+00
  -1.9007000e-02
  -1.9068000e-02
   0.0000000e+00
  -1.8963000e-02
  -1.9466000e-02
   0.0000000e+00
  -1.8918000e-02
  -1.9863000e-02
   0.0000000e+00
  -1.8872000e-02
  -2.0258000e-02
   0.0000000e+00
  -1.8826000e-02
  -2.0653000e-02
   0.0000000e+00
  -1.8778000e-02
  -2.1047000e-02
   0.0000000e+00
  -1.8729000e-02
  -2.1440000e-02
   0.0000000e+00
  -1.8680000e-02
  -2.1832000e-02
   0.0000000e+00
  -1.8629000e-02
  -2.2222000e-02
   0.0000000e+00
  -1.8578000e-02
  -2.2612000e-02
   0.0000000e+00
  -1.8525000e-02
  -2.3000000e-02
   0.0000000e+00
  -1.8472000e-02
  -2.3388000e-02
   0.0000000e+00
  -1.8418000e-02
  -2.3774000e-02
   0.0000000e+00
  -1.8363000e-02
  -2.4159000e-02
   0.0000000e+00
  -1.8307000e-02
  -2.4543000e-02
   0.0000000e+00
  -1.8250000e-02
  -2.4925000e-02
   0.0000000e+00
  -1.8193000e-02
  -2.5307000e-02
   0.0000000e+00
  -1.8134000e-02
  -2.5687000e-02
   0.0000000e+00
  -1.8074000e-02
  -2.6066000e-02
   0.0000000e+00
  -1.8014000e-02
  -2.6444000e-02
   0.0000000e+00
  -1.7953000e-02
  -2.6820000e-02
   0.0000000e+00
  -1.7891000e-02
  -2.7195000e-02
   0.0000000e+00
  -1.7828000e-02
  -2.7569000e-02
   0.0000000e+00
  -1.7764000e-02
  -2.7941000e-02
   0.0000000e+00
  -1.7699000e-02
  -2.8312000e-02
   0.0000000e+00
  -1.7633000e-02
  -2.8682000e-02
   0.0000000e+00
  -1.7567000e-02
  -2.9050000e-02
   0.0000000e+00
  -1.7500000e-02
  -2.9417000e-02
   0.0000000e+00
  -1.7431000e-02
  -2.9782000e-02
   0.0000000e+00
  -1.7362000e-02
  -3.0146000e-02
   0.0000000e+00
  -1.7292000e-02
  -3.0508000e-02
   0.0000000e+00
  -1.7222000e-02
  -3.0869000e-02
   0.0000000e+00
  -1.7150000e-02
  -3.1229000e-02
   0.0000000e+00
  -1.7078000e-02
  -3.1586000e-02
   0.0000000e+00
  -1.7004000e-02
  -3.1943000e-02
   0.0000000e+00
  -1.6930000e-02
  -3.2297000e-02
   0.0000000e+00
  -1.6855000e-02
  -3.2651000e-02
   0.0000000e+00
  -1.6779000e-02
  -3.3002000e-02
   0.0000000e+00
  -1.6703000e-02
  -3.3352000e-02
   0.0000000e+00
  -1.6625000e-02
  -3.3700000e-02
   0.0000000e+00
  -1.6547000e-02
  -3.4047000e-02
   0.0000000e+00
  -1.6468000e-02
  -3.4392000e-02
   0.0000000e+00
  -1.6388000e-02
  -3.4735000e-02
   0.0000000e+00
  -1.6308000e-02
  -3.5077000e-02
   0.0000000e+00
  -1.6226000e-02
  -3.5417000e-02
   0.0000000e+00
  -1.6144000e-02
  -3.5755000e-02
   0.0000000e+00
  -1.6061000e-02
  -3.6091000e-02
   0.0000000e+00
  -1.5977000e-02
  -3.6426000e-02
   0.0000000e+00
  -1.5892000e-02
  -3.6759000e-02
   0.0000000e+00
  -1.5807000e-02
  -3.7090000e-02
   0.0000000e+00
  -1.5721000e-02
  -3.7419000e-02
   0.0000000e+00
  -1.5634000e-02
  -3.7747000e-02
   0.0000000e+00
  -1.5546000e-02
  -3.8072000e-02
   0.0000000e+00
  -1.5458000e-02
  -3.8396000e-02
   0.0000000e+00
  -1.5369000e-02
  -3.8718000e-02
   0.0000000e+00
  -1.5279000e-02
  -3.9038000e-02
   0.0000000e+00
  -1.5188000e-02
  -3.9355000e-02
   0.0000000e+00
  -1.5097000e-02
  -3.9672000e-02
   0.0000000e+00
  -1.5004000e-02
  -3.9986000e-02
   0.0000000e+00
  -1.4911000e-02
  -4.0298000e-02
   0.0000000e+00
  -1.4818000e-02
  -4.0608000e-02
   0.0000000e+00
  -1.4723000e-02
  -4.0916000e-02
   0.0000000e+00
  -1.4628000e-02
  -4.1222000e-02
   0.0000000e+00
  -1.4532000e-02
  -4.1527000e-02
   0.0000000e+00
  -1.4436000e-02
  -4.1829000e-02
   0.0000000e+00
  -1.4339000e-02
  -4.2129000e-02
   0.0000000e+00
  -1.4241000e-02
  -4.2427000e-02
   0.0000000e+00
  -1.4142000e-02
  -4.2723000e-02
   0.0000000e+00
  -1.4043000e-02
  -4.3017000e-02
   0.0000000e+00
  -1.3943000e-02
  -4.3308000e-02
   0.0000000e+00
  -1.3842000e-02
  -4.3598000e-02
   0.0000000e+00
  -1.3741000e-02
  -4.3885000e-02
   0.0000000e+00
  -1.3638000e-02
  -4.4171000e-02
   0.0000000e+00
  -1.3536000e-02
  -4.4454000e-02
   0.0000000e+00
  -1.3432000e-02
  -4.4735000e-02
   0.0000000e+00
  -1.3328000e-02
  -4.5014000e-02
   0.0000000e+00
  -1.3224000e-02
  -4.5290000e-02
   0.0000000e+00
  -1.3118000e-02
  -4.5565000e-02
   0.0000000e+00
  -1.3012000e-02
  -4.5837000e-02
   0.0000000e+00
  -1.2906000e-02
  -4.6107000e-02
   0.0000000e+00
  -1.2798000e-02
  -4.6374000e-02
   0.0000000e+00
  -1.2690000e-02
  -4.6640000e-02
   0.0000000e+00
  -1.2582000e-02
  -4.6903000e-02
   0.0000000e+00
  -1.2473000e-02
  -4.7164000e-02
   0.0000000e+00
  -1.2363000e-02
  -4.7422000e-02
   0.0000000e+00
  -1.2253000e-02
  -4.7678000e-02
   0.0000000e+00
  -1.2142000e-02
  -4.7932000e-02
   0.0000000e+00
  -1.2030000e-02
  -4.8183000e-02
   0.0000000e+00
  -1.1918000e-02
  -4.8433000e-02
   0.0000000e+00
  -1.1805000e-02
  -4.8679000e-02
   0.0000000e+00
  -1.1692000e-02
  -4.8924000e-02
   0.0000000e+00
  -1.1578000e-02
  -4.9166000e-02
   0.0000000e+00
  -1.1464000e-02
  -4.9405000e-02
   0.0000000e+00
  -1.1349000e-02
  -4.9642000e-02
   0.0000000e+00
  -1.1233000e-02
  -4.9877000e-02
   0.0000000e+00
  -1.1117000e-02
  -5.0109000e-02
   0.0000000e+00
  -1.1000000e-02
  -5.0339000e-02
   0.0000000e+00
  -1.0883000e-02
  -5.0566000e-02
   0.0000000e+00
  -1.0766000e-02
  -5.0791000e-02
   0.0000000e+00
  -1.0647000e-02
  -5.1013000e-02
   0.0000000e+00
  -1.0528000e-02
  -5.1233000e-02
   0.0000000e+00
  -1.0409000e-02
  -5.1451000e-02
   0.0000000e+00
  -1.0289000e-02
  -5.1665000e-02
   0.0000000e+00
  -1.0169000e-02
  -5.1878000e-02
   0.0000000e+00
  -1.0048000e-02
  -5.2087000e-02
   0.0000000e+00
  -9.9270000e-03
  -5.2295000e-02
   0.0000000e+00
  -9.8050000e-03
  -5.2499000e-02
   0.0000000e+00
  -9.6830000e-03
  -5.2701000e-02
   0.0000000e+00
  -9.5600000e-03
  -5.2901000e-02
   0.0000000e+00
  -9.4370000e-03
  -5.3098000e-02
   0.0000000e+00
  -9.3130000e-03
  -5.3292000e-02
   0.0000000e+00
  -9.1890000e-03
  -5.3484000e-02
   0.0000000e+00
  -9.0650000e-03
  -5.3673000e-02
   0.0000000e+00
  -8.9400000e-03
  -5.3859000e-02
   0.0000000e+00
  -8.8140000e-03
  -5.4043000e-02
   0.0000000e+00
  -8.6880000e-03
  -5.4224000e-02
   0.0000000e+00
  -8.5620000e-03
  -5.4402000e-02
   0.0000000e+00
  -8.4350000e-03
  -5.4578000e-02
   0.0000000e+00
  -8.3080000e-03
  -5.4751000e-02
   0.0000000e+00
  -8.1810000e-03
  -5.4922000e-02
   0.0000000e+00
  -8.0530000e-03
  -5.5090000e-02
   0.0000000e+00
  -7.9240000e-03
  -5.5255000e-02
   0.0000000e+00
  -7.7960000e-03
  -5.5417000e-02
   0.0000000e+00
  -7.6660000e-03
  -5.5577000e-02
   0.0000000e+00
  -7.5370000e-03
  -5.5733000e-02
   0.0000000e+00
  -7.4070000e-03
  -5.5888000e-02
   0.0000000e+00
  -7.2770000e-03
  -5.6039000e-02
   0.0000000e+00
  -7.1460000e-03
  -5.6188000e-02
   0.0000000e+00
  -7.0150000e-03
  -5.6334000e-02
   0.0000000e+00
  -6.8840000e-03
  -5.6477000e-02
   0.0000000e+00
  -6.7520000e-03
  -5.6617000e-02
   0.0000000e+00
  -6.6200000e-03
  -5.6755000e-02
   0.0000000e+00
  -6.4880000e-03
  -5.6890000e-02
   0.0000000e+00
  -6.3560000e-03
  -5.7022000e-02
   0.0000000e+00
  -6.2230000e-03
  -5.7151000e-02
   0.0000000e+00
  -6.0900000e-03
  -5.7278000e-02
   0.0000000e+00
  -5.9560000e-03
  -5.7401000e-02
   0.0000000e+00
  -5.8220000e-03
  -5.7522000e-02
   0.0000000e+00
  -5.6880000e-03
  -5.7640000e-02
   0.0000000e+00
  -5.5540000e-03
  -5.7755000e-02
   0.0000000e+00
  -5.4190000e-03
  -5.7868000e-02
   0.0000000e+00
  -5.2840000e-03
  -5.7977000e-02
   0.0000000e+00
  -5.1490000e-03
  -5.8084000e-02
   0.0000000e+00
  -5.0140000e-03
  -5.8188000e-02
   0.0000000e+00
  -4.8780000e-03
  -5.8289000e-02
   0.0000000e+00
  -4.7420000e-03
  -5.8387000e-02
   0.0000000e+00
  -4.6060000e-03
  -5.8482000e-02
   0.0000000e+00
  -4.4700000e-03
  -5.8575000e-02
   0.0000000e+00
  -4.3330000e-03
  -5.8664000e-02
   0.0000000e+00
  -4.1960000e-03
  -5.8751000e-02
   0.0000000e+00
  -4.0590000e-03
  -5.8835000e-02
   0.0000000e+00
  -3.9220000e-03
  -5.8916000e-02
   0.0000000e+00
  -3.7850000e-03
  -5.8994000e-02
   0.0000000e+00
  -3.6470000e-03
  -5.9069000e-02
   0.0000000e+00
  -3.5100000e-03
  -5.9141000e-02
   0.0000000e+00
  -3.3720000e-03
  -5.9211000e-02
   0.0000000e+00
  -3.2340000e-03
  -5.9277000e-02
   0.0000000e+00
  -3.0950000e-03
  -5.9341000e-02
   0.0000000e+00
  -2.9570000e-03
  -5.9401000e-02
   0.0000000e+00
  -2.8180000e-03
  -5.9459000e-02
   0.0000000e+00
  -2.6800000e-03
  -5.9514000e-02
   0.0000000e+00
  -2.5410000e-03
  -5.9566000e-02
   0.0000000e+00
  -2.4020000e-03
  -5.9615000e-02
   0.0000000e+00
  -2.2630000e-03
  -5.9661000e-02
   0.0000000e+00
  -2.1240000e-03
  -5.9704000e-02
   0.0000000e+00
  -1.9850000e-03
  -5.9744000e-02
   0.0000000e+00
  -1.8450000e-03
  -5.9781000e-02
   0.0000000e+00
  -1.7060000e-03
  -5.9816000e-02
   0.0000000e+00
  -1.5660000e-03
  -5.9847000e-02
   0.0000000e+00
  -1.4270000e-03
  -5.9876000e-02
   0.0000000e+00
  -1.2870000e-03
  -5.9901000e-02
   0.0000000e+00
  -1.1470000e-03
  -5.9924000e-02
   0.0000000e+00
  -1.0070000e-03
  -5.9944000e-02
   0.0000000e+00
  -8.6800000e-04
  -5.9960000e-02
   0.0000000e+00
  -7.2800000e-04
  -5.9974000e-02
   0.0000000e+00
  -5.8800000e-04
  -5.9985000e-02
   0.0000000e+00
  -4.4800000e-04
  -5.9993000e-02
   0.0000000e+00
  -3.0800000e-04
  -5.9998000e-02
   0.0000000e+00
  -1.6800000e-04
  -6.0000000e-02
   0.0000000e+00
  -2.8000000e-05
  -5.9999000e-02
   0.0000000e+00
   1.1200000e-04
  -5.9995000e-02
   0.0000000e+00
   2.5200000e-04
  -5.9988000e-02
   0.0000000e+00
   3.9200000e-04
  -5.9979000e-02
   0.0000000e+00
   5.3200000e-04
  -5.9966000e-02
   0.0000000e+00
   6.7200000e-04
  -5.9951000e-02
   0.0000000e+00
   8.1200000e-04
  -5.9932000e-02
   0.0000000e+00
   9.5200000e-04
  -5.9911000e-02
   0.0000000e+00
   1.0920000e-03
  -5.9886000e-02
   0.0000000e+00
   1.2310000e-03
  -5.9859000e-02
   0.0000000e+00
   1.3710000e-03
  -5.9829000e-02
   0.0000000e+00
   1.5110000e-03
  -5.9795000e-02
   0.0000000e+00
   1.6500000e-03
  -5.9759000e-02
   0.0000000e+00
   1.7900000e-03
  -5.9720000e-02
   0.0000000e+00
   1.9290000e-03
  -5.9678000e-02
   0.0000000e+00
   2.0690000e-03
  -5.9633000e-02
   0.0000000e+00
   2.2080000e-03
  -5.9586000e-02
   0.0000000e+00
   2.3470000e-03
  -5.9535000e-02
   0.0000000e+00
   2.4860000e-03
  -5.9481000e-02
   0.0000000e+00
   2.6250000e-03
  -5.9425000e-02
   0.0000000e+00
   2.7630000e-03
  -5.9365000e-02
   0.0000000e+00
   2.9020000e-03
  -5.9303000e-02
   0.0000000e+00
   3.0400000e-03
  -5.9237000e-02
   0.0000000e+00
   3.1790000e-03
  -5.9169000e-02
   0.0000000e+00
   3.3170000e-03
  -5.9098000e-02
   0.0000000e+00
   3.4550000e-03
  -5.9024000e-02
   0.0000000e+00
   3.5930000e-03
  -5.8947000e-02
   0.0000000e+00
   3.7300000e-03
  -5.8867000e-02
   0.0000000e+00
   3.8680000e-03
  -5.8785000e-02
   0.0000000e+00
   4.0050000e-03
  -5.8699000e-02
   0.0000000e+00
   4.1420000e-03
  -5.8611000e-02
   0.0000000e+00
   4.2790000e-03
  -5.8519000e-02
   0.0000000e+00
   4.4160000e-03
  -5.8425000e-02
   0.0000000e+00
   4.5520000e-03
  -5.8328000e-02
   0.0000000e+00
   4.6880000e-03
  -5.8228000e-02
   0.0000000e+00
   4.8240000e-03
  -5.8126000e-02
   0.0000000e+00
   4.9600000e-03
  -5.8020000e-02
   0.0000000e+00
   5.0950000e-03
  -5.7912000e-02
   0.0000000e+00
   5.2310000e-03
  -5.7800000e-02
   0.0000000e+00
   5.3660000e-03
  -5.7686000e-02
   0.0000000e+00
   5.5000000e-03
  -5.7569000e-02
   0.0000000e+00
   5.6350000e-03
  -5.7450000e-02
   0.0000000e+00
   5.7690000e-03
  -5.7327000e-02
   0.0000000e+00
   5.9030000e-03
  -5.7202000e-02
   0.0000000e+00
   6.0370000e-03
  -5.7074000e-02
   0.0000000e+00
   6.1700000e-03
  -5.6943000e-02
   0.0000000e+00
   6.3030000e-03
  -5.6809000e-02
   0.0000000e+00
   6.4360000e-03
  -5.6672000e-02
   0.0000000e+00
   6.5680000e-03
  -5.6533000e-02
   0.0000000e+00
   6.7000000e-03
  -5.6391000e-02
   0.0000000e+00
   6.8320000e-03
  -5.6246000e-02
   0.0000000e+00
   6.9630000e-03
  -5.6098000e-02
   0.0000000e+00
   7.0940000e-03
  -5.5948000e-02
   0.0000000e+00
   7.2250000e-03
  -5.5795000e-02
   0.0000000e+00
   7.3550000e-03
  -5.5639000e-02
   0.0000000e+00
   7.4850000e-03
  -5.5481000e-02
   0.0000000e+00
   7.6150000e-03
  -5.5319000e-02
   0.0000000e+00
   7.7440000e-03
  -5.5155000e-02
   0.0000000e+00
   7.8730000e-03
  -5.4989000e-02
   0.0000000e+00
   8.0020000e-03
  -5.4819000e-02
   0.0000000e+00
   8.1300000e-03
  -5.4647000e-02
   0.0000000e+00
   8.2580000e-03
  -5.4472000e-02
   0.0000000e+00
   8.3850000e-03
  -5.4295000e-02
   0.0000000e+00
   8.5120000e-03
  -5.4115000e-02
   0.0000000e+00
   8.6380000e-03
  -5.3932000e-02
   0.0000000e+00
   8.7640000e-03
  -5.3747000e-02
   0.0000000e+00
   8.8900000e-03
  -5.3559000e-02
   0.0000000e+00
   9.0150000e-03
  -5.3368000e-02
   0.0000000e+00
   9.1400000e-03
  -5.3175000e-02
   0.0000000e+00
   9.2640000e-03
  -5.2979000e-02
   0.0000000e+00
   9.3880000e-03
  -5.2781000e-02
   0.0000000e+00
   9.5110000e-03
  -5.2580000e-02
   0.0000000e+00
   9.6340000e-03
  -5.2376000e-02
   0.0000000e+00
   9.7570000e-03
  -5.2170000e-02
   0.0000000e+00
   9.8790000e-03
  -5.1961000e-02
   0.0000000e+00
   1.0000000e-02
  -5.1750000e-02
   0.0000000e+00
   1.0121000e-02
  -5.1536000e-02
   0.0000000e+00
   1.0242000e-02
  -5.1320000e-02
   0.0000000e+00
   1.0362000e-02
  -5.1101000e-02
   0.0000000e+00
   1.0481000e-02
  -5.0880000e-02
   0.0000000e+00
   1.0600000e-02
  -5.0656000e-02
   0.0000000e+00
   1.0719000e-02
  -5.0429000e-02
   0.0000000e+00
   1.0837000e-02
  -5.0201000e-02
   0.0000000e+00
   1.0954000e-02
  -4.9969000e-02
   0.0000000e+00
   1.1071000e-02
  -4.9736000e-02
   0.0000000e+00
   1.1187000e-02
  -4.9499000e-02
   0.0000000e+00
   1.1303000e-02
  -4.9261000e-02
   0.0000000e+00
   1.1418000e-02
  -4.9020000e-02
   0.0000000e+00
   1.1533000e-02
  -4.8776000e-02
   0.0000000e+00
   1.1647000e-02
  -4.8531000e-02
   0.0000000e+00
   1.1760000e-02
  -4.8283000e-02
   0.0000000e+00
   1.1873000e-02
  -4.8032000e-02
   0.0000000e+00
   1.1986000e-02
  -4.7779000e-02
   0.0000000e+00
   1.2098000e-02
  -4.7524000e-02
   0.0000000e+00
   1.2209000e-02
  -4.7266000e-02
   0.0000000e+00
   1.2319000e-02
  -4.7007000e-02
   0.0000000e+00
   1.2429000e-02
  -4.6744000e-02
   0.0000000e+00
   1.2539000e-02
  -4.6480000e-02
   0.0000000e+00
   1.2647000e-02
  -4.6213000e-02
   0.0000000e+00
   1.2756000e-02
  -4.5944000e-02
   0.0000000e+00
   1.2863000e-02
  -4.5673000e-02
   0.0000000e+00
   1.2970000e-02
  -4.5399000e-02
   0.0000000e+00
   1.3076000e-02
  -4.5124000e-02
   0.0000000e+00
   1.3182000e-02
  -4.4846000e-02
   0.0000000e+00
   1.3287000e-02
  -4.4566000e-02
   0.0000000e+00
   1.3391000e-02
  -4.4283000e-02
   0.0000000e+00
   1.3495000e-02
  -4.3999000e-02
   0.0000000e+00
   1.3598000e-02
  -4.3712000e-02
   0.0000000e+00
   1.3700000e-02
  -4.3424000e-02
   0.0000000e+00
   1.3802000e-02
  -4.3133000e-02
   0.0000000e+00
   1.3903000e-02
  -4.2840000e-02
   0.0000000e+00
   1.4003000e-02
  -4.2544000e-02
   0.0000000e+00
   1.4103000e-02
  -4.2247000e-02
   0.0000000e+00
   1.4202000e-02
  -4.1948000e-02
   0.0000000e+00
   1.4300000e-02
  -4.1647000e-02
   0.0000000e+00
   1.4397000e-02
  -4.1343000e-02
   0.0000000e+00
   1.4494000e-02
  -4.1038000e-02
   0.0000000e+00
   1.4590000e-02
  -4.0731000e-02
   0.0000000e+00
   1.4686000e-02
  -4.0421000e-02
   0.0000000e+00
   1.4780000e-02
  -4.0110000e-02
   0.0000000e+00
   1.4874000e-02
  -3.9796000e-02
   0.0000000e+00
   1.4968000e-02
  -3.9481000e-02
   0.0000000e+00
   1.5060000e-02
  -3.9164000e-02
   0.0000000e+00
   1.5152000e-02
  -3.8845000e-02
   0.0000000e+00
   1.5243000e-02
  -3.8524000e-02
   0.0000000e+00
   1.5333000e-02
  -3.8201000e-02
   0.0000000e+00
   1.5423000e-02
  -3.7876000e-02
   0.0000000e+00
   1.5511000e-02
  -3.7549000e-02
   0.0000000e+00
   1.5599000e-02
  -3.7221000e-02
   0.0000000e+00
   1.5687000e-02
  -3.6891000e-02
   0.0000000e+00
   1.5773000e-02
  -3.6558000e-02
   0.0000000e+00
   1.5859000e-02
  -3.6224000e-02
   0.0000000e+00
   1.5944000e-02
  -3.5889000e-02
   0.0000000e+00
   1.6028000e-02
  -3.5551000e-02
   0.0000000e+00
   1.6111000e-02
  -3.5212000e-02
   0.0000000e+00
   1.6194000e-02
  -3.4871000e-02
   0.0000000e+00
   1.6275000e-02
  -3.4529000e-02
   0.0000000e+00
   1.6356000e-02
  -3.4184000e-02
   0.0000000e+00
   1.6437000e-02
  -3.3838000e-02
   0.0000000e+00
   1.6516000e-02
  -3.3491000e-02
   0.0000000e+00
   1.6594000e-02
  -3.3141000e-02
   0.0000000e+00
   1.6672000e-02
  -3.2790000e-02
   0.0000000e+00
   1.6749000e-02
  -3.2438000e-02
   0.0000000e+00
   1.6825000e-02
  -3.2084000e-02
   0.0000000e+00
   1.6900000e-02
  -3.1728000e-02
   0.0000000e+00
   1.6975000e-02
  -3.1371000e-02
   0.0000000e+00
   1.7049000e-02
  -3.1012000e-02
   0.0000000e+00
   1.7121000e-02
  -3.0652000e-02
   0.0000000e+00
   1.7193000e-02
  -3.0290000e-02
   0.0000000e+00
   1.7264000e-02
  -2.9927000e-02
   0.0000000e+00
   1.7335000e-02
  -2.9562000e-02
   0.0000000e+00
   1.7404000e-02
  -2.9196000e-02
   0.0000000e+00
   1.7473000e-02
  -2.8828000e-02
   0.0000000e+00
   1.7540000e-02
  -2.8459000e-02
   0.0000000e+00
   1.7607000e-02
  -2.8088000e-02
   0.0000000e+00
   1.7673000e-02
  -2.7717000e-02
   0.0000000e+00
   1.7738000e-02
  -2.7343000e-02
   0.0000000e+00
   1.7802000e-02
  -2.6969000e-02
   0.0000000e+00
   1.7866000e-02
  -2.6593000e-02
   0.0000000e+00
   1.7928000e-02
  -2.6216000e-02
   0.0000000e+00
   1.7990000e-02
  -2.5838000e-02
   0.0000000e+00
   1.8051000e-02
  -2.5458000e-02
   0.0000000e+00
   1.8110000e-02
  -2.5077000e-02
   0.0000000e+00
   1.8169000e-02
  -2.4695000e-02
   0.0000000e+00
   1.8227000e-02
  -2.4311000e-02
   0.0000000e+00
   1.8285000e-02
  -2.3927000e-02
   0.0000000e+00
   1.8341000e-02
  -2.3541000e-02
   0.0000000e+00
   1.8396000e-02
  -2.3154000e-02
   0.0000000e+00
   1.8451000e-02
  -2.2766000e-02
   0.0000000e+00
   1.8504000e-02
  -2.2377000e-02
   0.0000000e+00
   1.8557000e-02
  -2.1987000e-02
   0.0000000e+00
   1.8609000e-02
  -2.1595000e-02
   0.0000000e+00
   1.8660000e-02
  -2.1203000e-02
   0.0000000e+00
   1.8710000e-02
  -2.0810000e-02
   0.0000000e+00
   1.8759000e-02
  -2.0415000e-02
   0.0000000e+00
   1.8807000e-02
  -2.0020000e-02
   0.0000000e+00
   1.8854000e-02
  -1.9623000e-02
   0.0000000e+00
   1.8900000e-02
  -1.9226000e-02
   0.0000000e+00
   1.8945000e-02
  -1.8828000e-02
   0.0000000e+00
   1.8990000e-02
  -1.8428000e-02
   0.0000000e+00
   1.9033000e-02
  -1.8028000e-02
   0.0000000e+00
   1.9076000e-02
  -1.7627000e-02
   0.0000000e+00
   1.9117000e-02
  -1.7225000e-02
   0.0000000e+00
   1.9158000e-02
  -1.6823000e-02
   0.0000000e+00
   1.9198000e-02
  -1.6419000e-02
   0.0000000e+00
   1.9237000e-02
  -1.6015000e-02
   0.0000000e+00
   1.9274000e-02
  -1.5609000e-02
   0.0000000e+00
   1.9311000e-02
  -1.5204000e-02
   0.0000000e+00
   1.9347000e-02
  -1.4797000e-02
   0.0000000e+00
   1.9382000e-02
  -1.4389000e-02
   0.0000000e+00
   1.9416000e-02
  -1.3981000e-02
   0.0000000e+00
   1.9449000e-02
  -1.3573000e-02
   0.0000000e+00
   1.9482000e-02
  -1.3163000e-02
   0.0000000e+00
   1.9513000e-02
  -1.2753000e-02
   0.0000000e+00
   1.9543000e-02
  -1.2342000e-02
   0.0000000e+00
   1.9572000e-02
  -1.1931000e-02
   0.0000000e+00
   1.9601000e-02
  -1.1519000e-02
   0.0000000e+00
   1.9628000e-02
  -1.1107000e-02
   0.0000000e+00
   1.9654000e-02
  -1.0694000e-02
   0.0000000e+00
   1.9680000e-02
  -1.0280000e-02
   0.0000000e+00
   1.9704000e-02
  -9.8660000e-03
   0.0000000e+00
   1.9728000e-02
  -9.4520000e-03
   0.0000000e+00
   1.9750000e-02
  -9.0370000e-03
   0.0000000e+00
   1.9772000e-02
  -8.6210000e-03
   0.0000000e+00
   1.9792000e-02
  -8.2050000e-03
   0.0000000e+00
   1.9812000e-02
  -7.7890000e-03
   0.0000000e+00
   1.9831000e-02
  -7.3720000e-03
   0.0000000e+00
   1.9848000e-02
  -6.9550000e-03
   0.0000000e+00
   1.9865000e-02
  -6.5380000e-03
   0.0000000e+00
   1.9881000e-02
  -6.1200000e-03
   0.0000000e+00
   1.9896000e-02
  -5.7020000e-03
   0.0000000e+00
   1.9909000e-02
  -5.2840000e-03
   0.0000000e+00
   1.9922000e-02
  -4.8660000e-03
   0.0000000e+00
   1.9934000e-02
  -4.4470000e-03
   0.0000000e+00
   1.9945000e-02
  -4.0280000e-03
   0.0000000e+00
   1.9955000e-02
  -3.6090000e-03
   0.0000000e+00
   1.9964000e-02
  -3.1900000e-03
   0.0000000e+00
   1.9972000e-02
  -2.7700000e-03
   0.0000000e+00
   1.9979000e-02
  -2.3510000e-03
   0.0000000e+00
   1.9985000e-02
  -1.9310000e-03
   0.0000000e+00
   1.9990000e-02
  -1.5110000e-03
   0.0000000e+00
   1.9994000e-02
  -1.0910000e-03
   0.0000000e+00
   1.9997000e-02
  -6.7100000e-04
   0.0000000e+00
   1.9999000e-02
  -2.5100000e-04
   0.0000000e+00
   2.0000000e-02
   0.0000000e+00
   0.0000000e+00
   2.0000000e-02
