   0.0000000e+00
   0.0000000e+00
   0.0000000e+00
   0.0000000e+00
   1.0000000e-03
   0.0000000e+00
   0.0000000e+00
   2.0000000e-03
   0.0000000e+00
   0.0000000e+00
   3.0000000e-03
   0.0000000e+00
   0.0000000e+00
   4.0000000e-03
   0.0000000e+00
   0.0000000e+00
   5.0000000e-03
   0.0000000e+00
   0.0000000e+00
   6.0000000e-03
   0.0000000e+00
   0.0000000e+00
   7.0000000e-03
   0.0000000e+00
   0.0000000e+00
   8.0000000e-03
   0.0000000e+00
   0.0000000e+00
   9.0000000e-03
   0.0000000e+00
   0.0000000e+00
   1.0000000e-02
   0.0000000e+00
   0.0000000e+00
   1.1000000e-02
   0.0000000e+00
   0.0000000e+00
   1.2000000e-02
   0.0000000e+00
   0.0000000e+00
   1.3000000e-02
   0.0000000e+00
   0.0000000e+00
   1.4000000e-02
   0.0000000e+00
   0.0000000e+00
   1.5000000e-02
   0.0000000e+00
   0.0000000e+00
   1.6000000e-02
   0.0000000e+00
   0.0000000e+00
   1.7000000e-02
   0.0000000e+00
   0.0000000e+00
   1.8000000e-02
   0.0000000e+00
   0.0000000e+00
   1.9000000e-02
   0.0000000e+00
   0.0000000e+00
   2.0000000e-02
   0.0000000e+00
   0.0000000e+00
   2.0000000e-02
   0.0000000e+00
   0.0000000e+00
   2.0000000e-02
   1.4000000e-04
   0.0000000e+00
   1.9998000e-02
   2.8000000e-04
   0.0000000e+00
   1.9996000e-02
   4.2000000e-04
   0.0000000e+00
   1.9992000e-02
   5.6000000e-04
   0.0000000e+00
   1.9988000e-02
   7.0000000e-04
   0.0000000e+00
   1.9982000e-02
   8.4000000e-04
   0.0000000e+00
   1.9976000e-02
   9.8000000e-04
   0.0000000e+00
   1.9969000e-02
   1.1190000e-03
   0.0000000e+00
   1.9960000e-02
   1.2590000e-03
   0.0000000e+00
   1.9951000e-02
   1.3990000e-03
   0.0000000e+00
   1.9941000e-02
   1.5380000e-03
   0.0000000e+00
   1.9929000e-02
   1.6780000e-03
   0.0000000e+00
   1.9917000e-02
   1.8170000e-03
   0.0000000e+00
   1.9904000e-02
   1.9570000e-03
   0.0000000e+00
   1.9890000e-02
   2.0960000e-03
   0.0000000e+00
   1.9875000e-02
   2.2350000e-03
   0.0000000e+00
   1.9859000e-02
   2.3740000e-03
   0.0000000e+00
   1.9841000e-02
   2.5130000e-03
   0.0000000e+00
   1.9823000e-02
   2.6520000e-03
   0.0000000e+00
   1.9804000e-02
   2.7910000e-03
   0.0000000e+00
   1.9784000e-02
   2.9290000e-03
   0.0000000e+00
   1.9763000e-02
   3.0680000e-03
   0.0000000e+00
   1.9741000e-02
   3.2060000e-03
   0.0000000e+00
   1.9718000e-02
   3.3440000e-03
   0.0000000e+00
   1.9695000e-02
   3.4820000e-03
   0.0000000e+00
   1.9670000e-02
   3.6200000e-03
   0.0000000e+00
   1.9644000e-02
   3.7580000e-03
   0.0000000e+00
   1.9617000e-02
   3.8950000e-03
   0.0000000e+00
   1.9589000e-02
   4.0320000e-03
   0.0000000e+00
   1.9561000e-02
   4.1690000e-03
   0.0000000e+00
   1.9531000e-02
   4.3060000e-03
   0.0000000e+00
   1.9500000e-02
   4.4430000e-03
   0.0000000e+00
   1.9469000e-02
   4.5790000e-03
   0.0000000e+00
   1.9436000e-02
   4.7150000e-03
   0.0000000e+00
   1.9403000e-02
   4.8510000e-03
   0.0000000e+00
   1.9368000e-02
   4.9870000e-03
   0.0000000e+00
   1.9333000e-02
   5.1220000e-03
   0.0000000e+00
   1.9297000e-02
   5.2570000e-03
   0.0000000e+00
   1.9259000e-02
   5.3920000e-03
   0.0000000e+00
   1.9221000e-02
   5.5270000e-03
   0.0000000e+00
   1.9182000e-02
   5.6620000e-03
   0.0000000e+00
   1.9142000e-02
   5.7960000e-03
   0.0000000e+00
   1.9101000e-02
   5.9300000e-03
   0.0000000e+00
   1.9059000e-02
   6.0630000e-03
   0.0000000e+00
   1.9016000e-02
   6.1960000e-03
   0.0000000e+00
   1.8972000e-02
   6.3290000e-03
   0.0000000e+00
   1.8927000e-02
   6.4620000e-03
   0.0000000e+00
   1.8882000e-02
   6.5940000e-03
   0.0000000e+00
   1.8835000e-02
   6.7260000e-03
   0.0000000e+00
   1.8787000e-02
   6.8580000e-03
   0.0000000e+00
   1.8739000e-02
   6.9890000e-03
   0.0000000e+00
   1.8690000e-02
   7.1200000e-03
   0.0000000e+00
   1.8639000e-02
   7.2510000e-03
   0.0000000e+00
   1.8588000e-02
   7.3810000e-03
   0.0000000e+00
   1.8536000e-02
   7.5110000e-03
   0.0000000e+00
   1.8483000e-02
   7.6410000e-03
   0.0000000e+00
   1.8429000e-02
   7.7700000e-03
   0.0000000e+00
   1.8374000e-02
   7.8990000e-03
   0.0000000e+00
   1.8318000e-02
   8.0270000e-03
   0.0000000e+00
   1.8262000e-02
   8.1550000e-03
   0.0000000e+00
   1.8204000e-02
   8.2830000e-03
   0.0000000e+00
   1.8146000e-02
   8.4100000e-03
   0.0000000e+00
   1.8087000e-02
   8.5370000e-03
   0.0000000e+00
   1.8026000e-02
   8.6630000e-03
   0.0000000e+00
   1.7965000e-02
   8.7890000e-03
   0.0000000e+00
   1.7903000e-02
   8.9150000e-03
   0.0000000e+00
   1.7840000e-02
   9.0400000e-03
   0.0000000e+00
   1.7777000e-02
   9.1650000e-03
   0.0000000e+00
   1.7712000e-02
   9.2890000e-03
   0.0000000e+00
   1.7647000e-02
   9.4130000e-03
   0.0000000e+00
   1.7580000e-02
   9.5360000e-03
   0.0000000e+00
   1.7513000e-02
   9.6590000e-03
   0.0000000e+00
   1.7445000e-02
   9.7810000e-03
   0.0000000e+00
   1.7376000e-02
   9.9030000e-03
   0.0000000e+00
   1.7306000e-02
   1.0024000e-02
   0.0000000e+00
   1.7236000e-02
   1.0145000e-02
   0.0000000e+00
   1.7164000e-02
   1.0266000e-02
   0.0000000e+00
   1.7092000e-02
   1.0385000e-02
   0.0000000e+00
   1.7019000e-02
   1.0505000e-02
   0.0000000e+00
   1.6945000e-02
   1.0624000e-02
   0.0000000e+00
   1.6870000e-02
   1.0742000e-02
   0.0000000e+00
   1.6795000e-02
   1.0860000e-02
   0.0000000e+00
   1.6718000e-02
   1.0977000e-02
   0.0000000e+00
   1.6641000e-02
   1.1094000e-02
   0.0000000e+00
   1.6563000e-02
   1.1210000e-02
   0.0000000e+00
   1.6484000e-02
   1.1326000e-02
   0.0000000e+00
   1.6404000e-02
   1.1441000e-02
   0.0000000e+00
   1.6324000e-02
   1.1556000e-02
   0.0000000e+00
   1.6243000e-02
   1.1669000e-02
   0.0000000e+00
   1.6161000e-02
   1.1783000e-02
   0.0000000e+00
   1.6078000e-02
   1.1896000e-02
   0.0000000e+00
   1.5994000e-02
   1.2008000e-02
   0.0000000e+00
   1.5910000e-02
   1.2120000e-02
   0.0000000e+00
   1.5824000e-02
   1.2231000e-02
   0.0000000e+00
   1.5738000e-02
   1.2341000e-02
   0.0000000e+00
   1.5652000e-02
   1.2451000e-02
   0.0000000e+00
   1.5564000e-02
   1.2560000e-02
   0.0000000e+00
   1.5476000e-02
   1.2669000e-02
   0.0000000e+00
   1.5387000e-02
   1.2777000e-02
   0.0000000e+00
   1.5297000e-02
   1.2884000e-02
   0.0000000e+00
   1.5206000e-02
   1.2991000e-02
   0.0000000e+00
   1.5115000e-02
   1.3097000e-02
   0.0000000e+00
   1.5023000e-02
   1.3203000e-02
   0.0000000e+00
   1.4930000e-02
   1.3308000e-02
   0.0000000e+00
   1.4837000e-02
   1.3412000e-02
   0.0000000e+00
   1.4742000e-02
   1.3515000e-02
   0.0000000e+00
   1.4647000e-02
   1.3618000e-02
   0.0000000e+00
   1.4552000e-02
   1.3720000e-02
   0.0000000e+00
   1.4455000e-02
   1.3822000e-02
   0.0000000e+00
   1.4358000e-02
   1.3923000e-02
   0.0000000e+00
   1.4260000e-02
   1.4023000e-02
   0.0000000e+00
   1.4162000e-02
   1.4122000e-02
   0.0000000e+00
   1.4063000e-02
   1.4221000e-02
   0.0000000e+00
   1.3963000e-02
   1.4319000e-02
   0.0000000e+00
   1.3862000e-02
   1.4417000e-02
   0.0000000e+00
   1.3761000e-02
   1.4513000e-02
   0.0000000e+00
   1.3659000e-02
   1.4609000e-02
   0.0000000e+00
   1.3556000e-02
   1.4705000e-02
   0.0000000e+00
   1.3453000e-02
   1.4799000e-02
   0.0000000e+00
   1.3349000e-02
   1.4893000e-02
   0.0000000e+00
   1.3245000e-02
   1.4986000e-02
   0.0000000e+00
   1.3139000e-02
   1.5078000e-02
   0.0000000e+00
   1.3034000e-02
   1.5170000e-02
   0.0000000e+00
   1.2927000e-02
   1.5261000e-02
   0.0000000e+00
   1.2820000e-02
   1.5351000e-02
   0.0000000e+00
   1.2712000e-02
   1.5440000e-02
   0.0000000e+00
   1.2604000e-02
   1.5529000e-02
   0.0000000e+00
   1.2495000e-02
   1.5617000e-02
   0.0000000e+00
   1.2385000e-02
   1.5704000e-02
   0.0000000e+00
   1.2275000e-02
   1.5790000e-02
   0.0000000e+00
   1.2164000e-02
   1.5876000e-02
   0.0000000e+00
   1.2053000e-02
   1.5960000e-02
   0.0000000e+00
   1.1941000e-02
   1.6044000e-02
   0.0000000e+00
   1.1828000e-02
   1.6128000e-02
   0.0000000e+00
   1.1715000e-02
   1.6210000e-02
   0.0000000e+00
   1.1601000e-02
   1.6292000e-02
   0.0000000e+00
   1.1487000e-02
   1.6372000e-02
   0.0000000e+00
   1.1372000e-02
   1.6452000e-02
   0.0000000e+00
   1.1256000e-02
   1.6532000e-02
   0.0000000e+00
   1.1140000e-02
   1.6610000e-02
   0.0000000e+00
   1.1024000e-02
   1.6688000e-02
   0.0000000e+00
   1.0907000e-02
   1.6764000e-02
   0.0000000e+00
   1.0789000e-02
   1.6840000e-02
   0.0000000e+00
   1.0671000e-02
   1.6915000e-02
   0.0000000e+00
   1.0552000e-02
   1.6990000e-02
   0.0000000e+00
   1.0433000e-02
   1.7063000e-02
   0.0000000e+00
   1.0314000e-02
   1.7136000e-02
   0.0000000e+00
   1.0193000e-02
   1.7207000e-02
   0.0000000e+00
   1.0073000e-02
   1.7278000e-02
   0.0000000e+00
   9.9510000e-03
   1.7348000e-02
   0.0000000e+00
   9.8300000e-03
   1.7418000e-02
   0.0000000e+00
   9.7080000e-03
   1.7486000e-02
   0.0000000e+00
   9.5850000e-03
   1.7554000e-02
   0.0000000e+00
   9.4620000e-03
   1.7620000e-02
   0.0000000e+00
   9.3380000e-03
   1.7686000e-02
   0.0000000e+00
   9.2140000e-03
   1.7751000e-02
   0.0000000e+00
   9.0900000e-03
   1.7815000e-02
   0.0000000e+00
   8.9650000e-03
   1.7878000e-02
   0.0000000e+00
   8.8390000e-03
   1.7941000e-02
   0.0000000e+00
   8.7140000e-03
   1.8002000e-02
   0.0000000e+00
   8.5870000e-03
   1.8063000e-02
   0.0000000e+00
   8.4610000e-03
   1.8122000e-02
   0.0000000e+00
   8.3340000e-03
   1.8181000e-02
   0.0000000e+00
   8.2060000e-03
   1.8239000e-02
   0.0000000e+00
   8.0780000e-03
   1.8296000e-02
   0.0000000e+00
   7.9500000e-03
   1.8352000e-02
   0.0000000e+00
   7.8210000e-03
   1.8407000e-02
   0.0000000e+00
   7.6920000e-03
   1.8461000e-02
   0.0000000e+00
   7.5630000e-03
   1.8515000e-02
   0.0000000e+00
   7.4330000e-03
   1.8567000e-02
   0.0000000e+00
   7.3030000e-03
   1.8619000e-02
   0.0000000e+00
   7.1730000e-03
   1.8670000e-02
   0.0000000e+00
   7.0420000e-03
   1.8719000e-02
   0.0000000e+00
   6.9100000e-03
   1.8768000e-02
   0.0000000e+00
   6.7790000e-03
   1.8816000e-02
   0.0000000e+00
   6.6470000e-03
   1.8863000e-02
   0.0000000e+00
   6.5150000e-03
   1.8909000e-02
   0.0000000e+00
   6.3820000e-03
   1.8954000e-02
   0.0000000e+00
   6.2490000e-03
   1.8999000e-02
   0.0000000e+00
   6.1160000e-03
   1.9042000e-02
   0.0000000e+00
   5.9830000e-03
   1.9084000e-02
   0.0000000e+00
   5.8490000e-03
   1.9126000e-02
   0.0000000e+00
   5.7150000e-03
   1.9166000e-02
   0.0000000e+00
   5.5810000e-03
   1.9206000e-02
   0.0000000e+00
   5.4460000e-03
   1.9244000e-02
   0.0000000e+00
   5.3110000e-03
   1.9282000e-02
   0.0000000e+00
   5.1760000e-03
   1.9319000e-02
   0.0000000e+00
   5.0410000e-03
   1.9354000e-02
   0.0000000e+00
   4.9050000e-03
   1.9389000e-02
   0.0000000e+00
   4.7700000e-03
   1.9423000e-02
   0.0000000e+00
   4.6330000e-03
   1.9456000e-02
   0.0000000e+00
   4.4970000e-03
   1.9488000e-02
   0.0000000e+00
   4.3610000e-03
   1.9519000e-02
   0.0000000e+00
   4.2240000e-03
   1.9549000e-02
   0.0000000e+00
   4.0870000e-03
   1.9578000e-02
   0.0000000e+00
   3.9500000e-03
   1.9606000e-02
   0.0000000e+00
   3.8120000e-03
   1.9633000e-02
   0.0000000e+00
   3.6750000e-03
   1.9659000e-02
   0.0000000e+00
   3.5370000e-03
   1.9685000e-02
   0.0000000e+00
   3.3990000e-03
   1.9709000e-02
   0.0000000e+00
   3.2610000e-03
   1.9732000e-02
   0.0000000e+00
   3.1230000e-03
   1.9755000e-02
   0.0000000e+00
   2.9850000e-03
   1.9776000e-02
   0.0000000e+00
   2.8460000e-03
   1.9796000e-02
   0.0000000e+00
   2.7080000e-03
   1.9816000e-02
   0.0000000e+00
   2.5690000e-03
   1.9834000e-02
   0.0000000e+00
   2.4300000e-03
   1.9852000e-02
   0.0000000e+00
   2.2910000e-03
   1.9868000e-02
   0.0000000e+00
   2.1520000e-03
   1.9884000e-02
   0.0000000e+00
   2.0130000e-03
   1.9898000e-02
   0.0000000e+00
   1.8730000e-03
   1.9912000e-02
   0.0000000e+00
   1.7340000e-03
   1.9925000e-02
   0.0000000e+00
   1.5940000e-03
   1.9936000e-02
   0.0000000e+00
   1.4550000e-03
   1.9947000e-02
   0.0000000e+00
   1.3150000e-03
   1.9957000e-02
   0.0000000e+00
   1.1750000e-03
   1.9965000e-02
   0.0000000e+00
   1.0350000e-03
   1.9973000e-02
   0.0000000e+00
   8.9600000e-04
   1.9980000e-02
   0.0000000e+00
   7.5600000e-04
   1.9986000e-02
   0.0000000e+00
   6.1600000e-04
   1.9991000e-02
   0.0000000e+00
   4.7600000e-04
   1.9994000e-02
   0.0000000e+00
   3.3600000e-04
   1.9997000e-02
   0.0000000e+00
   1.9600000e-04
   1.9999000e-02
   0.0000000e+00
   5.6000000e-05
   2.0000000e-02
   0.0000000e+00
  -8.4000000e-05
   2.0000000e-02
   0.0000000e+00
  -2.2400000e-04
   1.9999000e-02
   0.0000000e+00
  -3.6400000e-04
   1.9997000e-02
   0.0000000e+00
  -5.0400000e-04
   1.9994000e-02
   0.0000000e+00
  -6.4400000e-04
   1.9990000e-02
   0.0000000e+00
  -7.8400000e-04
   1.9985000e-02
   0.0000000e+00
  -9.2400000e-04
   1.9979000e-02
   0.0000000e+00
  -1.0640000e-03
   1.9972000e-02
   0.0000000e+00
  -1.2030000e-03
   1.9964000e-02
   0.0000000e+00
  -1.3430000e-03
   1.9955000e-02
   0.0000000e+00
  -1.4830000e-03
   1.9945000e-02
   0.0000000e+00
  -1.6220000e-03
   1.9934000e-02
   0.0000000e+00
  -1.7620000e-03
   1.9922000e-02
   0.0000000e+00
  -1.9010000e-03
   1.9909000e-02
   0.0000000e+00
  -2.0410000e-03
   1.9896000e-02
   0.0000000e+00
  -2.1800000e-03
   1.9881000e-02
   0.0000000e+00
  -2.3190000e-03
   1.9865000e-02
   0.0000000e+00
  -2.4580000e-03
   1.9848000e-02
   0.0000000e+00
  -2.5970000e-03
   1.9831000e-02
   0.0000000e+00
  -2.7350000e-03
   1.9812000e-02
   0.0000000e+00
  -2.8740000e-03
   1.9792000e-02
   0.0000000e+00
  -3.0130000e-03
   1.9772000e-02
   0.0000000e+00
  -3.1510000e-03
   1.9750000e-02
   0.0000000e+00
  -3.2890000e-03
   1.9728000e-02
   0.0000000e+00
  -3.4270000e-03
   1.9704000e-02
   0.0000000e+00
  -3.5650000e-03
   1.9680000e-02
   0.0000000e+00
  -3.7030000e-03
   1.9654000e-02
   0.0000000e+00
  -3.8400000e-03
   1.9628000e-02
   0.0000000e+00
  -3.9770000e-03
   1.9601000e-02
   0.0000000e+00
  -4.1140000e-03
   1.9572000e-02
   0.0000000e+00
  -4.2510000e-03
   1.9543000e-02
   0.0000000e+00
  -4.3880000e-03
   1.9513000e-02
   0.0000000e+00
  -4.5250000e-03
   1.9481000e-02
   0.0000000e+00
  -4.6610000e-03
   1.9449000e-02
   0.0000000e+00
  -4.7970000e-03
   1.9416000e-02
   0.0000000e+00
  -4.9330000e-03
   1.9382000e-02
   0.0000000e+00
  -5.0680000e-03
   1.9347000e-02
   0.0000000e+00
  -5.2040000e-03
   1.9311000e-02
   0.0000000e+00
  -5.3390000e-03
   1.9274000e-02
   0.0000000e+00
  -5.4730000e-03
   1.9236000e-02
   0.0000000e+00
  -5.6080000e-03
   1.9198000e-02
   0.0000000e+00
  -5.7420000e-03
   1.9158000e-02
   0.0000000e+00
  -5.8760000e-03
   1.9117000e-02
   0.0000000e+00
  -6.0100000e-03
   1.9076000e-02
   0.0000000e+00
  -6.1430000e-03
   1.9033000e-02
   0.0000000e+00
  -6.2760000e-03
   1.8990000e-02
   0.0000000e+00
  -6.4090000e-03
   1.8945000e-02
   0.0000000e+00
  -6.5410000e-03
   1.8900000e-02
   0.0000000e+00
  -6.6740000e-03
   1.8854000e-02
   0.0000000e+00
  -6.8050000e-03
   1.8807000e-02
   0.0000000e+00
  -6.9370000e-03
   1.8758000e-02
   0.0000000e+00
  -7.0680000e-03
   1.8709000e-02
   0.0000000e+00
  -7.1990000e-03
   1.8660000e-02
   0.0000000e+00
  -7.3290000e-03
   1.8609000e-02
   0.0000000e+00
  -7.4590000e-03
   1.8557000e-02
   0.0000000e+00
  -7.5890000e-03
   1.8504000e-02
   0.0000000e+00
  -7.7180000e-03
   1.8451000e-02
   0.0000000e+00
  -7.8470000e-03
   1.8396000e-02
   0.0000000e+00
  -7.9760000e-03
   1.8341000e-02
   0.0000000e+00
  -8.1040000e-03
   1.8285000e-02
   0.0000000e+00
  -8.2320000e-03
   1.8227000e-02
   0.0000000e+00
  -8.3590000e-03
   1.8169000e-02
   0.0000000e+00
  -8.4860000e-03
   1.8110000e-02
   0.0000000e+00
  -8.6130000e-03
   1.8050000e-02
   0.0000000e+00
  -8.7390000e-03
   1.7990000e-02
   0.0000000e+00
  -8.8650000e-03
   1.7928000e-02
   0.0000000e+00
  -8.9900000e-03
   1.7866000e-02
   0.0000000e+00
  -9.1150000e-03
   1.7802000e-02
   0.0000000e+00
  -9.2390000e-03
   1.7738000e-02
   0.0000000e+00
  -9.3630000e-03
   1.7673000e-02
   0.0000000e+00
  -9.4870000e-03
   1.7607000e-02
   0.0000000e+00
  -9.6100000e-03
   1.7540000e-02
   0.0000000e+00
  -9.7320000e-03
   1.7472000e-02
   0.0000000e+00
  -9.8540000e-03
   1.7404000e-02
   0.0000000e+00
  -9.9760000e-03
   1.7334000e-02
   0.0000000e+00
  -1.0097000e-02
   1.7264000e-02
   0.0000000e+00
  -1.0218000e-02
   1.7193000e-02
   0.0000000e+00
  -1.0338000e-02
   1.7121000e-02
   0.0000000e+00
  -1.0457000e-02
   1.7048000e-02
   0.0000000e+00
  -1.0576000e-02
   1.6975000e-02
   0.0000000e+00
  -1.0695000e-02
   1.6900000e-02
   0.0000000e+00
  -1.0813000e-02
   1.6825000e-02
   0.0000000e+00
  -1.0930000e-02
   1.6749000e-02
   0.0000000e+00
  -1.1047000e-02
   1.6672000e-02
   0.0000000e+00
  -1.1164000e-02
   1.6594000e-02
   0.0000000e+00
  -1.1280000e-02
   1.6516000e-02
   0.0000000e+00
  -1.1395000e-02
   1.6436000e-02
   0.0000000e+00
  -1.1510000e-02
   1.6356000e-02
   0.0000000e+00
  -1.1624000e-02
   1.6275000e-02
   0.0000000e+00
  -1.1738000e-02
   1.6193000e-02
   0.0000000e+00
  -1.1851000e-02
   1.6111000e-02
   0.0000000e+00
  -1.1963000e-02
   1.6028000e-02
   0.0000000e+00
  -1.2075000e-02
   1.5943000e-02
   0.0000000e+00
  -1.2186000e-02
   1.5858000e-02
   0.0000000e+00
  -1.2297000e-02
   1.5773000e-02
   0.0000000e+00
  -1.2407000e-02
   1.5686000e-02
   0.0000000e+00
  -1.2517000e-02
   1.5599000e-02
   0.0000000e+00
  -1.2626000e-02
   1.5511000e-02
   0.0000000e+00
  -1.2734000e-02
   1.5422000e-02
   0.0000000e+00
  -1.2842000e-02
   1.5333000e-02
   0.0000000e+00
  -1.2949000e-02
   1.5243000e-02
   0.0000000e+00
  -1.3055000e-02
   1.5152000e-02
   0.0000000e+00
  -1.3161000e-02
   1.5060000e-02
   0.0000000e+00
  -1.3266000e-02
   1.4967000e-02
   0.0000000e+00
  -1.3370000e-02
   1.4874000e-02
   0.0000000e+00
  -1.3474000e-02
   1.4780000e-02
   0.0000000e+00
  -1.3577000e-02
   1.4685000e-02
   0.0000000e+00
  -1.3680000e-02
   1.4590000e-02
   0.0000000e+00
  -1.3781000e-02
   1.4494000e-02
   0.0000000e+00
  -1.3883000e-02
   1.4397000e-02
   0.0000000e+00
  -1.3983000e-02
   1.4300000e-02
   0.0000000e+00
  -1.4083000e-02
   1.4201000e-02
   0.0000000e+00
  -1.4182000e-02
   1.4102000e-02
   0.0000000e+00
  -1.4280000e-02
   1.4003000e-02
   0.0000000e+00
  -1.4378000e-02
   1.3902000e-02
   0.0000000e+00
  -1.4475000e-02
   1.3801000e-02
   0.0000000e+00
  -1.4571000e-02
   1.3700000e-02
   0.0000000e+00
  -1.4667000e-02
   1.3598000e-02
   0.0000000e+00
  -1.4761000e-02
   1.3495000e-02
   0.0000000e+00
  -1.4855000e-02
   1.3391000e-02
   0.0000000e+00
  -1.4949000e-02
   1.3287000e-02
   0.0000000e+00
  -1.5041000e-02
   1.3182000e-02
   0.0000000e+00
  -1.5133000e-02
   1.3076000e-02
   0.0000000e+00
  -1.5225000e-02
   1.2970000e-02
   0.0000000e+00
  -1.5315000e-02
   1.2863000e-02
   0.0000000e+00
  -1.5405000e-02
   1.2755000e-02
   0.0000000e+00
  -1.5494000e-02
   1.2647000e-02
   0.0000000e+00
  -1.5582000e-02
   1.2538000e-02
   0.0000000e+00
  -1.5669000e-02
   1.2429000e-02
   0.0000000e+00
  -1.5756000e-02
   1.2319000e-02
   0.0000000e+00
  -1.5842000e-02
   1.2208000e-02
   0.0000000e+00
  -1.5927000e-02
   1.2097000e-02
   0.0000000e+00
  -1.6011000e-02
   1.1985000e-02
   0.0000000e+00
  -1.6094000e-02
   1.1873000e-02
   0.0000000e+00
  -1.6177000e-02
   1.1760000e-02
   0.0000000e+00
  -1.6259000e-02
   1.1647000e-02
   0.0000000e+00
  -1.6340000e-02
   1.1533000e-02
   0.0000000e+00
  -1.6420000e-02
   1.1418000e-02
   0.0000000e+00
  -1.6500000e-02
   1.1303000e-02
   0.0000000e+00
  -1.6579000e-02
   1.1187000e-02
   0.0000000e+00
  -1.6657000e-02
   1.1071000e-02
   0.0000000e+00
  -1.6734000e-02
   1.0954000e-02
   0.0000000e+00
  -1.6810000e-02
   1.0836000e-02
   0.0000000e+00
  -1.6885000e-02
   1.0718000e-02
   0.0000000e+00
  -1.6960000e-02
   1.0600000e-02
   0.0000000e+00
  -1.7034000e-02
   1.0481000e-02
   0.0000000e+00
  -1.7107000e-02
   1.0361000e-02
   0.0000000e+00
  -1.7179000e-02
   1.0241000e-02
   0.0000000e+00
  -1.7250000e-02
   1.0121000e-02
   0.0000000e+00
  -1.7321000e-02
   1.0000000e-02
   0.0000000e+00
  -1.7390000e-02
   9.8780000e-03
   0.0000000e+00
  -1.7459000e-02
   9.7560000e-03
   0.0000000e+00
  -1.7527000e-02
   9.6340000e-03
   0.0000000e+00
  -1.7594000e-02
   9.5110000e-03
   0.0000000e+00
  -1.7660000e-02
   9.3880000e-03
   0.0000000e+00
  -1.7725000e-02
   9.2640000e-03
   0.0000000e+00
  -1.7790000e-02
   9.1400000e-03
   0.0000000e+00
  -1.7853000e-02
   9.0150000e-03
   0.0000000e+00
  -1.7916000e-02
   8.8900000e-03
   0.0000000e+00
  -1.7978000e-02
   8.7640000e-03
   0.0000000e+00
  -1.8038000e-02
   8.6380000e-03
   0.0000000e+00
  -1.8099000e-02
   8.5110000e-03
   0.0000000e+00
  -1.8158000e-02
   8.3850000e-03
   0.0000000e+00
  -1.8216000e-02
   8.2570000e-03
   0.0000000e+00
  -1.8273000e-02
   8.1300000e-03
   0.0000000e+00
  -1.8330000e-02
   8.0010000e-03
   0.0000000e+00
  -1.8385000e-02
   7.8730000e-03
   0.0000000e+00
  -1.8440000e-02
   7.7440000e-03
   0.0000000e+00
  -1.8494000e-02
   7.6150000e-03
   0.0000000e+00
  -1.8547000e-02
   7.4850000e-03
   0.0000000e+00
  -1.8598000e-02
   7.3550000e-03
   0.0000000e+00
  -1.8649000e-02
   7.2250000e-03
   0.0000000e+00
  -1.8700000e-02
   7.0940000e-03
   0.0000000e+00
  -1.8749000e-02
   6.9630000e-03
   0.0000000e+00
  -1.8797000e-02
   6.8320000e-03
   0.0000000e+00
  -1.8844000e-02
   6.7000000e-03
   0.0000000e+00
  -1.8891000e-02
   6.5680000e-03
   0.0000000e+00
  -1.8936000e-02
   6.4350000e-03
   0.0000000e+00
  -1.8981000e-02
   6.3030000e-03
   0.0000000e+00
  -1.9025000e-02
   6.1700000e-03
   0.0000000e+00
  -1.9067000e-02
   6.0360000e-03
   0.0000000e+00
  -1.9109000e-02
   5.9030000e-03
   0.0000000e+00
  -1.9150000e-02
   5.7690000e-03
   0.0000000e+00
  -1.9190000e-02
   5.6350000e-03
   0.0000000e+00
  -1.9229000e-02
   5.5000000e-03
   0.0000000e+00
  -1.9267000e-02
   5.3650000e-03
   0.0000000e+00
  -1.9304000e-02
   5.2300000e-03
   0.0000000e+00
  -1.9340000e-02
   5.0950000e-03
   0.0000000e+00
  -1.9375000e-02
   4.9600000e-03
   0.0000000e+00
  -1.9410000e-02
   4.8240000e-03
   0.0000000e+00
  -1.9443000e-02
   4.6880000e-03
   0.0000000e+00
  -1.9475000e-02
   4.5520000e-03
   0.0000000e+00
  -1.9507000e-02
   4.4150000e-03
   0.0000000e+00
  -1.9537000e-02
   4.2790000e-03
   0.0000000e+00
  -1.9566000e-02
   4.1420000e-03
   0.0000000e+00
  -1.9595000e-02
   4.0050000e-03
   0.0000000e+00
  -1.9623000e-02
   3.8670000e-03
   0.0000000e+00
  -1.9649000e-02
   3.7300000e-03
   0.0000000e+00
  -1.9675000e-02
   3.5920000e-03
   0.0000000e+00
  -1.9699000e-02
   3.4540000e-03
   0.0000000e+00
  -1.9723000e-02
   3.3160000e-03
   0.0000000e+00
  -1.9746000e-02
   3.1780000e-03
   0.0000000e+00
  -1.9768000e-02
   3.0400000e-03
   0.0000000e+00
  -1.9788000e-02
   2.9020000e-03
   0.0000000e+00
  -1.9808000e-02
   2.7630000e-03
   0.0000000e+00
  -1.9827000e-02
   2.6240000e-03
   0.0000000e+00
  -1.9845000e-02
   2.4850000e-03
   0.0000000e+00
  -1.9862000e-02
   2.3460000e-03
   0.0000000e+00
  -1.9878000e-02
   2.2070000e-03
   0.0000000e+00
  -1.9893000e-02
   2.0680000e-03
   0.0000000e+00
  -1.9907000e-02
   1.9290000e-03
   0.0000000e+00
  -1.9920000e-02
   1.7890000e-03
   0.0000000e+00
  -1.9932000e-02
   1.6500000e-03
   0.0000000e+00
  -1.9943000e-02
   1.5100000e-03
   0.0000000e+00
  -1.9953000e-02
   1.3710000e-03
   0.0000000e+00
  -1.9962000e-02
   1.2310000e-03
   0.0000000e+00
  -1.9970000e-02
   1.0910000e-03
   0.0000000e+00
  -1.9977000e-02
   9.5100000e-04
   0.0000000e+00
  -1.9984000e-02
   8.1200000e-04
   0.0000000e+00
  -1.9989000e-02
   6.7200000e-04
   0.0000000e+00
  -1.9993000e-02
   5.3200000e-04
   0.0000000e+00
  -1.9996000e-02
   3.9200000e-04
   0.0000000e+00
  -1.9998000e-02
   2.5200000e-04
   0.0000000e+00
  -2.0000000e-02
   1.1200000e-04
   0.0000000e+00
  -2.0000000e-02
  -2.8000000e-05
   0.0000000e+00
  -1.9999000e-02
  -1.6800000e-04
   0.0000000e+00
  -1.9998000e-02
  -3.0800000e-04
   0.0000000e+00
  -1.9995000e-02
  -4.4800000e-04
   0.0000000e+00
  -1.9991000e-02
  -5.8800000e-04
   0.0000000e+00
  -1.9987000e-02
  -7.2800000e-04
   0.0000000e+00
  -1.9981000e-02
  -8.6800000e-04
   0.0000000e+00
  -1.9975000e-02
  -1.0080000e-03
   0.0000000e+00
  -1.9967000e-02
  -1.1480000e-03
   0.0000000e+00
  -1.9959000e-02
  -1.2870000e-03
   0.0000000e+00
  -1.9949000e-02
  -1.4270000e-03
   0.0000000e+00
  -1.9939000e-02
  -1.5670000e-03
   0.0000000e+00
  -1.9927000e-02
  -1.7060000e-03
   0.0000000e+00
  -1.9915000e-02
  -1.8460000e-03
   0.0000000e+00
  -1.9901000e-02
  -1.9850000e-03
   0.0000000e+00
  -1.9887000e-02
  -2.1240000e-03
   0.0000000e+00
  -1.9872000e-02
  -2.2630000e-03
   0.0000000e+00
  -1.9855000e-02
  -2.4020000e-03
   0.0000000e+00
  -1.9838000e-02
  -2.5410000e-03
   0.0000000e+00
  -1.9820000e-02
  -2.6800000e-03
   0.0000000e+00
  -1.9800000e-02
  -2.8190000e-03
   0.0000000e+00
  -1.9780000e-02
  -2.9570000e-03
   0.0000000e+00
  -1.9759000e-02
  -3.0960000e-03
   0.0000000e+00
  -1.9737000e-02
  -3.2340000e-03
   0.0000000e+00
  -1.9714000e-02
  -3.3720000e-03
   0.0000000e+00
  -1.9690000e-02
  -3.5100000e-03
   0.0000000e+00
  -1.9665000e-02
  -3.6480000e-03
   0.0000000e+00
  -1.9639000e-02
  -3.7850000e-03
   0.0000000e+00
  -1.9612000e-02
  -3.9230000e-03
   0.0000000e+00
  -1.9584000e-02
  -4.0600000e-03
   0.0000000e+00
  -1.9555000e-02
  -4.1970000e-03
   0.0000000e+00
  -1.9525000e-02
  -4.3340000e-03
   0.0000000e+00
  -1.9494000e-02
  -4.4700000e-03
   0.0000000e+00
  -1.9462000e-02
  -4.6060000e-03
   0.0000000e+00
  -1.9430000e-02
  -4.7430000e-03
   0.0000000e+00
  -1.9396000e-02
  -4.8780000e-03
   0.0000000e+00
  -1.9361000e-02
  -5.0140000e-03
   0.0000000e+00
  -1.9326000e-02
  -5.1490000e-03
   0.0000000e+00
  -1.9289000e-02
  -5.2850000e-03
   0.0000000e+00
  -1.9252000e-02
  -5.4200000e-03
   0.0000000e+00
  -1.9213000e-02
  -5.5540000e-03
   0.0000000e+00
  -1.9174000e-02
  -5.6890000e-03
   0.0000000e+00
  -1.9134000e-02
  -5.8230000e-03
   0.0000000e+00
  -1.9092000e-02
  -5.9560000e-03
   0.0000000e+00
  -1.9050000e-02
  -6.0900000e-03
   0.0000000e+00
  -1.9007000e-02
  -6.2230000e-03
   0.0000000e+00
  -1.8963000e-02
  -6.3560000e-03
   0.0000000e+00
  -1.8918000e-02
  -6.4890000e-03
   0.0000000e+00
  -1.8872000e-02
  -6.6210000e-03
   0.0000000e+00
  -1.8826000e-02
  -6.7530000e-03
   0.0000000e+00
  -1.8778000e-02
  -6.8840000e-03
   0.0000000e+00
  -1.8729000e-02
  -7.0160000e-03
   0.0000000e+00
  -1.8680000e-02
  -7.1470000e-03
   0.0000000e+00
  -1.8629000e-02
  -7.2770000e-03
   0.0000000e+00
  -1.8578000e-02
  -7.4070000e-03
   0.0000000e+00
  -1.8525000e-02
  -7.5370000e-03
   0.0000000e+00
  -1.8472000e-02
  -7.6670000e-03
   0.0000000e+00
  -1.8418000e-02
  -7.7960000e-03
   0.0000000e+00
  -1.8363000e-02
  -7.9250000e-03
   0.0000000e+00
  -1.8307000e-02
  -8.0530000e-03
   0.0000000e+00
  -1.8250000e-02
  -8.1810000e-03
   0.0000000e+00
  -1.8193000e-02
  -8.3080000e-03
   0.0000000e+00
  -1.8134000e-02
  -8.4360000e-03
   0.0000000e+00
  -1.8074000e-02
  -8.5620000e-03
   0.0000000e+00
  -1.8014000e-02
  -8.6890000e-03
   0.0000000e+00
  -1.7953000e-02
  -8.8150000e-03
   0.0000000e+00
  -1.7891000e-02
  -8.9400000e-03
   0.0000000e+00
  -1.7828000e-02
  -9.0650000e-03
   0.0000000e+00
  -1.7764000e-02
  -9.1900000e-03
   0.0000000e+00
  -1.7699000e-02
  -9.3140000e-03
   0.0000000e+00
  -1.7633000e-02
  -9.4370000e-03
   0.0000000e+00
  -1.7567000e-02
  -9.5610000e-03
   0.0000000e+00
  -1.7500000e-02
  -9.6830000e-03
   0.0000000e+00
  -1.7431000e-02
  -9.8060000e-03
   0.0000000e+00
  -1.7362000e-02
  -9.9270000e-03
   0.0000000e+00
  -1.7292000e-02
  -1.0049000e-02
   0.0000000e+00
  -1.7222000e-02
  -1.0169000e-02
   0.0000000e+00
  -1.7150000e-02
  -1.0290000e-02
   0.0000000e+00
  -1.7078000e-02
  -1.0410000e-02
   0.0000000e+00
  -1.7004000e-02
  -1.0529000e-02
   0.0000000e+00
  -1.6930000e-02
  -1.0648000e-02
   0.0000000e+00
  -1.6855000e-02
  -1.0766000e-02
   0.0000000e+00
  -1.6779000e-02
  -1.0884000e-02
   0.0000000e+00
  -1.6703000e-02
  -1.1001000e-02
   0.0000000e+00
  -1.6625000e-02
  -1.1117000e-02
   0.0000000e+00
  -1.6547000e-02
  -1.1233000e-02
   0.0000000e+00
  -1.6468000e-02
  -1.1349000e-02
   0.0000000e+00
  -1.6388000e-02
  -1.1464000e-02
   0.0000000e+00
  -1.6308000e-02
  -1.1578000e-02
   0.0000000e+00
  -1.6226000e-02
  -1.1692000e-02
   0.0000000e+00
  -1.6144000e-02
  -1.1806000e-02
   0.0000000e+00
  -1.6061000e-02
  -1.1918000e-02
   0.0000000e+00
  -1.5977000e-02
  -1.2030000e-02
   0.0000000e+00
  -1.5892000e-02
  -1.2142000e-02
   0.0000000e+00
  -1.5807000e-02
  -1.2253000e-02
   0.0000000e+00
  -1.5721000e-02
  -1.2363000e-02
   0.0000000e+00
  -1.5634000e-02
  -1.2473000e-02
   0.0000000e+00
  -1.5546000e-02
  -1.2582000e-02
   0.0000000e+00
  -1.5458000e-02
  -1.2691000e-02
   0.0000000e+00
  -1.5369000e-02
  -1.2799000e-02
   0.0000000e+00
  -1.5279000e-02
  -1.2906000e-02
   0.0000000e+00
  -1.5188000e-02
  -1.3013000e-02
   0.0000000e+00
  -1.5097000e-02
  -1.3118000e-02
   0.0000000e+00
  -1.5004000e-02
  -1.3224000e-02
   0.0000000e+00
  -1.4911000e-02
  -1.3329000e-02
   0.0000000e+00
  -1.4818000e-02
  -1.3433000e-02
   0.0000000e+00
  -1.4723000e-02
  -1.3536000e-02
   0.0000000e+00
  -1.4628000e-02
  -1.3639000e-02
   0.0000000e+00
  -1.4532000e-02
  -1.3741000e-02
   0.0000000e+00
  -1.4436000e-02
  -1.3842000e-02
   0.0000000e+00
  -1.4339000e-02
  -1.3943000e-02
   0.0000000e+00
  -1.4241000e-02
  -1.4043000e-02
   0.0000000e+00
  -1.4142000e-02
  -1.4142000e-02
   0.0000000e+00
  -1.4043000e-02
  -1.4241000e-02
   0.0000000e+00
  -1.3943000e-02
  -1.4339000e-02
   0.0000000e+00
  -1.3842000e-02
  -1.4436000e-02
   0.0000000e+00
  -1.3741000e-02
  -1.4533000e-02
   0.0000000e+00
  -1.3638000e-02
  -1.4628000e-02
   0.0000000e+00
  -1.3536000e-02
  -1.4724000e-02
   0.0000000e+00
  -1.3432000e-02
  -1.4818000e-02
   0.0000000e+00
  -1.3328000e-02
  -1.4912000e-02
   0.0000000e+00
  -1.3224000e-02
  -1.5005000e-02
   0.0000000e+00
  -1.3118000e-02
  -1.5097000e-02
   0.0000000e+00
  -1.3012000e-02
  -1.5188000e-02
   0.0000000e+00
  -1.2906000e-02
  -1.5279000e-02
   0.0000000e+00
  -1.2798000e-02
  -1.5369000e-02
   0.0000000e+00
  -1.2690000e-02
  -1.5458000e-02
   0.0000000e+00
  -1.2582000e-02
  -1.5547000e-02
   0.0000000e+00
  -1.2473000e-02
  -1.5634000e-02
   0.0000000e+00
  -1.2363000e-02
  -1.5721000e-02
   0.0000000e+00
  -1.2253000e-02
  -1.5807000e-02
   0.0000000e+00
  -1.2142000e-02
  -1.5893000e-02
   0.0000000e+00
  -1.2030000e-02
  -1.5977000e-02
   0.0000000e+00
  -1.1918000e-02
  -1.6061000e-02
   0.0000000e+00
  -1.1805000e-02
  -1.6144000e-02
   0.0000000e+00
  -1.1692000e-02
  -1.6226000e-02
   0.0000000e+00
  -1.1578000e-02
  -1.6308000e-02
   0.0000000e+00
  -1.1464000e-02
  -1.6389000e-02
   0.0000000e+00
  -1.1349000e-02
  -1.6468000e-02
   0.0000000e+00
  -1.1233000e-02
  -1.6547000e-02
   0.0000000e+00
  -1.1117000e-02
  -1.6626000e-02
   0.0000000e+00
  -1.1000000e-02
  -1.6703000e-02
   0.0000000e+00
  -1.0883000e-02
  -1.6780000e-02
   0.0000000e+00
  -1.0766000e-02
  -1.6855000e-02
   0.0000000e+00
  -1.0647000e-02
  -1.6930000e-02
   0.0000000e+00
  -1.0528000e-02
  -1.7004000e-02
   0.0000000e+00
  -1.0409000e-02
  -1.7078000e-02
   0.0000000e+00
  -1.0289000e-02
  -1.7150000e-02
   0.0000000e+00
  -1.0169000e-02
  -1.7222000e-02
   0.0000000e+00
  -1.0048000e-02
  -1.7293000e-02
   0.0000000e+00
  -9.9270000e-03
  -1.7362000e-02
   0.0000000e+00
  -9.8050000e-03
  -1.7432000e-02
   0.0000000e+00
  -9.6830000e-03
  -1.7500000e-02
   0.0000000e+00
  -9.5600000e-03
  -1.7567000e-02
   0.0000000e+00
  -9.4370000e-03
  -1.7634000e-02
   0.0000000e+00
  -9.3130000e-03
  -1.7699000e-02
   0.0000000e+00
  -9.1890000e-03
  -1.7764000e-02
   0.0000000e+00
  -9.0650000e-03
  -1.7828000e-02
   0.0000000e+00
  -8.9400000e-03
  -1.7891000e-02
   0.0000000e+00
  -8.8140000e-03
  -1.7953000e-02
   0.0000000e+00
  -8.6880000e-03
  -1.8014000e-02
   0.0000000e+00
  -8.5620000e-03
  -1.8075000e-02
   0.0000000e+00
  -8.4350000e-03
  -1.8134000e-02
   0.0000000e+00
  -8.3080000e-03
  -1.8193000e-02
   0.0000000e+00
  -8.1810000e-03
  -1.8250000e-02
   0.0000000e+00
  -8.0530000e-03
  -1.8307000e-02
   0.0000000e+00
  -7.9240000e-03
  -1.8363000e-02
   0.0000000e+00
  -7.7960000e-03
  -1.8418000e-02
   0.0000000e+00
  -7.6660000e-03
  -1.8472000e-02
   0.0000000e+00
  -7.5370000e-03
  -1.8526000e-02
   0.0000000e+00
  -7.4070000e-03
  -1.8578000e-02
   0.0000000e+00
  -7.2770000e-03
  -1.8629000e-02
   0.0000000e+00
  -7.1460000e-03
  -1.8680000e-02
   0.0000000e+00
  -7.0150000e-03
  -1.8729000e-02
   0.0000000e+00
  -6.8840000e-03
  -1.8778000e-02
   0.0000000e+00
  -6.7520000e-03
  -1.8826000e-02
   0.0000000e+00
  -6.6200000e-03
  -1.8872000e-02
   0.0000000e+00
  -6.4880000e-03
  -1.8918000e-02
   0.0000000e+00
  -6.3560000e-03
  -1.8963000e-02
   0.0000000e+00
  -6.2230000e-03
  -1.9007000e-02
   0.0000000e+00
  -6.0900000e-03
  -1.9050000e-02
   0.0000000e+00
  -5.9560000e-03
  -1.9093000e-02
   0.0000000e+00
  -5.8220000e-03
  -1.9134000e-02
   0.0000000e+00
  -5.6880000e-03
  -1.9174000e-02
   0.0000000e+00
  -5.5540000e-03
  -1.9213000e-02
   0.0000000e+00
  -5.4190000e-03
  -1.9252000e-02
   0.0000000e+00
  -5.2840000e-03
  -1.9289000e-02
   0.0000000e+00
  -5.1490000e-03
  -1.9326000e-02
   0.0000000e+00
  -5.0140000e-03
  -1.9361000e-02
   0.0000000e+00
  -4.8780000e-03
  -1.9396000e-02
   0.0000000e+00
  -4.7420000e-03
  -1.9430000e-02
   0.0000000e+00
  -4.6060000e-03
  -1.9462000e-02
   0.0000000e+00
  -4.4700000e-03
  -1.9494000e-02
   0.0000000e+00
  -4.3330000e-03
  -1.9525000e-02
   0.0000000e+00
  -4.1960000e-03
  -1.9555000e-02
   0.0000000e+00
  -4.0590000e-03
  -1.9584000e-02
   0.0000000e+00
  -3.9220000e-03
  -1.9612000e-02
   0.0000000e+00
  -3.7850000e-03
  -1.9639000e-02
   0.0000000e+00
  -3.6470000e-03
  -1.9665000e-02
   0.0000000e+00
  -3.5100000e-03
  -1.9690000e-02
   0.0000000e+00
  -3.3720000e-03
  -1.9714000e-02
   0.0000000e+00
  -3.2340000e-03
  -1.9737000e-02
   0.0000000e+00
  -3.0950000e-03
  -1.9759000e-02
   0.0000000e+00
  -2.9570000e-03
  -1.9780000e-02
   0.0000000e+00
  -2.8180000e-03
  -1.9800000e-02
   0.0000000e+00
  -2.6800000e-03
  -1.9820000e-02
   0.0000000e+00
  -2.5410000e-03
  -1.9838000e-02
   0.0000000e+00
  -2.4020000e-03
  -1.9855000e-02
   0.0000000e+00
  -2.2630000e-03
  -1.9872000e-02
   0.0000000e+00
  -2.1240000e-03
  -1.9887000e-02
   0.0000000e+00
  -1.9850000e-03
  -1.9901000e-02
   0.0000000e+00
  -1.8450000e-03
  -1.9915000e-02
   0.0000000e+00
  -1.7060000e-03
  -1.9927000e-02
   0.0000000e+00
  -1.5660000e-03
  -1.9939000e-02
   0.0000000e+00
  -1.4270000e-03
  -1.9949000e-02
   0.0000000e+00
  -1.2870000e-03
  -1.9959000e-02
   0.0000000e+00
  -1.1470000e-03
  -1.9967000e-02
   0.0000000e+00
  -1.0070000e-03
  -1.9975000e-02
   0.0000000e+00
  -8.6800000e-04
  -1.9981000e-02
   0.0000000e+00
  -7.2800000e-04
  -1.9987000e-02
   0.0000000e+00
  -5.8800000e-04
  -1.9991000e-02
   0.0000000e+00
  -4.4800000e-04
  -1.9995000e-02
   0.0000000e+00
  -3.0800000e-04
  -1.9998000e-02
   0.0000000e+00
  -1.6800000e-04
  -1.9999000e-02
   0.0000000e+00
  -2.8000000e-05
  -2.0000000e-02
   0.0000000e+00
   1.1200000e-04
  -2.0000000e-02
   0.0000000e+00
   2.5200000e-04
  -1.9998000e-02
   0.0000000e+00
   3.9200000e-04
  -1.9996000e-02
   0.0000000e+00
   5.3200000e-04
  -1.9993000e-02
   0.0000000e+00
   6.7200000e-04
  -1.9989000e-02
   0.0000000e+00
   8.1200000e-04
  -1.9984000e-02
   0.0000000e+00
   9.5200000e-04
  -1.9977000e-02
   0.0000000e+00
   1.0920000e-03
  -1.9970000e-02
   0.0000000e+00
   1.2310000e-03
  -1.9962000e-02
   0.0000000e+00
   1.3710000e-03
  -1.9953000e-02
   0.0000000e+00
   1.5110000e-03
  -1.9943000e-02
   0.0000000e+00
   1.6500000e-03
  -1.9932000e-02
   0.0000000e+00
   1.7900000e-03
  -1.9920000e-02
   0.0000000e+00
   1.9290000e-03
  -1.9907000e-02
   0.0000000e+00
   2.0690000e-03
  -1.9893000e-02
   0.0000000e+00
   2.2080000e-03
  -1.9878000e-02
   0.0000000e+00
   2.3470000e-03
  -1.9862000e-02
   0.0000000e+00
   2.4860000e-03
  -1.9845000e-02
   0.0000000e+00
   2.6250000e-03
  -1.9827000e-02
   0.0000000e+00
   2.7630000e-03
  -1.9808000e-02
   0.0000000e+00
   2.9020000e-03
  -1.9788000e-02
   0.0000000e+00
   3.0400000e-03
  -1.9768000e-02
   0.0000000e+00
   3.1790000e-03
  -1.9746000e-02
   0.0000000e+00
   3.3170000e-03
  -1.9723000e-02
   0.0000000e+00
   3.4550000e-03
  -1.9699000e-02
   0.0000000e+00
   3.5930000e-03
  -1.9675000e-02
   0.0000000e+00
   3.7300000e-03
  -1.9649000e-02
   0.0000000e+00
   3.8680000e-03
  -1.9622000e-02
   0.0000000e+00
   4.0050000e-03
  -1.9595000e-02
   0.0000000e+00
   4.1420000e-03
  -1.9566000e-02
   0.0000000e+00
   4.2790000e-03
  -1.9537000e-02
   0.0000000e+00
   4.4160000e-03
  -1.9506000e-02
   0.0000000e+00
   4.5520000e-03
  -1.9475000e-02
   0.0000000e+00
   4.6880000e-03
  -1.9443000e-02
   0.0000000e+00
   4.8240000e-03
  -1.9409000e-02
   0.0000000e+00
   4.9600000e-03
  -1.9375000e-02
   0.0000000e+00
   5.0950000e-03
  -1.9340000e-02
   0.0000000e+00
   5.2310000e-03
  -1.9304000e-02
   0.0000000e+00
   5.3660000e-03
  -1.9267000e-02
   0.0000000e+00
   5.5000000e-03
  -1.9229000e-02
   0.0000000e+00
   5.6350000e-03
  -1.9190000e-02
   0.0000000e+00
   5.7690000e-03
  -1.9150000e-02
   0.0000000e+00
   5.9030000e-03
  -1.9109000e-02
   0.0000000e+00
   6.0370000e-03
  -1.9067000e-02
   0.0000000e+00
   6.1700000e-03
  -1.9025000e-02
   0.0000000e+00
   6.3030000e-03
  -1.8981000e-02
   0.0000000e+00
   6.4360000e-03
  -1.8936000e-02
   0.0000000e+00
   6.5680000e-03
  -1.8891000e-02
   0.0000000e+00
   6.7000000e-03
  -1.8844000e-02
   0.0000000e+00
   6.8320000e-03
  -1.8797000e-02
   0.0000000e+00
   6.9630000e-03
  -1.8749000e-02
   0.0000000e+00
   7.0940000e-03
  -1.8699000e-02
   0.0000000e+00
   7.2250000e-03
  -1.8649000e-02
   0.0000000e+00
   7.3550000e-03
  -1.8598000e-02
   0.0000000e+00
   7.4850000e-03
  -1.8546000e-02
   0.0000000e+00
   7.6150000e-03
  -1.8494000e-02
   0.0000000e+00
   7.7440000e-03
  -1.8440000e-02
   0.0000000e+00
   7.8730000e-03
  -1.8385000e-02
   0.0000000e+00
   8.0020000e-03
  -1.8330000e-02
   0.0000000e+00
   8.1300000e-03
  -1.8273000e-02
   0.0000000e+00
   8.2580000e-03
  -1.8216000e-02
   0.0000000e+00
   8.3850000e-03
  -1.8157000e-02
   0.0000000e+00
   8.5120000e-03
  -1.8098000e-02
   0.0000000e+00
   8.6380000e-03
  -1.8038000e-02
   0.0000000e+00
   8.7640000e-03
  -1.7977000e-02
   0.0000000e+00
   8.8900000e-03
  -1.7916000e-02
   0.0000000e+00
   9.0150000e-03
  -1.7853000e-02
   0.0000000e+00
   9.1400000e-03
  -1.7789000e-02
   0.0000000e+00
   9.2640000e-03
  -1.7725000e-02
   0.0000000e+00
   9.3880000e-03
  -1.7660000e-02
   0.0000000e+00
   9.5110000e-03
  -1.7594000e-02
   0.0000000e+00
   9.6340000e-03
  -1.7527000e-02
   0.0000000e+00
   9.7570000e-03
  -1.7459000e-02
   0.0000000e+00
   9.8790000e-03
  -1.7390000e-02
   0.0000000e+00
   1.0000000e-02
  -1.7320000e-02
   0.0000000e+00
   1.0121000e-02
  -1.7250000e-02
   0.0000000e+00
   1.0242000e-02
  -1.7179000e-02
   0.0000000e+00
   1.0362000e-02
  -1.7107000e-02
   0.0000000e+00
   1.0481000e-02
  -1.7034000e-02
   0.0000000e+00
   1.0600000e-02
  -1.6960000e-02
   0.0000000e+00
   1.0719000e-02
  -1.6885000e-02
   0.0000000e+00
   1.0837000e-02
  -1.6810000e-02
   0.0000000e+00
   1.0954000e-02
  -1.6734000e-02
   0.0000000e+00
   1.1071000e-02
  -1.6656000e-02
   0.0000000e+00
   1.1187000e-02
  -1.6579000e-02
   0.0000000e+00
   1.1303000e-02
  -1.6500000e-02
   0.0000000e+00
   1.1418000e-02
  -1.6420000e-02
   0.0000000e+00
   1.1533000e-02
  -1.6340000e-02
   0.0000000e+00
   1.1647000e-02
  -1.6259000e-02
   0.0000000e+00
   1.1760000e-02
  -1.6177000e-02
   0.0000000e+00
   1.1873000e-02
  -1.6094000e-02
   0.0000000e+00
   1.1986000e-02
  -1.6011000e-02
   0.0000000e+00
   1.2098000e-02
  -1.5926000e-02
   0.0000000e+00
   1.2209000e-02
  -1.5841000e-02
   0.0000000e+00
   1.2319000e-02
  -1.5755000e-02
   0.0000000e+00
   1.2429000e-02
  -1.5669000e-02
   0.0000000e+00
   1.2539000e-02
  -1.5581000e-02
   0.0000000e+00
   1.2647000e-02
  -1.5493000e-02
   0.0000000e+00
   1.2756000e-02
  -1.5404000e-02
   0.0000000e+00
   1.2863000e-02
  -1.5315000e-02
   0.0000000e+00
   1.2970000e-02
  -1.5224000e-02
   0.0000000e+00
   1.3076000e-02
  -1.5133000e-02
   0.0000000e+00
   1.3182000e-02
  -1.5041000e-02
   0.0000000e+00
   1.3287000e-02
  -1.4949000e-02
   0.0000000e+00
   1.3391000e-02
  -1.4855000e-02
   0.0000000e+00
   1.3495000e-02
  -1.4761000e-02
   0.0000000e+00
   1.3598000e-02
  -1.4666000e-02
   0.0000000e+00
   1.3700000e-02
  -1.4571000e-02
   0.0000000e+00
   1.3802000e-02
  -1.4475000e-02
   0.0000000e+00
   1.3903000e-02
  -1.4378000e-02
   0.0000000e+00
   1.4003000e-02
  -1.4280000e-02
   0.0000000e+00
   1.4103000e-02
  -1.4181000e-02
   0.0000000e+00
   1.4202000e-02
  -1.4082000e-02
   0.0000000e+00
   1.4300000e-02
  -1.3983000e-02
   0.0000000e+00
   1.4397000e-02
  -1.3882000e-02
   0.0000000e+00
   1.4494000e-02
  -1.3781000e-02
   0.0000000e+00
   1.4590000e-02
  -1.3679000e-02
   0.0000000e+00
   1.4686000e-02
  -1.3577000e-02
   0.0000000e+00
   1.4780000e-02
  -1.3474000e-02
   0.0000000e+00
   1.4874000e-02
  -1.3370000e-02
   0.0000000e+00
   1.4968000e-02
  -1.3265000e-02
   0.0000000e+00
   1.5060000e-02
  -1.3160000e-02
   0.0000000e+00
   1.5152000e-02
  -1.3055000e-02
   0.0000000e+00
   1.5243000e-02
  -1.2948000e-02
   0.0000000e+00
   1.5333000e-02
  -1.2841000e-02
   0.0000000e+00
   1.5423000e-02
  -1.2734000e-02
   0.0000000e+00
   1.5511000e-02
  -1.2625000e-02
   0.0000000e+00
   1.5599000e-02
  -1.2516000e-02
   0.0000000e+00
   1.5687000e-02
  -1.2407000e-02
   0.0000000e+00
   1.5773000e-02
  -1.2297000e-02
   0.0000000e+00
   1.5859000e-02
  -1.2186000e-02
   0.0000000e+00
   1.5944000e-02
  -1.2075000e-02
   0.0000000e+00
   1.6028000e-02
  -1.1963000e-02
   0.0000000e+00
   1.6111000e-02
  -1.1850000e-02
   0.0000000e+00
   1.6194000e-02
  -1.1737000e-02
   0.0000000e+00
   1.6275000e-02
  -1.1624000e-02
   0.0000000e+00
   1.6356000e-02
  -1.1510000e-02
   0.0000000e+00
   1.6437000e-02
  -1.1395000e-02
   0.0000000e+00
   1.6516000e-02
  -1.1279000e-02
   0.0000000e+00
   1.6594000e-02
  -1.1164000e-02
   0.0000000e+00
   1.6672000e-02
  -1.1047000e-02
   0.0000000e+00
   1.6749000e-02
  -1.0930000e-02
   0.0000000e+00
   1.6825000e-02
  -1.0813000e-02
   0.0000000e+00
   1.6900000e-02
  -1.0695000e-02
   0.0000000e+00
   1.6975000e-02
  -1.0576000e-02
   0.0000000e+00
   1.7049000e-02
  -1.0457000e-02
   0.0000000e+00
   1.7121000e-02
  -1.0337000e-02
   0.0000000e+00
   1.7193000e-02
  -1.0217000e-02
   0.0000000e+00
   1.7264000e-02
  -1.0097000e-02
   0.0000000e+00
   1.7335000e-02
  -9.9760000e-03
   0.0000000e+00
   1.7404000e-02
  -9.8540000e-03
   0.0000000e+00
   1.7473000e-02
  -9.7320000e-03
   0.0000000e+00
   1.7540000e-02
  -9.6090000e-03
   0.0000000e+00
   1.7607000e-02
  -9.4860000e-03
   0.0000000e+00
   1.7673000e-02
  -9.3630000e-03
   0.0000000e+00
   1.7738000e-02
  -9.2390000e-03
   0.0000000e+00
   1.7802000e-02
  -9.1140000e-03
   0.0000000e+00
   1.7866000e-02
  -8.9900000e-03
   0.0000000e+00
   1.7928000e-02
  -8.8640000e-03
   0.0000000e+00
   1.7990000e-02
  -8.7390000e-03
   0.0000000e+00
   1.8051000e-02
  -8.6130000e-03
   0.0000000e+00
   1.8110000e-02
  -8.4860000e-03
   0.0000000e+00
   1.8169000e-02
  -8.3590000e-03
   0.0000000e+00
   1.8227000e-02
  -8.2320000e-03
   0.0000000e+00
   1.8285000e-02
  -8.1040000e-03
   0.0000000e+00
   1.8341000e-02
  -7.9760000e-03
   0.0000000e+00
   1.8396000e-02
  -7.8470000e-03
   0.0000000e+00
   1.8451000e-02
  -7.7180000e-03
   0.0000000e+00
   1.8504000e-02
  -7.5890000e-03
   0.0000000e+00
   1.8557000e-02
  -7.4590000e-03
   0.0000000e+00
   1.8609000e-02
  -7.3290000e-03
   0.0000000e+00
   1.8660000e-02
  -7.1980000e-03
   0.0000000e+00
   1.8710000e-02
  -7.0680000e-03
   0.0000000e+00
   1.8759000e-02
  -6.9370000e-03
   0.0000000e+00
   1.8807000e-02
  -6.8050000e-03
   0.0000000e+00
   1.8854000e-02
  -6.6730000e-03
   0.0000000e+00
   1.8900000e-02
  -6.5410000e-03
   0.0000000e+00
   1.8945000e-02
  -6.4090000e-03
   0.0000000e+00
   1.8990000e-02
  -6.2760000e-03
   0.0000000e+00
   1.9033000e-02
  -6.1430000e-03
   0.0000000e+00
   1.9076000e-02
  -6.0090000e-03
   0.0000000e+00
   1.9117000e-02
  -5.8760000e-03
   0.0000000e+00
   1.9158000e-02
  -5.7420000e-03
   0.0000000e+00
   1.9198000e-02
  -5.6080000e-03
   0.0000000e+00
   1.9237000e-02
  -5.4730000e-03
   0.0000000e+00
   1.9274000e-02
  -5.3380000e-03
   0.0000000e+00
   1.9311000e-02
  -5.2030000e-03
   0.0000000e+00
   1.9347000e-02
  -5.0680000e-03
   0.0000000e+00
   1.9382000e-02
  -4.9320000e-03
   0.0000000e+00
   1.9416000e-02
  -4.7960000e-03
   0.0000000e+00
   1.9449000e-02
  -4.6600000e-03
   0.0000000e+00
   1.9482000e-02
  -4.5240000e-03
   0.0000000e+00
   1.9513000e-02
  -4.3880000e-03
   0.0000000e+00
   1.9543000e-02
  -4.2510000e-03
   0.0000000e+00
   1.9572000e-02
  -4.1140000e-03
   0.0000000e+00
   1.9601000e-02
  -3.9770000e-03
   0.0000000e+00
   1.9628000e-02
  -3.8400000e-03
   0.0000000e+00
   1.9654000e-02
  -3.7020000e-03
   0.0000000e+00
   1.9680000e-02
  -3.5650000e-03
   0.0000000e+00
   1.9704000e-02
  -3.4270000e-03
   0.0000000e+00
   1.9728000e-02
  -3.2890000e-03
   0.0000000e+00
   1.9750000e-02
  -3.1510000e-03
   0.0000000e+00
   1.9772000e-02
  -3.0120000e-03
   0.0000000e+00
   1.9792000e-02
  -2.8740000e-03
   0.0000000e+00
   1.9812000e-02
  -2.7350000e-03
   0.0000000e+00
   1.9831000e-02
  -2.5960000e-03
   0.0000000e+00
   1.9848000e-02
  -2.4570000e-03
   0.0000000e+00
   1.9865000e-02
  -2.3180000e-03
   0.0000000e+00
   1.9881000e-02
  -2.1790000e-03
   0.0000000e+00
   1.9896000e-02
  -2.0400000e-03
   0.0000000e+00
   1.9909000e-02
  -1.9010000e-03
   0.0000000e+00
   1.9922000e-02
  -1.7610000e-03
   0.0000000e+00
   1.9934000e-02
  -1.6220000e-03
   0.0000000e+00
   1.9945000e-02
  -1.4820000e-03
   0.0000000e+00
   1.9955000e-02
  -1.3430000e-03
   0.0000000e+00
   1.9964000e-02
  -1.2030000e-03
   0.0000000e+00
   1.9972000e-02
  -1.0630000e-03
   0.0000000e+00
   1.9979000e-02
  -9.2300000e-04
   0.0000000e+00
   1.9985000e-02
  -7.8400000e-04
   0.0000000e+00
   1.9990000e-02
  -6.4400000e-04
   0.0000000e+00
   1.9994000e-02
  -5.0400000e-04
   0.0000000e+00
   1.9997000e-02
  -3.6400000e-04
   0.0000000e+00
   1.9999000e-02
  -2.2400000e-04
   0.0000000e+00
   2.0000000e-02
  -8.4000000e-05
   0.0000000e+00
   2.0000000e-02
   0.0000000e+00
