   0.0000000e+00
   0.0000000e+00
   0.0000000e+00
   0.0000000e+00
   1.0000000e-03
   0.0000000e+00
   0.0000000e+00
   2.0000000e-03
   0.0000000e+00
   0.0000000e+00
   3.0000000e-03
   0.0000000e+00
   0.0000000e+00
   4.0000000e-03
   0.0000000e+00
   0.0000000e+00
   5.0000000e-03
   0.0000000e+00
   0.0000000e+00
   6.0000000e-03
   0.0000000e+00
   0.0000000e+00
   7.0000000e-03
   0.0000000e+00
   0.0000000e+00
   8.0000000e-03
   0.0000000e+00
   0.0000000e+00
   9.0000000e-03
   0.0000000e+00
   0.0000000e+00
   1.0000000e-02
   0.0000000e+00
   0.0000000e+00
   1.1000000e-02
   0.0000000e+00
   0.0000000e+00
   1.2000000e-02
   0.0000000e+00
   0.0000000e+00
   1.3000000e-02
   0.0000000e+00
   0.0000000e+00
   1.4000000e-02
   0.0000000e+00
   0.0000000e+00
   1.5000000e-02
   0.0000000e+00
   0.0000000e+00
   1.6000000e-02
   0.0000000e+00
   0.0000000e+00
   1.7000000e-02
   0.0000000e+00
   0.0000000e+00
   1.8000000e-02
   0.0000000e+00
   0.0000000e+00
   1.9000000e-02
   0.0000000e+00
   0.0000000e+00
   2.0000000e-02
   0.0000000e+00
   0.0000000e+00
   2.0000000e-02
   0.0000000e+00
   0.0000000e+00
   1.9999000e-02
   2.8000000e-04
   0.0000000e+00
   1.9996000e-02
   5.6000000e-04
   0.0000000e+00
   1.9991000e-02
   8.4000000e-04
   0.0000000e+00
   1.9984000e-02
   1.1200000e-03
   0.0000000e+00
   1.9976000e-02
   1.4000000e-03
   0.0000000e+00
   1.9965000e-02
   1.6800000e-03
   0.0000000e+00
   1.9952000e-02
   1.9590000e-03
   0.0000000e+00
   1.9937000e-02
   2.2390000e-03
   0.0000000e+00
   1.9921000e-02
   2.5180000e-03
   0.0000000e+00
   1.9902000e-02
   2.7980000e-03
   0.0000000e+00
   1.9881000e-02
   3.0770000e-03
   0.0000000e+00
   1.9859000e-02
   3.3560000e-03
   0.0000000e+00
   1.9834000e-02
   3.6350000e-03
   0.0000000e+00
   1.9808000e-02
   3.9140000e-03
   0.0000000e+00
   1.9780000e-02
   4.1920000e-03
   0.0000000e+00
   1.9749000e-02
   4.4710000e-03
   0.0000000e+00
   1.9717000e-02
   4.7490000e-03
   0.0000000e+00
   1.9683000e-02
   5.0270000e-03
   0.0000000e+00
   1.9647000e-02
   5.3040000e-03
   0.0000000e+00
   1.9609000e-02
   5.5820000e-03
   0.0000000e+00
   1.9569000e-02
   5.8590000e-03
   0.0000000e+00
   1.9527000e-02
   6.1360000e-03
   0.0000000e+00
   1.9483000e-02
   6.4120000e-03
   0.0000000e+00
   1.9437000e-02
   6.6880000e-03
   0.0000000e+00
   1.9389000e-02
   6.9640000e-03
   0.0000000e+00
   1.9339000e-02
   7.2400000e-03
   0.0000000e+00
   1.9288000e-02
   7.5150000e-03
   0.0000000e+00
   1.9234000e-02
   7.7900000e-03
   0.0000000e+00
   1.9179000e-02
   8.0640000e-03
   0.0000000e+00
   1.9121000e-02
   8.3380000e-03
   0.0000000e+00
   1.9062000e-02
   8.6120000e-03
   0.0000000e+00
   1.9001000e-02
   8.8850000e-03
   0.0000000e+00
   1.8938000e-02
   9.1580000e-03
   0.0000000e+00
   1.8872000e-02
   9.4300000e-03
   0.0000000e+00
   1.8805000e-02
   9.7020000e-03
   0.0000000e+00
   1.8737000e-02
   9.9740000e-03
   0.0000000e+00
   1.8666000e-02
   1.0245000e-02
   0.0000000e+00
   1.8593000e-02
   1.0515000e-02
   0.0000000e+00
   1.8519000e-02
   1.0785000e-02
   0.0000000e+00
   1.8442000e-02
   1.1054000e-02
   0.0000000e+00
   1.8364000e-02
   1.1323000e-02
   0.0000000e+00
   1.8284000e-02
   1.1591000e-02
   0.0000000e+00
   1.8202000e-02
   1.1859000e-02
   0.0000000e+00
   1.8118000e-02
   1.2126000e-02
   0.0000000e+00
   1.8032000e-02
   1.2393000e-02
   0.0000000e+00
   1.7944000e-02
   1.2659000e-02
   0.0000000e+00
   1.7855000e-02
   1.2924000e-02
   0.0000000e+00
   1.7763000e-02
   1.3189000e-02
   0.0000000e+00
   1.7670000e-02
   1.3453000e-02
   0.0000000e+00
   1.7575000e-02
   1.3716000e-02
   0.0000000e+00
   1.7478000e-02
   1.3979000e-02
   0.0000000e+00
   1.7379000e-02
   1.4241000e-02
   0.0000000e+00
   1.7279000e-02
   1.4502000e-02
   0.0000000e+00
   1.7176000e-02
   1.4762000e-02
   0.0000000e+00
   1.7072000e-02
   1.5022000e-02
   0.0000000e+00
   1.6966000e-02
   1.5281000e-02
   0.0000000e+00
   1.6858000e-02
   1.5540000e-02
   0.0000000e+00
   1.6748000e-02
   1.5798000e-02
   0.0000000e+00
   1.6637000e-02
   1.6054000e-02
   0.0000000e+00
   1.6524000e-02
   1.6310000e-02
   0.0000000e+00
   1.6408000e-02
   1.6566000e-02
   0.0000000e+00
   1.6292000e-02
   1.6820000e-02
   0.0000000e+00
   1.6173000e-02
   1.7074000e-02
   0.0000000e+00
   1.6053000e-02
   1.7327000e-02
   0.0000000e+00
   1.5930000e-02
   1.7578000e-02
   0.0000000e+00
   1.5807000e-02
   1.7830000e-02
   0.0000000e+00
   1.5681000e-02
   1.8080000e-02
   0.0000000e+00
   1.5553000e-02
   1.8329000e-02
   0.0000000e+00
   1.5424000e-02
   1.8578000e-02
   0.0000000e+00
   1.5293000e-02
   1.8825000e-02
   0.0000000e+00
   1.5161000e-02
   1.9072000e-02
   0.0000000e+00
   1.5026000e-02
   1.9317000e-02
   0.0000000e+00
   1.4890000e-02
   1.9562000e-02
   0.0000000e+00
   1.4752000e-02
   1.9806000e-02
   0.0000000e+00
   1.4613000e-02
   2.0049000e-02
   0.0000000e+00
   1.4472000e-02
   2.0290000e-02
   0.0000000e+00
   1.4329000e-02
   2.0531000e-02
   0.0000000e+00
   1.4184000e-02
   2.0771000e-02
   0.0000000e+00
   1.4038000e-02
   2.1010000e-02
   0.0000000e+00
   1.3890000e-02
   2.1247000e-02
   0.0000000e+00
   1.3741000e-02
   2.1484000e-02
   0.0000000e+00
   1.3589000e-02
   2.1720000e-02
   0.0000000e+00
   1.3437000e-02
   2.1954000e-02
   0.0000000e+00
   1.3282000e-02
   2.2188000e-02
   0.0000000e+00
   1.3126000e-02
   2.2420000e-02
   0.0000000e+00
   1.2968000e-02
   2.2652000e-02
   0.0000000e+00
   1.2809000e-02
   2.2882000e-02
   0.0000000e+00
   1.2648000e-02
   2.3111000e-02
   0.0000000e+00
   1.2485000e-02
   2.3339000e-02
   0.0000000e+00
   1.2321000e-02
   2.3566000e-02
   0.0000000e+00
   1.2155000e-02
   2.3791000e-02
   0.0000000e+00
   1.1988000e-02
   2.4016000e-02
   0.0000000e+00
   1.1819000e-02
   2.4239000e-02
   0.0000000e+00
   1.1649000e-02
   2.4461000e-02
   0.0000000e+00
   1.1477000e-02
   2.4682000e-02
   0.0000000e+00
   1.1303000e-02
   2.4902000e-02
   0.0000000e+00
   1.1128000e-02
   2.5121000e-02
   0.0000000e+00
   1.0951000e-02
   2.5338000e-02
   0.0000000e+00
   1.0773000e-02
   2.5554000e-02
   0.0000000e+00
   1.0594000e-02
   2.5769000e-02
   0.0000000e+00
   1.0413000e-02
   2.5982000e-02
   0.0000000e+00
   1.0230000e-02
   2.6194000e-02
   0.0000000e+00
   1.0046000e-02
   2.6405000e-02
   0.0000000e+00
   9.8600000e-03
   2.6615000e-02
   0.0000000e+00
   9.6730000e-03
   2.6823000e-02
   0.0000000e+00
   9.4850000e-03
   2.7031000e-02
   0.0000000e+00
   9.2950000e-03
   2.7236000e-02
   0.0000000e+00
   9.1030000e-03
   2.7441000e-02
   0.0000000e+00
   8.9110000e-03
   2.7644000e-02
   0.0000000e+00
   8.7160000e-03
   2.7845000e-02
   0.0000000e+00
   8.5210000e-03
   2.8046000e-02
   0.0000000e+00
   8.3240000e-03
   2.8245000e-02
   0.0000000e+00
   8.1250000e-03
   2.8442000e-02
   0.0000000e+00
   7.9260000e-03
   2.8638000e-02
   0.0000000e+00
   7.7240000e-03
   2.8833000e-02
   0.0000000e+00
   7.5220000e-03
   2.9027000e-02
   0.0000000e+00
   7.3180000e-03
   2.9219000e-02
   0.0000000e+00
   7.1130000e-03
   2.9409000e-02
   0.0000000e+00
   6.9060000e-03
   2.9598000e-02
   0.0000000e+00
   6.6990000e-03
   2.9786000e-02
   0.0000000e+00
   6.4890000e-03
   2.9972000e-02
   0.0000000e+00
   6.2790000e-03
   3.0157000e-02
   0.0000000e+00
   6.0670000e-03
   3.0340000e-02
   0.0000000e+00
   5.8540000e-03
   3.0522000e-02
   0.0000000e+00
   5.6400000e-03
   3.0702000e-02
   0.0000000e+00
   5.4240000e-03
   3.0880000e-02
   0.0000000e+00
   5.2080000e-03
   3.1058000e-02
   0.0000000e+00
   4.9900000e-03
   3.1233000e-02
   0.0000000e+00
   4.7700000e-03
   3.1408000e-02
   0.0000000e+00
   4.5500000e-03
   3.1580000e-02
   0.0000000e+00
   4.3280000e-03
   3.1751000e-02
   0.0000000e+00
   4.1050000e-03
   3.1921000e-02
   0.0000000e+00
   3.8810000e-03
   3.2089000e-02
   0.0000000e+00
   3.6560000e-03
   3.2255000e-02
   0.0000000e+00
   3.4300000e-03
   3.2420000e-02
   0.0000000e+00
   3.2020000e-03
   3.2583000e-02
   0.0000000e+00
   2.9740000e-03
   3.2745000e-02
   0.0000000e+00
   2.7440000e-03
   3.2905000e-02
   0.0000000e+00
   2.5130000e-03
   3.3063000e-02
   0.0000000e+00
   2.2810000e-03
   3.3220000e-02
   0.0000000e+00
   2.0480000e-03
   3.3375000e-02
   0.0000000e+00
   1.8140000e-03
   3.3529000e-02
   0.0000000e+00
   1.5780000e-03
   3.3680000e-02
   0.0000000e+00
   1.3420000e-03
   3.3831000e-02
   0.0000000e+00
   1.1050000e-03
   3.3979000e-02
   0.0000000e+00
   8.6600000e-04
   3.4126000e-02
   0.0000000e+00
   6.2700000e-04
   3.4271000e-02
   0.0000000e+00
   3.8700000e-04
   3.4415000e-02
   0.0000000e+00
   1.4500000e-04
   3.4557000e-02
   0.0000000e+00
  -9.7000000e-05
   3.4697000e-02
   0.0000000e+00
  -3.4100000e-04
   3.4835000e-02
   0.0000000e+00
  -5.8500000e-04
   3.4972000e-02
   0.0000000e+00
  -8.3000000e-04
   3.5107000e-02
   0.0000000e+00
  -1.0760000e-03
   3.5241000e-02
   0.0000000e+00
  -1.3230000e-03
   3.5372000e-02
   0.0000000e+00
  -1.5720000e-03
   3.5502000e-02
   0.0000000e+00
  -1.8210000e-03
   3.5630000e-02
   0.0000000e+00
  -2.0700000e-03
   3.5757000e-02
   0.0000000e+00
  -2.3210000e-03
   3.5881000e-02
   0.0000000e+00
  -2.5730000e-03
   3.6004000e-02
   0.0000000e+00
  -2.8250000e-03
   3.6125000e-02
   0.0000000e+00
  -3.0780000e-03
   3.6244000e-02
   0.0000000e+00
  -3.3330000e-03
   3.6362000e-02
   0.0000000e+00
  -3.5880000e-03
   3.6478000e-02
   0.0000000e+00
  -3.8430000e-03
   3.6592000e-02
   0.0000000e+00
  -4.1000000e-03
   3.6704000e-02
   0.0000000e+00
  -4.3570000e-03
   3.6814000e-02
   0.0000000e+00
  -4.6150000e-03
   3.6923000e-02
   0.0000000e+00
  -4.8740000e-03
   3.7030000e-02
   0.0000000e+00
  -5.1340000e-03
   3.7135000e-02
   0.0000000e+00
  -5.3940000e-03
   3.7238000e-02
   0.0000000e+00
  -5.6550000e-03
   3.7339000e-02
   0.0000000e+00
  -5.9170000e-03
   3.7439000e-02
   0.0000000e+00
  -6.1790000e-03
   3.7536000e-02
   0.0000000e+00
  -6.4420000e-03
   3.7632000e-02
   0.0000000e+00
  -6.7060000e-03
   3.7726000e-02
   0.0000000e+00
  -6.9700000e-03
   3.7818000e-02
   0.0000000e+00
  -7.2350000e-03
   3.7909000e-02
   0.0000000e+00
  -7.5010000e-03
   3.7997000e-02
   0.0000000e+00
  -7.7670000e-03
   3.8084000e-02
   0.0000000e+00
  -8.0340000e-03
   3.8168000e-02
   0.0000000e+00
  -8.3020000e-03
   3.8251000e-02
   0.0000000e+00
  -8.5700000e-03
   3.8332000e-02
   0.0000000e+00
  -8.8380000e-03
   3.8411000e-02
   0.0000000e+00
  -9.1070000e-03
   3.8488000e-02
   0.0000000e+00
  -9.3770000e-03
   3.8564000e-02
   0.0000000e+00
  -9.6470000e-03
   3.8637000e-02
   0.0000000e+00
  -9.9180000e-03
   3.8709000e-02
   0.0000000e+00
  -1.0189000e-02
   3.8778000e-02
   0.0000000e+00
  -1.0461000e-02
   3.8846000e-02
   0.0000000e+00
  -1.0733000e-02
   3.8912000e-02
   0.0000000e+00
  -1.1006000e-02
   3.8976000e-02
   0.0000000e+00
  -1.1279000e-02
   3.9038000e-02
   0.0000000e+00
  -1.1552000e-02
   3.9098000e-02
   0.0000000e+00
  -1.1826000e-02
   3.9156000e-02
   0.0000000e+00
  -1.2100000e-02
   3.9212000e-02
   0.0000000e+00
  -1.2375000e-02
   3.9267000e-02
   0.0000000e+00
  -1.2650000e-02
   3.9319000e-02
   0.0000000e+00
  -1.2926000e-02
   3.9369000e-02
   0.0000000e+00
  -1.3201000e-02
   3.9418000e-02
   0.0000000e+00
  -1.3477000e-02
   3.9465000e-02
   0.0000000e+00
  -1.3754000e-02
   3.9509000e-02
   0.0000000e+00
  -1.4031000e-02
   3.9552000e-02
   0.0000000e+00
  -1.4308000e-02
   3.9593000e-02
   0.0000000e+00
  -1.4585000e-02
   3.9632000e-02
   0.0000000e+00
  -1.4862000e-02
   3.9669000e-02
   0.0000000e+00
  -1.5140000e-02
   3.9704000e-02
   0.0000000e+00
  -1.5418000e-02
   3.9737000e-02
   0.0000000e+00
  -1.5696000e-02
   3.9768000e-02
   0.0000000e+00
  -1.5975000e-02
   3.9797000e-02
   0.0000000e+00
  -1.6254000e-02
   3.9824000e-02
   0.0000000e+00
  -1.6533000e-02
   3.9849000e-02
   0.0000000e+00
  -1.6812000e-02
   3.9873000e-02
   0.0000000e+00
  -1.7091000e-02
   3.9894000e-02
   0.0000000e+00
  -1.7370000e-02
   3.9913000e-02
   0.0000000e+00
  -1.7650000e-02
   3.9931000e-02
   0.0000000e+00
  -1.7929000e-02
   3.9946000e-02
   0.0000000e+00
  -1.8209000e-02
   3.9960000e-02
   0.0000000e+00
  -1.8489000e-02
   3.9971000e-02
   0.0000000e+00
  -1.8768000e-02
   3.9981000e-02
   0.0000000e+00
  -1.9048000e-02
   3.9989000e-02
   0.0000000e+00
  -1.9328000e-02
   3.9994000e-02
   0.0000000e+00
  -1.9608000e-02
   3.9998000e-02
   0.0000000e+00
  -1.9888000e-02
   4.0000000e-02
   0.0000000e+00
  -2.0168000e-02
   4.0000000e-02
   0.0000000e+00
  -2.0448000e-02
   3.9997000e-02
   0.0000000e+00
  -2.0728000e-02
   3.9993000e-02
   0.0000000e+00
  -2.1008000e-02
   3.9987000e-02
   0.0000000e+00
  -2.1288000e-02
   3.9979000e-02
   0.0000000e+00
  -2.1568000e-02
   3.9969000e-02
   0.0000000e+00
  -2.1847000e-02
   3.9957000e-02
   0.0000000e+00
  -2.2127000e-02
   3.9943000e-02
   0.0000000e+00
  -2.2407000e-02
   3.9928000e-02
   0.0000000e+00
  -2.2686000e-02
   3.9910000e-02
   0.0000000e+00
  -2.2965000e-02
   3.9890000e-02
   0.0000000e+00
  -2.3245000e-02
   3.9868000e-02
   0.0000000e+00
  -2.3524000e-02
   3.9845000e-02
   0.0000000e+00
  -2.3802000e-02
   3.9819000e-02
   0.0000000e+00
  -2.4081000e-02
   3.9791000e-02
   0.0000000e+00
  -2.4359000e-02
   3.9762000e-02
   0.0000000e+00
  -2.4638000e-02
   3.9730000e-02
   0.0000000e+00
  -2.4916000e-02
   3.9697000e-02
   0.0000000e+00
  -2.5193000e-02
   3.9661000e-02
   0.0000000e+00
  -2.5471000e-02
   3.9624000e-02
   0.0000000e+00
  -2.5748000e-02
   3.9585000e-02
   0.0000000e+00
  -2.6025000e-02
   3.9544000e-02
   0.0000000e+00
  -2.6302000e-02
   3.9500000e-02
   0.0000000e+00
  -2.6578000e-02
   3.9455000e-02
   0.0000000e+00
  -2.6854000e-02
   3.9408000e-02
   0.0000000e+00
  -2.7130000e-02
   3.9359000e-02
   0.0000000e+00
  -2.7405000e-02
   3.9309000e-02
   0.0000000e+00
  -2.7680000e-02
   3.9256000e-02
   0.0000000e+00
  -2.7955000e-02
   3.9201000e-02
   0.0000000e+00
  -2.8229000e-02
   3.9144000e-02
   0.0000000e+00
  -2.8503000e-02
   3.9086000e-02
   0.0000000e+00
  -2.8776000e-02
   3.9025000e-02
   0.0000000e+00
  -2.9049000e-02
   3.8963000e-02
   0.0000000e+00
  -2.9322000e-02
   3.8899000e-02
   0.0000000e+00
  -2.9594000e-02
   3.8832000e-02
   0.0000000e+00
  -2.9865000e-02
   3.8764000e-02
   0.0000000e+00
  -3.0136000e-02
   3.8694000e-02
   0.0000000e+00
  -3.0407000e-02
   3.8622000e-02
   0.0000000e+00
  -3.0677000e-02
   3.8549000e-02
   0.0000000e+00
  -3.0947000e-02
   3.8473000e-02
   0.0000000e+00
  -3.1216000e-02
   3.8395000e-02
   0.0000000e+00
  -3.1484000e-02
   3.8316000e-02
   0.0000000e+00
  -3.1752000e-02
   3.8235000e-02
   0.0000000e+00
  -3.2019000e-02
   3.8151000e-02
   0.0000000e+00
  -3.2286000e-02
   3.8066000e-02
   0.0000000e+00
  -3.2552000e-02
   3.7979000e-02
   0.0000000e+00
  -3.2818000e-02
   3.7891000e-02
   0.0000000e+00
  -3.3083000e-02
   3.7800000e-02
   0.0000000e+00
  -3.3347000e-02
   3.7707000e-02
   0.0000000e+00
  -3.3611000e-02
   3.7613000e-02
   0.0000000e+00
  -3.3874000e-02
   3.7517000e-02
   0.0000000e+00
  -3.4136000e-02
   3.7419000e-02
   0.0000000e+00
  -3.4398000e-02
   3.7319000e-02
   0.0000000e+00
  -3.4658000e-02
   3.7217000e-02
   0.0000000e+00
  -3.4919000e-02
   3.7114000e-02
   0.0000000e+00
  -3.5178000e-02
   3.7008000e-02
   0.0000000e+00
  -3.5437000e-02
   3.6901000e-02
   0.0000000e+00
  -3.5695000e-02
   3.6792000e-02
   0.0000000e+00
  -3.5952000e-02
   3.6682000e-02
   0.0000000e+00
  -3.6208000e-02
   3.6569000e-02
   0.0000000e+00
  -3.6464000e-02
   3.6455000e-02
   0.0000000e+00
  -3.6719000e-02
   3.6339000e-02
   0.0000000e+00
  -3.6973000e-02
   3.6221000e-02
   0.0000000e+00
  -3.7226000e-02
   3.6101000e-02
   0.0000000e+00
  -3.7478000e-02
   3.5979000e-02
   0.0000000e+00
  -3.7729000e-02
   3.5856000e-02
   0.0000000e+00
  -3.7980000e-02
   3.5731000e-02
   0.0000000e+00
  -3.8230000e-02
   3.5605000e-02
   0.0000000e+00
  -3.8478000e-02
   3.5476000e-02
   0.0000000e+00
  -3.8726000e-02
   3.5346000e-02
   0.0000000e+00
  -3.8973000e-02
   3.5214000e-02
   0.0000000e+00
  -3.9219000e-02
   3.5080000e-02
   0.0000000e+00
  -3.9464000e-02
   3.4945000e-02
   0.0000000e+00
  -3.9708000e-02
   3.4808000e-02
   0.0000000e+00
  -3.9952000e-02
   3.4669000e-02
   0.0000000e+00
  -4.0194000e-02
   3.4528000e-02
   0.0000000e+00
  -4.0435000e-02
   3.4386000e-02
   0.0000000e+00
  -4.0675000e-02
   3.4242000e-02
   0.0000000e+00
  -4.0914000e-02
   3.4097000e-02
   0.0000000e+00
  -4.1153000e-02
   3.3949000e-02
   0.0000000e+00
  -4.1390000e-02
   3.3801000e-02
   0.0000000e+00
  -4.1626000e-02
   3.3650000e-02
   0.0000000e+00
  -4.1861000e-02
   3.3498000e-02
   0.0000000e+00
  -4.2095000e-02
   3.3344000e-02
   0.0000000e+00
  -4.2328000e-02
   3.3189000e-02
   0.0000000e+00
  -4.2559000e-02
   3.3031000e-02
   0.0000000e+00
  -4.2790000e-02
   3.2873000e-02
   0.0000000e+00
  -4.3020000e-02
   3.2712000e-02
   0.0000000e+00
  -4.3248000e-02
   3.2550000e-02
   0.0000000e+00
  -4.3475000e-02
   3.2387000e-02
   0.0000000e+00
  -4.3701000e-02
   3.2222000e-02
   0.0000000e+00
  -4.3926000e-02
   3.2055000e-02
   0.0000000e+00
  -4.4150000e-02
   3.1887000e-02
   0.0000000e+00
  -4.4373000e-02
   3.1717000e-02
   0.0000000e+00
  -4.4594000e-02
   3.1546000e-02
   0.0000000e+00
  -4.4814000e-02
   3.1373000e-02
   0.0000000e+00
  -4.5033000e-02
   3.1198000e-02
   0.0000000e+00
  -4.5251000e-02
   3.1022000e-02
   0.0000000e+00
  -4.5468000e-02
   3.0845000e-02
   0.0000000e+00
  -4.5683000e-02
   3.0666000e-02
   0.0000000e+00
  -4.5897000e-02
   3.0485000e-02
   0.0000000e+00
  -4.6110000e-02
   3.0303000e-02
   0.0000000e+00
  -4.6321000e-02
   3.0120000e-02
   0.0000000e+00
  -4.6532000e-02
   2.9935000e-02
   0.0000000e+00
  -4.6740000e-02
   2.9748000e-02
   0.0000000e+00
  -4.6948000e-02
   2.9560000e-02
   0.0000000e+00
  -4.7154000e-02
   2.9371000e-02
   0.0000000e+00
  -4.7359000e-02
   2.9180000e-02
   0.0000000e+00
  -4.7563000e-02
   2.8988000e-02
   0.0000000e+00
  -4.7765000e-02
   2.8794000e-02
   0.0000000e+00
  -4.7966000e-02
   2.8599000e-02
   0.0000000e+00
  -4.8165000e-02
   2.8403000e-02
   0.0000000e+00
  -4.8364000e-02
   2.8205000e-02
   0.0000000e+00
  -4.8560000e-02
   2.8006000e-02
   0.0000000e+00
  -4.8756000e-02
   2.7805000e-02
   0.0000000e+00
  -4.8950000e-02
   2.7603000e-02
   0.0000000e+00
  -4.9142000e-02
   2.7400000e-02
   0.0000000e+00
  -4.9333000e-02
   2.7195000e-02
   0.0000000e+00
  -4.9523000e-02
   2.6989000e-02
   0.0000000e+00
  -4.9711000e-02
   2.6782000e-02
   0.0000000e+00
  -4.9898000e-02
   2.6573000e-02
   0.0000000e+00
  -5.0083000e-02
   2.6363000e-02
   0.0000000e+00
  -5.0267000e-02
   2.6152000e-02
   0.0000000e+00
  -5.0449000e-02
   2.5939000e-02
   0.0000000e+00
  -5.0630000e-02
   2.5726000e-02
   0.0000000e+00
  -5.0809000e-02
   2.5511000e-02
   0.0000000e+00
  -5.0987000e-02
   2.5294000e-02
   0.0000000e+00
  -5.1163000e-02
   2.5077000e-02
   0.0000000e+00
  -5.1338000e-02
   2.4858000e-02
   0.0000000e+00
  -5.1511000e-02
   2.4638000e-02
   0.0000000e+00
  -5.1683000e-02
   2.4417000e-02
   0.0000000e+00
  -5.1853000e-02
   2.4194000e-02
   0.0000000e+00
  -5.2022000e-02
   2.3971000e-02
   0.0000000e+00
  -5.2189000e-02
   2.3746000e-02
   0.0000000e+00
  -5.2354000e-02
   2.3520000e-02
   0.0000000e+00
  -5.2518000e-02
   2.3293000e-02
   0.0000000e+00
  -5.2680000e-02
   2.3065000e-02
   0.0000000e+00
  -5.2841000e-02
   2.2836000e-02
   0.0000000e+00
  -5.3000000e-02
   2.2605000e-02
   0.0000000e+00
  -5.3157000e-02
   2.2374000e-02
   0.0000000e+00
  -5.3313000e-02
   2.2141000e-02
   0.0000000e+00
  -5.3467000e-02
   2.1907000e-02
   0.0000000e+00
  -5.3620000e-02
   2.1673000e-02
   0.0000000e+00
  -5.3771000e-02
   2.1437000e-02
   0.0000000e+00
  -5.3920000e-02
   2.1200000e-02
   0.0000000e+00
  -5.4068000e-02
   2.0962000e-02
   0.0000000e+00
  -5.4214000e-02
   2.0723000e-02
   0.0000000e+00
  -5.4358000e-02
   2.0483000e-02
   0.0000000e+00
  -5.4500000e-02
   2.0242000e-02
   0.0000000e+00
  -5.4641000e-02
   2.0000000e-02
   0.0000000e+00
  -5.4780000e-02
   1.9757000e-02
   0.0000000e+00
  -5.4918000e-02
   1.9513000e-02
   0.0000000e+00
  -5.5053000e-02
   1.9268000e-02
   0.0000000e+00
  -5.5187000e-02
   1.9022000e-02
   0.0000000e+00
  -5.5320000e-02
   1.8775000e-02
   0.0000000e+00
  -5.5450000e-02
   1.8528000e-02
   0.0000000e+00
  -5.5579000e-02
   1.8279000e-02
   0.0000000e+00
  -5.5706000e-02
   1.8030000e-02
   0.0000000e+00
  -5.5832000e-02
   1.7779000e-02
   0.0000000e+00
  -5.5955000e-02
   1.7528000e-02
   0.0000000e+00
  -5.6077000e-02
   1.7276000e-02
   0.0000000e+00
  -5.6197000e-02
   1.7023000e-02
   0.0000000e+00
  -5.6315000e-02
   1.6769000e-02
   0.0000000e+00
  -5.6432000e-02
   1.6514000e-02
   0.0000000e+00
  -5.6546000e-02
   1.6259000e-02
   0.0000000e+00
  -5.6659000e-02
   1.6003000e-02
   0.0000000e+00
  -5.6771000e-02
   1.5746000e-02
   0.0000000e+00
  -5.6880000e-02
   1.5488000e-02
   0.0000000e+00
  -5.6987000e-02
   1.5229000e-02
   0.0000000e+00
  -5.7093000e-02
   1.4970000e-02
   0.0000000e+00
  -5.7197000e-02
   1.4710000e-02
   0.0000000e+00
  -5.7299000e-02
   1.4449000e-02
   0.0000000e+00
  -5.7399000e-02
   1.4188000e-02
   0.0000000e+00
  -5.7498000e-02
   1.3926000e-02
   0.0000000e+00
  -5.7594000e-02
   1.3663000e-02
   0.0000000e+00
  -5.7689000e-02
   1.3400000e-02
   0.0000000e+00
  -5.7782000e-02
   1.3135000e-02
   0.0000000e+00
  -5.7873000e-02
   1.2871000e-02
   0.0000000e+00
  -5.7962000e-02
   1.2605000e-02
   0.0000000e+00
  -5.8049000e-02
   1.2339000e-02
   0.0000000e+00
  -5.8135000e-02
   1.2072000e-02
   0.0000000e+00
  -5.8218000e-02
   1.1805000e-02
   0.0000000e+00
  -5.8300000e-02
   1.1537000e-02
   0.0000000e+00
  -5.8380000e-02
   1.1269000e-02
   0.0000000e+00
  -5.8458000e-02
   1.1000000e-02
   0.0000000e+00
  -5.8534000e-02
   1.0731000e-02
   0.0000000e+00
  -5.8608000e-02
   1.0461000e-02
   0.0000000e+00
  -5.8680000e-02
   1.0190000e-02
   0.0000000e+00
  -5.8751000e-02
   9.9190000e-03
   0.0000000e+00
  -5.8819000e-02
   9.6480000e-03
   0.0000000e+00
  -5.8886000e-02
   9.3760000e-03
   0.0000000e+00
  -5.8950000e-02
   9.1030000e-03
   0.0000000e+00
  -5.9013000e-02
   8.8300000e-03
   0.0000000e+00
  -5.9074000e-02
   8.5570000e-03
   0.0000000e+00
  -5.9133000e-02
   8.2830000e-03
   0.0000000e+00
  -5.9190000e-02
   8.0090000e-03
   0.0000000e+00
  -5.9245000e-02
   7.7350000e-03
   0.0000000e+00
  -5.9298000e-02
   7.4600000e-03
   0.0000000e+00
  -5.9349000e-02
   7.1850000e-03
   0.0000000e+00
  -5.9399000e-02
   6.9090000e-03
   0.0000000e+00
  -5.9446000e-02
   6.6330000e-03
   0.0000000e+00
  -5.9492000e-02
   6.3570000e-03
   0.0000000e+00
  -5.9535000e-02
   6.0800000e-03
   0.0000000e+00
  -5.9577000e-02
   5.8030000e-03
   0.0000000e+00
  -5.9616000e-02
   5.5260000e-03
   0.0000000e+00
  -5.9654000e-02
   5.2490000e-03
   0.0000000e+00
  -5.9690000e-02
   4.9710000e-03
   0.0000000e+00
  -5.9724000e-02
   4.6930000e-03
   0.0000000e+00
  -5.9756000e-02
   4.4150000e-03
   0.0000000e+00
  -5.9786000e-02
   4.1360000e-03
   0.0000000e+00
  -5.9814000e-02
   3.8580000e-03
   0.0000000e+00
  -5.9840000e-02
   3.5790000e-03
   0.0000000e+00
  -5.9864000e-02
   3.3000000e-03
   0.0000000e+00
  -5.9886000e-02
   3.0210000e-03
   0.0000000e+00
  -5.9906000e-02
   2.7420000e-03
   0.0000000e+00
  -5.9924000e-02
   2.4620000e-03
   0.0000000e+00
  -5.9940000e-02
   2.1830000e-03
   0.0000000e+00
  -5.9955000e-02
   1.9030000e-03
   0.0000000e+00
  -5.9967000e-02
   1.6230000e-03
   0.0000000e+00
  -5.9977000e-02
   1.3430000e-03
   0.0000000e+00
  -5.9986000e-02
   1.0640000e-03
   0.0000000e+00
  -5.9992000e-02
   7.8400000e-04
   0.0000000e+00
  -5.9997000e-02
   5.0400000e-04
   0.0000000e+00
  -5.9999000e-02
   2.2400000e-04
   0.0000000e+00
  -6.0000000e-02
  -5.6000000e-05
   0.0000000e+00
  -5.9999000e-02
  -3.3600000e-04
   0.0000000e+00
  -5.9995000e-02
  -6.1600000e-04
   0.0000000e+00
  -5.9990000e-02
  -8.9600000e-04
   0.0000000e+00
  -5.9983000e-02
  -1.1760000e-03
   0.0000000e+00
  -5.9973000e-02
  -1.4560000e-03
   0.0000000e+00
  -5.9962000e-02
  -1.7360000e-03
   0.0000000e+00
  -5.9949000e-02
  -2.0150000e-03
   0.0000000e+00
  -5.9934000e-02
  -2.2950000e-03
   0.0000000e+00
  -5.9917000e-02
  -2.5750000e-03
   0.0000000e+00
  -5.9898000e-02
  -2.8540000e-03
   0.0000000e+00
  -5.9877000e-02
  -3.1330000e-03
   0.0000000e+00
  -5.9854000e-02
  -3.4120000e-03
   0.0000000e+00
  -5.9829000e-02
  -3.6910000e-03
   0.0000000e+00
  -5.9803000e-02
  -3.9700000e-03
   0.0000000e+00
  -5.9774000e-02
  -4.2480000e-03
   0.0000000e+00
  -5.9743000e-02
  -4.5270000e-03
   0.0000000e+00
  -5.9710000e-02
  -4.8050000e-03
   0.0000000e+00
  -5.9676000e-02
  -5.0830000e-03
   0.0000000e+00
  -5.9639000e-02
  -5.3600000e-03
   0.0000000e+00
  -5.9601000e-02
  -5.6370000e-03
   0.0000000e+00
  -5.9560000e-02
  -5.9150000e-03
   0.0000000e+00
  -5.9518000e-02
  -6.1910000e-03
   0.0000000e+00
  -5.9474000e-02
  -6.4680000e-03
   0.0000000e+00
  -5.9427000e-02
  -6.7440000e-03
   0.0000000e+00
  -5.9379000e-02
  -7.0200000e-03
   0.0000000e+00
  -5.9329000e-02
  -7.2950000e-03
   0.0000000e+00
  -5.9277000e-02
  -7.5700000e-03
   0.0000000e+00
  -5.9223000e-02
  -7.8450000e-03
   0.0000000e+00
  -5.9167000e-02
  -8.1190000e-03
   0.0000000e+00
  -5.9109000e-02
  -8.3930000e-03
   0.0000000e+00
  -5.9050000e-02
  -8.6670000e-03
   0.0000000e+00
  -5.8988000e-02
  -8.9400000e-03
   0.0000000e+00
  -5.8925000e-02
  -9.2130000e-03
   0.0000000e+00
  -5.8859000e-02
  -9.4850000e-03
   0.0000000e+00
  -5.8792000e-02
  -9.7570000e-03
   0.0000000e+00
  -5.8723000e-02
  -1.0028000e-02
   0.0000000e+00
  -5.8651000e-02
  -1.0299000e-02
   0.0000000e+00
  -5.8578000e-02
  -1.0569000e-02
   0.0000000e+00
  -5.8503000e-02
  -1.0839000e-02
   0.0000000e+00
  -5.8427000e-02
  -1.1108000e-02
   0.0000000e+00
  -5.8348000e-02
  -1.1377000e-02
   0.0000000e+00
  -5.8267000e-02
  -1.1645000e-02
   0.0000000e+00
  -5.8185000e-02
  -1.1913000e-02
   0.0000000e+00
  -5.8101000e-02
  -1.2180000e-02
   0.0000000e+00
  -5.8014000e-02
  -1.2446000e-02
   0.0000000e+00
  -5.7926000e-02
  -1.2712000e-02
   0.0000000e+00
  -5.7836000e-02
  -1.2977000e-02
   0.0000000e+00
  -5.7745000e-02
  -1.3242000e-02
   0.0000000e+00
  -5.7651000e-02
  -1.3506000e-02
   0.0000000e+00
  -5.7556000e-02
  -1.3769000e-02
   0.0000000e+00
  -5.7458000e-02
  -1.4031000e-02
   0.0000000e+00
  -5.7359000e-02
  -1.4293000e-02
   0.0000000e+00
  -5.7258000e-02
  -1.4554000e-02
   0.0000000e+00
  -5.7155000e-02
  -1.4815000e-02
   0.0000000e+00
  -5.7051000e-02
  -1.5075000e-02
   0.0000000e+00
  -5.6944000e-02
  -1.5334000e-02
   0.0000000e+00
  -5.6836000e-02
  -1.5592000e-02
   0.0000000e+00
  -5.6726000e-02
  -1.5849000e-02
   0.0000000e+00
  -5.6614000e-02
  -1.6106000e-02
   0.0000000e+00
  -5.6501000e-02
  -1.6362000e-02
   0.0000000e+00
  -5.6385000e-02
  -1.6617000e-02
   0.0000000e+00
  -5.6268000e-02
  -1.6871000e-02
   0.0000000e+00
  -5.6149000e-02
  -1.7125000e-02
   0.0000000e+00
  -5.6028000e-02
  -1.7377000e-02
   0.0000000e+00
  -5.5906000e-02
  -1.7629000e-02
   0.0000000e+00
  -5.5781000e-02
  -1.7880000e-02
   0.0000000e+00
  -5.5655000e-02
  -1.8130000e-02
   0.0000000e+00
  -5.5528000e-02
  -1.8379000e-02
   0.0000000e+00
  -5.5398000e-02
  -1.8627000e-02
   0.0000000e+00
  -5.5267000e-02
  -1.8875000e-02
   0.0000000e+00
  -5.5134000e-02
  -1.9121000e-02
   0.0000000e+00
  -5.4999000e-02
  -1.9367000e-02
   0.0000000e+00
  -5.4863000e-02
  -1.9611000e-02
   0.0000000e+00
  -5.4725000e-02
  -1.9855000e-02
   0.0000000e+00
  -5.4585000e-02
  -2.0097000e-02
   0.0000000e+00
  -5.4443000e-02
  -2.0339000e-02
   0.0000000e+00
  -5.4300000e-02
  -2.0579000e-02
   0.0000000e+00
  -5.4155000e-02
  -2.0819000e-02
   0.0000000e+00
  -5.4009000e-02
  -2.1058000e-02
   0.0000000e+00
  -5.3860000e-02
  -2.1295000e-02
   0.0000000e+00
  -5.3710000e-02
  -2.1532000e-02
   0.0000000e+00
  -5.3559000e-02
  -2.1767000e-02
   0.0000000e+00
  -5.3406000e-02
  -2.2001000e-02
   0.0000000e+00
  -5.3251000e-02
  -2.2235000e-02
   0.0000000e+00
  -5.3094000e-02
  -2.2467000e-02
   0.0000000e+00
  -5.2936000e-02
  -2.2698000e-02
   0.0000000e+00
  -5.2777000e-02
  -2.2928000e-02
   0.0000000e+00
  -5.2615000e-02
  -2.3157000e-02
   0.0000000e+00
  -5.2452000e-02
  -2.3385000e-02
   0.0000000e+00
  -5.2288000e-02
  -2.3611000e-02
   0.0000000e+00
  -5.2122000e-02
  -2.3837000e-02
   0.0000000e+00
  -5.1954000e-02
  -2.4061000e-02
   0.0000000e+00
  -5.1785000e-02
  -2.4284000e-02
   0.0000000e+00
  -5.1614000e-02
  -2.4506000e-02
   0.0000000e+00
  -5.1442000e-02
  -2.4727000e-02
   0.0000000e+00
  -5.1268000e-02
  -2.4946000e-02
   0.0000000e+00
  -5.1093000e-02
  -2.5164000e-02
   0.0000000e+00
  -5.0916000e-02
  -2.5381000e-02
   0.0000000e+00
  -5.0737000e-02
  -2.5597000e-02
   0.0000000e+00
  -5.0557000e-02
  -2.5812000e-02
   0.0000000e+00
  -5.0376000e-02
  -2.6025000e-02
   0.0000000e+00
  -5.0193000e-02
  -2.6237000e-02
   0.0000000e+00
  -5.0009000e-02
  -2.6448000e-02
   0.0000000e+00
  -4.9823000e-02
  -2.6657000e-02
   0.0000000e+00
  -4.9635000e-02
  -2.6865000e-02
   0.0000000e+00
  -4.9447000e-02
  -2.7072000e-02
   0.0000000e+00
  -4.9256000e-02
  -2.7277000e-02
   0.0000000e+00
  -4.9065000e-02
  -2.7482000e-02
   0.0000000e+00
  -4.8872000e-02
  -2.7684000e-02
   0.0000000e+00
  -4.8677000e-02
  -2.7886000e-02
   0.0000000e+00
  -4.8481000e-02
  -2.8086000e-02
   0.0000000e+00
  -4.8284000e-02
  -2.8285000e-02
   0.0000000e+00
  -4.8085000e-02
  -2.8482000e-02
   0.0000000e+00
  -4.7885000e-02
  -2.8678000e-02
   0.0000000e+00
  -4.7684000e-02
  -2.8872000e-02
   0.0000000e+00
  -4.7481000e-02
  -2.9065000e-02
   0.0000000e+00
  -4.7277000e-02
  -2.9257000e-02
   0.0000000e+00
  -4.7071000e-02
  -2.9447000e-02
   0.0000000e+00
  -4.6865000e-02
  -2.9636000e-02
   0.0000000e+00
  -4.6657000e-02
  -2.9823000e-02
   0.0000000e+00
  -4.6447000e-02
  -3.0009000e-02
   0.0000000e+00
  -4.6236000e-02
  -3.0194000e-02
   0.0000000e+00
  -4.6024000e-02
  -3.0376000e-02
   0.0000000e+00
  -4.5811000e-02
  -3.0558000e-02
   0.0000000e+00
  -4.5597000e-02
  -3.0738000e-02
   0.0000000e+00
  -4.5381000e-02
  -3.0916000e-02
   0.0000000e+00
  -4.5164000e-02
  -3.1093000e-02
   0.0000000e+00
  -4.4946000e-02
  -3.1269000e-02
   0.0000000e+00
  -4.4726000e-02
  -3.1442000e-02
   0.0000000e+00
  -4.4505000e-02
  -3.1615000e-02
   0.0000000e+00
  -4.4283000e-02
  -3.1785000e-02
   0.0000000e+00
  -4.4060000e-02
  -3.1955000e-02
   0.0000000e+00
  -4.3836000e-02
  -3.2122000e-02
   0.0000000e+00
  -4.3611000e-02
  -3.2288000e-02
   0.0000000e+00
  -4.3384000e-02
  -3.2453000e-02
   0.0000000e+00
  -4.3156000e-02
  -3.2616000e-02
   0.0000000e+00
  -4.2927000e-02
  -3.2777000e-02
   0.0000000e+00
  -4.2697000e-02
  -3.2937000e-02
   0.0000000e+00
  -4.2466000e-02
  -3.3095000e-02
   0.0000000e+00
  -4.2234000e-02
  -3.3251000e-02
   0.0000000e+00
  -4.2001000e-02
  -3.3406000e-02
   0.0000000e+00
  -4.1766000e-02
  -3.3559000e-02
   0.0000000e+00
  -4.1531000e-02
  -3.3711000e-02
   0.0000000e+00
  -4.1295000e-02
  -3.3861000e-02
   0.0000000e+00
  -4.1057000e-02
  -3.4009000e-02
   0.0000000e+00
  -4.0818000e-02
  -3.4155000e-02
   0.0000000e+00
  -4.0579000e-02
  -3.4300000e-02
   0.0000000e+00
  -4.0338000e-02
  -3.4444000e-02
   0.0000000e+00
  -4.0097000e-02
  -3.4585000e-02
   0.0000000e+00
  -3.9854000e-02
  -3.4725000e-02
   0.0000000e+00
  -3.9610000e-02
  -3.4863000e-02
   0.0000000e+00
  -3.9366000e-02
  -3.4999000e-02
   0.0000000e+00
  -3.9120000e-02
  -3.5134000e-02
   0.0000000e+00
  -3.8874000e-02
  -3.5267000e-02
   0.0000000e+00
  -3.8627000e-02
  -3.5398000e-02
   0.0000000e+00
  -3.8378000e-02
  -3.5528000e-02
   0.0000000e+00
  -3.8129000e-02
  -3.5656000e-02
   0.0000000e+00
  -3.7879000e-02
  -3.5782000e-02
   0.0000000e+00
  -3.7628000e-02
  -3.5906000e-02
   0.0000000e+00
  -3.7377000e-02
  -3.6029000e-02
   0.0000000e+00
  -3.7124000e-02
  -3.6149000e-02
   0.0000000e+00
  -3.6871000e-02
  -3.6268000e-02
   0.0000000e+00
  -3.6616000e-02
  -3.6385000e-02
   0.0000000e+00
  -3.6361000e-02
  -3.6501000e-02
   0.0000000e+00
  -3.6105000e-02
  -3.6615000e-02
   0.0000000e+00
  -3.5849000e-02
  -3.6726000e-02
   0.0000000e+00
  -3.5591000e-02
  -3.6836000e-02
   0.0000000e+00
  -3.5333000e-02
  -3.6945000e-02
   0.0000000e+00
  -3.5074000e-02
  -3.7051000e-02
   0.0000000e+00
  -3.4814000e-02
  -3.7156000e-02
   0.0000000e+00
  -3.4554000e-02
  -3.7258000e-02
   0.0000000e+00
  -3.4293000e-02
  -3.7359000e-02
   0.0000000e+00
  -3.4031000e-02
  -3.7459000e-02
   0.0000000e+00
  -3.3768000e-02
  -3.7556000e-02
   0.0000000e+00
  -3.3505000e-02
  -3.7651000e-02
   0.0000000e+00
  -3.3241000e-02
  -3.7745000e-02
   0.0000000e+00
  -3.2976000e-02
  -3.7837000e-02
   0.0000000e+00
  -3.2711000e-02
  -3.7927000e-02
   0.0000000e+00
  -3.2445000e-02
  -3.8015000e-02
   0.0000000e+00
  -3.2179000e-02
  -3.8101000e-02
   0.0000000e+00
  -3.1912000e-02
  -3.8185000e-02
   0.0000000e+00
  -3.1644000e-02
  -3.8268000e-02
   0.0000000e+00
  -3.1376000e-02
  -3.8348000e-02
   0.0000000e+00
  -3.1108000e-02
  -3.8427000e-02
   0.0000000e+00
  -3.0838000e-02
  -3.8504000e-02
   0.0000000e+00
  -3.0569000e-02
  -3.8579000e-02
   0.0000000e+00
  -3.0298000e-02
  -3.8652000e-02
   0.0000000e+00
  -3.0027000e-02
  -3.8723000e-02
   0.0000000e+00
  -2.9756000e-02
  -3.8792000e-02
   0.0000000e+00
  -2.9484000e-02
  -3.8859000e-02
   0.0000000e+00
  -2.9212000e-02
  -3.8925000e-02
   0.0000000e+00
  -2.8939000e-02
  -3.8988000e-02
   0.0000000e+00
  -2.8666000e-02
  -3.9050000e-02
   0.0000000e+00
  -2.8393000e-02
  -3.9110000e-02
   0.0000000e+00
  -2.8119000e-02
  -3.9167000e-02
   0.0000000e+00
  -2.7844000e-02
  -3.9223000e-02
   0.0000000e+00
  -2.7570000e-02
  -3.9277000e-02
   0.0000000e+00
  -2.7295000e-02
  -3.9329000e-02
   0.0000000e+00
  -2.7019000e-02
  -3.9379000e-02
   0.0000000e+00
  -2.6743000e-02
  -3.9428000e-02
   0.0000000e+00
  -2.6467000e-02
  -3.9474000e-02
   0.0000000e+00
  -2.6191000e-02
  -3.9518000e-02
   0.0000000e+00
  -2.5914000e-02
  -3.9560000e-02
   0.0000000e+00
  -2.5637000e-02
  -3.9601000e-02
   0.0000000e+00
  -2.5359000e-02
  -3.9639000e-02
   0.0000000e+00
  -2.5082000e-02
  -3.9676000e-02
   0.0000000e+00
  -2.4804000e-02
  -3.9710000e-02
   0.0000000e+00
  -2.4526000e-02
  -3.9743000e-02
   0.0000000e+00
  -2.4248000e-02
  -3.9774000e-02
   0.0000000e+00
  -2.3969000e-02
  -3.9803000e-02
   0.0000000e+00
  -2.3690000e-02
  -3.9829000e-02
   0.0000000e+00
  -2.3411000e-02
  -3.9854000e-02
   0.0000000e+00
  -2.3132000e-02
  -3.9877000e-02
   0.0000000e+00
  -2.2853000e-02
  -3.9898000e-02
   0.0000000e+00
  -2.2574000e-02
  -3.9917000e-02
   0.0000000e+00
  -2.2294000e-02
  -3.9934000e-02
   0.0000000e+00
  -2.2015000e-02
  -3.9949000e-02
   0.0000000e+00
  -2.1735000e-02
  -3.9962000e-02
   0.0000000e+00
  -2.1455000e-02
  -3.9974000e-02
   0.0000000e+00
  -2.1175000e-02
  -3.9983000e-02
   0.0000000e+00
  -2.0895000e-02
  -3.9990000e-02
   0.0000000e+00
  -2.0616000e-02
  -3.9995000e-02
   0.0000000e+00
  -2.0336000e-02
  -3.9999000e-02
   0.0000000e+00
  -2.0056000e-02
  -4.0000000e-02
   0.0000000e+00
  -1.9776000e-02
  -3.9999000e-02
   0.0000000e+00
  -1.9496000e-02
  -3.9997000e-02
   0.0000000e+00
  -1.9216000e-02
  -3.9992000e-02
   0.0000000e+00
  -1.8936000e-02
  -3.9986000e-02
   0.0000000e+00
  -1.8656000e-02
  -3.9977000e-02
   0.0000000e+00
  -1.8376000e-02
  -3.9967000e-02
   0.0000000e+00
  -1.8096000e-02
  -3.9955000e-02
   0.0000000e+00
  -1.7817000e-02
  -3.9940000e-02
   0.0000000e+00
  -1.7537000e-02
  -3.9924000e-02
   0.0000000e+00
  -1.7258000e-02
  -3.9906000e-02
   0.0000000e+00
  -1.6978000e-02
  -3.9886000e-02
   0.0000000e+00
  -1.6699000e-02
  -3.9864000e-02
   0.0000000e+00
  -1.6420000e-02
  -3.9840000e-02
   0.0000000e+00
  -1.6142000e-02
  -3.9813000e-02
   0.0000000e+00
  -1.5863000e-02
  -3.9785000e-02
   0.0000000e+00
  -1.5585000e-02
  -3.9756000e-02
   0.0000000e+00
  -1.5306000e-02
  -3.9724000e-02
   0.0000000e+00
  -1.5028000e-02
  -3.9690000e-02
   0.0000000e+00
  -1.4751000e-02
  -3.9654000e-02
   0.0000000e+00
  -1.4473000e-02
  -3.9616000e-02
   0.0000000e+00
  -1.4196000e-02
  -3.9577000e-02
   0.0000000e+00
  -1.3919000e-02
  -3.9535000e-02
   0.0000000e+00
  -1.3643000e-02
  -3.9492000e-02
   0.0000000e+00
  -1.3366000e-02
  -3.9446000e-02
   0.0000000e+00
  -1.3090000e-02
  -3.9399000e-02
   0.0000000e+00
  -1.2815000e-02
  -3.9349000e-02
   0.0000000e+00
  -1.2540000e-02
  -3.9298000e-02
   0.0000000e+00
  -1.2265000e-02
  -3.9245000e-02
   0.0000000e+00
  -1.1990000e-02
  -3.9190000e-02
   0.0000000e+00
  -1.1716000e-02
  -3.9133000e-02
   0.0000000e+00
  -1.1442000e-02
  -3.9074000e-02
   0.0000000e+00
  -1.1169000e-02
  -3.9013000e-02
   0.0000000e+00
  -1.0896000e-02
  -3.8950000e-02
   0.0000000e+00
  -1.0624000e-02
  -3.8886000e-02
   0.0000000e+00
  -1.0352000e-02
  -3.8819000e-02
   0.0000000e+00
  -1.0080000e-02
  -3.8750000e-02
   0.0000000e+00
  -9.8090000e-03
  -3.8680000e-02
   0.0000000e+00
  -9.5390000e-03
  -3.8608000e-02
   0.0000000e+00
  -9.2690000e-03
  -3.8534000e-02
   0.0000000e+00
  -8.9990000e-03
  -3.8458000e-02
   0.0000000e+00
  -8.7300000e-03
  -3.8380000e-02
   0.0000000e+00
  -8.4620000e-03
  -3.8300000e-02
   0.0000000e+00
  -8.1940000e-03
  -3.8218000e-02
   0.0000000e+00
  -7.9270000e-03
  -3.8134000e-02
   0.0000000e+00
  -7.6600000e-03
  -3.8049000e-02
   0.0000000e+00
  -7.3940000e-03
  -3.7962000e-02
   0.0000000e+00
  -7.1290000e-03
  -3.7873000e-02
   0.0000000e+00
  -6.8640000e-03
  -3.7782000e-02
   0.0000000e+00
  -6.6000000e-03
  -3.7689000e-02
   0.0000000e+00
  -6.3360000e-03
  -3.7594000e-02
   0.0000000e+00
  -6.0730000e-03
  -3.7497000e-02
   0.0000000e+00
  -5.8110000e-03
  -3.7399000e-02
   0.0000000e+00
  -5.5500000e-03
  -3.7299000e-02
   0.0000000e+00
  -5.2890000e-03
  -3.7197000e-02
   0.0000000e+00
  -5.0290000e-03
  -3.7093000e-02
   0.0000000e+00
  -4.7700000e-03
  -3.6987000e-02
   0.0000000e+00
  -4.5110000e-03
  -3.6880000e-02
   0.0000000e+00
  -4.2540000e-03
  -3.6770000e-02
   0.0000000e+00
  -3.9970000e-03
  -3.6659000e-02
   0.0000000e+00
  -3.7400000e-03
  -3.6546000e-02
   0.0000000e+00
  -3.4850000e-03
  -3.6431000e-02
   0.0000000e+00
  -3.2300000e-03
  -3.6315000e-02
   0.0000000e+00
  -2.9760000e-03
  -3.6197000e-02
   0.0000000e+00
  -2.7240000e-03
  -3.6077000e-02
   0.0000000e+00
  -2.4710000e-03
  -3.5955000e-02
   0.0000000e+00
  -2.2200000e-03
  -3.5831000e-02
   0.0000000e+00
  -1.9700000e-03
  -3.5706000e-02
   0.0000000e+00
  -1.7200000e-03
  -3.5579000e-02
   0.0000000e+00
  -1.4720000e-03
  -3.5450000e-02
   0.0000000e+00
  -1.2240000e-03
  -3.5319000e-02
   0.0000000e+00
  -9.7700000e-04
  -3.5187000e-02
   0.0000000e+00
  -7.3100000e-04
  -3.5053000e-02
   0.0000000e+00
  -4.8600000e-04
  -3.4917000e-02
   0.0000000e+00
  -2.4300000e-04
  -3.4780000e-02
   0.0000000e+00
   0.0000000e+00
  -3.4641000e-02
   0.0000000e+00
   2.4200000e-04
  -3.4500000e-02
   0.0000000e+00
   4.8300000e-04
  -3.4357000e-02
   0.0000000e+00
   7.2300000e-04
  -3.4213000e-02
   0.0000000e+00
   9.6200000e-04
  -3.4067000e-02
   0.0000000e+00
   1.2000000e-03
  -3.3920000e-02
   0.0000000e+00
   1.4370000e-03
  -3.3770000e-02
   0.0000000e+00
   1.6730000e-03
  -3.3620000e-02
   0.0000000e+00
   1.9080000e-03
  -3.3467000e-02
   0.0000000e+00
   2.1420000e-03
  -3.3313000e-02
   0.0000000e+00
   2.3740000e-03
  -3.3157000e-02
   0.0000000e+00
   2.6060000e-03
  -3.3000000e-02
   0.0000000e+00
   2.8360000e-03
  -3.2841000e-02
   0.0000000e+00
   3.0660000e-03
  -3.2680000e-02
   0.0000000e+00
   3.2940000e-03
  -3.2518000e-02
   0.0000000e+00
   3.5210000e-03
  -3.2354000e-02
   0.0000000e+00
   3.7470000e-03
  -3.2188000e-02
   0.0000000e+00
   3.9720000e-03
  -3.2021000e-02
   0.0000000e+00
   4.1950000e-03
  -3.1853000e-02
   0.0000000e+00
   4.4170000e-03
  -3.1683000e-02
   0.0000000e+00
   4.6390000e-03
  -3.1511000e-02
   0.0000000e+00
   4.8590000e-03
  -3.1338000e-02
   0.0000000e+00
   5.0770000e-03
  -3.1163000e-02
   0.0000000e+00
   5.2950000e-03
  -3.0987000e-02
   0.0000000e+00
   5.5110000e-03
  -3.0809000e-02
   0.0000000e+00
   5.7260000e-03
  -3.0629000e-02
   0.0000000e+00
   5.9400000e-03
  -3.0449000e-02
   0.0000000e+00
   6.1520000e-03
  -3.0266000e-02
   0.0000000e+00
   6.3640000e-03
  -3.0082000e-02
   0.0000000e+00
   6.5740000e-03
  -2.9897000e-02
   0.0000000e+00
   6.7820000e-03
  -2.9710000e-02
   0.0000000e+00
   6.9900000e-03
  -2.9522000e-02
   0.0000000e+00
   7.1960000e-03
  -2.9333000e-02
   0.0000000e+00
   7.4000000e-03
  -2.9142000e-02
   0.0000000e+00
   7.6040000e-03
  -2.8949000e-02
   0.0000000e+00
   7.8050000e-03
  -2.8755000e-02
   0.0000000e+00
   8.0060000e-03
  -2.8560000e-02
   0.0000000e+00
   8.2050000e-03
  -2.8363000e-02
   0.0000000e+00
   8.4030000e-03
  -2.8165000e-02
   0.0000000e+00
   8.6000000e-03
  -2.7965000e-02
   0.0000000e+00
   8.7950000e-03
  -2.7764000e-02
   0.0000000e+00
   8.9880000e-03
  -2.7562000e-02
   0.0000000e+00
   9.1810000e-03
  -2.7359000e-02
   0.0000000e+00
   9.3710000e-03
  -2.7154000e-02
   0.0000000e+00
   9.5610000e-03
  -2.6947000e-02
   0.0000000e+00
   9.7490000e-03
  -2.6740000e-02
   0.0000000e+00
   9.9350000e-03
  -2.6531000e-02
   0.0000000e+00
   1.0120000e-02
  -2.6321000e-02
   0.0000000e+00
   1.0304000e-02
  -2.6109000e-02
   0.0000000e+00
   1.0486000e-02
  -2.5897000e-02
   0.0000000e+00
   1.0666000e-02
  -2.5682000e-02
   0.0000000e+00
   1.0845000e-02
  -2.5467000e-02
   0.0000000e+00
   1.1023000e-02
  -2.5251000e-02
   0.0000000e+00
   1.1199000e-02
  -2.5033000e-02
   0.0000000e+00
   1.1373000e-02
  -2.4814000e-02
   0.0000000e+00
   1.1546000e-02
  -2.4594000e-02
   0.0000000e+00
   1.1717000e-02
  -2.4372000e-02
   0.0000000e+00
   1.1887000e-02
  -2.4150000e-02
   0.0000000e+00
   1.2055000e-02
  -2.3926000e-02
   0.0000000e+00
   1.2222000e-02
  -2.3701000e-02
   0.0000000e+00
   1.2387000e-02
  -2.3475000e-02
   0.0000000e+00
   1.2551000e-02
  -2.3247000e-02
   0.0000000e+00
   1.2713000e-02
  -2.3019000e-02
   0.0000000e+00
   1.2873000e-02
  -2.2789000e-02
   0.0000000e+00
   1.3032000e-02
  -2.2559000e-02
   0.0000000e+00
   1.3189000e-02
  -2.2327000e-02
   0.0000000e+00
   1.3344000e-02
  -2.2094000e-02
   0.0000000e+00
   1.3498000e-02
  -2.1860000e-02
   0.0000000e+00
   1.3650000e-02
  -2.1625000e-02
   0.0000000e+00
   1.3801000e-02
  -2.1389000e-02
   0.0000000e+00
   1.3950000e-02
  -2.1152000e-02
   0.0000000e+00
   1.4097000e-02
  -2.0914000e-02
   0.0000000e+00
   1.4243000e-02
  -2.0675000e-02
   0.0000000e+00
   1.4387000e-02
  -2.0434000e-02
   0.0000000e+00
   1.4529000e-02
  -2.0193000e-02
   0.0000000e+00
   1.4669000e-02
  -1.9951000e-02
   0.0000000e+00
   1.4808000e-02
  -1.9708000e-02
   0.0000000e+00
   1.4945000e-02
  -1.9464000e-02
   0.0000000e+00
   1.5081000e-02
  -1.9219000e-02
   0.0000000e+00
   1.5214000e-02
  -1.8973000e-02
   0.0000000e+00
   1.5346000e-02
  -1.8726000e-02
   0.0000000e+00
   1.5476000e-02
  -1.8478000e-02
   0.0000000e+00
   1.5605000e-02
  -1.8229000e-02
   0.0000000e+00
   1.5732000e-02
  -1.7979000e-02
   0.0000000e+00
   1.5857000e-02
  -1.7729000e-02
   0.0000000e+00
   1.5980000e-02
  -1.7477000e-02
   0.0000000e+00
   1.6101000e-02
  -1.7225000e-02
   0.0000000e+00
   1.6221000e-02
  -1.6972000e-02
   0.0000000e+00
   1.6339000e-02
  -1.6718000e-02
   0.0000000e+00
   1.6455000e-02
  -1.6463000e-02
   0.0000000e+00
   1.6569000e-02
  -1.6208000e-02
   0.0000000e+00
   1.6682000e-02
  -1.5951000e-02
   0.0000000e+00
   1.6793000e-02
  -1.5694000e-02
   0.0000000e+00
   1.6902000e-02
  -1.5436000e-02
   0.0000000e+00
   1.7009000e-02
  -1.5177000e-02
   0.0000000e+00
   1.7114000e-02
  -1.4918000e-02
   0.0000000e+00
   1.7218000e-02
  -1.4658000e-02
   0.0000000e+00
   1.7319000e-02
  -1.4397000e-02
   0.0000000e+00
   1.7419000e-02
  -1.4135000e-02
   0.0000000e+00
   1.7517000e-02
  -1.3873000e-02
   0.0000000e+00
   1.7613000e-02
  -1.3610000e-02
   0.0000000e+00
   1.7708000e-02
  -1.3346000e-02
   0.0000000e+00
   1.7800000e-02
  -1.3082000e-02
   0.0000000e+00
   1.7891000e-02
  -1.2817000e-02
   0.0000000e+00
   1.7980000e-02
  -1.2552000e-02
   0.0000000e+00
   1.8067000e-02
  -1.2286000e-02
   0.0000000e+00
   1.8152000e-02
  -1.2019000e-02
   0.0000000e+00
   1.8235000e-02
  -1.1751000e-02
   0.0000000e+00
   1.8316000e-02
  -1.1484000e-02
   0.0000000e+00
   1.8396000e-02
  -1.1215000e-02
   0.0000000e+00
   1.8473000e-02
  -1.0946000e-02
   0.0000000e+00
   1.8549000e-02
  -1.0676000e-02
   0.0000000e+00
   1.8623000e-02
  -1.0406000e-02
   0.0000000e+00
   1.8695000e-02
  -1.0136000e-02
   0.0000000e+00
   1.8765000e-02
  -9.8650000e-03
   0.0000000e+00
   1.8833000e-02
  -9.5930000e-03
   0.0000000e+00
   1.8899000e-02
  -9.3210000e-03
   0.0000000e+00
   1.8963000e-02
  -9.0480000e-03
   0.0000000e+00
   1.9026000e-02
  -8.7750000e-03
   0.0000000e+00
   1.9086000e-02
  -8.5020000e-03
   0.0000000e+00
   1.9145000e-02
  -8.2280000e-03
   0.0000000e+00
   1.9201000e-02
  -7.9540000e-03
   0.0000000e+00
   1.9256000e-02
  -7.6790000e-03
   0.0000000e+00
   1.9309000e-02
  -7.4040000e-03
   0.0000000e+00
   1.9360000e-02
  -7.1290000e-03
   0.0000000e+00
   1.9409000e-02
  -6.8530000e-03
   0.0000000e+00
   1.9456000e-02
  -6.5770000e-03
   0.0000000e+00
   1.9501000e-02
  -6.3010000e-03
   0.0000000e+00
   1.9544000e-02
  -6.0240000e-03
   0.0000000e+00
   1.9585000e-02
  -5.7470000e-03
   0.0000000e+00
   1.9624000e-02
  -5.4700000e-03
   0.0000000e+00
   1.9662000e-02
  -5.1930000e-03
   0.0000000e+00
   1.9697000e-02
  -4.9150000e-03
   0.0000000e+00
   1.9730000e-02
  -4.6370000e-03
   0.0000000e+00
   1.9762000e-02
  -4.3590000e-03
   0.0000000e+00
   1.9791000e-02
  -4.0800000e-03
   0.0000000e+00
   1.9819000e-02
  -3.8020000e-03
   0.0000000e+00
   1.9845000e-02
  -3.5230000e-03
   0.0000000e+00
   1.9868000e-02
  -3.2440000e-03
   0.0000000e+00
   1.9890000e-02
  -2.9650000e-03
   0.0000000e+00
   1.9910000e-02
  -2.6850000e-03
   0.0000000e+00
   1.9928000e-02
  -2.4060000e-03
   0.0000000e+00
   1.9943000e-02
  -2.1260000e-03
   0.0000000e+00
   1.9957000e-02
  -1.8470000e-03
   0.0000000e+00
   1.9969000e-02
  -1.5670000e-03
   0.0000000e+00
   1.9979000e-02
  -1.2870000e-03
   0.0000000e+00
   1.9987000e-02
  -1.0070000e-03
   0.0000000e+00
   1.9993000e-02
  -7.2700000e-04
   0.0000000e+00
   1.9997000e-02
  -4.4700000e-04
   0.0000000e+00
   2.0000000e-02
  -1.6700000e-04
   0.0000000e+00
   2.0000000e-02
   0.0000000e+00
