   0.0000000e+00
   0.0000000e+00
   0.0000000e+00
   1.0000000e-03
   0.0000000e+00
   0.0000000e+00
   2.0000000e-03
   0.0000000e+00
   0.0000000e+00
   3.0000000e-03
   0.0000000e+00
   0.0000000e+00
   4.0000000e-03
   0.0000000e+00
   0.0000000e+00
   5.0000000e-03
   0.0000000e+00
   0.0000000e+00
   6.0000000e-03
   0.0000000e+00
   0.0000000e+00
   7.0000000e-03
   0.0000000e+00
   0.0000000e+00
   8.0000000e-03
   0.0000000e+00
   0.0000000e+00
   9.0000000e-03
   0.0000000e+00
   0.0000000e+00
   1.0000000e-02
   0.0000000e+00
   0.0000000e+00
   1.1000000e-02
   0.0000000e+00
   0.0000000e+00
   1.2000000e-02
   0.0000000e+00
   0.0000000e+00
   1.3000000e-02
   0.0000000e+00
   0.0000000e+00
   1.4000000e-02
   0.0000000e+00
   0.0000000e+00
   1.5000000e-02
   0.0000000e+00
   0.0000000e+00
   1.6000000e-02
   0.0000000e+00
   0.0000000e+00
   1.7000000e-02
   0.0000000e+00
   0.0000000e+00
   1.8000000e-02
   0.0000000e+00
   0.0000000e+00
   1.9000000e-02
   0.0000000e+00
   0.0000000e+00
   2.0000000e-02
   0.0000000e+00
   0.0000000e+00
   2.0000000e-02
   0.0000000e+00
   0.0000000e+00
   1.9999000e-02
   4.2000000e-04
   0.0000000e+00
   1.9994000e-02
   8.4000000e-04
   0.0000000e+00
   1.9987000e-02
   1.2600000e-03
   0.0000000e+00
   1.9976000e-02
   1.6800000e-03
   0.0000000e+00
   1.9963000e-02
   2.1000000e-03
   0.0000000e+00
   1.9947000e-02
   2.5190000e-03
   0.0000000e+00
   1.9928000e-02
   2.9390000e-03
   0.0000000e+00
   1.9906000e-02
   3.3580000e-03
   0.0000000e+00
   1.9881000e-02
   3.7780000e-03
   0.0000000e+00
   1.9853000e-02
   4.1970000e-03
   0.0000000e+00
   1.9822000e-02
   4.6150000e-03
   0.0000000e+00
   1.9788000e-02
   5.0340000e-03
   0.0000000e+00
   1.9752000e-02
   5.4520000e-03
   0.0000000e+00
   1.9712000e-02
   5.8710000e-03
   0.0000000e+00
   1.9670000e-02
   6.2880000e-03
   0.0000000e+00
   1.9624000e-02
   6.7060000e-03
   0.0000000e+00
   1.9576000e-02
   7.1230000e-03
   0.0000000e+00
   1.9524000e-02
   7.5400000e-03
   0.0000000e+00
   1.9470000e-02
   7.9560000e-03
   0.0000000e+00
   1.9413000e-02
   8.3730000e-03
   0.0000000e+00
   1.9353000e-02
   8.7880000e-03
   0.0000000e+00
   1.9290000e-02
   9.2040000e-03
   0.0000000e+00
   1.9224000e-02
   9.6180000e-03
   0.0000000e+00
   1.9155000e-02
   1.0033000e-02
   0.0000000e+00
   1.9084000e-02
   1.0446000e-02
   0.0000000e+00
   1.9009000e-02
   1.0860000e-02
   0.0000000e+00
   1.8932000e-02
   1.1273000e-02
   0.0000000e+00
   1.8851000e-02
   1.1685000e-02
   0.0000000e+00
   1.8768000e-02
   1.2097000e-02
   0.0000000e+00
   1.8682000e-02
   1.2508000e-02
   0.0000000e+00
   1.8593000e-02
   1.2918000e-02
   0.0000000e+00
   1.8501000e-02
   1.3328000e-02
   0.0000000e+00
   1.8406000e-02
   1.3737000e-02
   0.0000000e+00
   1.8309000e-02
   1.4146000e-02
   0.0000000e+00
   1.8208000e-02
   1.4553000e-02
   0.0000000e+00
   1.8105000e-02
   1.4960000e-02
   0.0000000e+00
   1.7999000e-02
   1.5367000e-02
   0.0000000e+00
   1.7890000e-02
   1.5772000e-02
   0.0000000e+00
   1.7778000e-02
   1.6177000e-02
   0.0000000e+00
   1.7663000e-02
   1.6581000e-02
   0.0000000e+00
   1.7546000e-02
   1.6985000e-02
   0.0000000e+00
   1.7426000e-02
   1.7387000e-02
   0.0000000e+00
   1.7302000e-02
   1.7789000e-02
   0.0000000e+00
   1.7177000e-02
   1.8189000e-02
   0.0000000e+00
   1.7048000e-02
   1.8589000e-02
   0.0000000e+00
   1.6916000e-02
   1.8988000e-02
   0.0000000e+00
   1.6782000e-02
   1.9386000e-02
   0.0000000e+00
   1.6645000e-02
   1.9783000e-02
   0.0000000e+00
   1.6505000e-02
   2.0179000e-02
   0.0000000e+00
   1.6362000e-02
   2.0574000e-02
   0.0000000e+00
   1.6217000e-02
   2.0968000e-02
   0.0000000e+00
   1.6069000e-02
   2.1361000e-02
   0.0000000e+00
   1.5918000e-02
   2.1753000e-02
   0.0000000e+00
   1.5764000e-02
   2.2144000e-02
   0.0000000e+00
   1.5608000e-02
   2.2534000e-02
   0.0000000e+00
   1.5449000e-02
   2.2922000e-02
   0.0000000e+00
   1.5287000e-02
   2.3310000e-02
   0.0000000e+00
   1.5122000e-02
   2.3696000e-02
   0.0000000e+00
   1.4955000e-02
   2.4082000e-02
   0.0000000e+00
   1.4785000e-02
   2.4466000e-02
   0.0000000e+00
   1.4613000e-02
   2.4849000e-02
   0.0000000e+00
   1.4437000e-02
   2.5230000e-02
   0.0000000e+00
   1.4260000e-02
   2.5611000e-02
   0.0000000e+00
   1.4079000e-02
   2.5990000e-02
   0.0000000e+00
   1.3896000e-02
   2.6368000e-02
   0.0000000e+00
   1.3710000e-02
   2.6744000e-02
   0.0000000e+00
   1.3521000e-02
   2.7120000e-02
   0.0000000e+00
   1.3330000e-02
   2.7494000e-02
   0.0000000e+00
   1.3136000e-02
   2.7866000e-02
   0.0000000e+00
   1.2940000e-02
   2.8238000e-02
   0.0000000e+00
   1.2741000e-02
   2.8607000e-02
   0.0000000e+00
   1.2539000e-02
   2.8976000e-02
   0.0000000e+00
   1.2335000e-02
   2.9343000e-02
   0.0000000e+00
   1.2129000e-02
   2.9709000e-02
   0.0000000e+00
   1.1919000e-02
   3.0073000e-02
   0.0000000e+00
   1.1708000e-02
   3.0435000e-02
   0.0000000e+00
   1.1493000e-02
   3.0797000e-02
   0.0000000e+00
   1.1277000e-02
   3.1156000e-02
   0.0000000e+00
   1.1057000e-02
   3.1515000e-02
   0.0000000e+00
   1.0835000e-02
   3.1871000e-02
   0.0000000e+00
   1.0611000e-02
   3.2226000e-02
   0.0000000e+00
   1.0384000e-02
   3.2580000e-02
   0.0000000e+00
   1.0155000e-02
   3.2932000e-02
   0.0000000e+00
   9.9230000e-03
   3.3282000e-02
   0.0000000e+00
   9.6890000e-03
   3.3631000e-02
   0.0000000e+00
   9.4520000e-03
   3.3978000e-02
   0.0000000e+00
   9.2130000e-03
   3.4323000e-02
   0.0000000e+00
   8.9720000e-03
   3.4667000e-02
   0.0000000e+00
   8.7280000e-03
   3.5008000e-02
   0.0000000e+00
   8.4820000e-03
   3.5349000e-02
   0.0000000e+00
   8.2330000e-03
   3.5687000e-02
   0.0000000e+00
   7.9820000e-03
   3.6024000e-02
   0.0000000e+00
   7.7290000e-03
   3.6359000e-02
   0.0000000e+00
   7.4730000e-03
   3.6692000e-02
   0.0000000e+00
   7.2150000e-03
   3.7024000e-02
   0.0000000e+00
   6.9550000e-03
   3.7353000e-02
   0.0000000e+00
   6.6920000e-03
   3.7681000e-02
   0.0000000e+00
   6.4270000e-03
   3.8007000e-02
   0.0000000e+00
   6.1600000e-03
   3.8331000e-02
   0.0000000e+00
   5.8910000e-03
   3.8653000e-02
   0.0000000e+00
   5.6190000e-03
   3.8973000e-02
   0.0000000e+00
   5.3450000e-03
   3.9292000e-02
   0.0000000e+00
   5.0690000e-03
   3.9608000e-02
   0.0000000e+00
   4.7900000e-03
   3.9923000e-02
   0.0000000e+00
   4.5100000e-03
   4.0235000e-02
   0.0000000e+00
   4.2270000e-03
   4.0546000e-02
   0.0000000e+00
   3.9420000e-03
   4.0854000e-02
   0.0000000e+00
   3.6550000e-03
   4.1161000e-02
   0.0000000e+00
   3.3660000e-03
   4.1466000e-02
   0.0000000e+00
   3.0750000e-03
   4.1768000e-02
   0.0000000e+00
   2.7810000e-03
   4.2069000e-02
   0.0000000e+00
   2.4860000e-03
   4.2367000e-02
   0.0000000e+00
   2.1880000e-03
   4.2663000e-02
   0.0000000e+00
   1.8880000e-03
   4.2958000e-02
   0.0000000e+00
   1.5870000e-03
   4.3250000e-02
   0.0000000e+00
   1.2830000e-03
   4.3540000e-02
   0.0000000e+00
   9.7700000e-04
   4.3828000e-02
   0.0000000e+00
   6.6900000e-04
   4.4114000e-02
   0.0000000e+00
   3.6000000e-04
   4.4397000e-02
   0.0000000e+00
   4.8000000e-05
   4.4679000e-02
   0.0000000e+00
  -2.6600000e-04
   4.4958000e-02
   0.0000000e+00
  -5.8200000e-04
   4.5235000e-02
   0.0000000e+00
  -8.9900000e-04
   4.5510000e-02
   0.0000000e+00
  -1.2190000e-03
   4.5782000e-02
   0.0000000e+00
  -1.5400000e-03
   4.6053000e-02
   0.0000000e+00
  -1.8630000e-03
   4.6321000e-02
   0.0000000e+00
  -2.1890000e-03
   4.6587000e-02
   0.0000000e+00
  -2.5160000e-03
   4.6850000e-02
   0.0000000e+00
  -2.8450000e-03
   4.7111000e-02
   0.0000000e+00
  -3.1750000e-03
   4.7370000e-02
   0.0000000e+00
  -3.5080000e-03
   4.7627000e-02
   0.0000000e+00
  -3.8420000e-03
   4.7881000e-02
   0.0000000e+00
  -4.1780000e-03
   4.8133000e-02
   0.0000000e+00
  -4.5160000e-03
   4.8383000e-02
   0.0000000e+00
  -4.8550000e-03
   4.8630000e-02
   0.0000000e+00
  -5.1970000e-03
   4.8875000e-02
   0.0000000e+00
  -5.5400000e-03
   4.9117000e-02
   0.0000000e+00
  -5.8840000e-03
   4.9357000e-02
   0.0000000e+00
  -6.2310000e-03
   4.9595000e-02
   0.0000000e+00
  -6.5790000e-03
   4.9830000e-02
   0.0000000e+00
  -6.9280000e-03
   5.0063000e-02
   0.0000000e+00
  -7.2800000e-03
   5.0293000e-02
   0.0000000e+00
  -7.6320000e-03
   5.0521000e-02
   0.0000000e+00
  -7.9870000e-03
   5.0746000e-02
   0.0000000e+00
  -8.3430000e-03
   5.0969000e-02
   0.0000000e+00
  -8.7000000e-03
   5.1189000e-02
   0.0000000e+00
  -9.0590000e-03
   5.1407000e-02
   0.0000000e+00
  -9.4200000e-03
   5.1622000e-02
   0.0000000e+00
  -9.7820000e-03
   5.1835000e-02
   0.0000000e+00
  -1.0146000e-02
   5.2045000e-02
   0.0000000e+00
  -1.0511000e-02
   5.2253000e-02
   0.0000000e+00
  -1.0877000e-02
   5.2458000e-02
   0.0000000e+00
  -1.1245000e-02
   5.2661000e-02
   0.0000000e+00
  -1.1615000e-02
   5.2861000e-02
   0.0000000e+00
  -1.1985000e-02
   5.3058000e-02
   0.0000000e+00
  -1.2357000e-02
   5.3253000e-02
   0.0000000e+00
  -1.2731000e-02
   5.3445000e-02
   0.0000000e+00
  -1.3106000e-02
   5.3635000e-02
   0.0000000e+00
  -1.3482000e-02
   5.3822000e-02
   0.0000000e+00
  -1.3859000e-02
   5.4006000e-02
   0.0000000e+00
  -1.4238000e-02
   5.4188000e-02
   0.0000000e+00
  -1.4618000e-02
   5.4367000e-02
   0.0000000e+00
  -1.4999000e-02
   5.4543000e-02
   0.0000000e+00
  -1.5381000e-02
   5.4717000e-02
   0.0000000e+00
  -1.5765000e-02
   5.4888000e-02
   0.0000000e+00
  -1.6150000e-02
   5.5056000e-02
   0.0000000e+00
  -1.6536000e-02
   5.5222000e-02
   0.0000000e+00
  -1.6923000e-02
   5.5384000e-02
   0.0000000e+00
  -1.7311000e-02
   5.5545000e-02
   0.0000000e+00
  -1.7700000e-02
   5.5702000e-02
   0.0000000e+00
  -1.8091000e-02
   5.5857000e-02
   0.0000000e+00
  -1.8482000e-02
   5.6009000e-02
   0.0000000e+00
  -1.8875000e-02
   5.6158000e-02
   0.0000000e+00
  -1.9269000e-02
   5.6305000e-02
   0.0000000e+00
  -1.9663000e-02
   5.6448000e-02
   0.0000000e+00
  -2.0059000e-02
   5.6589000e-02
   0.0000000e+00
  -2.0455000e-02
   5.6728000e-02
   0.0000000e+00
  -2.0853000e-02
   5.6863000e-02
   0.0000000e+00
  -2.1252000e-02
   5.6996000e-02
   0.0000000e+00
  -2.1651000e-02
   5.7125000e-02
   0.0000000e+00
  -2.2051000e-02
   5.7252000e-02
   0.0000000e+00
  -2.2453000e-02
   5.7377000e-02
   0.0000000e+00
  -2.2855000e-02
   5.7498000e-02
   0.0000000e+00
  -2.3257000e-02
   5.7617000e-02
   0.0000000e+00
  -2.3661000e-02
   5.7733000e-02
   0.0000000e+00
  -2.4066000e-02
   5.7845000e-02
   0.0000000e+00
  -2.4471000e-02
   5.7956000e-02
   0.0000000e+00
  -2.4877000e-02
   5.8063000e-02
   0.0000000e+00
  -2.5284000e-02
   5.8167000e-02
   0.0000000e+00
  -2.5691000e-02
   5.8269000e-02
   0.0000000e+00
  -2.6100000e-02
   5.8368000e-02
   0.0000000e+00
  -2.6509000e-02
   5.8464000e-02
   0.0000000e+00
  -2.6918000e-02
   5.8557000e-02
   0.0000000e+00
  -2.7328000e-02
   5.8647000e-02
   0.0000000e+00
  -2.7739000e-02
   5.8734000e-02
   0.0000000e+00
  -2.8151000e-02
   5.8818000e-02
   0.0000000e+00
  -2.8563000e-02
   5.8900000e-02
   0.0000000e+00
  -2.8975000e-02
   5.8978000e-02
   0.0000000e+00
  -2.9388000e-02
   5.9054000e-02
   0.0000000e+00
  -2.9802000e-02
   5.9127000e-02
   0.0000000e+00
  -3.0216000e-02
   5.9197000e-02
   0.0000000e+00
  -3.0631000e-02
   5.9264000e-02
   0.0000000e+00
  -3.1046000e-02
   5.9328000e-02
   0.0000000e+00
  -3.1461000e-02
   5.9389000e-02
   0.0000000e+00
  -3.1877000e-02
   5.9448000e-02
   0.0000000e+00
  -3.2294000e-02
   5.9503000e-02
   0.0000000e+00
  -3.2710000e-02
   5.9556000e-02
   0.0000000e+00
  -3.3127000e-02
   5.9605000e-02
   0.0000000e+00
  -3.3545000e-02
   5.9652000e-02
   0.0000000e+00
  -3.3962000e-02
   5.9695000e-02
   0.0000000e+00
  -3.4380000e-02
   5.9736000e-02
   0.0000000e+00
  -3.4799000e-02
   5.9774000e-02
   0.0000000e+00
  -3.5217000e-02
   5.9809000e-02
   0.0000000e+00
  -3.5636000e-02
   5.9841000e-02
   0.0000000e+00
  -3.6055000e-02
   5.9870000e-02
   0.0000000e+00
  -3.6474000e-02
   5.9896000e-02
   0.0000000e+00
  -3.6894000e-02
   5.9920000e-02
   0.0000000e+00
  -3.7313000e-02
   5.9940000e-02
   0.0000000e+00
  -3.7733000e-02
   5.9957000e-02
   0.0000000e+00
  -3.8153000e-02
   5.9972000e-02
   0.0000000e+00
  -3.8572000e-02
   5.9983000e-02
   0.0000000e+00
  -3.8992000e-02
   5.9992000e-02
   0.0000000e+00
  -3.9412000e-02
   5.9997000e-02
   0.0000000e+00
  -3.9832000e-02
   6.0000000e-02
   0.0000000e+00
  -4.0252000e-02
   5.9999000e-02
   0.0000000e+00
  -4.0672000e-02
   5.9996000e-02
   0.0000000e+00
  -4.1092000e-02
   5.9990000e-02
   0.0000000e+00
  -4.1512000e-02
   5.9981000e-02
   0.0000000e+00
  -4.1932000e-02
   5.9969000e-02
   0.0000000e+00
  -4.2352000e-02
   5.9954000e-02
   0.0000000e+00
  -4.2771000e-02
   5.9936000e-02
   0.0000000e+00
  -4.3191000e-02
   5.9915000e-02
   0.0000000e+00
  -4.3610000e-02
   5.9891000e-02
   0.0000000e+00
  -4.4029000e-02
   5.9865000e-02
   0.0000000e+00
  -4.4448000e-02
   5.9835000e-02
   0.0000000e+00
  -4.4867000e-02
   5.9802000e-02
   0.0000000e+00
  -4.5285000e-02
   5.9767000e-02
   0.0000000e+00
  -4.5704000e-02
   5.9728000e-02
   0.0000000e+00
  -4.6122000e-02
   5.9687000e-02
   0.0000000e+00
  -4.6539000e-02
   5.9643000e-02
   0.0000000e+00
  -4.6957000e-02
   5.9595000e-02
   0.0000000e+00
  -4.7374000e-02
   5.9545000e-02
   0.0000000e+00
  -4.7790000e-02
   5.9492000e-02
   0.0000000e+00
  -4.8206000e-02
   5.9436000e-02
   0.0000000e+00
  -4.8622000e-02
   5.9377000e-02
   0.0000000e+00
  -4.9038000e-02
   5.9315000e-02
   0.0000000e+00
  -4.9453000e-02
   5.9251000e-02
   0.0000000e+00
  -4.9867000e-02
   5.9183000e-02
   0.0000000e+00
  -5.0281000e-02
   5.9113000e-02
   0.0000000e+00
  -5.0695000e-02
   5.9039000e-02
   0.0000000e+00
  -5.1108000e-02
   5.8963000e-02
   0.0000000e+00
  -5.1520000e-02
   5.8884000e-02
   0.0000000e+00
  -5.1932000e-02
   5.8802000e-02
   0.0000000e+00
  -5.2343000e-02
   5.8717000e-02
   0.0000000e+00
  -5.2754000e-02
   5.8629000e-02
   0.0000000e+00
  -5.3164000e-02
   5.8538000e-02
   0.0000000e+00
  -5.3574000e-02
   5.8444000e-02
   0.0000000e+00
  -5.3982000e-02
   5.8348000e-02
   0.0000000e+00
  -5.4391000e-02
   5.8249000e-02
   0.0000000e+00
  -5.4798000e-02
   5.8147000e-02
   0.0000000e+00
  -5.5205000e-02
   5.8042000e-02
   0.0000000e+00
  -5.5611000e-02
   5.7934000e-02
   0.0000000e+00
  -5.6016000e-02
   5.7823000e-02
   0.0000000e+00
  -5.6420000e-02
   5.7709000e-02
   0.0000000e+00
  -5.6824000e-02
   5.7593000e-02
   0.0000000e+00
  -5.7226000e-02
   5.7474000e-02
   0.0000000e+00
  -5.7628000e-02
   5.7352000e-02
   0.0000000e+00
  -5.8029000e-02
   5.7227000e-02
   0.0000000e+00
  -5.8429000e-02
   5.7100000e-02
   0.0000000e+00
  -5.8829000e-02
   5.6969000e-02
   0.0000000e+00
  -5.9227000e-02
   5.6836000e-02
   0.0000000e+00
  -5.9624000e-02
   5.6700000e-02
   0.0000000e+00
  -6.0021000e-02
   5.6561000e-02
   0.0000000e+00
  -6.0416000e-02
   5.6420000e-02
   0.0000000e+00
  -6.0811000e-02
   5.6275000e-02
   0.0000000e+00
  -6.1204000e-02
   5.6128000e-02
   0.0000000e+00
  -6.1596000e-02
   5.5979000e-02
   0.0000000e+00
  -6.1988000e-02
   5.5826000e-02
   0.0000000e+00
  -6.2378000e-02
   5.5671000e-02
   0.0000000e+00
  -6.2767000e-02
   5.5513000e-02
   0.0000000e+00
  -6.3155000e-02
   5.5352000e-02
   0.0000000e+00
  -6.3542000e-02
   5.5189000e-02
   0.0000000e+00
  -6.3928000e-02
   5.5022000e-02
   0.0000000e+00
  -6.4312000e-02
   5.4854000e-02
   0.0000000e+00
  -6.4696000e-02
   5.4682000e-02
   0.0000000e+00
  -6.5078000e-02
   5.4508000e-02
   0.0000000e+00
  -6.5459000e-02
   5.4331000e-02
   0.0000000e+00
  -6.5839000e-02
   5.4151000e-02
   0.0000000e+00
  -6.6217000e-02
   5.3969000e-02
   0.0000000e+00
  -6.6594000e-02
   5.3784000e-02
   0.0000000e+00
  -6.6970000e-02
   5.3597000e-02
   0.0000000e+00
  -6.7344000e-02
   5.3407000e-02
   0.0000000e+00
  -6.7718000e-02
   5.3214000e-02
   0.0000000e+00
  -6.8089000e-02
   5.3019000e-02
   0.0000000e+00
  -6.8460000e-02
   5.2821000e-02
   0.0000000e+00
  -6.8829000e-02
   5.2620000e-02
   0.0000000e+00
  -6.9197000e-02
   5.2417000e-02
   0.0000000e+00
  -6.9563000e-02
   5.2212000e-02
   0.0000000e+00
  -6.9927000e-02
   5.2003000e-02
   0.0000000e+00
  -7.0291000e-02
   5.1793000e-02
   0.0000000e+00
  -7.0653000e-02
   5.1579000e-02
   0.0000000e+00
  -7.1013000e-02
   5.1363000e-02
   0.0000000e+00
  -7.1372000e-02
   5.1145000e-02
   0.0000000e+00
  -7.1729000e-02
   5.0924000e-02
   0.0000000e+00
  -7.2085000e-02
   5.0701000e-02
   0.0000000e+00
  -7.2439000e-02
   5.0475000e-02
   0.0000000e+00
  -7.2791000e-02
   5.0247000e-02
   0.0000000e+00
  -7.3142000e-02
   5.0016000e-02
   0.0000000e+00
  -7.3491000e-02
   4.9783000e-02
   0.0000000e+00
  -7.3839000e-02
   4.9547000e-02
   0.0000000e+00
  -7.4185000e-02
   4.9309000e-02
   0.0000000e+00
  -7.4529000e-02
   4.9069000e-02
   0.0000000e+00
  -7.4872000e-02
   4.8826000e-02
   0.0000000e+00
  -7.5213000e-02
   4.8580000e-02
   0.0000000e+00
  -7.5552000e-02
   4.8333000e-02
   0.0000000e+00
  -7.5890000e-02
   4.8083000e-02
   0.0000000e+00
  -7.6225000e-02
   4.7830000e-02
   0.0000000e+00
  -7.6559000e-02
   4.7575000e-02
   0.0000000e+00
  -7.6891000e-02
   4.7318000e-02
   0.0000000e+00
  -7.7222000e-02
   4.7059000e-02
   0.0000000e+00
  -7.7550000e-02
   4.6797000e-02
   0.0000000e+00
  -7.7877000e-02
   4.6533000e-02
   0.0000000e+00
  -7.8202000e-02
   4.6267000e-02
   0.0000000e+00
  -7.8525000e-02
   4.5998000e-02
   0.0000000e+00
  -7.8846000e-02
   4.5728000e-02
   0.0000000e+00
  -7.9165000e-02
   4.5455000e-02
   0.0000000e+00
  -7.9482000e-02
   4.5179000e-02
   0.0000000e+00
  -7.9797000e-02
   4.4902000e-02
   0.0000000e+00
  -8.0111000e-02
   4.4622000e-02
   0.0000000e+00
  -8.0422000e-02
   4.4340000e-02
   0.0000000e+00
  -8.0731000e-02
   4.4056000e-02
   0.0000000e+00
  -8.1039000e-02
   4.3770000e-02
   0.0000000e+00
  -8.1344000e-02
   4.3482000e-02
   0.0000000e+00
  -8.1648000e-02
   4.3191000e-02
   0.0000000e+00
  -8.1949000e-02
   4.2899000e-02
   0.0000000e+00
  -8.2248000e-02
   4.2604000e-02
   0.0000000e+00
  -8.2545000e-02
   4.2307000e-02
   0.0000000e+00
  -8.2840000e-02
   4.2008000e-02
   0.0000000e+00
  -8.3133000e-02
   4.1707000e-02
   0.0000000e+00
  -8.3424000e-02
   4.1404000e-02
   0.0000000e+00
  -8.3713000e-02
   4.1100000e-02
   0.0000000e+00
  -8.4000000e-02
   4.0793000e-02
   0.0000000e+00
  -8.4284000e-02
   4.0484000e-02
   0.0000000e+00
  -8.4566000e-02
   4.0173000e-02
   0.0000000e+00
  -8.4847000e-02
   3.9860000e-02
   0.0000000e+00
  -8.5124000e-02
   3.9545000e-02
   0.0000000e+00
  -8.5400000e-02
   3.9228000e-02
   0.0000000e+00
  -8.5674000e-02
   3.8909000e-02
   0.0000000e+00
  -8.5945000e-02
   3.8588000e-02
   0.0000000e+00
  -8.6214000e-02
   3.8266000e-02
   0.0000000e+00
  -8.6481000e-02
   3.7941000e-02
   0.0000000e+00
  -8.6745000e-02
   3.7615000e-02
   0.0000000e+00
  -8.7007000e-02
   3.7287000e-02
   0.0000000e+00
  -8.7267000e-02
   3.6957000e-02
   0.0000000e+00
  -8.7525000e-02
   3.6625000e-02
   0.0000000e+00
  -8.7780000e-02
   3.6292000e-02
   0.0000000e+00
  -8.8033000e-02
   3.5956000e-02
   0.0000000e+00
  -8.8283000e-02
   3.5619000e-02
   0.0000000e+00
  -8.8531000e-02
   3.5280000e-02
   0.0000000e+00
  -8.8777000e-02
   3.4940000e-02
   0.0000000e+00
  -8.9021000e-02
   3.4598000e-02
   0.0000000e+00
  -8.9261000e-02
   3.4254000e-02
   0.0000000e+00
  -8.9500000e-02
   3.3908000e-02
   0.0000000e+00
  -8.9736000e-02
   3.3561000e-02
   0.0000000e+00
  -8.9970000e-02
   3.3212000e-02
   0.0000000e+00
  -9.0201000e-02
   3.2861000e-02
   0.0000000e+00
  -9.0430000e-02
   3.2509000e-02
   0.0000000e+00
  -9.0656000e-02
   3.2155000e-02
   0.0000000e+00
  -9.0880000e-02
   3.1800000e-02
   0.0000000e+00
  -9.1101000e-02
   3.1443000e-02
   0.0000000e+00
  -9.1320000e-02
   3.1084000e-02
   0.0000000e+00
  -9.1537000e-02
   3.0724000e-02
   0.0000000e+00
  -9.1750000e-02
   3.0363000e-02
   0.0000000e+00
  -9.1962000e-02
   3.0000000e-02
   0.0000000e+00
  -9.2170000e-02
   2.9635000e-02
   0.0000000e+00
  -9.2377000e-02
   2.9269000e-02
   0.0000000e+00
  -9.2580000e-02
   2.8902000e-02
   0.0000000e+00
  -9.2781000e-02
   2.8533000e-02
   0.0000000e+00
  -9.2980000e-02
   2.8163000e-02
   0.0000000e+00
  -9.3176000e-02
   2.7791000e-02
   0.0000000e+00
  -9.3369000e-02
   2.7419000e-02
   0.0000000e+00
  -9.3559000e-02
   2.7044000e-02
   0.0000000e+00
  -9.3747000e-02
   2.6669000e-02
   0.0000000e+00
  -9.3933000e-02
   2.6292000e-02
   0.0000000e+00
  -9.4115000e-02
   2.5914000e-02
   0.0000000e+00
  -9.4296000e-02
   2.5534000e-02
   0.0000000e+00
  -9.4473000e-02
   2.5154000e-02
   0.0000000e+00
  -9.4648000e-02
   2.4772000e-02
   0.0000000e+00
  -9.4820000e-02
   2.4389000e-02
   0.0000000e+00
  -9.4989000e-02
   2.4004000e-02
   0.0000000e+00
  -9.5156000e-02
   2.3619000e-02
   0.0000000e+00
  -9.5320000e-02
   2.3232000e-02
   0.0000000e+00
  -9.5481000e-02
   2.2844000e-02
   0.0000000e+00
  -9.5640000e-02
   2.2455000e-02
   0.0000000e+00
  -9.5795000e-02
   2.2065000e-02
   0.0000000e+00
  -9.5948000e-02
   2.1674000e-02
   0.0000000e+00
  -9.6099000e-02
   2.1282000e-02
   0.0000000e+00
  -9.6246000e-02
   2.0889000e-02
   0.0000000e+00
  -9.6391000e-02
   2.0495000e-02
   0.0000000e+00
  -9.6533000e-02
   2.0099000e-02
   0.0000000e+00
  -9.6673000e-02
   1.9703000e-02
   0.0000000e+00
  -9.6809000e-02
   1.9306000e-02
   0.0000000e+00
  -9.6943000e-02
   1.8908000e-02
   0.0000000e+00
  -9.7074000e-02
   1.8509000e-02
   0.0000000e+00
  -9.7202000e-02
   1.8109000e-02
   0.0000000e+00
  -9.7327000e-02
   1.7708000e-02
   0.0000000e+00
  -9.7450000e-02
   1.7306000e-02
   0.0000000e+00
  -9.7570000e-02
   1.6904000e-02
   0.0000000e+00
  -9.7687000e-02
   1.6500000e-02
   0.0000000e+00
  -9.7801000e-02
   1.6096000e-02
   0.0000000e+00
  -9.7912000e-02
   1.5691000e-02
   0.0000000e+00
  -9.8020000e-02
   1.5285000e-02
   0.0000000e+00
  -9.8126000e-02
   1.4879000e-02
   0.0000000e+00
  -9.8229000e-02
   1.4471000e-02
   0.0000000e+00
  -9.8329000e-02
   1.4063000e-02
   0.0000000e+00
  -9.8426000e-02
   1.3655000e-02
   0.0000000e+00
  -9.8520000e-02
   1.3246000e-02
   0.0000000e+00
  -9.8611000e-02
   1.2836000e-02
   0.0000000e+00
  -9.8699000e-02
   1.2425000e-02
   0.0000000e+00
  -9.8785000e-02
   1.2014000e-02
   0.0000000e+00
  -9.8868000e-02
   1.1602000e-02
   0.0000000e+00
  -9.8947000e-02
   1.1190000e-02
   0.0000000e+00
  -9.9024000e-02
   1.0777000e-02
   0.0000000e+00
  -9.9098000e-02
   1.0363000e-02
   0.0000000e+00
  -9.9169000e-02
   9.9490000e-03
   0.0000000e+00
  -9.9238000e-02
   9.5350000e-03
   0.0000000e+00
  -9.9303000e-02
   9.1200000e-03
   0.0000000e+00
  -9.9365000e-02
   8.7050000e-03
   0.0000000e+00
  -9.9425000e-02
   8.2890000e-03
   0.0000000e+00
  -9.9481000e-02
   7.8730000e-03
   0.0000000e+00
  -9.9535000e-02
   7.4560000e-03
   0.0000000e+00
  -9.9586000e-02
   7.0390000e-03
   0.0000000e+00
  -9.9633000e-02
   6.6220000e-03
   0.0000000e+00
  -9.9678000e-02
   6.2040000e-03
   0.0000000e+00
  -9.9720000e-02
   5.7870000e-03
   0.0000000e+00
  -9.9759000e-02
   5.3680000e-03
   0.0000000e+00
  -9.9795000e-02
   4.9500000e-03
   0.0000000e+00
  -9.9829000e-02
   4.5310000e-03
   0.0000000e+00
  -9.9859000e-02
   4.1120000e-03
   0.0000000e+00
  -9.9886000e-02
   3.6930000e-03
   0.0000000e+00
  -9.9911000e-02
   3.2740000e-03
   0.0000000e+00
  -9.9932000e-02
   2.8540000e-03
   0.0000000e+00
  -9.9951000e-02
   2.4350000e-03
   0.0000000e+00
  -9.9966000e-02
   2.0150000e-03
   0.0000000e+00
  -9.9979000e-02
   1.5950000e-03
   0.0000000e+00
  -9.9988000e-02
   1.1750000e-03
   0.0000000e+00
  -9.9995000e-02
   7.5600000e-04
   0.0000000e+00
  -9.9999000e-02
   3.3600000e-04
   0.0000000e+00
  -1.0000000e-01
  -8.4000000e-05
   0.0000000e+00
  -9.9998000e-02
  -5.0400000e-04
   0.0000000e+00
  -9.9993000e-02
  -9.2400000e-04
   0.0000000e+00
  -9.9985000e-02
  -1.3440000e-03
   0.0000000e+00
  -9.9974000e-02
  -1.7640000e-03
   0.0000000e+00
  -9.9960000e-02
  -2.1840000e-03
   0.0000000e+00
  -9.9943000e-02
  -2.6040000e-03
   0.0000000e+00
  -9.9924000e-02
  -3.0230000e-03
   0.0000000e+00
  -9.9901000e-02
  -3.4430000e-03
   0.0000000e+00
  -9.9876000e-02
  -3.8620000e-03
   0.0000000e+00
  -9.9847000e-02
  -4.2810000e-03
   0.0000000e+00
  -9.9816000e-02
  -4.7000000e-03
   0.0000000e+00
  -9.9781000e-02
  -5.1180000e-03
   0.0000000e+00
  -9.9744000e-02
  -5.5370000e-03
   0.0000000e+00
  -9.9704000e-02
  -5.9550000e-03
   0.0000000e+00
  -9.9661000e-02
  -6.3720000e-03
   0.0000000e+00
  -9.9615000e-02
  -6.7900000e-03
   0.0000000e+00
  -9.9566000e-02
  -7.2070000e-03
   0.0000000e+00
  -9.9514000e-02
  -7.6240000e-03
   0.0000000e+00
  -9.9459000e-02
  -8.0400000e-03
   0.0000000e+00
  -9.9401000e-02
  -8.4560000e-03
   0.0000000e+00
  -9.9340000e-02
  -8.8720000e-03
   0.0000000e+00
  -9.9277000e-02
  -9.2870000e-03
   0.0000000e+00
  -9.9210000e-02
  -9.7020000e-03
   0.0000000e+00
  -9.9141000e-02
  -1.0116000e-02
   0.0000000e+00
  -9.9069000e-02
  -1.0530000e-02
   0.0000000e+00
  -9.8994000e-02
  -1.0943000e-02
   0.0000000e+00
  -9.8916000e-02
  -1.1356000e-02
   0.0000000e+00
  -9.8835000e-02
  -1.1768000e-02
   0.0000000e+00
  -9.8751000e-02
  -1.2179000e-02
   0.0000000e+00
  -9.8664000e-02
  -1.2590000e-02
   0.0000000e+00
  -9.8575000e-02
  -1.3001000e-02
   0.0000000e+00
  -9.8482000e-02
  -1.3410000e-02
   0.0000000e+00
  -9.8387000e-02
  -1.3819000e-02
   0.0000000e+00
  -9.8289000e-02
  -1.4228000e-02
   0.0000000e+00
  -9.8188000e-02
  -1.4635000e-02
   0.0000000e+00
  -9.8084000e-02
  -1.5042000e-02
   0.0000000e+00
  -9.7977000e-02
  -1.5448000e-02
   0.0000000e+00
  -9.7868000e-02
  -1.5854000e-02
   0.0000000e+00
  -9.7755000e-02
  -1.6259000e-02
   0.0000000e+00
  -9.7640000e-02
  -1.6662000e-02
   0.0000000e+00
  -9.7522000e-02
  -1.7066000e-02
   0.0000000e+00
  -9.7401000e-02
  -1.7468000e-02
   0.0000000e+00
  -9.7277000e-02
  -1.7869000e-02
   0.0000000e+00
  -9.7151000e-02
  -1.8270000e-02
   0.0000000e+00
  -9.7022000e-02
  -1.8669000e-02
   0.0000000e+00
  -9.6889000e-02
  -1.9068000e-02
   0.0000000e+00
  -9.6755000e-02
  -1.9466000e-02
   0.0000000e+00
  -9.6617000e-02
  -1.9863000e-02
   0.0000000e+00
  -9.6477000e-02
  -2.0258000e-02
   0.0000000e+00
  -9.6333000e-02
  -2.0653000e-02
   0.0000000e+00
  -9.6187000e-02
  -2.1047000e-02
   0.0000000e+00
  -9.6039000e-02
  -2.1440000e-02
   0.0000000e+00
  -9.5887000e-02
  -2.1832000e-02
   0.0000000e+00
  -9.5733000e-02
  -2.2222000e-02
   0.0000000e+00
  -9.5576000e-02
  -2.2612000e-02
   0.0000000e+00
  -9.5416000e-02
  -2.3000000e-02
   0.0000000e+00
  -9.5254000e-02
  -2.3388000e-02
   0.0000000e+00
  -9.5089000e-02
  -2.3774000e-02
   0.0000000e+00
  -9.4921000e-02
  -2.4159000e-02
   0.0000000e+00
  -9.4751000e-02
  -2.4543000e-02
   0.0000000e+00
  -9.4578000e-02
  -2.4925000e-02
   0.0000000e+00
  -9.4402000e-02
  -2.5307000e-02
   0.0000000e+00
  -9.4223000e-02
  -2.5687000e-02
   0.0000000e+00
  -9.4042000e-02
  -2.6066000e-02
   0.0000000e+00
  -9.3858000e-02
  -2.6444000e-02
   0.0000000e+00
  -9.3672000e-02
  -2.6820000e-02
   0.0000000e+00
  -9.3483000e-02
  -2.7195000e-02
   0.0000000e+00
  -9.3291000e-02
  -2.7569000e-02
   0.0000000e+00
  -9.3097000e-02
  -2.7941000e-02
   0.0000000e+00
  -9.2900000e-02
  -2.8312000e-02
   0.0000000e+00
  -9.2701000e-02
  -2.8682000e-02
   0.0000000e+00
  -9.2499000e-02
  -2.9050000e-02
   0.0000000e+00
  -9.2294000e-02
  -2.9417000e-02
   0.0000000e+00
  -9.2087000e-02
  -2.9782000e-02
   0.0000000e+00
  -9.1877000e-02
  -3.0146000e-02
   0.0000000e+00
  -9.1665000e-02
  -3.0508000e-02
   0.0000000e+00
  -9.1450000e-02
  -3.0869000e-02
   0.0000000e+00
  -9.1233000e-02
  -3.1229000e-02
   0.0000000e+00
  -9.1013000e-02
  -3.1586000e-02
   0.0000000e+00
  -9.0790000e-02
  -3.1943000e-02
   0.0000000e+00
  -9.0566000e-02
  -3.2297000e-02
   0.0000000e+00
  -9.0338000e-02
  -3.2651000e-02
   0.0000000e+00
  -9.0108000e-02
  -3.3002000e-02
   0.0000000e+00
  -8.9876000e-02
  -3.3352000e-02
   0.0000000e+00
  -8.9642000e-02
  -3.3700000e-02
   0.0000000e+00
  -8.9404000e-02
  -3.4047000e-02
   0.0000000e+00
  -8.9165000e-02
  -3.4392000e-02
   0.0000000e+00
  -8.8923000e-02
  -3.4735000e-02
   0.0000000e+00
  -8.8679000e-02
  -3.5077000e-02
   0.0000000e+00
  -8.8432000e-02
  -3.5417000e-02
   0.0000000e+00
  -8.8183000e-02
  -3.5755000e-02
   0.0000000e+00
  -8.7931000e-02
  -3.6091000e-02
   0.0000000e+00
  -8.7677000e-02
  -3.6426000e-02
   0.0000000e+00
  -8.7421000e-02
  -3.6759000e-02
   0.0000000e+00
  -8.7163000e-02
  -3.7090000e-02
   0.0000000e+00
  -8.6902000e-02
  -3.7419000e-02
   0.0000000e+00
  -8.6639000e-02
  -3.7747000e-02
   0.0000000e+00
  -8.6374000e-02
  -3.8072000e-02
   0.0000000e+00
  -8.6106000e-02
  -3.8396000e-02
   0.0000000e+00
  -8.5836000e-02
  -3.8718000e-02
   0.0000000e+00
  -8.5564000e-02
  -3.9038000e-02
   0.0000000e+00
  -8.5290000e-02
  -3.9355000e-02
   0.0000000e+00
  -8.5013000e-02
  -3.9672000e-02
   0.0000000e+00
  -8.4734000e-02
  -3.9986000e-02
   0.0000000e+00
  -8.4453000e-02
  -4.0298000e-02
   0.0000000e+00
  -8.4170000e-02
  -4.0608000e-02
   0.0000000e+00
  -8.3885000e-02
  -4.0916000e-02
   0.0000000e+00
  -8.3597000e-02
  -4.1222000e-02
   0.0000000e+00
  -8.3308000e-02
  -4.1527000e-02
   0.0000000e+00
  -8.3016000e-02
  -4.1829000e-02
   0.0000000e+00
  -8.2722000e-02
  -4.2129000e-02
   0.0000000e+00
  -8.2426000e-02
  -4.2427000e-02
   0.0000000e+00
  -8.2128000e-02
  -4.2723000e-02
   0.0000000e+00
  -8.1828000e-02
  -4.3017000e-02
   0.0000000e+00
  -8.1526000e-02
  -4.3308000e-02
   0.0000000e+00
  -8.1222000e-02
  -4.3598000e-02
   0.0000000e+00
  -8.0915000e-02
  -4.3885000e-02
   0.0000000e+00
  -8.0607000e-02
  -4.4171000e-02
   0.0000000e+00
  -8.0297000e-02
  -4.4454000e-02
   0.0000000e+00
  -7.9985000e-02
  -4.4735000e-02
   0.0000000e+00
  -7.9671000e-02
  -4.5014000e-02
   0.0000000e+00
  -7.9355000e-02
  -4.5290000e-02
   0.0000000e+00
  -7.9037000e-02
  -4.5565000e-02
   0.0000000e+00
  -7.8717000e-02
  -4.5837000e-02
   0.0000000e+00
  -7.8395000e-02
  -4.6107000e-02
   0.0000000e+00
  -7.8071000e-02
  -4.6374000e-02
   0.0000000e+00
  -7.7746000e-02
  -4.6640000e-02
   0.0000000e+00
  -7.7418000e-02
  -4.6903000e-02
   0.0000000e+00
  -7.7089000e-02
  -4.7164000e-02
   0.0000000e+00
  -7.6758000e-02
  -4.7422000e-02
   0.0000000e+00
  -7.6425000e-02
  -4.7678000e-02
   0.0000000e+00
  -7.6091000e-02
  -4.7932000e-02
   0.0000000e+00
  -7.5754000e-02
  -4.8183000e-02
   0.0000000e+00
  -7.5416000e-02
  -4.8433000e-02
   0.0000000e+00
  -7.5076000e-02
  -4.8679000e-02
   0.0000000e+00
  -7.4734000e-02
  -4.8924000e-02
   0.0000000e+00
  -7.4391000e-02
  -4.9166000e-02
   0.0000000e+00
  -7.4046000e-02
  -4.9405000e-02
   0.0000000e+00
  -7.3700000e-02
  -4.9642000e-02
   0.0000000e+00
  -7.3351000e-02
  -4.9877000e-02
   0.0000000e+00
  -7.3001000e-02
  -5.0109000e-02
   0.0000000e+00
  -7.2650000e-02
  -5.0339000e-02
   0.0000000e+00
  -7.2297000e-02
  -5.0566000e-02
   0.0000000e+00
  -7.1942000e-02
  -5.0791000e-02
   0.0000000e+00
  -7.1585000e-02
  -5.1013000e-02
   0.0000000e+00
  -7.1228000e-02
  -5.1233000e-02
   0.0000000e+00
  -7.0868000e-02
  -5.1451000e-02
   0.0000000e+00
  -7.0507000e-02
  -5.1665000e-02
   0.0000000e+00
  -7.0145000e-02
  -5.1878000e-02
   0.0000000e+00
  -6.9781000e-02
  -5.2087000e-02
   0.0000000e+00
  -6.9416000e-02
  -5.2295000e-02
   0.0000000e+00
  -6.9049000e-02
  -5.2499000e-02
   0.0000000e+00
  -6.8681000e-02
  -5.2701000e-02
   0.0000000e+00
  -6.8311000e-02
  -5.2901000e-02
   0.0000000e+00
  -6.7940000e-02
  -5.3098000e-02
   0.0000000e+00
  -6.7568000e-02
  -5.3292000e-02
   0.0000000e+00
  -6.7194000e-02
  -5.3484000e-02
   0.0000000e+00
  -6.6819000e-02
  -5.3673000e-02
   0.0000000e+00
  -6.6443000e-02
  -5.3859000e-02
   0.0000000e+00
  -6.6065000e-02
  -5.4043000e-02
   0.0000000e+00
  -6.5686000e-02
  -5.4224000e-02
   0.0000000e+00
  -6.5306000e-02
  -5.4402000e-02
   0.0000000e+00
  -6.4924000e-02
  -5.4578000e-02
   0.0000000e+00
  -6.4542000e-02
  -5.4751000e-02
   0.0000000e+00
  -6.4158000e-02
  -5.4922000e-02
   0.0000000e+00
  -6.3773000e-02
  -5.5090000e-02
   0.0000000e+00
  -6.3387000e-02
  -5.5255000e-02
   0.0000000e+00
  -6.2999000e-02
  -5.5417000e-02
   0.0000000e+00
  -6.2611000e-02
  -5.5577000e-02
   0.0000000e+00
  -6.2221000e-02
  -5.5733000e-02
   0.0000000e+00
  -6.1831000e-02
  -5.5888000e-02
   0.0000000e+00
  -6.1439000e-02
  -5.6039000e-02
   0.0000000e+00
  -6.1046000e-02
  -5.6188000e-02
   0.0000000e+00
  -6.0652000e-02
  -5.6334000e-02
   0.0000000e+00
  -6.0257000e-02
  -5.6477000e-02
   0.0000000e+00
  -5.9861000e-02
  -5.6617000e-02
   0.0000000e+00
  -5.9465000e-02
  -5.6755000e-02
   0.0000000e+00
  -5.9067000e-02
  -5.6890000e-02
   0.0000000e+00
  -5.8668000e-02
  -5.7022000e-02
   0.0000000e+00
  -5.8269000e-02
  -5.7151000e-02
   0.0000000e+00
  -5.7868000e-02
  -5.7278000e-02
   0.0000000e+00
  -5.7467000e-02
  -5.7401000e-02
   0.0000000e+00
  -5.7064000e-02
  -5.7522000e-02
   0.0000000e+00
  -5.6661000e-02
  -5.7640000e-02
   0.0000000e+00
  -5.6258000e-02
  -5.7755000e-02
   0.0000000e+00
  -5.5853000e-02
  -5.7868000e-02
   0.0000000e+00
  -5.5447000e-02
  -5.7977000e-02
   0.0000000e+00
  -5.5041000e-02
  -5.8084000e-02
   0.0000000e+00
  -5.4634000e-02
  -5.8188000e-02
   0.0000000e+00
  -5.4227000e-02
  -5.8289000e-02
   0.0000000e+00
  -5.3818000e-02
  -5.8387000e-02
   0.0000000e+00
  -5.3409000e-02
  -5.8482000e-02
   0.0000000e+00
  -5.2999000e-02
  -5.8575000e-02
   0.0000000e+00
  -5.2589000e-02
  -5.8664000e-02
   0.0000000e+00
  -5.2178000e-02
  -5.8751000e-02
   0.0000000e+00
  -5.1767000e-02
  -5.8835000e-02
   0.0000000e+00
  -5.1354000e-02
  -5.8916000e-02
   0.0000000e+00
  -5.0942000e-02
  -5.8994000e-02
   0.0000000e+00
  -5.0529000e-02
  -5.9069000e-02
   0.0000000e+00
  -5.0115000e-02
  -5.9141000e-02
   0.0000000e+00
  -4.9701000e-02
  -5.9211000e-02
   0.0000000e+00
  -4.9286000e-02
  -5.9277000e-02
   0.0000000e+00
  -4.8871000e-02
  -5.9341000e-02
   0.0000000e+00
  -4.8455000e-02
  -5.9401000e-02
   0.0000000e+00
  -4.8039000e-02
  -5.9459000e-02
   0.0000000e+00
  -4.7623000e-02
  -5.9514000e-02
   0.0000000e+00
  -4.7206000e-02
  -5.9566000e-02
   0.0000000e+00
  -4.6789000e-02
  -5.9615000e-02
   0.0000000e+00
  -4.6371000e-02
  -5.9661000e-02
   0.0000000e+00
  -4.5954000e-02
  -5.9704000e-02
   0.0000000e+00
  -4.5535000e-02
  -5.9744000e-02
   0.0000000e+00
  -4.5117000e-02
  -5.9781000e-02
   0.0000000e+00
  -4.4699000e-02
  -5.9816000e-02
   0.0000000e+00
  -4.4280000e-02
  -5.9847000e-02
   0.0000000e+00
  -4.3861000e-02
  -5.9876000e-02
   0.0000000e+00
  -4.3441000e-02
  -5.9901000e-02
   0.0000000e+00
  -4.3022000e-02
  -5.9924000e-02
   0.0000000e+00
  -4.2603000e-02
  -5.9944000e-02
   0.0000000e+00
  -4.2183000e-02
  -5.9960000e-02
   0.0000000e+00
  -4.1763000e-02
  -5.9974000e-02
   0.0000000e+00
  -4.1343000e-02
  -5.9985000e-02
   0.0000000e+00
  -4.0923000e-02
  -5.9993000e-02
   0.0000000e+00
  -4.0503000e-02
  -5.9998000e-02
   0.0000000e+00
  -4.0083000e-02
  -6.0000000e-02
   0.0000000e+00
  -3.9663000e-02
  -5.9999000e-02
   0.0000000e+00
  -3.9243000e-02
  -5.9995000e-02
   0.0000000e+00
  -3.8823000e-02
  -5.9988000e-02
   0.0000000e+00
  -3.8404000e-02
  -5.9979000e-02
   0.0000000e+00
  -3.7984000e-02
  -5.9966000e-02
   0.0000000e+00
  -3.7564000e-02
  -5.9951000e-02
   0.0000000e+00
  -3.7144000e-02
  -5.9932000e-02
   0.0000000e+00
  -3.6725000e-02
  -5.9911000e-02
   0.0000000e+00
  -3.6306000e-02
  -5.9886000e-02
   0.0000000e+00
  -3.5887000e-02
  -5.9859000e-02
   0.0000000e+00
  -3.5468000e-02
  -5.9829000e-02
   0.0000000e+00
  -3.5049000e-02
  -5.9795000e-02
   0.0000000e+00
  -3.4631000e-02
  -5.9759000e-02
   0.0000000e+00
  -3.4212000e-02
  -5.9720000e-02
   0.0000000e+00
  -3.3794000e-02
  -5.9678000e-02
   0.0000000e+00
  -3.3377000e-02
  -5.9633000e-02
   0.0000000e+00
  -3.2960000e-02
  -5.9586000e-02
   0.0000000e+00
  -3.2543000e-02
  -5.9535000e-02
   0.0000000e+00
  -3.2126000e-02
  -5.9481000e-02
   0.0000000e+00
  -3.1710000e-02
  -5.9425000e-02
   0.0000000e+00
  -3.1294000e-02
  -5.9365000e-02
   0.0000000e+00
  -3.0879000e-02
  -5.9303000e-02
   0.0000000e+00
  -3.0464000e-02
  -5.9237000e-02
   0.0000000e+00
  -3.0050000e-02
  -5.9169000e-02
   0.0000000e+00
  -2.9636000e-02
  -5.9098000e-02
   0.0000000e+00
  -2.9222000e-02
  -5.9024000e-02
   0.0000000e+00
  -2.8809000e-02
  -5.8947000e-02
   0.0000000e+00
  -2.8397000e-02
  -5.8867000e-02
   0.0000000e+00
  -2.7985000e-02
  -5.8785000e-02
   0.0000000e+00
  -2.7574000e-02
  -5.8699000e-02
   0.0000000e+00
  -2.7163000e-02
  -5.8611000e-02
   0.0000000e+00
  -2.6753000e-02
  -5.8519000e-02
   0.0000000e+00
  -2.6344000e-02
  -5.8425000e-02
   0.0000000e+00
  -2.5935000e-02
  -5.8328000e-02
   0.0000000e+00
  -2.5527000e-02
  -5.8228000e-02
   0.0000000e+00
  -2.5120000e-02
  -5.8126000e-02
   0.0000000e+00
  -2.4714000e-02
  -5.8020000e-02
   0.0000000e+00
  -2.4308000e-02
  -5.7912000e-02
   0.0000000e+00
  -2.3903000e-02
  -5.7800000e-02
   0.0000000e+00
  -2.3499000e-02
  -5.7686000e-02
   0.0000000e+00
  -2.3095000e-02
  -5.7569000e-02
   0.0000000e+00
  -2.2693000e-02
  -5.7450000e-02
   0.0000000e+00
  -2.2291000e-02
  -5.7327000e-02
   0.0000000e+00
  -2.1890000e-02
  -5.7202000e-02
   0.0000000e+00
  -2.1490000e-02
  -5.7074000e-02
   0.0000000e+00
  -2.1091000e-02
  -5.6943000e-02
   0.0000000e+00
  -2.0693000e-02
  -5.6809000e-02
   0.0000000e+00
  -2.0296000e-02
  -5.6672000e-02
   0.0000000e+00
  -1.9900000e-02
  -5.6533000e-02
   0.0000000e+00
  -1.9504000e-02
  -5.6391000e-02
   0.0000000e+00
  -1.9110000e-02
  -5.6246000e-02
   0.0000000e+00
  -1.8717000e-02
  -5.6098000e-02
   0.0000000e+00
  -1.8325000e-02
  -5.5948000e-02
   0.0000000e+00
  -1.7934000e-02
  -5.5795000e-02
   0.0000000e+00
  -1.7544000e-02
  -5.5639000e-02
   0.0000000e+00
  -1.7155000e-02
  -5.5481000e-02
   0.0000000e+00
  -1.6767000e-02
  -5.5319000e-02
   0.0000000e+00
  -1.6380000e-02
  -5.5155000e-02
   0.0000000e+00
  -1.5995000e-02
  -5.4989000e-02
   0.0000000e+00
  -1.5610000e-02
  -5.4819000e-02
   0.0000000e+00
  -1.5227000e-02
  -5.4647000e-02
   0.0000000e+00
  -1.4845000e-02
  -5.4472000e-02
   0.0000000e+00
  -1.4465000e-02
  -5.4295000e-02
   0.0000000e+00
  -1.4085000e-02
  -5.4115000e-02
   0.0000000e+00
  -1.3707000e-02
  -5.3932000e-02
   0.0000000e+00
  -1.3330000e-02
  -5.3747000e-02
   0.0000000e+00
  -1.2955000e-02
  -5.3559000e-02
   0.0000000e+00
  -1.2580000e-02
  -5.3368000e-02
   0.0000000e+00
  -1.2208000e-02
  -5.3175000e-02
   0.0000000e+00
  -1.1836000e-02
  -5.2979000e-02
   0.0000000e+00
  -1.1466000e-02
  -5.2781000e-02
   0.0000000e+00
  -1.1097000e-02
  -5.2580000e-02
   0.0000000e+00
  -1.0730000e-02
  -5.2376000e-02
   0.0000000e+00
  -1.0364000e-02
  -5.2170000e-02
   0.0000000e+00
  -9.9990000e-03
  -5.1961000e-02
   0.0000000e+00
  -9.6360000e-03
  -5.1750000e-02
   0.0000000e+00
  -9.2750000e-03
  -5.1536000e-02
   0.0000000e+00
  -8.9150000e-03
  -5.1320000e-02
   0.0000000e+00
  -8.5560000e-03
  -5.1101000e-02
   0.0000000e+00
  -8.1990000e-03
  -5.0880000e-02
   0.0000000e+00
  -7.8440000e-03
  -5.0656000e-02
   0.0000000e+00
  -7.4900000e-03
  -5.0429000e-02
   0.0000000e+00
  -7.1380000e-03
  -5.0201000e-02
   0.0000000e+00
  -6.7870000e-03
  -4.9969000e-02
   0.0000000e+00
  -6.4390000e-03
  -4.9736000e-02
   0.0000000e+00
  -6.0910000e-03
  -4.9499000e-02
   0.0000000e+00
  -5.7460000e-03
  -4.9261000e-02
   0.0000000e+00
  -5.4020000e-03
  -4.9020000e-02
   0.0000000e+00
  -5.0590000e-03
  -4.8776000e-02
   0.0000000e+00
  -4.7190000e-03
  -4.8531000e-02
   0.0000000e+00
  -4.3800000e-03
  -4.8283000e-02
   0.0000000e+00
  -4.0430000e-03
  -4.8032000e-02
   0.0000000e+00
  -3.7070000e-03
  -4.7779000e-02
   0.0000000e+00
  -3.3740000e-03
  -4.7524000e-02
   0.0000000e+00
  -3.0420000e-03
  -4.7266000e-02
   0.0000000e+00
  -2.7120000e-03
  -4.7007000e-02
   0.0000000e+00
  -2.3840000e-03
  -4.6744000e-02
   0.0000000e+00
  -2.0580000e-03
  -4.6480000e-02
   0.0000000e+00
  -1.7330000e-03
  -4.6213000e-02
   0.0000000e+00
  -1.4110000e-03
  -4.5944000e-02
   0.0000000e+00
  -1.0900000e-03
  -4.5673000e-02
   0.0000000e+00
  -7.7100000e-04
  -4.5399000e-02
   0.0000000e+00
  -4.5400000e-04
  -4.5124000e-02
   0.0000000e+00
  -1.4000000e-04
  -4.4846000e-02
   0.0000000e+00
   1.7300000e-04
  -4.4566000e-02
   0.0000000e+00
   4.8400000e-04
  -4.4283000e-02
   0.0000000e+00
   7.9300000e-04
  -4.3999000e-02
   0.0000000e+00
   1.1000000e-03
  -4.3712000e-02
   0.0000000e+00
   1.4050000e-03
  -4.3424000e-02
   0.0000000e+00
   1.7080000e-03
  -4.3133000e-02
   0.0000000e+00
   2.0090000e-03
  -4.2840000e-02
   0.0000000e+00
   2.3080000e-03
  -4.2544000e-02
   0.0000000e+00
   2.6050000e-03
  -4.2247000e-02
   0.0000000e+00
   2.8990000e-03
  -4.1948000e-02
   0.0000000e+00
   3.1920000e-03
  -4.1647000e-02
   0.0000000e+00
   3.4830000e-03
  -4.1343000e-02
   0.0000000e+00
   3.7710000e-03
  -4.1038000e-02
   0.0000000e+00
   4.0570000e-03
  -4.0731000e-02
   0.0000000e+00
   4.3410000e-03
  -4.0421000e-02
   0.0000000e+00
   4.6230000e-03
  -4.0110000e-02
   0.0000000e+00
   4.9030000e-03
  -3.9796000e-02
   0.0000000e+00
   5.1800000e-03
  -3.9481000e-02
   0.0000000e+00
   5.4550000e-03
  -3.9164000e-02
   0.0000000e+00
   5.7280000e-03
  -3.8845000e-02
   0.0000000e+00
   5.9990000e-03
  -3.8524000e-02
   0.0000000e+00
   6.2680000e-03
  -3.8201000e-02
   0.0000000e+00
   6.5340000e-03
  -3.7876000e-02
   0.0000000e+00
   6.7980000e-03
  -3.7549000e-02
   0.0000000e+00
   7.0600000e-03
  -3.7221000e-02
   0.0000000e+00
   7.3190000e-03
  -3.6891000e-02
   0.0000000e+00
   7.5760000e-03
  -3.6558000e-02
   0.0000000e+00
   7.8310000e-03
  -3.6224000e-02
   0.0000000e+00
   8.0830000e-03
  -3.5889000e-02
   0.0000000e+00
   8.3330000e-03
  -3.5551000e-02
   0.0000000e+00
   8.5810000e-03
  -3.5212000e-02
   0.0000000e+00
   8.8260000e-03
  -3.4871000e-02
   0.0000000e+00
   9.0690000e-03
  -3.4529000e-02
   0.0000000e+00
   9.3100000e-03
  -3.4184000e-02
   0.0000000e+00
   9.5480000e-03
  -3.3838000e-02
   0.0000000e+00
   9.7830000e-03
  -3.3491000e-02
   0.0000000e+00
   1.0017000e-02
  -3.3141000e-02
   0.0000000e+00
   1.0247000e-02
  -3.2790000e-02
   0.0000000e+00
   1.0476000e-02
  -3.2438000e-02
   0.0000000e+00
   1.0701000e-02
  -3.2084000e-02
   0.0000000e+00
   1.0925000e-02
  -3.1728000e-02
   0.0000000e+00
   1.1146000e-02
  -3.1371000e-02
   0.0000000e+00
   1.1364000e-02
  -3.1012000e-02
   0.0000000e+00
   1.1580000e-02
  -3.0652000e-02
   0.0000000e+00
   1.1793000e-02
  -3.0290000e-02
   0.0000000e+00
   1.2004000e-02
  -2.9927000e-02
   0.0000000e+00
   1.2212000e-02
  -2.9562000e-02
   0.0000000e+00
   1.2418000e-02
  -2.9196000e-02
   0.0000000e+00
   1.2621000e-02
  -2.8828000e-02
   0.0000000e+00
   1.2821000e-02
  -2.8459000e-02
   0.0000000e+00
   1.3019000e-02
  -2.8088000e-02
   0.0000000e+00
   1.3215000e-02
  -2.7717000e-02
   0.0000000e+00
   1.3407000e-02
  -2.7343000e-02
   0.0000000e+00
   1.3597000e-02
  -2.6969000e-02
   0.0000000e+00
   1.3785000e-02
  -2.6593000e-02
   0.0000000e+00
   1.3970000e-02
  -2.6216000e-02
   0.0000000e+00
   1.4152000e-02
  -2.5838000e-02
   0.0000000e+00
   1.4331000e-02
  -2.5458000e-02
   0.0000000e+00
   1.4508000e-02
  -2.5077000e-02
   0.0000000e+00
   1.4682000e-02
  -2.4695000e-02
   0.0000000e+00
   1.4854000e-02
  -2.4311000e-02
   0.0000000e+00
   1.5023000e-02
  -2.3927000e-02
   0.0000000e+00
   1.5189000e-02
  -2.3541000e-02
   0.0000000e+00
   1.5352000e-02
  -2.3154000e-02
   0.0000000e+00
   1.5513000e-02
  -2.2766000e-02
   0.0000000e+00
   1.5671000e-02
  -2.2377000e-02
   0.0000000e+00
   1.5826000e-02
  -2.1987000e-02
   0.0000000e+00
   1.5979000e-02
  -2.1595000e-02
   0.0000000e+00
   1.6129000e-02
  -2.1203000e-02
   0.0000000e+00
   1.6276000e-02
  -2.0810000e-02
   0.0000000e+00
   1.6420000e-02
  -2.0415000e-02
   0.0000000e+00
   1.6562000e-02
  -2.0020000e-02
   0.0000000e+00
   1.6700000e-02
  -1.9623000e-02
   0.0000000e+00
   1.6836000e-02
  -1.9226000e-02
   0.0000000e+00
   1.6969000e-02
  -1.8828000e-02
   0.0000000e+00
   1.7100000e-02
  -1.8428000e-02
   0.0000000e+00
   1.7227000e-02
  -1.8028000e-02
   0.0000000e+00
   1.7352000e-02
  -1.7627000e-02
   0.0000000e+00
   1.7474000e-02
  -1.7225000e-02
   0.0000000e+00
   1.7593000e-02
  -1.6823000e-02
   0.0000000e+00
   1.7710000e-02
  -1.6419000e-02
   0.0000000e+00
   1.7823000e-02
  -1.6015000e-02
   0.0000000e+00
   1.7934000e-02
  -1.5609000e-02
   0.0000000e+00
   1.8042000e-02
  -1.5204000e-02
   0.0000000e+00
   1.8147000e-02
  -1.4797000e-02
   0.0000000e+00
   1.8249000e-02
  -1.4389000e-02
   0.0000000e+00
   1.8348000e-02
  -1.3981000e-02
   0.0000000e+00
   1.8445000e-02
  -1.3573000e-02
   0.0000000e+00
   1.8538000e-02
  -1.3163000e-02
   0.0000000e+00
   1.8629000e-02
  -1.2753000e-02
   0.0000000e+00
   1.8717000e-02
  -1.2342000e-02
   0.0000000e+00
   1.8802000e-02
  -1.1931000e-02
   0.0000000e+00
   1.8884000e-02
  -1.1519000e-02
   0.0000000e+00
   1.8963000e-02
  -1.1107000e-02
   0.0000000e+00
   1.9039000e-02
  -1.0694000e-02
   0.0000000e+00
   1.9113000e-02
  -1.0280000e-02
   0.0000000e+00
   1.9183000e-02
  -9.8660000e-03
   0.0000000e+00
   1.9251000e-02
  -9.4520000e-03
   0.0000000e+00
   1.9316000e-02
  -9.0370000e-03
   0.0000000e+00
   1.9377000e-02
  -8.6210000e-03
   0.0000000e+00
   1.9436000e-02
  -8.2050000e-03
   0.0000000e+00
   1.9492000e-02
  -7.7890000e-03
   0.0000000e+00
   1.9545000e-02
  -7.3720000e-03
   0.0000000e+00
   1.9595000e-02
  -6.9550000e-03
   0.0000000e+00
   1.9643000e-02
  -6.5380000e-03
   0.0000000e+00
   1.9687000e-02
  -6.1200000e-03
   0.0000000e+00
   1.9728000e-02
  -5.7020000e-03
   0.0000000e+00
   1.9767000e-02
  -5.2840000e-03
   0.0000000e+00
   1.9802000e-02
  -4.8660000e-03
   0.0000000e+00
   1.9835000e-02
  -4.4470000e-03
   0.0000000e+00
   1.9865000e-02
  -4.0280000e-03
   0.0000000e+00
   1.9891000e-02
  -3.6090000e-03
   0.0000000e+00
   1.9915000e-02
  -3.1900000e-03
   0.0000000e+00
   1.9936000e-02
  -2.7700000e-03
   0.0000000e+00
   1.9954000e-02
  -2.3510000e-03
   0.0000000e+00
   1.9969000e-02
  -1.9310000e-03
   0.0000000e+00
   1.9981000e-02
  -1.5110000e-03
   0.0000000e+00
   1.9990000e-02
  -1.0910000e-03
   0.0000000e+00
   1.9996000e-02
  -6.7100000e-04
   0.0000000e+00
   1.9999000e-02
  -2.5100000e-04
   0.0000000e+00
   2.0000000e-02
   0.0000000e+00
   0.0000000e+00
