   0.0000000e+00
   0.0000000e+00
   0.0000000e+00
   0.0000000e+00
   0.0000000e+00
   6.8000000e-04
   0.0000000e+00
   0.0000000e+00
   1.3600000e-03
   0.0000000e+00
   0.0000000e+00
   2.0400000e-03
   0.0000000e+00
   0.0000000e+00
   2.7200000e-03
   0.0000000e+00
   0.0000000e+00
   3.4000000e-03
   0.0000000e+00
   0.0000000e+00
   4.0800000e-03
   0.0000000e+00
   0.0000000e+00
   4.7600000e-03
   0.0000000e+00
   0.0000000e+00
   5.4400000e-03
   0.0000000e+00
   0.0000000e+00
   6.1200000e-03
   0.0000000e+00
   0.0000000e+00
   6.8000000e-03
   0.0000000e+00
   0.0000000e+00
   7.4800000e-03
   0.0000000e+00
   0.0000000e+00
   8.1600000e-03
   0.0000000e+00
   0.0000000e+00
   8.8400000e-03
   0.0000000e+00
   0.0000000e+00
   9.5200000e-03
   0.0000000e+00
   0.0000000e+00
   1.0200000e-02
   0.0000000e+00
   0.0000000e+00
   1.0880000e-02
   0.0000000e+00
   0.0000000e+00
   1.1560000e-02
   0.0000000e+00
   0.0000000e+00
   1.2240000e-02
   0.0000000e+00
   0.0000000e+00
   1.2920000e-02
   0.0000000e+00
   0.0000000e+00
   1.3600000e-02
   0.0000000e+00
   0.0000000e+00
   1.3600000e-02
   2.8600000e-04
   0.0000000e+00
   1.3599000e-02
   5.7100000e-04
   0.0000000e+00
   1.3596000e-02
   8.5700000e-04
   0.0000000e+00
   1.3591000e-02
   1.1420000e-03
   0.0000000e+00
   1.3584000e-02
   1.4280000e-03
   0.0000000e+00
   1.3575000e-02
   1.7130000e-03
   0.0000000e+00
   1.3564000e-02
   1.9980000e-03
   0.0000000e+00
   1.3551000e-02
   2.2840000e-03
   0.0000000e+00
   1.3536000e-02
   2.5690000e-03
   0.0000000e+00
   1.3519000e-02
   2.8540000e-03
   0.0000000e+00
   1.3500000e-02
   3.1380000e-03
   0.0000000e+00
   1.3479000e-02
   3.4230000e-03
   0.0000000e+00
   1.3456000e-02
   3.7080000e-03
   0.0000000e+00
   1.3431000e-02
   3.9920000e-03
   0.0000000e+00
   1.3404000e-02
   4.2760000e-03
   0.0000000e+00
   1.3375000e-02
   4.5600000e-03
   0.0000000e+00
   1.3344000e-02
   4.8440000e-03
   0.0000000e+00
   1.3311000e-02
   5.1270000e-03
   0.0000000e+00
   1.3277000e-02
   5.4100000e-03
   0.0000000e+00
   1.3240000e-02
   5.6930000e-03
   0.0000000e+00
   1.3201000e-02
   5.9760000e-03
   0.0000000e+00
   1.3160000e-02
   6.2580000e-03
   0.0000000e+00
   1.3117000e-02
   6.5400000e-03
   0.0000000e+00
   1.3072000e-02
   6.8220000e-03
   0.0000000e+00
   1.3026000e-02
   7.1040000e-03
   0.0000000e+00
   1.2977000e-02
   7.3850000e-03
   0.0000000e+00
   1.2926000e-02
   7.6650000e-03
   0.0000000e+00
   1.2873000e-02
   7.9460000e-03
   0.0000000e+00
   1.2819000e-02
   8.2260000e-03
   0.0000000e+00
   1.2762000e-02
   8.5050000e-03
   0.0000000e+00
   1.2704000e-02
   8.7840000e-03
   0.0000000e+00
   1.2643000e-02
   9.0630000e-03
   0.0000000e+00
   1.2581000e-02
   9.3410000e-03
   0.0000000e+00
   1.2516000e-02
   9.6190000e-03
   0.0000000e+00
   1.2450000e-02
   9.8960000e-03
   0.0000000e+00
   1.2382000e-02
   1.0173000e-02
   0.0000000e+00
   1.2311000e-02
   1.0449000e-02
   0.0000000e+00
   1.2239000e-02
   1.0725000e-02
   0.0000000e+00
   1.2165000e-02
   1.1001000e-02
   0.0000000e+00
   1.2089000e-02
   1.1275000e-02
   0.0000000e+00
   1.2011000e-02
   1.1550000e-02
   0.0000000e+00
   1.1931000e-02
   1.1823000e-02
   0.0000000e+00
   1.1849000e-02
   1.2096000e-02
   0.0000000e+00
   1.1766000e-02
   1.2369000e-02
   0.0000000e+00
   1.1680000e-02
   1.2641000e-02
   0.0000000e+00
   1.1592000e-02
   1.2912000e-02
   0.0000000e+00
   1.1503000e-02
   1.3182000e-02
   0.0000000e+00
   1.1412000e-02
   1.3452000e-02
   0.0000000e+00
   1.1319000e-02
   1.3722000e-02
   0.0000000e+00
   1.1223000e-02
   1.3990000e-02
   0.0000000e+00
   1.1126000e-02
   1.4258000e-02
   0.0000000e+00
   1.1028000e-02
   1.4525000e-02
   0.0000000e+00
   1.0927000e-02
   1.4792000e-02
   0.0000000e+00
   1.0824000e-02
   1.5058000e-02
   0.0000000e+00
   1.0720000e-02
   1.5323000e-02
   0.0000000e+00
   1.0613000e-02
   1.5587000e-02
   0.0000000e+00
   1.0505000e-02
   1.5851000e-02
   0.0000000e+00
   1.0395000e-02
   1.6113000e-02
   0.0000000e+00
   1.0283000e-02
   1.6375000e-02
   0.0000000e+00
   1.0170000e-02
   1.6637000e-02
   0.0000000e+00
   1.0054000e-02
   1.6897000e-02
   0.0000000e+00
   9.9370000e-03
   1.7157000e-02
   0.0000000e+00
   9.8170000e-03
   1.7415000e-02
   0.0000000e+00
   9.6960000e-03
   1.7673000e-02
   0.0000000e+00
   9.5740000e-03
   1.7930000e-02
   0.0000000e+00
   9.4490000e-03
   1.8186000e-02
   0.0000000e+00
   9.3230000e-03
   1.8441000e-02
   0.0000000e+00
   9.1940000e-03
   1.8696000e-02
   0.0000000e+00
   9.0640000e-03
   1.8949000e-02
   0.0000000e+00
   8.9330000e-03
   1.9202000e-02
   0.0000000e+00
   8.7990000e-03
   1.9453000e-02
   0.0000000e+00
   8.6640000e-03
   1.9704000e-02
   0.0000000e+00
   8.5270000e-03
   1.9953000e-02
   0.0000000e+00
   8.3880000e-03
   2.0202000e-02
   0.0000000e+00
   8.2470000e-03
   2.0449000e-02
   0.0000000e+00
   8.1050000e-03
   2.0696000e-02
   0.0000000e+00
   7.9610000e-03
   2.0942000e-02
   0.0000000e+00
   7.8150000e-03
   2.1186000e-02
   0.0000000e+00
   7.6680000e-03
   2.1430000e-02
   0.0000000e+00
   7.5190000e-03
   2.1672000e-02
   0.0000000e+00
   7.3680000e-03
   2.1914000e-02
   0.0000000e+00
   7.2150000e-03
   2.2154000e-02
   0.0000000e+00
   7.0610000e-03
   2.2393000e-02
   0.0000000e+00
   6.9050000e-03
   2.2632000e-02
   0.0000000e+00
   6.7480000e-03
   2.2869000e-02
   0.0000000e+00
   6.5880000e-03
   2.3105000e-02
   0.0000000e+00
   6.4280000e-03
   2.3340000e-02
   0.0000000e+00
   6.2650000e-03
   2.3573000e-02
   0.0000000e+00
   6.1010000e-03
   2.3806000e-02
   0.0000000e+00
   5.9350000e-03
   2.4037000e-02
   0.0000000e+00
   5.7680000e-03
   2.4267000e-02
   0.0000000e+00
   5.5980000e-03
   2.4496000e-02
   0.0000000e+00
   5.4280000e-03
   2.4724000e-02
   0.0000000e+00
   5.2560000e-03
   2.4951000e-02
   0.0000000e+00
   5.0820000e-03
   2.5176000e-02
   0.0000000e+00
   4.9060000e-03
   2.5400000e-02
   0.0000000e+00
   4.7290000e-03
   2.5623000e-02
   0.0000000e+00
   4.5510000e-03
   2.5845000e-02
   0.0000000e+00
   4.3700000e-03
   2.6065000e-02
   0.0000000e+00
   4.1890000e-03
   2.6284000e-02
   0.0000000e+00
   4.0060000e-03
   2.6502000e-02
   0.0000000e+00
   3.8210000e-03
   2.6718000e-02
   0.0000000e+00
   3.6350000e-03
   2.6934000e-02
   0.0000000e+00
   3.4470000e-03
   2.7147000e-02
   0.0000000e+00
   3.2570000e-03
   2.7360000e-02
   0.0000000e+00
   3.0670000e-03
   2.7571000e-02
   0.0000000e+00
   2.8740000e-03
   2.7781000e-02
   0.0000000e+00
   2.6810000e-03
   2.7989000e-02
   0.0000000e+00
   2.4860000e-03
   2.8197000e-02
   0.0000000e+00
   2.2890000e-03
   2.8402000e-02
   0.0000000e+00
   2.0910000e-03
   2.8607000e-02
   0.0000000e+00
   1.8910000e-03
   2.8810000e-02
   0.0000000e+00
   1.6900000e-03
   2.9011000e-02
   0.0000000e+00
   1.4880000e-03
   2.9211000e-02
   0.0000000e+00
   1.2840000e-03
   2.9410000e-02
   0.0000000e+00
   1.0790000e-03
   2.9607000e-02
   0.0000000e+00
   8.7200000e-04
   2.9803000e-02
   0.0000000e+00
   6.6400000e-04
   2.9997000e-02
   0.0000000e+00
   4.5500000e-04
   3.0190000e-02
   0.0000000e+00
   2.4400000e-04
   3.0381000e-02
   0.0000000e+00
   3.2000000e-05
   3.0571000e-02
   0.0000000e+00
  -1.8100000e-04
   3.0760000e-02
   0.0000000e+00
  -3.9600000e-04
   3.0947000e-02
   0.0000000e+00
  -6.1100000e-04
   3.1132000e-02
   0.0000000e+00
  -8.2900000e-04
   3.1316000e-02
   0.0000000e+00
  -1.0470000e-03
   3.1498000e-02
   0.0000000e+00
  -1.2670000e-03
   3.1679000e-02
   0.0000000e+00
  -1.4880000e-03
   3.1858000e-02
   0.0000000e+00
  -1.7110000e-03
   3.2036000e-02
   0.0000000e+00
  -1.9340000e-03
   3.2212000e-02
   0.0000000e+00
  -2.1590000e-03
   3.2386000e-02
   0.0000000e+00
  -2.3850000e-03
   3.2559000e-02
   0.0000000e+00
  -2.6130000e-03
   3.2730000e-02
   0.0000000e+00
  -2.8410000e-03
   3.2900000e-02
   0.0000000e+00
  -3.0710000e-03
   3.3068000e-02
   0.0000000e+00
  -3.3020000e-03
   3.3235000e-02
   0.0000000e+00
  -3.5340000e-03
   3.3400000e-02
   0.0000000e+00
  -3.7670000e-03
   3.3563000e-02
   0.0000000e+00
  -4.0010000e-03
   3.3724000e-02
   0.0000000e+00
  -4.2370000e-03
   3.3884000e-02
   0.0000000e+00
  -4.4730000e-03
   3.4043000e-02
   0.0000000e+00
  -4.7110000e-03
   3.4199000e-02
   0.0000000e+00
  -4.9500000e-03
   3.4354000e-02
   0.0000000e+00
  -5.1900000e-03
   3.4507000e-02
   0.0000000e+00
  -5.4310000e-03
   3.4659000e-02
   0.0000000e+00
  -5.6730000e-03
   3.4809000e-02
   0.0000000e+00
  -5.9160000e-03
   3.4957000e-02
   0.0000000e+00
  -6.1600000e-03
   3.5103000e-02
   0.0000000e+00
  -6.4060000e-03
   3.5248000e-02
   0.0000000e+00
  -6.6520000e-03
   3.5391000e-02
   0.0000000e+00
  -6.8990000e-03
   3.5532000e-02
   0.0000000e+00
  -7.1470000e-03
   3.5672000e-02
   0.0000000e+00
  -7.3970000e-03
   3.5809000e-02
   0.0000000e+00
  -7.6470000e-03
   3.5945000e-02
   0.0000000e+00
  -7.8980000e-03
   3.6080000e-02
   0.0000000e+00
  -8.1500000e-03
   3.6212000e-02
   0.0000000e+00
  -8.4030000e-03
   3.6343000e-02
   0.0000000e+00
  -8.6570000e-03
   3.6472000e-02
   0.0000000e+00
  -8.9120000e-03
   3.6599000e-02
   0.0000000e+00
  -9.1680000e-03
   3.6724000e-02
   0.0000000e+00
  -9.4240000e-03
   3.6848000e-02
   0.0000000e+00
  -9.6820000e-03
   3.6969000e-02
   0.0000000e+00
  -9.9400000e-03
   3.7089000e-02
   0.0000000e+00
  -1.0199000e-02
   3.7207000e-02
   0.0000000e+00
  -1.0459000e-02
   3.7324000e-02
   0.0000000e+00
  -1.0720000e-02
   3.7438000e-02
   0.0000000e+00
  -1.0982000e-02
   3.7551000e-02
   0.0000000e+00
  -1.1244000e-02
   3.7661000e-02
   0.0000000e+00
  -1.1507000e-02
   3.7770000e-02
   0.0000000e+00
  -1.1772000e-02
   3.7877000e-02
   0.0000000e+00
  -1.2036000e-02
   3.7983000e-02
   0.0000000e+00
  -1.2302000e-02
   3.8086000e-02
   0.0000000e+00
  -1.2568000e-02
   3.8188000e-02
   0.0000000e+00
  -1.2835000e-02
   3.8287000e-02
   0.0000000e+00
  -1.3103000e-02
   3.8385000e-02
   0.0000000e+00
  -1.3371000e-02
   3.8481000e-02
   0.0000000e+00
  -1.3640000e-02
   3.8575000e-02
   0.0000000e+00
  -1.3910000e-02
   3.8667000e-02
   0.0000000e+00
  -1.4180000e-02
   3.8757000e-02
   0.0000000e+00
  -1.4451000e-02
   3.8845000e-02
   0.0000000e+00
  -1.4723000e-02
   3.8932000e-02
   0.0000000e+00
  -1.4995000e-02
   3.9016000e-02
   0.0000000e+00
  -1.5268000e-02
   3.9099000e-02
   0.0000000e+00
  -1.5541000e-02
   3.9179000e-02
   0.0000000e+00
  -1.5815000e-02
   3.9258000e-02
   0.0000000e+00
  -1.6090000e-02
   3.9335000e-02
   0.0000000e+00
  -1.6365000e-02
   3.9410000e-02
   0.0000000e+00
  -1.6640000e-02
   3.9483000e-02
   0.0000000e+00
  -1.6916000e-02
   3.9554000e-02
   0.0000000e+00
  -1.7193000e-02
   3.9623000e-02
   0.0000000e+00
  -1.7470000e-02
   3.9690000e-02
   0.0000000e+00
  -1.7748000e-02
   3.9755000e-02
   0.0000000e+00
  -1.8026000e-02
   3.9818000e-02
   0.0000000e+00
  -1.8304000e-02
   3.9880000e-02
   0.0000000e+00
  -1.8583000e-02
   3.9939000e-02
   0.0000000e+00
  -1.8863000e-02
   3.9996000e-02
   0.0000000e+00
  -1.9142000e-02
   4.0052000e-02
   0.0000000e+00
  -1.9423000e-02
   4.0105000e-02
   0.0000000e+00
  -1.9703000e-02
   4.0157000e-02
   0.0000000e+00
  -1.9984000e-02
   4.0206000e-02
   0.0000000e+00
  -2.0265000e-02
   4.0254000e-02
   0.0000000e+00
  -2.0547000e-02
   4.0299000e-02
   0.0000000e+00
  -2.0829000e-02
   4.0343000e-02
   0.0000000e+00
  -2.1111000e-02
   4.0385000e-02
   0.0000000e+00
  -2.1394000e-02
   4.0424000e-02
   0.0000000e+00
  -2.1677000e-02
   4.0462000e-02
   0.0000000e+00
  -2.1960000e-02
   4.0498000e-02
   0.0000000e+00
  -2.2243000e-02
   4.0531000e-02
   0.0000000e+00
  -2.2527000e-02
   4.0563000e-02
   0.0000000e+00
  -2.2810000e-02
   4.0593000e-02
   0.0000000e+00
  -2.3094000e-02
   4.0621000e-02
   0.0000000e+00
  -2.3379000e-02
   4.0646000e-02
   0.0000000e+00
  -2.3663000e-02
   4.0670000e-02
   0.0000000e+00
  -2.3948000e-02
   4.0692000e-02
   0.0000000e+00
  -2.4233000e-02
   4.0712000e-02
   0.0000000e+00
  -2.4517000e-02
   4.0729000e-02
   0.0000000e+00
  -2.4802000e-02
   4.0745000e-02
   0.0000000e+00
  -2.5088000e-02
   4.0759000e-02
   0.0000000e+00
  -2.5373000e-02
   4.0771000e-02
   0.0000000e+00
  -2.5658000e-02
   4.0781000e-02
   0.0000000e+00
  -2.5944000e-02
   4.0788000e-02
   0.0000000e+00
  -2.6229000e-02
   4.0794000e-02
   0.0000000e+00
  -2.6515000e-02
   4.0798000e-02
   0.0000000e+00
  -2.6800000e-02
   4.0800000e-02
   0.0000000e+00
  -2.7086000e-02
   4.0800000e-02
   0.0000000e+00
  -2.7372000e-02
   4.0797000e-02
   0.0000000e+00
  -2.7657000e-02
   4.0793000e-02
   0.0000000e+00
  -2.7943000e-02
   4.0787000e-02
   0.0000000e+00
  -2.8228000e-02
   4.0779000e-02
   0.0000000e+00
  -2.8514000e-02
   4.0769000e-02
   0.0000000e+00
  -2.8799000e-02
   4.0756000e-02
   0.0000000e+00
  -2.9084000e-02
   4.0742000e-02
   0.0000000e+00
  -2.9370000e-02
   4.0726000e-02
   0.0000000e+00
  -2.9655000e-02
   4.0708000e-02
   0.0000000e+00
  -2.9940000e-02
   4.0688000e-02
   0.0000000e+00
  -3.0225000e-02
   4.0666000e-02
   0.0000000e+00
  -3.0509000e-02
   4.0641000e-02
   0.0000000e+00
  -3.0794000e-02
   4.0615000e-02
   0.0000000e+00
  -3.1078000e-02
   4.0587000e-02
   0.0000000e+00
  -3.1363000e-02
   4.0557000e-02
   0.0000000e+00
  -3.1647000e-02
   4.0525000e-02
   0.0000000e+00
  -3.1930000e-02
   4.0491000e-02
   0.0000000e+00
  -3.2214000e-02
   4.0455000e-02
   0.0000000e+00
  -3.2497000e-02
   4.0417000e-02
   0.0000000e+00
  -3.2780000e-02
   4.0377000e-02
   0.0000000e+00
  -3.3063000e-02
   4.0334000e-02
   0.0000000e+00
  -3.3346000e-02
   4.0290000e-02
   0.0000000e+00
  -3.3628000e-02
   4.0245000e-02
   0.0000000e+00
  -3.3910000e-02
   4.0197000e-02
   0.0000000e+00
  -3.4191000e-02
   4.0147000e-02
   0.0000000e+00
  -3.4472000e-02
   4.0095000e-02
   0.0000000e+00
  -3.4753000e-02
   4.0041000e-02
   0.0000000e+00
  -3.5034000e-02
   3.9985000e-02
   0.0000000e+00
  -3.5314000e-02
   3.9927000e-02
   0.0000000e+00
  -3.5594000e-02
   3.9868000e-02
   0.0000000e+00
  -3.5873000e-02
   3.9806000e-02
   0.0000000e+00
  -3.6152000e-02
   3.9742000e-02
   0.0000000e+00
  -3.6430000e-02
   3.9677000e-02
   0.0000000e+00
  -3.6708000e-02
   3.9609000e-02
   0.0000000e+00
  -3.6986000e-02
   3.9540000e-02
   0.0000000e+00
  -3.7263000e-02
   3.9468000e-02
   0.0000000e+00
  -3.7539000e-02
   3.9395000e-02
   0.0000000e+00
  -3.7815000e-02
   3.9320000e-02
   0.0000000e+00
  -3.8091000e-02
   3.9242000e-02
   0.0000000e+00
  -3.8366000e-02
   3.9163000e-02
   0.0000000e+00
  -3.8640000e-02
   3.9082000e-02
   0.0000000e+00
  -3.8914000e-02
   3.8999000e-02
   0.0000000e+00
  -3.9187000e-02
   3.8914000e-02
   0.0000000e+00
  -3.9460000e-02
   3.8828000e-02
   0.0000000e+00
  -3.9732000e-02
   3.8739000e-02
   0.0000000e+00
  -4.0003000e-02
   3.8648000e-02
   0.0000000e+00
  -4.0274000e-02
   3.8556000e-02
   0.0000000e+00
  -4.0545000e-02
   3.8462000e-02
   0.0000000e+00
  -4.0814000e-02
   3.8365000e-02
   0.0000000e+00
  -4.1083000e-02
   3.8267000e-02
   0.0000000e+00
  -4.1351000e-02
   3.8167000e-02
   0.0000000e+00
  -4.1619000e-02
   3.8065000e-02
   0.0000000e+00
  -4.1886000e-02
   3.7962000e-02
   0.0000000e+00
  -4.2152000e-02
   3.7856000e-02
   0.0000000e+00
  -4.2417000e-02
   3.7749000e-02
   0.0000000e+00
  -4.2682000e-02
   3.7639000e-02
   0.0000000e+00
  -4.2945000e-02
   3.7528000e-02
   0.0000000e+00
  -4.3209000e-02
   3.7415000e-02
   0.0000000e+00
  -4.3471000e-02
   3.7300000e-02
   0.0000000e+00
  -4.3732000e-02
   3.7184000e-02
   0.0000000e+00
  -4.3993000e-02
   3.7065000e-02
   0.0000000e+00
  -4.4253000e-02
   3.6945000e-02
   0.0000000e+00
  -4.4512000e-02
   3.6823000e-02
   0.0000000e+00
  -4.4770000e-02
   3.6699000e-02
   0.0000000e+00
  -4.5028000e-02
   3.6573000e-02
   0.0000000e+00
  -4.5284000e-02
   3.6446000e-02
   0.0000000e+00
  -4.5540000e-02
   3.6317000e-02
   0.0000000e+00
  -4.5794000e-02
   3.6186000e-02
   0.0000000e+00
  -4.6048000e-02
   3.6053000e-02
   0.0000000e+00
  -4.6301000e-02
   3.5918000e-02
   0.0000000e+00
  -4.6553000e-02
   3.5782000e-02
   0.0000000e+00
  -4.6804000e-02
   3.5644000e-02
   0.0000000e+00
  -4.7054000e-02
   3.5504000e-02
   0.0000000e+00
  -4.7303000e-02
   3.5362000e-02
   0.0000000e+00
  -4.7551000e-02
   3.5219000e-02
   0.0000000e+00
  -4.7798000e-02
   3.5074000e-02
   0.0000000e+00
  -4.8044000e-02
   3.4927000e-02
   0.0000000e+00
  -4.8289000e-02
   3.4779000e-02
   0.0000000e+00
  -4.8533000e-02
   3.4628000e-02
   0.0000000e+00
  -4.8776000e-02
   3.4477000e-02
   0.0000000e+00
  -4.9018000e-02
   3.4323000e-02
   0.0000000e+00
  -4.9258000e-02
   3.4168000e-02
   0.0000000e+00
  -4.9498000e-02
   3.4011000e-02
   0.0000000e+00
  -4.9737000e-02
   3.3852000e-02
   0.0000000e+00
  -4.9974000e-02
   3.3692000e-02
   0.0000000e+00
  -5.0211000e-02
   3.3530000e-02
   0.0000000e+00
  -5.0446000e-02
   3.3367000e-02
   0.0000000e+00
  -5.0680000e-02
   3.3201000e-02
   0.0000000e+00
  -5.0913000e-02
   3.3035000e-02
   0.0000000e+00
  -5.1145000e-02
   3.2866000e-02
   0.0000000e+00
  -5.1375000e-02
   3.2696000e-02
   0.0000000e+00
  -5.1605000e-02
   3.2525000e-02
   0.0000000e+00
  -5.1833000e-02
   3.2351000e-02
   0.0000000e+00
  -5.2060000e-02
   3.2176000e-02
   0.0000000e+00
  -5.2286000e-02
   3.2000000e-02
   0.0000000e+00
  -5.2511000e-02
   3.1822000e-02
   0.0000000e+00
  -5.2734000e-02
   3.1643000e-02
   0.0000000e+00
  -5.2956000e-02
   3.1462000e-02
   0.0000000e+00
  -5.3177000e-02
   3.1279000e-02
   0.0000000e+00
  -5.3397000e-02
   3.1095000e-02
   0.0000000e+00
  -5.3615000e-02
   3.0909000e-02
   0.0000000e+00
  -5.3832000e-02
   3.0722000e-02
   0.0000000e+00
  -5.4048000e-02
   3.0533000e-02
   0.0000000e+00
  -5.4262000e-02
   3.0343000e-02
   0.0000000e+00
  -5.4475000e-02
   3.0151000e-02
   0.0000000e+00
  -5.4687000e-02
   2.9958000e-02
   0.0000000e+00
  -5.4897000e-02
   2.9764000e-02
   0.0000000e+00
  -5.5106000e-02
   2.9568000e-02
   0.0000000e+00
  -5.5314000e-02
   2.9370000e-02
   0.0000000e+00
  -5.5520000e-02
   2.9171000e-02
   0.0000000e+00
  -5.5725000e-02
   2.8971000e-02
   0.0000000e+00
  -5.5929000e-02
   2.8769000e-02
   0.0000000e+00
  -5.6131000e-02
   2.8566000e-02
   0.0000000e+00
  -5.6331000e-02
   2.8361000e-02
   0.0000000e+00
  -5.6531000e-02
   2.8155000e-02
   0.0000000e+00
  -5.6729000e-02
   2.7948000e-02
   0.0000000e+00
  -5.6925000e-02
   2.7739000e-02
   0.0000000e+00
  -5.7120000e-02
   2.7529000e-02
   0.0000000e+00
  -5.7313000e-02
   2.7317000e-02
   0.0000000e+00
  -5.7505000e-02
   2.7105000e-02
   0.0000000e+00
  -5.7696000e-02
   2.6890000e-02
   0.0000000e+00
  -5.7885000e-02
   2.6675000e-02
   0.0000000e+00
  -5.8072000e-02
   2.6458000e-02
   0.0000000e+00
  -5.8258000e-02
   2.6240000e-02
   0.0000000e+00
  -5.8443000e-02
   2.6021000e-02
   0.0000000e+00
  -5.8625000e-02
   2.5800000e-02
   0.0000000e+00
  -5.8807000e-02
   2.5578000e-02
   0.0000000e+00
  -5.8987000e-02
   2.5355000e-02
   0.0000000e+00
  -5.9165000e-02
   2.5131000e-02
   0.0000000e+00
  -5.9342000e-02
   2.4905000e-02
   0.0000000e+00
  -5.9517000e-02
   2.4678000e-02
   0.0000000e+00
  -5.9690000e-02
   2.4450000e-02
   0.0000000e+00
  -5.9862000e-02
   2.4221000e-02
   0.0000000e+00
  -6.0033000e-02
   2.3991000e-02
   0.0000000e+00
  -6.0201000e-02
   2.3759000e-02
   0.0000000e+00
  -6.0368000e-02
   2.3526000e-02
   0.0000000e+00
  -6.0534000e-02
   2.3292000e-02
   0.0000000e+00
  -6.0698000e-02
   2.3057000e-02
   0.0000000e+00
  -6.0860000e-02
   2.2821000e-02
   0.0000000e+00
  -6.1021000e-02
   2.2584000e-02
   0.0000000e+00
  -6.1180000e-02
   2.2345000e-02
   0.0000000e+00
  -6.1337000e-02
   2.2106000e-02
   0.0000000e+00
  -6.1492000e-02
   2.1865000e-02
   0.0000000e+00
  -6.1646000e-02
   2.1624000e-02
   0.0000000e+00
  -6.1798000e-02
   2.1381000e-02
   0.0000000e+00
  -6.1949000e-02
   2.1137000e-02
   0.0000000e+00
  -6.2098000e-02
   2.0892000e-02
   0.0000000e+00
  -6.2245000e-02
   2.0647000e-02
   0.0000000e+00
  -6.2390000e-02
   2.0400000e-02
   0.0000000e+00
  -6.2534000e-02
   2.0152000e-02
   0.0000000e+00
  -6.2676000e-02
   1.9903000e-02
   0.0000000e+00
  -6.2816000e-02
   1.9653000e-02
   0.0000000e+00
  -6.2955000e-02
   1.9403000e-02
   0.0000000e+00
  -6.3091000e-02
   1.9151000e-02
   0.0000000e+00
  -6.3226000e-02
   1.8898000e-02
   0.0000000e+00
  -6.3359000e-02
   1.8645000e-02
   0.0000000e+00
  -6.3491000e-02
   1.8390000e-02
   0.0000000e+00
  -6.3620000e-02
   1.8135000e-02
   0.0000000e+00
  -6.3748000e-02
   1.7878000e-02
   0.0000000e+00
  -6.3874000e-02
   1.7621000e-02
   0.0000000e+00
  -6.3998000e-02
   1.7363000e-02
   0.0000000e+00
  -6.4121000e-02
   1.7104000e-02
   0.0000000e+00
  -6.4242000e-02
   1.6845000e-02
   0.0000000e+00
  -6.4360000e-02
   1.6584000e-02
   0.0000000e+00
  -6.4477000e-02
   1.6323000e-02
   0.0000000e+00
  -6.4593000e-02
   1.6061000e-02
   0.0000000e+00
  -6.4706000e-02
   1.5798000e-02
   0.0000000e+00
  -6.4817000e-02
   1.5534000e-02
   0.0000000e+00
  -6.4927000e-02
   1.5270000e-02
   0.0000000e+00
  -6.5035000e-02
   1.5004000e-02
   0.0000000e+00
  -6.5141000e-02
   1.4738000e-02
   0.0000000e+00
  -6.5245000e-02
   1.4472000e-02
   0.0000000e+00
  -6.5347000e-02
   1.4204000e-02
   0.0000000e+00
  -6.5448000e-02
   1.3936000e-02
   0.0000000e+00
  -6.5546000e-02
   1.3668000e-02
   0.0000000e+00
  -6.5643000e-02
   1.3398000e-02
   0.0000000e+00
  -6.5737000e-02
   1.3128000e-02
   0.0000000e+00
  -6.5830000e-02
   1.2857000e-02
   0.0000000e+00
  -6.5921000e-02
   1.2586000e-02
   0.0000000e+00
  -6.6010000e-02
   1.2314000e-02
   0.0000000e+00
  -6.6097000e-02
   1.2041000e-02
   0.0000000e+00
  -6.6183000e-02
   1.1768000e-02
   0.0000000e+00
  -6.6266000e-02
   1.1494000e-02
   0.0000000e+00
  -6.6347000e-02
   1.1220000e-02
   0.0000000e+00
  -6.6427000e-02
   1.0945000e-02
   0.0000000e+00
  -6.6504000e-02
   1.0670000e-02
   0.0000000e+00
  -6.6580000e-02
   1.0394000e-02
   0.0000000e+00
  -6.6654000e-02
   1.0118000e-02
   0.0000000e+00
  -6.6726000e-02
   9.8410000e-03
   0.0000000e+00
  -6.6795000e-02
   9.5630000e-03
   0.0000000e+00
  -6.6863000e-02
   9.2850000e-03
   0.0000000e+00
  -6.6929000e-02
   9.0070000e-03
   0.0000000e+00
  -6.6993000e-02
   8.7280000e-03
   0.0000000e+00
  -6.7055000e-02
   8.4490000e-03
   0.0000000e+00
  -6.7116000e-02
   8.1690000e-03
   0.0000000e+00
  -6.7174000e-02
   7.8890000e-03
   0.0000000e+00
  -6.7230000e-02
   7.6090000e-03
   0.0000000e+00
  -6.7284000e-02
   7.3280000e-03
   0.0000000e+00
  -6.7336000e-02
   7.0470000e-03
   0.0000000e+00
  -6.7387000e-02
   6.7660000e-03
   0.0000000e+00
  -6.7435000e-02
   6.4840000e-03
   0.0000000e+00
  -6.7482000e-02
   6.2020000e-03
   0.0000000e+00
  -6.7526000e-02
   5.9190000e-03
   0.0000000e+00
  -6.7568000e-02
   5.6360000e-03
   0.0000000e+00
  -6.7609000e-02
   5.3530000e-03
   0.0000000e+00
  -6.7647000e-02
   5.0700000e-03
   0.0000000e+00
  -6.7684000e-02
   4.7870000e-03
   0.0000000e+00
  -6.7718000e-02
   4.5030000e-03
   0.0000000e+00
  -6.7751000e-02
   4.2190000e-03
   0.0000000e+00
  -6.7781000e-02
   3.9350000e-03
   0.0000000e+00
  -6.7810000e-02
   3.6500000e-03
   0.0000000e+00
  -6.7836000e-02
   3.3660000e-03
   0.0000000e+00
  -6.7861000e-02
   3.0810000e-03
   0.0000000e+00
  -6.7883000e-02
   2.7960000e-03
   0.0000000e+00
  -6.7904000e-02
   2.5110000e-03
   0.0000000e+00
  -6.7923000e-02
   2.2260000e-03
   0.0000000e+00
  -6.7939000e-02
   1.9410000e-03
   0.0000000e+00
  -6.7954000e-02
   1.6560000e-03
   0.0000000e+00
  -6.7966000e-02
   1.3700000e-03
   0.0000000e+00
  -6.7977000e-02
   1.0850000e-03
   0.0000000e+00
  -6.7986000e-02
   7.9900000e-04
   0.0000000e+00
  -6.7992000e-02
   5.1400000e-04
   0.0000000e+00
  -6.7997000e-02
   2.2800000e-04
   0.0000000e+00
  -6.7999000e-02
  -5.7000000e-05
   0.0000000e+00
  -6.8000000e-02
  -3.4300000e-04
   0.0000000e+00
  -6.7999000e-02
  -6.2900000e-04
   0.0000000e+00
  -6.7995000e-02
  -9.1400000e-04
   0.0000000e+00
  -6.7990000e-02
  -1.2000000e-03
   0.0000000e+00
  -6.7982000e-02
  -1.4850000e-03
   0.0000000e+00
  -6.7973000e-02
  -1.7700000e-03
   0.0000000e+00
  -6.7962000e-02
  -2.0560000e-03
   0.0000000e+00
  -6.7948000e-02
  -2.3410000e-03
   0.0000000e+00
  -6.7933000e-02
  -2.6260000e-03
   0.0000000e+00
  -6.7915000e-02
  -2.9110000e-03
   0.0000000e+00
  -6.7896000e-02
  -3.1960000e-03
   0.0000000e+00
  -6.7875000e-02
  -3.4800000e-03
   0.0000000e+00
  -6.7851000e-02
  -3.7650000e-03
   0.0000000e+00
  -6.7826000e-02
  -4.0490000e-03
   0.0000000e+00
  -6.7799000e-02
  -4.3330000e-03
   0.0000000e+00
  -6.7769000e-02
  -4.6170000e-03
   0.0000000e+00
  -6.7738000e-02
  -4.9010000e-03
   0.0000000e+00
  -6.7705000e-02
  -5.1840000e-03
   0.0000000e+00
  -6.7669000e-02
  -5.4670000e-03
   0.0000000e+00
  -6.7632000e-02
  -5.7500000e-03
   0.0000000e+00
  -6.7593000e-02
  -6.0330000e-03
   0.0000000e+00
  -6.7552000e-02
  -6.3150000e-03
   0.0000000e+00
  -6.7508000e-02
  -6.5970000e-03
   0.0000000e+00
  -6.7463000e-02
  -6.8790000e-03
   0.0000000e+00
  -6.7416000e-02
  -7.1600000e-03
   0.0000000e+00
  -6.7367000e-02
  -7.4410000e-03
   0.0000000e+00
  -6.7316000e-02
  -7.7220000e-03
   0.0000000e+00
  -6.7263000e-02
  -8.0020000e-03
   0.0000000e+00
  -6.7208000e-02
  -8.2820000e-03
   0.0000000e+00
  -6.7151000e-02
  -8.5610000e-03
   0.0000000e+00
  -6.7092000e-02
  -8.8400000e-03
   0.0000000e+00
  -6.7031000e-02
  -9.1190000e-03
   0.0000000e+00
  -6.6968000e-02
  -9.3970000e-03
   0.0000000e+00
  -6.6903000e-02
  -9.6750000e-03
   0.0000000e+00
  -6.6836000e-02
  -9.9520000e-03
   0.0000000e+00
  -6.6768000e-02
  -1.0229000e-02
   0.0000000e+00
  -6.6697000e-02
  -1.0505000e-02
   0.0000000e+00
  -6.6624000e-02
  -1.0781000e-02
   0.0000000e+00
  -6.6550000e-02
  -1.1056000e-02
   0.0000000e+00
  -6.6474000e-02
  -1.1330000e-02
   0.0000000e+00
  -6.6395000e-02
  -1.1605000e-02
   0.0000000e+00
  -6.6315000e-02
  -1.1878000e-02
   0.0000000e+00
  -6.6233000e-02
  -1.2151000e-02
   0.0000000e+00
  -6.6149000e-02
  -1.2423000e-02
   0.0000000e+00
  -6.6063000e-02
  -1.2695000e-02
   0.0000000e+00
  -6.5975000e-02
  -1.2966000e-02
   0.0000000e+00
  -6.5885000e-02
  -1.3237000e-02
   0.0000000e+00
  -6.5793000e-02
  -1.3507000e-02
   0.0000000e+00
  -6.5700000e-02
  -1.3776000e-02
   0.0000000e+00
  -6.5604000e-02
  -1.4044000e-02
   0.0000000e+00
  -6.5507000e-02
  -1.4312000e-02
   0.0000000e+00
  -6.5407000e-02
  -1.4579000e-02
   0.0000000e+00
  -6.5306000e-02
  -1.4845000e-02
   0.0000000e+00
  -6.5203000e-02
  -1.5111000e-02
   0.0000000e+00
  -6.5098000e-02
  -1.5376000e-02
   0.0000000e+00
  -6.4992000e-02
  -1.5640000e-02
   0.0000000e+00
  -6.4883000e-02
  -1.5904000e-02
   0.0000000e+00
  -6.4773000e-02
  -1.6166000e-02
   0.0000000e+00
  -6.4661000e-02
  -1.6428000e-02
   0.0000000e+00
  -6.4546000e-02
  -1.6689000e-02
   0.0000000e+00
  -6.4431000e-02
  -1.6949000e-02
   0.0000000e+00
  -6.4313000e-02
  -1.7209000e-02
   0.0000000e+00
  -6.4193000e-02
  -1.7467000e-02
   0.0000000e+00
  -6.4072000e-02
  -1.7725000e-02
   0.0000000e+00
  -6.3949000e-02
  -1.7982000e-02
   0.0000000e+00
  -6.3824000e-02
  -1.8238000e-02
   0.0000000e+00
  -6.3697000e-02
  -1.8493000e-02
   0.0000000e+00
  -6.3568000e-02
  -1.8747000e-02
   0.0000000e+00
  -6.3438000e-02
  -1.9000000e-02
   0.0000000e+00
  -6.3306000e-02
  -1.9252000e-02
   0.0000000e+00
  -6.3172000e-02
  -1.9504000e-02
   0.0000000e+00
  -6.3036000e-02
  -1.9754000e-02
   0.0000000e+00
  -6.2899000e-02
  -2.0003000e-02
   0.0000000e+00
  -6.2760000e-02
  -2.0252000e-02
   0.0000000e+00
  -6.2619000e-02
  -2.0499000e-02
   0.0000000e+00
  -6.2476000e-02
  -2.0746000e-02
   0.0000000e+00
  -6.2332000e-02
  -2.0991000e-02
   0.0000000e+00
  -6.2186000e-02
  -2.1235000e-02
   0.0000000e+00
  -6.2038000e-02
  -2.1479000e-02
   0.0000000e+00
  -6.1889000e-02
  -2.1721000e-02
   0.0000000e+00
  -6.1737000e-02
  -2.1962000e-02
   0.0000000e+00
  -6.1585000e-02
  -2.2202000e-02
   0.0000000e+00
  -6.1430000e-02
  -2.2441000e-02
   0.0000000e+00
  -6.1274000e-02
  -2.2679000e-02
   0.0000000e+00
  -6.1116000e-02
  -2.2916000e-02
   0.0000000e+00
  -6.0956000e-02
  -2.3152000e-02
   0.0000000e+00
  -6.0795000e-02
  -2.3387000e-02
   0.0000000e+00
  -6.0632000e-02
  -2.3620000e-02
   0.0000000e+00
  -6.0468000e-02
  -2.3852000e-02
   0.0000000e+00
  -6.0301000e-02
  -2.4083000e-02
   0.0000000e+00
  -6.0134000e-02
  -2.4313000e-02
   0.0000000e+00
  -5.9964000e-02
  -2.4542000e-02
   0.0000000e+00
  -5.9793000e-02
  -2.4770000e-02
   0.0000000e+00
  -5.9621000e-02
  -2.4996000e-02
   0.0000000e+00
  -5.9447000e-02
  -2.5221000e-02
   0.0000000e+00
  -5.9271000e-02
  -2.5445000e-02
   0.0000000e+00
  -5.9093000e-02
  -2.5668000e-02
   0.0000000e+00
  -5.8915000e-02
  -2.5889000e-02
   0.0000000e+00
  -5.8734000e-02
  -2.6109000e-02
   0.0000000e+00
  -5.8552000e-02
  -2.6328000e-02
   0.0000000e+00
  -5.8369000e-02
  -2.6546000e-02
   0.0000000e+00
  -5.8183000e-02
  -2.6762000e-02
   0.0000000e+00
  -5.7997000e-02
  -2.6977000e-02
   0.0000000e+00
  -5.7809000e-02
  -2.7190000e-02
   0.0000000e+00
  -5.7619000e-02
  -2.7403000e-02
   0.0000000e+00
  -5.7428000e-02
  -2.7613000e-02
   0.0000000e+00
  -5.7236000e-02
  -2.7823000e-02
   0.0000000e+00
  -5.7042000e-02
  -2.8031000e-02
   0.0000000e+00
  -5.6846000e-02
  -2.8238000e-02
   0.0000000e+00
  -5.6649000e-02
  -2.8444000e-02
   0.0000000e+00
  -5.6451000e-02
  -2.8648000e-02
   0.0000000e+00
  -5.6251000e-02
  -2.8850000e-02
   0.0000000e+00
  -5.6050000e-02
  -2.9051000e-02
   0.0000000e+00
  -5.5847000e-02
  -2.9251000e-02
   0.0000000e+00
  -5.5643000e-02
  -2.9450000e-02
   0.0000000e+00
  -5.5438000e-02
  -2.9647000e-02
   0.0000000e+00
  -5.5231000e-02
  -2.9842000e-02
   0.0000000e+00
  -5.5022000e-02
  -3.0036000e-02
   0.0000000e+00
  -5.4813000e-02
  -3.0229000e-02
   0.0000000e+00
  -5.4602000e-02
  -3.0420000e-02
   0.0000000e+00
  -5.4390000e-02
  -3.0609000e-02
   0.0000000e+00
  -5.4176000e-02
  -3.0797000e-02
   0.0000000e+00
  -5.3961000e-02
  -3.0984000e-02
   0.0000000e+00
  -5.3745000e-02
  -3.1169000e-02
   0.0000000e+00
  -5.3527000e-02
  -3.1353000e-02
   0.0000000e+00
  -5.3309000e-02
  -3.1535000e-02
   0.0000000e+00
  -5.3088000e-02
  -3.1715000e-02
   0.0000000e+00
  -5.2867000e-02
  -3.1894000e-02
   0.0000000e+00
  -5.2644000e-02
  -3.2071000e-02
   0.0000000e+00
  -5.2421000e-02
  -3.2247000e-02
   0.0000000e+00
  -5.2195000e-02
  -3.2421000e-02
   0.0000000e+00
  -5.1969000e-02
  -3.2594000e-02
   0.0000000e+00
  -5.1742000e-02
  -3.2765000e-02
   0.0000000e+00
  -5.1513000e-02
  -3.2934000e-02
   0.0000000e+00
  -5.1283000e-02
  -3.3102000e-02
   0.0000000e+00
  -5.1052000e-02
  -3.3268000e-02
   0.0000000e+00
  -5.0819000e-02
  -3.3433000e-02
   0.0000000e+00
  -5.0586000e-02
  -3.3595000e-02
   0.0000000e+00
  -5.0351000e-02
  -3.3757000e-02
   0.0000000e+00
  -5.0116000e-02
  -3.3916000e-02
   0.0000000e+00
  -4.9879000e-02
  -3.4074000e-02
   0.0000000e+00
  -4.9641000e-02
  -3.4230000e-02
   0.0000000e+00
  -4.9402000e-02
  -3.4385000e-02
   0.0000000e+00
  -4.9162000e-02
  -3.4538000e-02
   0.0000000e+00
  -4.8920000e-02
  -3.4689000e-02
   0.0000000e+00
  -4.8678000e-02
  -3.4839000e-02
   0.0000000e+00
  -4.8435000e-02
  -3.4986000e-02
   0.0000000e+00
  -4.8190000e-02
  -3.5132000e-02
   0.0000000e+00
  -4.7945000e-02
  -3.5277000e-02
   0.0000000e+00
  -4.7699000e-02
  -3.5419000e-02
   0.0000000e+00
  -4.7451000e-02
  -3.5560000e-02
   0.0000000e+00
  -4.7203000e-02
  -3.5699000e-02
   0.0000000e+00
  -4.6953000e-02
  -3.5837000e-02
   0.0000000e+00
  -4.6703000e-02
  -3.5972000e-02
   0.0000000e+00
  -4.6452000e-02
  -3.6106000e-02
   0.0000000e+00
  -4.6199000e-02
  -3.6238000e-02
   0.0000000e+00
  -4.5946000e-02
  -3.6369000e-02
   0.0000000e+00
  -4.5692000e-02
  -3.6497000e-02
   0.0000000e+00
  -4.5437000e-02
  -3.6624000e-02
   0.0000000e+00
  -4.5181000e-02
  -3.6749000e-02
   0.0000000e+00
  -4.4924000e-02
  -3.6872000e-02
   0.0000000e+00
  -4.4666000e-02
  -3.6994000e-02
   0.0000000e+00
  -4.4408000e-02
  -3.7113000e-02
   0.0000000e+00
  -4.4149000e-02
  -3.7231000e-02
   0.0000000e+00
  -4.3888000e-02
  -3.7347000e-02
   0.0000000e+00
  -4.3627000e-02
  -3.7461000e-02
   0.0000000e+00
  -4.3366000e-02
  -3.7573000e-02
   0.0000000e+00
  -4.3103000e-02
  -3.7684000e-02
   0.0000000e+00
  -4.2839000e-02
  -3.7792000e-02
   0.0000000e+00
  -4.2575000e-02
  -3.7899000e-02
   0.0000000e+00
  -4.2310000e-02
  -3.8004000e-02
   0.0000000e+00
  -4.2045000e-02
  -3.8107000e-02
   0.0000000e+00
  -4.1778000e-02
  -3.8208000e-02
   0.0000000e+00
  -4.1511000e-02
  -3.8307000e-02
   0.0000000e+00
  -4.1243000e-02
  -3.8404000e-02
   0.0000000e+00
  -4.0975000e-02
  -3.8500000e-02
   0.0000000e+00
  -4.0706000e-02
  -3.8593000e-02
   0.0000000e+00
  -4.0436000e-02
  -3.8685000e-02
   0.0000000e+00
  -4.0165000e-02
  -3.8775000e-02
   0.0000000e+00
  -3.9894000e-02
  -3.8863000e-02
   0.0000000e+00
  -3.9623000e-02
  -3.8949000e-02
   0.0000000e+00
  -3.9350000e-02
  -3.9033000e-02
   0.0000000e+00
  -3.9077000e-02
  -3.9115000e-02
   0.0000000e+00
  -3.8804000e-02
  -3.9195000e-02
   0.0000000e+00
  -3.8530000e-02
  -3.9274000e-02
   0.0000000e+00
  -3.8255000e-02
  -3.9350000e-02
   0.0000000e+00
  -3.7980000e-02
  -3.9425000e-02
   0.0000000e+00
  -3.7704000e-02
  -3.9497000e-02
   0.0000000e+00
  -3.7428000e-02
  -3.9568000e-02
   0.0000000e+00
  -3.7151000e-02
  -3.9637000e-02
   0.0000000e+00
  -3.6874000e-02
  -3.9703000e-02
   0.0000000e+00
  -3.6596000e-02
  -3.9768000e-02
   0.0000000e+00
  -3.6318000e-02
  -3.9831000e-02
   0.0000000e+00
  -3.6040000e-02
  -3.9892000e-02
   0.0000000e+00
  -3.5761000e-02
  -3.9951000e-02
   0.0000000e+00
  -3.5481000e-02
  -4.0008000e-02
   0.0000000e+00
  -3.5201000e-02
  -4.0063000e-02
   0.0000000e+00
  -3.4921000e-02
  -4.0116000e-02
   0.0000000e+00
  -3.4640000e-02
  -4.0167000e-02
   0.0000000e+00
  -3.4359000e-02
  -4.0216000e-02
   0.0000000e+00
  -3.4078000e-02
  -4.0263000e-02
   0.0000000e+00
  -3.3796000e-02
  -4.0308000e-02
   0.0000000e+00
  -3.3514000e-02
  -4.0352000e-02
   0.0000000e+00
  -3.3232000e-02
  -4.0393000e-02
   0.0000000e+00
  -3.2949000e-02
  -4.0432000e-02
   0.0000000e+00
  -3.2667000e-02
  -4.0469000e-02
   0.0000000e+00
  -3.2383000e-02
  -4.0505000e-02
   0.0000000e+00
  -3.2100000e-02
  -4.0538000e-02
   0.0000000e+00
  -3.1816000e-02
  -4.0569000e-02
   0.0000000e+00
  -3.1532000e-02
  -4.0599000e-02
   0.0000000e+00
  -3.1248000e-02
  -4.0626000e-02
   0.0000000e+00
  -3.0964000e-02
  -4.0651000e-02
   0.0000000e+00
  -3.0680000e-02
  -4.0675000e-02
   0.0000000e+00
  -3.0395000e-02
  -4.0696000e-02
   0.0000000e+00
  -3.0110000e-02
  -4.0715000e-02
   0.0000000e+00
  -2.9825000e-02
  -4.0733000e-02
   0.0000000e+00
  -2.9540000e-02
  -4.0748000e-02
   0.0000000e+00
  -2.9255000e-02
  -4.0762000e-02
   0.0000000e+00
  -2.8970000e-02
  -4.0773000e-02
   0.0000000e+00
  -2.8684000e-02
  -4.0782000e-02
   0.0000000e+00
  -2.8399000e-02
  -4.0790000e-02
   0.0000000e+00
  -2.8113000e-02
  -4.0795000e-02
   0.0000000e+00
  -2.7828000e-02
  -4.0799000e-02
   0.0000000e+00
  -2.7542000e-02
  -4.0800000e-02
   0.0000000e+00
  -2.7257000e-02
  -4.0799000e-02
   0.0000000e+00
  -2.6971000e-02
  -4.0797000e-02
   0.0000000e+00
  -2.6685000e-02
  -4.0792000e-02
   0.0000000e+00
  -2.6400000e-02
  -4.0786000e-02
   0.0000000e+00
  -2.6114000e-02
  -4.0777000e-02
   0.0000000e+00
  -2.5829000e-02
  -4.0766000e-02
   0.0000000e+00
  -2.5544000e-02
  -4.0754000e-02
   0.0000000e+00
  -2.5258000e-02
  -4.0739000e-02
   0.0000000e+00
  -2.4973000e-02
  -4.0723000e-02
   0.0000000e+00
  -2.4688000e-02
  -4.0704000e-02
   0.0000000e+00
  -2.4403000e-02
  -4.0683000e-02
   0.0000000e+00
  -2.4118000e-02
  -4.0661000e-02
   0.0000000e+00
  -2.3833000e-02
  -4.0636000e-02
   0.0000000e+00
  -2.3549000e-02
  -4.0610000e-02
   0.0000000e+00
  -2.3264000e-02
  -4.0581000e-02
   0.0000000e+00
  -2.2980000e-02
  -4.0551000e-02
   0.0000000e+00
  -2.2696000e-02
  -4.0518000e-02
   0.0000000e+00
  -2.2413000e-02
  -4.0484000e-02
   0.0000000e+00
  -2.2129000e-02
  -4.0447000e-02
   0.0000000e+00
  -2.1846000e-02
  -4.0409000e-02
   0.0000000e+00
  -2.1563000e-02
  -4.0368000e-02
   0.0000000e+00
  -2.1280000e-02
  -4.0326000e-02
   0.0000000e+00
  -2.0998000e-02
  -4.0281000e-02
   0.0000000e+00
  -2.0715000e-02
  -4.0235000e-02
   0.0000000e+00
  -2.0434000e-02
  -4.0187000e-02
   0.0000000e+00
  -2.0152000e-02
  -4.0136000e-02
   0.0000000e+00
  -1.9871000e-02
  -4.0084000e-02
   0.0000000e+00
  -1.9590000e-02
  -4.0030000e-02
   0.0000000e+00
  -1.9310000e-02
  -3.9974000e-02
   0.0000000e+00
  -1.9030000e-02
  -3.9915000e-02
   0.0000000e+00
  -1.8750000e-02
  -3.9855000e-02
   0.0000000e+00
  -1.8471000e-02
  -3.9793000e-02
   0.0000000e+00
  -1.8192000e-02
  -3.9729000e-02
   0.0000000e+00
  -1.7914000e-02
  -3.9663000e-02
   0.0000000e+00
  -1.7636000e-02
  -3.9595000e-02
   0.0000000e+00
  -1.7359000e-02
  -3.9525000e-02
   0.0000000e+00
  -1.7082000e-02
  -3.9454000e-02
   0.0000000e+00
  -1.6805000e-02
  -3.9380000e-02
   0.0000000e+00
  -1.6529000e-02
  -3.9304000e-02
   0.0000000e+00
  -1.6254000e-02
  -3.9227000e-02
   0.0000000e+00
  -1.5979000e-02
  -3.9147000e-02
   0.0000000e+00
  -1.5705000e-02
  -3.9066000e-02
   0.0000000e+00
  -1.5431000e-02
  -3.8982000e-02
   0.0000000e+00
  -1.5158000e-02
  -3.8897000e-02
   0.0000000e+00
  -1.4885000e-02
  -3.8810000e-02
   0.0000000e+00
  -1.4613000e-02
  -3.8721000e-02
   0.0000000e+00
  -1.4342000e-02
  -3.8630000e-02
   0.0000000e+00
  -1.4071000e-02
  -3.8537000e-02
   0.0000000e+00
  -1.3801000e-02
  -3.8442000e-02
   0.0000000e+00
  -1.3532000e-02
  -3.8346000e-02
   0.0000000e+00
  -1.3263000e-02
  -3.8247000e-02
   0.0000000e+00
  -1.2995000e-02
  -3.8147000e-02
   0.0000000e+00
  -1.2728000e-02
  -3.8045000e-02
   0.0000000e+00
  -1.2461000e-02
  -3.7941000e-02
   0.0000000e+00
  -1.2195000e-02
  -3.7835000e-02
   0.0000000e+00
  -1.1930000e-02
  -3.7727000e-02
   0.0000000e+00
  -1.1665000e-02
  -3.7617000e-02
   0.0000000e+00
  -1.1402000e-02
  -3.7506000e-02
   0.0000000e+00
  -1.1139000e-02
  -3.7392000e-02
   0.0000000e+00
  -1.0876000e-02
  -3.7277000e-02
   0.0000000e+00
  -1.0615000e-02
  -3.7160000e-02
   0.0000000e+00
  -1.0355000e-02
  -3.7041000e-02
   0.0000000e+00
  -1.0095000e-02
  -3.6921000e-02
   0.0000000e+00
  -9.8360000e-03
  -3.6798000e-02
   0.0000000e+00
  -9.5780000e-03
  -3.6674000e-02
   0.0000000e+00
  -9.3210000e-03
  -3.6548000e-02
   0.0000000e+00
  -9.0650000e-03
  -3.6420000e-02
   0.0000000e+00
  -8.8090000e-03
  -3.6290000e-02
   0.0000000e+00
  -8.5550000e-03
  -3.6159000e-02
   0.0000000e+00
  -8.3010000e-03
  -3.6026000e-02
   0.0000000e+00
  -8.0480000e-03
  -3.5891000e-02
   0.0000000e+00
  -7.7970000e-03
  -3.5754000e-02
   0.0000000e+00
  -7.5460000e-03
  -3.5616000e-02
   0.0000000e+00
  -7.2960000e-03
  -3.5476000e-02
   0.0000000e+00
  -7.0470000e-03
  -3.5334000e-02
   0.0000000e+00
  -6.8000000e-03
  -3.5190000e-02
   0.0000000e+00
  -6.5530000e-03
  -3.5045000e-02
   0.0000000e+00
  -6.3070000e-03
  -3.4897000e-02
   0.0000000e+00
  -6.0620000e-03
  -3.4749000e-02
   0.0000000e+00
  -5.8180000e-03
  -3.4598000e-02
   0.0000000e+00
  -5.5760000e-03
  -3.4446000e-02
   0.0000000e+00
  -5.3340000e-03
  -3.4292000e-02
   0.0000000e+00
  -5.0930000e-03
  -3.4136000e-02
   0.0000000e+00
  -4.8540000e-03
  -3.3979000e-02
   0.0000000e+00
  -4.6150000e-03
  -3.3820000e-02
   0.0000000e+00
  -4.3780000e-03
  -3.3660000e-02
   0.0000000e+00
  -4.1420000e-03
  -3.3497000e-02
   0.0000000e+00
  -3.9070000e-03
  -3.3334000e-02
   0.0000000e+00
  -3.6730000e-03
  -3.3168000e-02
   0.0000000e+00
  -3.4400000e-03
  -3.3001000e-02
   0.0000000e+00
  -3.2090000e-03
  -3.2832000e-02
   0.0000000e+00
  -2.9780000e-03
  -3.2662000e-02
   0.0000000e+00
  -2.7490000e-03
  -3.2490000e-02
   0.0000000e+00
  -2.5210000e-03
  -3.2316000e-02
   0.0000000e+00
  -2.2940000e-03
  -3.2141000e-02
   0.0000000e+00
  -2.0690000e-03
  -3.1964000e-02
   0.0000000e+00
  -1.8440000e-03
  -3.1786000e-02
   0.0000000e+00
  -1.6210000e-03
  -3.1606000e-02
   0.0000000e+00
  -1.3990000e-03
  -3.1425000e-02
   0.0000000e+00
  -1.1790000e-03
  -3.1242000e-02
   0.0000000e+00
  -9.5900000e-04
  -3.1058000e-02
   0.0000000e+00
  -7.4100000e-04
  -3.0872000e-02
   0.0000000e+00
  -5.2400000e-04
  -3.0684000e-02
   0.0000000e+00
  -3.0900000e-04
  -3.0495000e-02
   0.0000000e+00
  -9.5000000e-05
  -3.0305000e-02
   0.0000000e+00
   1.1800000e-04
  -3.0113000e-02
   0.0000000e+00
   3.2900000e-04
  -2.9919000e-02
   0.0000000e+00
   5.3900000e-04
  -2.9724000e-02
   0.0000000e+00
   7.4800000e-04
  -2.9528000e-02
   0.0000000e+00
   9.5600000e-04
  -2.9330000e-02
   0.0000000e+00
   1.1620000e-03
  -2.9131000e-02
   0.0000000e+00
   1.3660000e-03
  -2.8930000e-02
   0.0000000e+00
   1.5690000e-03
  -2.8728000e-02
   0.0000000e+00
   1.7710000e-03
  -2.8525000e-02
   0.0000000e+00
   1.9720000e-03
  -2.8320000e-02
   0.0000000e+00
   2.1710000e-03
  -2.8113000e-02
   0.0000000e+00
   2.3680000e-03
  -2.7906000e-02
   0.0000000e+00
   2.5640000e-03
  -2.7697000e-02
   0.0000000e+00
   2.7590000e-03
  -2.7486000e-02
   0.0000000e+00
   2.9520000e-03
  -2.7275000e-02
   0.0000000e+00
   3.1440000e-03
  -2.7062000e-02
   0.0000000e+00
   3.3340000e-03
  -2.6847000e-02
   0.0000000e+00
   3.5220000e-03
  -2.6631000e-02
   0.0000000e+00
   3.7100000e-03
  -2.6414000e-02
   0.0000000e+00
   3.8950000e-03
  -2.6196000e-02
   0.0000000e+00
   4.0790000e-03
  -2.5977000e-02
   0.0000000e+00
   4.2620000e-03
  -2.5756000e-02
   0.0000000e+00
   4.4430000e-03
  -2.5534000e-02
   0.0000000e+00
   4.6230000e-03
  -2.5310000e-02
   0.0000000e+00
   4.8010000e-03
  -2.5086000e-02
   0.0000000e+00
   4.9770000e-03
  -2.4860000e-02
   0.0000000e+00
   5.1520000e-03
  -2.4633000e-02
   0.0000000e+00
   5.3250000e-03
  -2.4404000e-02
   0.0000000e+00
   5.4970000e-03
  -2.4175000e-02
   0.0000000e+00
   5.6670000e-03
  -2.3944000e-02
   0.0000000e+00
   5.8350000e-03
  -2.3712000e-02
   0.0000000e+00
   6.0020000e-03
  -2.3479000e-02
   0.0000000e+00
   6.1670000e-03
  -2.3245000e-02
   0.0000000e+00
   6.3310000e-03
  -2.3010000e-02
   0.0000000e+00
   6.4920000e-03
  -2.2774000e-02
   0.0000000e+00
   6.6530000e-03
  -2.2536000e-02
   0.0000000e+00
   6.8110000e-03
  -2.2297000e-02
   0.0000000e+00
   6.9680000e-03
  -2.2058000e-02
   0.0000000e+00
   7.1230000e-03
  -2.1817000e-02
   0.0000000e+00
   7.2770000e-03
  -2.1575000e-02
   0.0000000e+00
   7.4290000e-03
  -2.1332000e-02
   0.0000000e+00
   7.5790000e-03
  -2.1088000e-02
   0.0000000e+00
   7.7280000e-03
  -2.0843000e-02
   0.0000000e+00
   7.8740000e-03
  -2.0597000e-02
   0.0000000e+00
   8.0190000e-03
  -2.0350000e-02
   0.0000000e+00
   8.1630000e-03
  -2.0102000e-02
   0.0000000e+00
   8.3040000e-03
  -1.9853000e-02
   0.0000000e+00
   8.4440000e-03
  -1.9603000e-02
   0.0000000e+00
   8.5820000e-03
  -1.9352000e-02
   0.0000000e+00
   8.7190000e-03
  -1.9100000e-02
   0.0000000e+00
   8.8530000e-03
  -1.8847000e-02
   0.0000000e+00
   8.9860000e-03
  -1.8594000e-02
   0.0000000e+00
   9.1170000e-03
  -1.8339000e-02
   0.0000000e+00
   9.2460000e-03
  -1.8083000e-02
   0.0000000e+00
   9.3740000e-03
  -1.7827000e-02
   0.0000000e+00
   9.4990000e-03
  -1.7570000e-02
   0.0000000e+00
   9.6230000e-03
  -1.7311000e-02
   0.0000000e+00
   9.7450000e-03
  -1.7052000e-02
   0.0000000e+00
   9.8660000e-03
  -1.6792000e-02
   0.0000000e+00
   9.9840000e-03
  -1.6532000e-02
   0.0000000e+00
   1.0101000e-02
  -1.6270000e-02
   0.0000000e+00
   1.0216000e-02
  -1.6008000e-02
   0.0000000e+00
   1.0328000e-02
  -1.5745000e-02
   0.0000000e+00
   1.0440000e-02
  -1.5481000e-02
   0.0000000e+00
   1.0549000e-02
  -1.5216000e-02
   0.0000000e+00
   1.0656000e-02
  -1.4951000e-02
   0.0000000e+00
   1.0762000e-02
  -1.4685000e-02
   0.0000000e+00
   1.0866000e-02
  -1.4418000e-02
   0.0000000e+00
   1.0968000e-02
  -1.4151000e-02
   0.0000000e+00
   1.1068000e-02
  -1.3882000e-02
   0.0000000e+00
   1.1166000e-02
  -1.3613000e-02
   0.0000000e+00
   1.1262000e-02
  -1.3344000e-02
   0.0000000e+00
   1.1356000e-02
  -1.3074000e-02
   0.0000000e+00
   1.1449000e-02
  -1.2803000e-02
   0.0000000e+00
   1.1539000e-02
  -1.2531000e-02
   0.0000000e+00
   1.1628000e-02
  -1.2259000e-02
   0.0000000e+00
   1.1715000e-02
  -1.1986000e-02
   0.0000000e+00
   1.1800000e-02
  -1.1713000e-02
   0.0000000e+00
   1.1882000e-02
  -1.1439000e-02
   0.0000000e+00
   1.1964000e-02
  -1.1165000e-02
   0.0000000e+00
   1.2043000e-02
  -1.0890000e-02
   0.0000000e+00
   1.2120000e-02
  -1.0614000e-02
   0.0000000e+00
   1.2195000e-02
  -1.0338000e-02
   0.0000000e+00
   1.2268000e-02
  -1.0062000e-02
   0.0000000e+00
   1.2340000e-02
  -9.7850000e-03
   0.0000000e+00
   1.2409000e-02
  -9.5070000e-03
   0.0000000e+00
   1.2477000e-02
  -9.2290000e-03
   0.0000000e+00
   1.2542000e-02
  -8.9510000e-03
   0.0000000e+00
   1.2606000e-02
  -8.6720000e-03
   0.0000000e+00
   1.2668000e-02
  -8.3930000e-03
   0.0000000e+00
   1.2727000e-02
  -8.1130000e-03
   0.0000000e+00
   1.2785000e-02
  -7.8330000e-03
   0.0000000e+00
   1.2841000e-02
  -7.5530000e-03
   0.0000000e+00
   1.2895000e-02
  -7.2720000e-03
   0.0000000e+00
   1.2947000e-02
  -6.9900000e-03
   0.0000000e+00
   1.2997000e-02
  -6.7090000e-03
   0.0000000e+00
   1.3045000e-02
  -6.4270000e-03
   0.0000000e+00
   1.3091000e-02
  -6.1450000e-03
   0.0000000e+00
   1.3135000e-02
  -5.8620000e-03
   0.0000000e+00
   1.3177000e-02
  -5.5800000e-03
   0.0000000e+00
   1.3217000e-02
  -5.2970000e-03
   0.0000000e+00
   1.3255000e-02
  -5.0130000e-03
   0.0000000e+00
   1.3291000e-02
  -4.7300000e-03
   0.0000000e+00
   1.3325000e-02
  -4.4460000e-03
   0.0000000e+00
   1.3357000e-02
  -4.1620000e-03
   0.0000000e+00
   1.3387000e-02
  -3.8780000e-03
   0.0000000e+00
   1.3415000e-02
  -3.5930000e-03
   0.0000000e+00
   1.3441000e-02
  -3.3090000e-03
   0.0000000e+00
   1.3466000e-02
  -3.0240000e-03
   0.0000000e+00
   1.3488000e-02
  -2.7390000e-03
   0.0000000e+00
   1.3508000e-02
  -2.4540000e-03
   0.0000000e+00
   1.3526000e-02
  -2.1690000e-03
   0.0000000e+00
   1.3542000e-02
  -1.8840000e-03
   0.0000000e+00
   1.3556000e-02
  -1.5980000e-03
   0.0000000e+00
   1.3569000e-02
  -1.3130000e-03
   0.0000000e+00
   1.3579000e-02
  -1.0270000e-03
   0.0000000e+00
   1.3587000e-02
  -7.4200000e-04
   0.0000000e+00
   1.3593000e-02
  -4.5600000e-04
   0.0000000e+00
   1.3597000e-02
  -1.7100000e-04
   0.0000000e+00
   1.3600000e-02
   0.0000000e+00
   0.0000000e+00
   1.3600000e-02
