0.001
0.05
0.1
0.15
0.2
0.25
0.3
0.35
0.4
0.45
0.5
0.55
0.6
0.65
0.7
0.75
0.8
0.85
0.9
0.95
1.006
1.056
1.106
1.156
1.206
1.256
1.306
1.356
1.406
1.456
1.506
1.556
1.606
1.656
1.706
1.756
1.807
1.857
1.907
1.957
2.007
2.057
2.107
2.157
2.207
2.257
2.307
2.357
2.409
2.458
2.508
2.558
2.612
2.665
2.715
2.765
2.817
2.867
2.917
2.967
3.023
3.073
3.123
3.173
3.223
3.273
3.323
3.373
3.423
3.473
3.523
3.573
3.624
3.673
3.723
3.774
3.824
3.874
3.924
3.974
4.024
4.074
4.124
4.174
4.229
4.278
4.328
4.378
4.429
4.479
4.529
4.579
4.629
4.679
4.729
4.779
4.829
4.879
4.929
4.979
5.029
5.079
5.129
5.179
5.229
5.279
5.329
5.379
5.429
5.48
5.53
5.58
5.63
5.68
5.73
5.78
5.864
5.914
5.964
6.014
6.064
6.114
6.164
6.214
6.264
6.314
6.364
6.414
6.464
6.514
6.564
6.614
6.664
6.714
6.764
6.814
6.864
6.914
6.964
7.014
7.064
7.114
7.164
7.214
7.264
7.314
7.364
7.414
7.464
7.517
7.566
7.616
7.666
7.717
7.766
7.817
7.866
7.919
7.969
8.019
8.069
8.12
8.169
8.219
8.269
8.319
8.369
8.419
8.469
8.522
8.572
8.622
8.672
8.722
8.774
8.824
8.876
8.926
8.977
9.027
9.076
9.127
9.176
9.226
9.276
9.326
9.376
9.426
9.476
9.526
9.576
9.626
9.676
9.726
9.784
9.833
9.883
9.933
9.986
10.035
10.085
10.135
10.185
10.235
10.285
10.335
10.385
10.435
10.485
10.535
10.585
10.635
