006 2 2 8 0 0.42 0 0 0.7478 0 0 -0.3278 0 0 0.3278
006 2 2 8 0 0.419997 0.0006 0 0.7478 0 0 -0.327803 0.0006 0.004517555 0.3278035
006 2 2 8 0 0.419988 0.0012 0 0.7478 0 0 -0.327812 0.0012 0.008893013 0.3278142
006 2 2 8 0 0.419973 0.0018 0 0.7478 0 0 -0.327827 0.0018 0.01322269 0.3278319
006 2 2 8 0 0.419952 0.002399 0 0.7478 0 0 -0.327848 0.002399 0.01737213 0.3278567
006 2 2 8 0 0.419925 0.002999 0 0.7478 0 0 -0.327875 0.002999 0.0217762 0.3278887
006 2 2 8 0 0.419892 0.003598 0 0.7478 0 0 -0.327908 0.003598 0.02600288 0.3279277
006 2 2 8 0 0.419853 0.004197 0 0.7478 0 0 -0.327947 0.004197 0.03023815 0.3279738
006 2 2 8 0 0.419808 0.004795 0 0.7478 0 0 -0.327992 0.004795 0.03448772 0.328027
006 2 2 8 0 0.419757 0.005393 0 0.7478 0 0 -0.328043 0.005393 0.03866768 0.3280873
006 2 2 8 0 0.4197 0.00599 0 0.7478 0 0 -0.3281 0.00599 0.04298973 0.3281547
006 2 2 8 0 0.419637 0.006587 0 0.7478 0 0 -0.328163 0.006587 0.04712772 0.3282291
006 2 2 8 0 0.419569 0.007183 0 0.7478 0 0 -0.328231 0.007183 0.05142117 0.3283096
006 2 2 8 0 0.419494 0.007778 0 0.7478 0 0 -0.328306 0.007778 0.05564499 0.3283981
006 2 2 8 0 0.419413 0.008373 0 0.7478 0 0 -0.328387 0.008373 0.05981064 0.3284937
006 2 2 8 0 0.419326 0.008966 0 0.7478 0 0 -0.328474 0.008966 0.06408787 0.3285963
006 2 2 8 0 0.419234 0.009559 0 0.7478 0 0 -0.328566 0.009559 0.06835651 0.328705
006 2 2 8 0 0.419135 0.010151 0 0.7478 0 0 -0.328665 0.010151 0.07279015 0.3288217
006 2 2 8 0 0.419031 0.010742 0 0.7478 0 0 -0.328769 0.010742 0.0768795 0.3289444
006 2 2 8 0 0.41892 0.011332 0 0.7478 0 0 -0.32888 0.011332 0.08104801 0.3290752
006 2 2 8 0 0.418804 0.01192 0 0.7478 0 0 -0.328996 0.01192 0.08560753 0.3292118
006 2 2 8 0 0.418682 0.012508 0 0.7478 0 0 -0.329118 0.012508 0.08981133 0.3293556
006 2 2 8 0 0.418554 0.013094 0 0.7478 0 0 -0.329246 0.013094 0.09391499 0.3295062
006 2 2 8 0 0.41842 0.013679 0 0.7478 0 0 -0.32938 0.013679 0.09800816 0.3296639
006 2 2 8 0 0.41828 0.014262 0 0.7478 0 0 -0.32952 0.014262 0.1025114 0.3298285
006 2 2 8 0 0.418135 0.014844 0 0.7478 0 0 -0.329665 0.014844 0.1129894 0.329999
006 2 2 8 0 0.417983 0.015425 0 0.7478 0 0 -0.329817 0.015425 0.1174726 0.3301775
006 2 2 8 0 0.417826 0.016004 0 0.7478 0 0 -0.329974 0.016004 0.122838 0.3303619
006 2 2 8 0 0.417663 0.016581 0 0.7478 0 0 -0.330137 0.016581 0.1275015 0.3305531
006 2 2 8 0 0.417495 0.017157 0 0.7478 0 0 -0.330305 0.017157 0.1315947 0.3307503
006 2 2 8 0 0.41732 0.017731 0 0.7478 0 0 -0.33048 0.017731 0.1358051 0.3309553
006 2 2 8 0 0.41714 0.018304 0 0.7478 0 0 -0.33066 0.018304 0.1399221 0.3311662
006 2 2 8 0 0.416954 0.018874 0 0.7478 0 0 -0.330846 0.018874 0.1444969 0.3313839
006 2 2 8 0 0.416763 0.019443 0 0.7478 0 0 -0.331037 0.019443 0.1487141 0.3316075
006 2 2 8 0 0.416565 0.020009 0 0.7478 0 0 -0.331235 0.020009 0.1531858 0.3318388
006 2 2 8 0 0.416362 0.020574 0 0.7478 0 0 -0.331438 0.020574 0.1574383 0.3320759
006 2 2 8 0 0.416154 0.021136 0 0.7478 0 0 -0.331646 0.021136 0.1618166 0.3323188
006 2 2 8 0 0.41594 0.021697 0 0.7478 0 0 -0.33186 0.021697 0.1660223 0.3325685
006 2 2 8 0 0.41572 0.022255 0 0.7478 0 0 -0.33208 0.022255 0.1704826 0.3328249
006 2 2 8 0 0.415495 0.022811 0 0.7478 0 0 -0.332305 0.022811 0.1745548 0.333087
006 2 2 8 0 0.415264 0.023365 0 0.7478 0 0 -0.332536 0.023365 0.1786642 0.3333558
006 2 2 8 0 0.415027 0.023917 0 0.7478 0 0 -0.332773 0.023917 0.1830673 0.3336314
006 2 2 8 0 0.414785 0.024466 0 0.7478 0 0 -0.333015 0.024466 0.1874495 0.3339125
006 2 2 8 0 0.414538 0.025012 0 0.7478 0 0 -0.333262 0.025012 0.1919584 0.3341993
006 2 2 8 0 0.414285 0.025556 0 0.7478 0 0 -0.333515 0.025556 0.1966124 0.3344927
006 2 2 8 0 0.414027 0.026098 0 0.7478 0 0 -0.333773 0.026098 0.2008801 0.3347917
006 2 2 8 0 0.413763 0.026637 0 0.7478 0 0 -0.334037 0.026637 0.2053652 0.3350973
006 2 2 8 0 0.413494 0.027173 0 0.7478 0 0 -0.334306 0.027173 0.2095613 0.3354085
006 2 2 8 0 0.41322 0.027707 0 0.7478 0 0 -0.33458 0.027707 0.2138128 0.3357252
006 2 2 8 0 0.41294 0.028238 0 0.7478 0 0 -0.33486 0.028238 0.2182598 0.3360485
006 2 2 8 0 0.412655 0.028766 0 0.7478 0 0 -0.335145 0.028766 0.2225828 0.3363772
006 2 2 8 0 0.412365 0.029291 0 0.7478 0 0 -0.335435 0.029291 0.226964 0.3367114
006 2 2 8 0 0.412069 0.029813 0 0.7478 0 0 -0.335731 0.029813 0.231163 0.3370521
006 2 2 8 0 0.411768 0.030332 0 0.7478 0 0 -0.336032 0.030332 0.2354927 0.3373982
006 2 2 8 0 0.411463 0.030848 0 0.7478 0 0 -0.336337 0.030848 0.2397575 0.3377487
006 2 2 8 0 0.411151 0.031361 0 0.7478 0 0 -0.336649 0.031361 0.2440548 0.3381066
006 2 2 8 0 0.410835 0.031871 0 0.7478 0 0 -0.336965 0.031871 0.2481203 0.3384688
006 2 2 8 0 0.410514 0.032378 0 0.7478 0 0 -0.337286 0.032378 0.2523594 0.3388365
006 2 2 8 0 0.410188 0.032881 0 0.7478 0 0 -0.337612 0.032881 0.2565556 0.3392094
006 2 2 8 0 0.409856 0.033382 0 0.7478 0 0 -0.337944 0.033382 0.2608519 0.3395887
006 2 2 8 0 0.40952 0.033879 0 0.7478 0 0 -0.33828 0.033879 0.2652073 0.3399723
006 2 2 8 0 0.409179 0.034372 0 0.7478 0 0 -0.338621 0.034372 0.2696657 0.340361
006 2 2 8 0 0.408833 0.034862 0 0.7478 0 0 -0.338967 0.034862 0.2740631 0.340755
006 2 2 8 0 0.408482 0.035349 0 0.7478 0 0 -0.339318 0.035349 0.2784214 0.3411543
006 2 2 8 0 0.408126 0.035832 0 0.7478 0 0 -0.339674 0.035832 0.2831392 0.3415587
006 2 2 8 0 0.407765 0.036311 0 0.7478 0 0 -0.340035 0.036311 0.2875233 0.3419683
006 2 2 8 0 0.4074 0.036787 0 0.7478 0 0 -0.3404 0.036787 0.2916918 0.342382
006 2 2 8 0 0.407029 0.037259 0 0.7478 0 0 -0.340771 0.037259 0.2959852 0.3428018
006 2 2 8 0 0.406654 0.037728 0 0.7478 0 0 -0.341146 0.037728 0.3006678 0.3432259
006 2 2 8 0 0.406275 0.038192 0 0.7478 0 0 -0.341525 0.038192 0.3067989 0.3436538
006 2 2 8 0 0.405891 0.038653 0 0.7478 0 0 -0.341909 0.038653 0.3110971 0.3440869
006 2 2 8 0 0.405502 0.03911 0 0.7478 0 0 -0.342298 0.03911 0.3152342 0.3445251
006 2 2 8 0 0.405108 0.039563 0 0.7478 0 0 -0.342692 0.039563 0.319582 0.3449681
006 2 2 8 0 0.40471 0.040012 0 0.7478 0 0 -0.34309 0.040012 0.3239059 0.3454153
006 2 2 8 0 0.404308 0.040457 0 0.7478 0 0 -0.343492 0.040457 0.3280506 0.3458663
006 2 2 8 0 0.403901 0.040898 0 0.7478 0 0 -0.343899 0.040898 0.3322458 0.3463223
006 2 2 8 0 0.40349 0.041335 0 0.7478 0 0 -0.34431 0.041335 0.3366165 0.3467823
006 2 2 8 0 0.403075 0.041768 0 0.7478 0 0 -0.344725 0.041768 0.3408642 0.3472461
006 2 2 8 0 0.402655 0.042197 0 0.7478 0 0 -0.345145 0.042197 0.345252 0.3477149
006 2 2 8 0 0.402231 0.042621 0 0.7478 0 0 -0.345569 0.042621 0.3494673 0.3481874
006 2 2 8 0 0.401802 0.043041 0 0.7478 0 0 -0.345998 0.043041 0.3538265 0.3486648
006 2 2 8 0 0.40137 0.043457 0 0.7478 0 0 -0.34643 0.043457 0.3579521 0.349145
006 2 2 8 0 0.400933 0.043869 0 0.7478 0 0 -0.346867 0.043869 0.3622751 0.3496301
006 2 2 8 0 0.400493 0.044276 0 0.7478 0 0 -0.347307 0.044276 0.3664179 0.3501179
006 2 2 8 0 0.400048 0.044679 0 0.7478 0 0 -0.347752 0.044679 0.3709431 0.3506104
006 2 2 8 0 0.399599 0.045077 0 0.7478 0 0 -0.348201 0.045077 0.375083 0.3511066
006 2 2 8 0 0.399146 0.045471 0 0.7478 0 0 -0.348654 0.045471 0.3799477 0.3516066
006 2 2 8 0 0.39869 0.04586 0 0.7478 0 0 -0.34911 0.04586 0.3845549 0.3521093
006 2 2 8 0 0.398229 0.046244 0 0.7478 0 0 -0.349571 0.046244 0.3893642 0.3526165
006 2 2 8 0 0.397765 0.046624 0 0.7478 0 0 -0.350035 0.046624 0.3935194 0.3531264
006 2 2 8 0 0.397297 0.047 0 0.7478 0 0 -0.350503 0.047 0.3976631 0.3536401
006 2 2 8 0 0.396825 0.04737 0 0.7478 0 0 -0.350975 0.04737 0.4022131 0.3541572
006 2 2 8 0 0.396349 0.047736 0 0.7478 0 0 -0.351451 0.047736 0.406476 0.354678
006 2 2 8 0 0.39587 0.048097 0 0.7478 0 0 -0.35193 0.048097 0.4105692 0.3552014
006 2 2 8 0 0.395387 0.048453 0 0.7478 0 0 -0.352413 0.048453 0.4147682 0.3557283
006 2 2 8 0 0.394901 0.048805 0 0.7478 0 0 -0.352899 0.048805 0.4190092 0.3562578
006 2 2 8 0 0.394411 0.049151 0 0.7478 0 0 -0.353389 0.049151 0.423562 0.3567907
006 2 2 8 0 0.393918 0.049493 0 0.7478 0 0 -0.353882 0.049493 0.4282961 0.3573262
006 2 2 8 0 0.393421 0.04983 0 0.7478 0 0 -0.354379 0.04983 0.4325018 0.3578652
006 2 2 8 0 0.392921 0.050162 0 0.7478 0 0 -0.354879 0.050162 0.4368343 0.3584067
006 2 2 8 0 0.392418 0.050488 0 0.7478 0 0 -0.355382 0.050488 0.4413137 0.3589504
006 2 2 8 0 0.391912 0.05081 0 0.7478 0 0 -0.355888 0.05081 0.4455967 0.3594967
006 2 2 8 0 0.391402 0.051126 0 0.7478 0 0 -0.356398 0.051126 0.4497461 0.3600464
006 2 2 8 0 0.390889 0.051438 0 0.7478 0 0 -0.356911 0.051438 0.4542236 0.3605986
006 2 2 8 0 0.390373 0.051744 0 0.7478 0 0 -0.357427 0.051744 0.4583435 0.361153
006 2 2 8 0 0.389854 0.052045 0 0.7478 0 0 -0.357946 0.052045 0.4626637 0.3617098
006 2 2 8 0 0.389332 0.052341 0 0.7478 0 0 -0.358468 0.052341 0.4668045 0.3622691
006 2 2 8 0 0.388807 0.052632 0 0.7478 0 0 -0.358993 0.052632 0.4712467 0.3628307
006 2 2 8 0 0.38828 0.052917 0 0.7478 0 0 -0.35952 0.052917 0.4758501 0.3633935
006 2 2 8 0 0.387749 0.053198 0 0.7478 0 0 -0.360051 0.053198 0.480073 0.3639598
006 2 2 8 0 0.387216 0.053472 0 0.7478 0 0 -0.360584 0.053472 0.4845705 0.3645272
006 2 2 8 0 0.38668 0.053742 0 0.7478 0 0 -0.36112 0.053742 0.4887848 0.365097
006 2 2 8 0 0.386141 0.054006 0 0.7478 0 0 -0.361659 0.054006 0.4929132 0.3656691
006 2 2 8 0 0.3856 0.054265 0 0.7478 0 0 -0.3622 0.054265 0.4970341 0.3662424
006 2 2 8 0 0.385056 0.054518 0 0.7478 0 0 -0.362744 0.054518 0.5012045 0.366818
006 2 2 8 0 0.384509 0.054766 0 0.7478 0 0 -0.363291 0.054766 0.5056105 0.3673958
006 2 2 8 0 0.38396 0.055008 0 0.7478 0 0 -0.36384 0.055008 0.5098295 0.3679748
006 2 2 8 0 0.383409 0.055245 0 0.7478 0 0 -0.364391 0.055245 0.5139427 0.368555
006 2 2 8 0 0.382855 0.055476 0 0.7478 0 0 -0.364945 0.055476 0.5181456 0.3691374
006 2 2 8 0 0.3823 0.055702 0 0.7478 0 0 -0.3655 0.055702 0.5226059 0.3697201
006 2 2 8 0 0.381741 0.055922 0 0.7478 0 0 -0.366059 0.055922 0.5270786 0.3703059
006 2 2 8 0 0.381181 0.056137 0 0.7478 0 0 -0.366619 0.056137 0.5317783 0.370892
006 2 2 8 0 0.380619 0.056346 0 0.7478 0 0 -0.367181 0.056346 0.5362644 0.3714791
006 2 2 8 0 0.380054 0.056549 0 0.7478 0 0 -0.367746 0.056549 0.5405579 0.3720684
006 2 2 8 0 0.379488 0.056747 0 0.7478 0 0 -0.368312 0.056747 0.544858 0.372658
006 2 2 8 0 0.378919 0.056939 0 0.7478 0 0 -0.368881 0.056939 0.5489902 0.3732496
006 2 2 8 0 0.378349 0.057125 0 0.7478 0 0 -0.369451 0.057125 0.55336 0.3738413
006 2 2 8 0 0.377777 0.057306 0 0.7478 0 0 -0.370023 0.057306 0.5575428 0.3744342
006 2 2 8 0 0.377203 0.057481 0 0.7478 0 0 -0.370597 0.057481 0.5619192 0.3750283
006 2 2 8 0 0.376627 0.05765 0 0.7478 0 0 -0.371173 0.05765 0.5661325 0.3756234
006 2 2 8 0 0.37605 0.057813 0 0.7478 0 0 -0.37175 0.057813 0.570858 0.3762186
006 2 2 8 0 0.375471 0.057971 0 0.7478 0 0 -0.372329 0.057971 0.5749636 0.376815
006 2 2 8 0 0.374891 0.058123 0 0.7478 0 0 -0.372909 0.058123 0.5792742 0.3774115
006 2 2 8 0 0.374309 0.058269 0 0.7478 0 0 -0.373491 0.058269 0.5837517 0.378009
006 2 2 8 0 0.373725 0.058409 0 0.7478 0 0 -0.374075 0.058409 0.588048 0.3786076
006 2 2 8 0 0.37314 0.058543 0 0.7478 0 0 -0.37466 0.058543 0.5926657 0.3792062
006 2 2 8 0 0.372554 0.058672 0 0.7478 0 0 -0.375246 0.058672 0.5972052 0.3798051
006 2 2 8 0 0.371967 0.058794 0 0.7478 0 0 -0.375833 0.058794 0.6015854 0.3804039
006 2 2 8 0 0.371378 0.058911 0 0.7478 0 0 -0.376422 0.058911 0.6058321 0.3810039
006 2 2 8 0 0.370789 0.059022 0 0.7478 0 0 -0.377011 0.059022 0.6102476 0.3816031
006 2 2 8 0 0.370198 0.059127 0 0.7478 0 0 -0.377602 0.059127 0.6148977 0.3822032
006 2 2 8 0 0.369606 0.059226 0 0.7478 0 0 -0.378194 0.059226 0.6190929 0.3828034
006 2 2 8 0 0.369014 0.059319 0 0.7478 0 0 -0.378786 0.059319 0.6234264 0.3834026
006 2 2 8 0 0.36842 0.059406 0 0.7478 0 0 -0.37938 0.059406 0.6275902 0.3840029
006 2 2 8 0 0.367825 0.059488 0 0.7478 0 0 -0.379975 0.059488 0.6317434 0.3846035
006 2 2 8 0 0.36723 0.059563 0 0.7478 0 0 -0.38057 0.059563 0.6362734 0.3852029
006 2 2 8 0 0.366634 0.059632 0 0.7478 0 0 -0.381166 0.059632 0.6406841 0.3858024
006 2 2 8 0 0.366038 0.059695 0 0.7478 0 0 -0.381762 0.059695 0.6450043 0.386401
006 2 2 8 0 0.36544 0.059753 0 0.7478 0 0 -0.38236 0.059753 0.6491213 0.3870007
006 2 2 8 0 0.364843 0.059804 0 0.7478 0 0 -0.382957 0.059804 0.6535873 0.3875985
006 2 2 8 0 0.364244 0.05985 0 0.7478 0 0 -0.383556 0.05985 0.6577682 0.3881974
006 2 2 8 0 0.363646 0.059889 0 0.7478 0 0 -0.384154 0.059889 0.662056 0.3887943
006 2 2 8 0 0.363046 0.059923 0 0.7478 0 0 -0.384754 0.059923 0.6662188 0.3893923
006 2 2 8 0 0.362447 0.05995 0 0.7478 0 0 -0.385353 0.05995 0.6708546 0.3899884
006 2 2 8 0 0.361847 0.059972 0 0.7478 0 0 -0.385953 0.059972 0.6750097 0.3905846
006 2 2 8 0 0.361248 0.059987 0 0.7478 0 0 -0.386552 0.059987 0.6791124 0.3911788
006 2 2 8 0 0.360648 0.059997 0 0.7478 0 0 -0.387152 0.059997 0.6833382 0.3917733
006 2 2 8 0 0.360048 0.06 0 0.7478 0 0 -0.387752 0.06 0.6876869 0.3923667
006 2 2 8 0 0.359448 0.059997 0 0.7478 0 0 -0.388352 0.059997 0.6918478 0.3929592
006 2 2 8 0 0.358848 0.059989 0 0.7478 0 0 -0.388952 0.059989 0.6962204 0.3935509
006 2 2 8 0 0.358248 0.059974 0 0.7478 0 0 -0.389552 0.059974 0.7002897 0.3941416
006 2 2 8 0 0.357648 0.059954 0 0.7478 0 0 -0.390152 0.059954 0.7049456 0.3947316
006 2 2 8 0 0.357049 0.059927 0 0.7478 0 0 -0.390751 0.059927 0.7090845 0.3953196
006 2 2 8 0 0.35645 0.059895 0 0.7478 0 0 -0.39135 0.059895 0.713274 0.3959068
006 2 2 8 0 0.355851 0.059856 0 0.7478 0 0 -0.391949 0.059856 0.7176991 0.3964931
006 2 2 8 0 0.355253 0.059812 0 0.7478 0 0 -0.392547 0.059812 0.7220726 0.3970776
006 2 2 8 0 0.354655 0.059761 0 0.7478 0 0 -0.393145 0.059761 0.7262478 0.3976611
006 2 2 8 0 0.354058 0.059705 0 0.7478 0 0 -0.393742 0.059705 0.7304726 0.398243
006 2 2 8 0 0.353461 0.059643 0 0.7478 0 0 -0.394339 0.059643 0.7345905 0.3988239
006 2 2 8 0 0.352865 0.059574 0 0.7478 0 0 -0.394935 0.059574 0.7390165 0.3994029
006 2 2 8 0 0.352269 0.0595 0 0.7478 0 0 -0.395531 0.0595 0.7432756 0.3999813
006 2 2 8 0 0.351675 0.05942 0 0.7478 0 0 -0.396125 0.05942 0.7473946 0.4005568
006 2 2 8 0 0.351081 0.059333 0 0.7478 0 0 -0.396719 0.059333 0.7516632 0.4011314
006 2 2 8 0 0.350488 0.059241 0 0.7478 0 0 -0.397312 0.059241 0.7559023 0.4017043
006 2 2 8 0 0.349896 0.059143 0 0.7478 0 0 -0.397904 0.059143 0.7601166 0.4022754
006 2 2 8 0 0.349305 0.059039 0 0.7478 0 0 -0.398495 0.059039 0.7644577 0.4028447
006 2 2 8 0 0.348715 0.058929 0 0.7478 0 0 -0.399085 0.058929 0.7687435 0.4034123
006 2 2 8 0 0.348127 0.058813 0 0.7478 0 0 -0.399673 0.058813 0.7729568 0.403977
006 2 2 8 0 0.347539 0.058692 0 0.7478 0 0 -0.400261 0.058692 0.7771139 0.4045412
006 2 2 8 0 0.346953 0.058564 0 0.7478 0 0 -0.400847 0.058564 0.7812624 0.4051025
006 2 2 8 0 0.346368 0.058431 0 0.7478 0 0 -0.401432 0.058431 0.7857637 0.4056622
006 2 2 8 0 0.345784 0.058292 0 0.7478 0 0 -0.402016 0.058292 0.7900057 0.4062201
006 2 2 8 0 0.345202 0.058147 0 0.7478 0 0 -0.402598 0.058147 0.7941656 0.4067754
006 2 2 8 0 0.344621 0.057996 0 0.7478 0 0 -0.403179 0.057996 0.7984734 0.4073289
006 2 2 8 0 0.344042 0.057839 0 0.7478 0 0 -0.403758 0.057839 0.8033037 0.4078797
006 2 2 8 0 0.343465 0.057677 0 0.7478 0 0 -0.404335 0.057677 0.8081112 0.408428
006 2 2 8 0 0.342889 0.057508 0 0.7478 0 0 -0.404911 0.057508 0.8127518 0.4089744
006 2 2 8 0 0.342314 0.057334 0 0.7478 0 0 -0.405486 0.057334 0.8170681 0.4095193
006 2 2 8 0 0.341742 0.057155 0 0.7478 0 0 -0.406058 0.057155 0.821497 0.4100607
006 2 2 8 0 0.341171 0.056969 0 0.7478 0 0 -0.406629 0.056969 0.8258505 0.4106003
006 2 2 8 0 0.340603 0.056778 0 0.7478 0 0 -0.407197 0.056778 0.8300285 0.4111364
006 2 2 8 0 0.340036 0.056581 0 0.7478 0 0 -0.407764 0.056581 0.8342819 0.4116708
006 2 2 8 0 0.339471 0.056379 0 0.7478 0 0 -0.408329 0.056379 0.8386278 0.4122028
006 2 2 8 0 0.338908 0.056171 0 0.7478 0 0 -0.408892 0.056171 0.8430233 0.4127322
006 2 2 8 0 0.338348 0.055957 0 0.7478 0 0 -0.409452 0.055957 0.8472214 0.4132579
006 2 2 8 0 0.337789 0.055738 0 0.7478 0 0 -0.410011 0.055738 0.8515444 0.4137822
006 2 2 8 0 0.337233 0.055513 0 0.7478 0 0 -0.410567 0.055513 0.8557224 0.4143029
006 2 2 8 0 0.336679 0.055282 0 0.7478 0 0 -0.411121 0.055282 0.8599777 0.4148211
006 2 2 8 0 0.336127 0.055046 0 0.7478 0 0 -0.411673 0.055046 0.8641977 0.4153368
006 2 2 8 0 0.335578 0.054805 0 0.7478 0 0 -0.412222 0.054805 0.8684635 0.4158492
006 2 2 8 0 0.335031 0.054558 0 0.7478 0 0 -0.412769 0.054558 0.8728914 0.416359
006 2 2 8 0 0.334487 0.054305 0 0.7478 0 0 -0.413313 0.054305 0.8770037 0.4168653
006 2 2 8 0 0.333945 0.054048 0 0.7478 0 0 -0.413855 0.054048 0.881321 0.4173693
006 2 2 8 0 0.333406 0.053784 0 0.7478 0 0 -0.414394 0.053784 0.8857298 0.4178697
006 2 2 8 0 0.332869 0.053516 0 0.7478 0 0 -0.414931 0.053516 0.8900127 0.4183679
006 2 2 8 0 0.332336 0.053242 0 0.7478 0 0 -0.415464 0.053242 0.8941717 0.4188616
006 2 2 8 0 0.331805 0.052962 0 0.7478 0 0 -0.415995 0.052962 0.8983049 0.4193529
006 2 2 8 0 0.331276 0.052678 0 0.7478 0 0 -0.416524 0.052678 0.9028435 0.4198419
006 2 2 8 0 0.330751 0.052388 0 0.7478 0 0 -0.417049 0.052388 0.9071274 0.4203265
006 2 2 8 0 0.330229 0.052093 0 0.7478 0 0 -0.417571 0.052093 0.9112301 0.4208078
006 2 2 8 0 0.329709 0.051793 0 0.7478 0 0 -0.418091 0.051793 0.9156809 0.4212869
006 2 2 8 0 0.329193 0.051487 0 0.7478 0 0 -0.418607 0.051487 0.9199724 0.4217615
006 2 2 8 0 0.32868 0.051176 0 0.7478 0 0 -0.41912 0.051176 0.9242029 0.4222328
006 2 2 8 0 0.328169 0.050861 0 0.7478 0 0 -0.419631 0.050861 0.9283628 0.422702
006 2 2 8 0 0.327662 0.05054 0 0.7478 0 0 -0.420138 0.05054 0.9325914 0.4231669
006 2 2 8 0 0.327159 0.050214 0 0.7478 0 0 -0.420641 0.050214 0.9373198 0.4236276
006 2 2 8 0 0.326658 0.049883 0 0.7478 0 0 -0.421142 0.049883 0.9416819 0.4240859
006 2 2 8 0 0.326161 0.049547 0 0.7478 0 0 -0.421639 0.049547 0.9459724 0.4245402
006 2 2 8 0 0.325667 0.049206 0 0.7478 0 0 -0.422133 0.049206 0.9503269 0.4249911
006 2 2 8 0 0.325177 0.04886 0 0.7478 0 0 -0.422623 0.04886 0.9545898 0.425438
006 2 2 8 0 0.32469 0.04851 0 0.7478 0 0 -0.42311 0.04851 0.9589472 0.4258818
006 2 2 8 0 0.324207 0.048154 0 0.7478 0 0 -0.423593 0.048154 0.9633589 0.4263213
006 2 2 8 0 0.323727 0.047794 0 0.7478 0 0 -0.424073 0.047794 0.9676094 0.4267577
006 2 2 8 0 0.323251 0.047429 0 0.7478 0 0 -0.424549 0.047429 0.9718828 0.4271901
006 2 2 8 0 0.322778 0.047059 0 0.7478 0 0 -0.425022 0.047059 0.9764194 0.4276192
006 2 2 8 0 0.32231 0.046684 0 0.7478 0 0 -0.42549 0.046684 0.9805613 0.4280434
006 2 2 8 0 0.321845 0.046305 0 0.7478 0 0 -0.425955 0.046305 0.9850492 0.4284645
006 2 2 8 0 0.321383 0.045921 0 0.7478 0 0 -0.426417 0.045921 0.9892483 0.4288825
006 2 2 8 0 0.320926 0.045533 0 0.7478 0 0 -0.426874 0.045533 0.9936619 0.4292955
006 2 2 8 0 0.320473 0.04514 0 0.7478 0 0 -0.427327 0.04514 0.9978695 0.4297045
006 2 2 8 0 0.320023 0.044742 0 0.7478 0 0 -0.427777 0.044742 1.002313 0.4301105
006 2 2 8 0 0.319578 0.04434 0 0.7478 0 0 -0.428222 0.04434 1.006553 0.4305115
006 2 2 8 0 0.319137 0.043934 0 0.7478 0 0 -0.428663 0.043934 1.01081 0.4309085
006 2 2 8 0 0.318699 0.043523 0 0.7478 0 0 -0.429101 0.043523 1.014965 0.4313026
006 2 2 8 0 0.318266 0.043108 0 0.7478 0 0 -0.429534 0.043108 1.019498 0.4316917
006 2 2 8 0 0.317837 0.042688 0 0.7478 0 0 -0.429963 0.042688 1.024024 0.4320769
006 2 2 8 0 0.317412 0.042265 0 0.7478 0 0 -0.430388 0.042265 1.028135 0.4324583
006 2 2 8 0 0.316992 0.041837 0 0.7478 0 0 -0.430808 0.041837 1.032419 0.4328347
006 2 2 8 0 0.316576 0.041404 0 0.7478 0 0 -0.431224 0.041404 1.036825 0.4332071
006 2 2 8 0 0.316164 0.040968 0 0.7478 0 0 -0.431636 0.040968 1.041066 0.4335758
006 2 2 8 0 0.315756 0.040528 0 0.7478 0 0 -0.432044 0.040528 1.045372 0.4339407
006 2 2 8 0 0.315353 0.040083 0 0.7478 0 0 -0.432447 0.040083 1.049759 0.4343006
006 2 2 8 0 0.314955 0.039635 0 0.7478 0 0 -0.432845 0.039635 1.054057 0.4346559
006 2 2 8 0 0.314561 0.039182 0 0.7478 0 0 -0.433239 0.039182 1.058352 0.4350072
006 2 2 8 0 0.314171 0.038726 0 0.7478 0 0 -0.433629 0.038726 1.062753 0.4353548
006 2 2 8 0 0.313786 0.038266 0 0.7478 0 0 -0.434014 0.038266 1.067084 0.4356976
006 2 2 8 0 0.313406 0.037802 0 0.7478 0 0 -0.434394 0.037802 1.071599 0.4360357
006 2 2 8 0 0.31303 0.037334 0 0.7478 0 0 -0.43477 0.037334 1.07589 0.43637
006 2 2 8 0 0.312659 0.036862 0 0.7478 0 0 -0.435141 0.036862 1.080041 0.4366995
006 2 2 8 0 0.312293 0.036387 0 0.7478 0 0 -0.435507 0.036387 1.084514 0.4370244
006 2 2 8 0 0.311931 0.035908 0 0.7478 0 0 -0.435869 0.035908 1.088778 0.4373456
006 2 2 8 0 0.311575 0.035426 0 0.7478 0 0 -0.436225 0.035426 1.092935 0.4376611
006 2 2 8 0 0.311223 0.03494 0 0.7478 0 0 -0.436577 0.03494 1.097076 0.4379729
006 2 2 8 0 0.310876 0.03445 0 0.7478 0 0 -0.436924 0.03445 1.101333 0.43828
006 2 2 8 0 0.310534 0.033957 0 0.7478 0 0 -0.437266 0.033957 1.105669 0.4385825
006 2 2 8 0 0.310197 0.033461 0 0.7478 0 0 -0.437603 0.033461 1.109881 0.4388804
006 2 2 8 0 0.309865 0.032961 0 0.7478 0 0 -0.437935 0.032961 1.113966 0.4391736
006 2 2 8 0 0.309538 0.032458 0 0.7478 0 0 -0.438262 0.032458 1.118212 0.4394623
006 2 2 8 0 0.309216 0.031952 0 0.7478 0 0 -0.438584 0.031952 1.122828 0.4397463
006 2 2 8 0 0.308899 0.031443 0 0.7478 0 0 -0.438901 0.031443 1.126998 0.4400258
006 2 2 8 0 0.308587 0.03093 0 0.7478 0 0 -0.439213 0.03093 1.131332 0.4403007
006 2 2 8 0 0.30828 0.030414 0 0.7478 0 0 -0.43952 0.030414 1.135695 0.440571
006 2 2 8 0 0.307978 0.029896 0 0.7478 0 0 -0.439822 0.029896 1.140019 0.4408369
006 2 2 8 0 0.307682 0.029374 0 0.7478 0 0 -0.440118 0.029374 1.144337 0.4410971
006 2 2 8 0 0.307391 0.028849 0 0.7478 0 0 -0.440409 0.028849 1.148597 0.4413529
006 2 2 8 0 0.307105 0.028322 0 0.7478 0 0 -0.440695 0.028322 1.152942 0.4416041
006 2 2 8 0 0.306824 0.027791 0 0.7478 0 0 -0.440976 0.027791 1.157067 0.4418508
006 2 2 8 0 0.306549 0.027258 0 0.7478 0 0 -0.441251 0.027258 1.161222 0.4420921
006 2 2 8 0 0.306279 0.026722 0 0.7478 0 0 -0.441521 0.026722 1.16549 0.4423289
006 2 2 8 0 0.306015 0.026184 0 0.7478 0 0 -0.441785 0.026184 1.169954 0.4425602
006 2 2 8 0 0.305756 0.025643 0 0.7478 0 0 -0.442044 0.025643 1.174334 0.4427871
006 2 2 8 0 0.305502 0.025099 0 0.7478 0 0 -0.442298 0.025099 1.178474 0.4430096
006 2 2 8 0 0.305254 0.024553 0 0.7478 0 0 -0.442546 0.024553 1.183181 0.4432266
006 2 2 8 0 0.305011 0.024004 0 0.7478 0 0 -0.442789 0.024004 1.187602 0.4434392
006 2 2 8 0 0.304774 0.023453 0 0.7478 0 0 -0.443026 0.023453 1.191814 0.4436463
006 2 2 8 0 0.304542 0.0229 0 0.7478 0 0 -0.443258 0.0229 1.196029 0.4438491
006 2 2 8 0 0.304316 0.022344 0 0.7478 0 0 -0.443484 0.022344 1.200147 0.4440465
006 2 2 8 0 0.304095 0.021786 0 0.7478 0 0 -0.443705 0.021786 1.204622 0.4442395
006 2 2 8 0 0.30388 0.021226 0 0.7478 0 0 -0.44392 0.021226 1.208755 0.4444272
006 2 2 8 0 0.30367 0.020664 0 0.7478 0 0 -0.44413 0.020664 1.212923 0.4446104
006 2 2 8 0 0.303467 0.020099 0 0.7478 0 0 -0.444333 0.020099 1.217247 0.4447873
006 2 2 8 0 0.303268 0.019533 0 0.7478 0 0 -0.444532 0.019533 1.221573 0.4449609
006 2 2 8 0 0.303076 0.018965 0 0.7478 0 0 -0.444724 0.018965 1.225867 0.4451282
006 2 2 8 0 0.302889 0.018394 0 0.7478 0 0 -0.444911 0.018394 1.230061 0.4452911
006 2 2 8 0 0.302708 0.017822 0 0.7478 0 0 -0.445092 0.017822 1.234312 0.4454487
006 2 2 8 0 0.302533 0.017249 0 0.7478 0 0 -0.445267 0.017249 1.238533 0.445601
006 2 2 8 0 0.302363 0.016673 0 0.7478 0 0 -0.445437 0.016673 1.242878 0.4457489
006 2 2 8 0 0.302199 0.016096 0 0.7478 0 0 -0.445601 0.016096 1.247104 0.4458916
006 2 2 8 0 0.302041 0.015517 0 0.7478 0 0 -0.445759 0.015517 1.251329 0.446029
006 2 2 8 0 0.301889 0.014937 0 0.7478 0 0 -0.445911 0.014937 1.255483 0.4461611
006 2 2 8 0 0.301743 0.014355 0 0.7478 0 0 -0.446057 0.014355 1.259592 0.4462879
006 2 2 8 0 0.301602 0.013772 0 0.7478 0 0 -0.446198 0.013772 1.263856 0.4464105
006 2 2 8 0 0.301467 0.013187 0 0.7478 0 0 -0.446333 0.013187 1.268103 0.4465277
006 2 2 8 0 0.301338 0.012601 0 0.7478 0 0 -0.446462 0.012601 1.272581 0.4466397
006 2 2 8 0 0.301215 0.012014 0 0.7478 0 0 -0.446585 0.012014 1.276711 0.4467466
006 2 2 8 0 0.301098 0.011425 0 0.7478 0 0 -0.446702 0.011425 1.28085 0.4468481
006 2 2 8 0 0.300987 0.010836 0 0.7478 0 0 -0.446813 0.010836 1.285225 0.4469444
006 2 2 8 0 0.300881 0.010245 0 0.7478 0 0 -0.446919 0.010245 1.289639 0.4470364
006 2 2 8 0 0.300782 0.009653 0 0.7478 0 0 -0.447018 0.009653 1.293886 0.4471222
006 2 2 8 0 0.300688 0.009061 0 0.7478 0 0 -0.447112 0.009061 1.298555 0.4472038
006 2 2 8 0 0.3006 0.008467 0 0.7478 0 0 -0.4472 0.008467 1.303415 0.4472801
006 2 2 8 0 0.300519 0.007873 0 0.7478 0 0 -0.447281 0.007873 1.30821 0.4473503
006 2 2 8 0 0.300443 0.007278 0 0.7478 0 0 -0.447357 0.007278 1.312512 0.4474162
006 2 2 8 0 0.300373 0.006682 0 0.7478 0 0 -0.447427 0.006682 1.316641 0.4474769
006 2 2 8 0 0.300309 0.006085 0 0.7478 0 0 -0.447491 0.006085 1.321079 0.4475324
006 2 2 8 0 0.300252 0.005488 0 0.7478 0 0 -0.447548 0.005488 1.325422 0.4475816
006 2 2 8 0 0.3002 0.00489 0 0.7478 0 0 -0.4476 0.00489 1.329597 0.4476267
006 2 2 8 0 0.300154 0.004292 0 0.7478 0 0 -0.447646 0.004292 1.334012 0.4476666
006 2 2 8 0 0.300114 0.003693 0 0.7478 0 0 -0.447686 0.003693 1.33842 0.4477012
006 2 2 8 0 0.30008 0.003094 0 0.7478 0 0 -0.44772 0.003094 1.342721 0.4477307
006 2 2 8 0 0.300052 0.002495 0 0.7478 0 0 -0.447748 0.002495 1.346925 0.4477549
006 2 2 8 0 0.30003 0.001895 0 0.7478 0 0 -0.44777 0.001895 1.351149 0.447774
006 2 2 8 0 0.300014 0.001295 0 0.7478 0 0 -0.447786 0.001295 1.355535 0.4477879
006 2 2 8 0 0.300004 0.000696 0 0.7478 0 0 -0.447796 0.000696 1.359704 0.4477965
006 2 2 8 0 0.3 9.6E-05 0 0.7478 0 0 -0.4478 9.6E-05 1.36399 0.4478
006 2 2 8 0 0.300002 -0.000504 0 0.7478 0 0 -0.447798 -0.000504 1.368586 0.4477983
006 2 2 8 0 0.30001 -0.001104 0 0.7478 0 0 -0.44779 -0.001104 1.37285 0.4477914
006 2 2 8 0 0.300024 -0.001704 0 0.7478 0 0 -0.447776 -0.001704 1.37709 0.4477792
006 2 2 8 0 0.300044 -0.002304 0 0.7478 0 0 -0.447756 -0.002304 1.38174 0.4477619
006 2 2 8 0 0.30007 -0.002903 0 0.7478 0 0 -0.44773 -0.002903 1.386329 0.4477394
006 2 2 8 0 0.300102 -0.003502 0 0.7478 0 0 -0.447698 -0.003502 1.390541 0.4477117
006 2 2 8 0 0.30014 -0.004101 0 0.7478 0 0 -0.44766 -0.004101 1.394647 0.4476787
006 2 2 8 0 0.300184 -0.0047 0 0.7478 0 0 -0.447616 -0.0047 1.398825 0.4476407
006 2 2 8 0 0.300234 -0.005298 0 0.7478 0 0 -0.447566 -0.005298 1.403316 0.4475973
006 2 2 8 0 0.30029 -0.005895 0 0.7478 0 0 -0.44751 -0.005895 1.407455 0.4475488
006 2 2 8 0 0.300352 -0.006492 0 0.7478 0 0 -0.447448 -0.006492 1.411655 0.4474951
006 2 2 8 0 0.30042 -0.007088 0 0.7478 0 0 -0.44738 -0.007088 1.415744 0.4474361
006 2 2 8 0 0.300494 -0.007683 0 0.7478 0 0 -0.447306 -0.007683 1.420061 0.447372
006 2 2 8 0 0.300574 -0.008278 0 0.7478 0 0 -0.447226 -0.008278 1.424396 0.4473026
006 2 2 8 0 0.30066 -0.008872 0 0.7478 0 0 -0.44714 -0.008872 1.428775 0.447228
006 2 2 8 0 0.300751 -0.009465 0 0.7478 0 0 -0.447049 -0.009465 1.433022 0.4471492
006 2 2 8 0 0.300849 -0.010057 0 0.7478 0 0 -0.446951 -0.010057 1.437582 0.4470641
006 2 2 8 0 0.300952 -0.010648 0 0.7478 0 0 -0.446848 -0.010648 1.442352 0.4469748
006 2 2 8 0 0.301062 -0.011238 0 0.7478 0 0 -0.446738 -0.011238 1.446866 0.4468793
006 2 2 8 0 0.301177 -0.011826 0 0.7478 0 0 -0.446623 -0.011826 1.451124 0.4467795
006 2 2 8 0 0.301298 -0.012414 0 0.7478 0 0 -0.446502 -0.012414 1.455289 0.4466745
006 2 2 8 0 0.301425 -0.013001 0 0.7478 0 0 -0.446375 -0.013001 1.459405 0.4465643
006 2 2 8 0 0.301558 -0.013586 0 0.7478 0 0 -0.446242 -0.013586 1.463781 0.4464487
006 2 2 8 0 0.301697 -0.014169 0 0.7478 0 0 -0.446103 -0.014169 1.468071 0.446328
006 2 2 8 0 0.301842 -0.014752 0 0.7478 0 0 -0.445958 -0.014752 1.47242 0.4462019
006 2 2 8 0 0.301992 -0.015332 0 0.7478 0 0 -0.445808 -0.015332 1.476612 0.4460716
006 2 2 8 0 0.302148 -0.015912 0 0.7478 0 0 -0.445652 -0.015912 1.480783 0.445936
006 2 2 8 0 0.30231 -0.016489 0 0.7478 0 0 -0.44549 -0.016489 1.485276 0.4457951
006 2 2 8 0 0.302478 -0.017066 0 0.7478 0 0 -0.445322 -0.017066 1.489452 0.4456489
006 2 2 8 0 0.302652 -0.01764 0 0.7478 0 0 -0.445148 -0.01764 1.49372 0.4454974
006 2 2 8 0 0.302831 -0.018212 0 0.7478 0 0 -0.444969 -0.018212 1.497792 0.4453416
006 2 2 8 0 0.303016 -0.018783 0 0.7478 0 0 -0.444784 -0.018783 1.502205 0.4451804
006 2 2 8 0 0.303207 -0.019352 0 0.7478 0 0 -0.444593 -0.019352 1.506406 0.4450139
006 2 2 8 0 0.303403 -0.019919 0 0.7478 0 0 -0.444397 -0.019919 1.510545 0.4448432
006 2 2 8 0 0.303605 -0.020484 0 0.7478 0 0 -0.444195 -0.020484 1.514688 0.444667
006 2 2 8 0 0.303813 -0.021047 0 0.7478 0 0 -0.443987 -0.021047 1.51885 0.4444856
006 2 2 8 0 0.304026 -0.021608 0 0.7478 0 0 -0.443774 -0.021608 1.523181 0.4442997
006 2 2 8 0 0.304245 -0.022166 0 0.7478 0 0 -0.443555 -0.022166 1.527317 0.4441085
006 2 2 8 0 0.304469 -0.022723 0 0.7478 0 0 -0.443331 -0.022723 1.531454 0.443913
006 2 2 8 0 0.304699 -0.023277 0 0.7478 0 0 -0.443101 -0.023277 1.535705 0.443712
006 2 2 8 0 0.304935 -0.023829 0 0.7478 0 0 -0.442865 -0.023829 1.539927 0.4435056
006 2 2 8 0 0.305176 -0.024378 0 0.7478 0 0 -0.442624 -0.024378 1.544241 0.4432948
006 2 2 8 0 0.305422 -0.024925 0 0.7478 0 0 -0.442378 -0.024925 1.548428 0.4430796
006 2 2 8 0 0.305674 -0.02547 0 0.7478 0 0 -0.442126 -0.02547 1.552722 0.442859
006 2 2 8 0 0.305932 -0.026012 0 0.7478 0 0 -0.441868 -0.026012 1.55759 0.442633
006 2 2 8 0 0.306194 -0.026551 0 0.7478 0 0 -0.441606 -0.026551 1.562649 0.4424034
006 2 2 8 0 0.306463 -0.027088 0 0.7478 0 0 -0.441337 -0.027088 1.567012 0.4421675
006 2 2 8 0 0.306736 -0.027622 0 0.7478 0 0 -0.441064 -0.027622 1.57199 0.4419281
006 2 2 8 0 0.307015 -0.028153 0 0.7478 0 0 -0.440785 -0.028153 1.576142 0.4416831
006 2 2 8 0 0.307299 -0.028682 0 0.7478 0 0 -0.440501 -0.028682 1.587143 0.4414338
006 2 2 8 0 0.307589 -0.029207 0 0.7478 0 0 -0.440211 -0.029207 1.592007 0.4411789
006 2 2 8 0 0.307883 -0.02973 0 0.7478 0 0 -0.439917 -0.02973 1.596145 0.4409204
006 2 2 8 0 0.308183 -0.03025 0 0.7478 0 0 -0.439617 -0.03025 1.600389 0.4406565
006 2 2 8 0 0.308488 -0.030766 0 0.7478 0 0 -0.439312 -0.030766 1.604914 0.440388
006 2 2 8 0 0.308799 -0.03128 0 0.7478 0 0 -0.439001 -0.03128 1.608991 0.440114
006 2 2 8 0 0.309114 -0.03179 0 0.7478 0 0 -0.438686 -0.03179 1.61313 0.4398363
006 2 2 8 0 0.309434 -0.032297 0 0.7478 0 0 -0.438366 -0.032297 1.617603 0.4395542
006 2 2 8 0 0.30976 -0.032801 0 0.7478 0 0 -0.43804 -0.032801 1.62205 0.4392664
006 2 2 8 0 0.31009 -0.033302 0 0.7478 0 0 -0.43771 -0.033302 1.626162 0.438975
006 2 2 8 0 0.310426 -0.0338 0 0.7478 0 0 -0.437374 -0.0338 1.630252 0.4386781
006 2 2 8 0 0.310766 -0.034294 0 0.7478 0 0 -0.437034 -0.034294 1.634569 0.4383774
006 2 2 8 0 0.311112 -0.034784 0 0.7478 0 0 -0.436688 -0.034784 1.638953 0.4380711
006 2 2 8 0 0.311462 -0.035271 0 0.7478 0 0 -0.436338 -0.035271 1.643233 0.4377612
006 2 2 8 0 0.311817 -0.035755 0 0.7478 0 0 -0.435983 -0.035755 1.647335 0.4374467
006 2 2 8 0 0.312177 -0.036235 0 0.7478 0 0 -0.435623 -0.036235 1.651618 0.4371274
006 2 2 8 0 0.312542 -0.036711 0 0.7478 0 0 -0.435258 -0.036711 1.655882 0.4368034
006 2 2 8 0 0.312911 -0.037184 0 0.7478 0 0 -0.434889 -0.037184 1.660155 0.4364758
006 2 2 8 0 0.313286 -0.037653 0 0.7478 0 0 -0.434514 -0.037653 1.664478 0.4361424
006 2 2 8 0 0.313664 -0.038118 0 0.7478 0 0 -0.434136 -0.038118 1.668838 0.4358062
006 2 2 8 0 0.314048 -0.03858 0 0.7478 0 0 -0.433752 -0.03858 1.673167 0.4354644
006 2 2 8 0 0.314436 -0.039038 0 0.7478 0 0 -0.433364 -0.039038 1.67736 0.4351187
006 2 2 8 0 0.314829 -0.039491 0 0.7478 0 0 -0.432971 -0.039491 1.681731 0.4347682
006 2 2 8 0 0.315226 -0.039941 0 0.7478 0 0 -0.432574 -0.039941 1.686786 0.434414
006 2 2 8 0 0.315628 -0.040387 0 0.7478 0 0 -0.432172 -0.040387 1.691377 0.434055
006 2 2 8 0 0.316034 -0.040828 0 0.7478 0 0 -0.431766 -0.040828 1.696029 0.433692
006 2 2 8 0 0.316444 -0.041266 0 0.7478 0 0 -0.431356 -0.041266 1.70065 0.4333254
006 2 2 8 0 0.316859 -0.041699 0 0.7478 0 0 -0.430941 -0.041699 1.705169 0.4329537
006 2 2 8 0 0.317278 -0.042129 0 0.7478 0 0 -0.430522 -0.042129 1.709394 0.4325784
006 2 2 8 0 0.317701 -0.042554 0 0.7478 0 0 -0.430099 -0.042554 1.71351 0.432199
006 2 2 8 0 0.318129 -0.042975 0 0.7478 0 0 -0.429671 -0.042975 1.717716 0.4318148
006 2 2 8 0 0.318561 -0.043391 0 0.7478 0 0 -0.429239 -0.043391 1.722475 0.4314266
006 2 2 8 0 0.318997 -0.043804 0 0.7478 0 0 -0.428803 -0.043804 1.726764 0.4310346
006 2 2 8 0 0.319437 -0.044211 0 0.7478 0 0 -0.428363 -0.044211 1.730941 0.4306384
006 2 2 8 0 0.319881 -0.044615 0 0.7478 0 0 -0.427919 -0.044615 1.735363 0.4302385
006 2 2 8 0 0.320329 -0.045014 0 0.7478 0 0 -0.427471 -0.045014 1.739519 0.4298345
006 2 2 8 0 0.320781 -0.045408 0 0.7478 0 0 -0.427019 -0.045408 1.743808 0.4294265
006 2 2 8 0 0.321237 -0.045798 0 0.7478 0 0 -0.426563 -0.045798 1.748268 0.4290145
006 2 2 8 0 0.321697 -0.046183 0 0.7478 0 0 -0.426103 -0.046183 1.752634 0.4285984
006 2 2 8 0 0.322161 -0.046564 0 0.7478 0 0 -0.425639 -0.046564 1.756928 0.4281784
006 2 2 8 0 0.322629 -0.04694 0 0.7478 0 0 -0.425171 -0.04694 1.761287 0.4277543
006 2 2 8 0 0.3231 -0.047312 0 0.7478 0 0 -0.4247 -0.047312 1.76582 0.4273272
006 2 2 8 0 0.323575 -0.047678 0 0.7478 0 0 -0.424225 -0.047678 1.770162 0.4268958
006 2 2 8 0 0.324053 -0.04804 0 0.7478 0 0 -0.423747 -0.04804 1.774458 0.4264614
006 2 2 8 0 0.324536 -0.048397 0 0.7478 0 0 -0.423264 -0.048397 1.779669 0.4260219
006 2 2 8 0 0.325021 -0.048749 0 0.7478 0 0 -0.422779 -0.048749 1.78519 0.4255803
006 2 2 8 0 0.325511 -0.049097 0 0.7478 0 0 -0.422289 -0.049097 1.7897 0.4251335
006 2 2 8 0 0.326003 -0.049439 0 0.7478 0 0 -0.421797 -0.049439 1.793915 0.4246845
006 2 2 8 0 0.326499 -0.049777 0 0.7478 0 0 -0.421301 -0.049777 1.79832 0.4242314
006 2 2 8 0 0.326999 -0.050109 0 0.7478 0 0 -0.420801 -0.050109 1.803647 0.423774
006 2 2 8 0 0.327501 -0.050437 0 0.7478 0 0 -0.420299 -0.050437 1.808329 0.4233145
006 2 2 8 0 0.328007 -0.050759 0 0.7478 0 0 -0.419793 -0.050759 1.812911 0.4228506
006 2 2 8 0 0.328517 -0.051076 0 0.7478 0 0 -0.419283 -0.051076 1.817447 0.4223825
006 2 2 8 0 0.329029 -0.051389 0 0.7478 0 0 -0.418771 -0.051389 1.822498 0.4219123
006 2 2 8 0 0.329544 -0.051696 0 0.7478 0 0 -0.418256 -0.051696 1.826641 0.4214387
006 2 2 8 0 0.330063 -0.051998 0 0.7478 0 0 -0.417737 -0.051998 1.830757 0.4209608
006 2 2 8 0 0.330584 -0.052295 0 0.7478 0 0 -0.417216 -0.052295 1.835161 0.4204806
006 2 2 8 0 0.331109 -0.052586 0 0.7478 0 0 -0.416691 -0.052586 1.839493 0.419996
006 2 2 8 0 0.331636 -0.052872 0 0.7478 0 0 -0.416164 -0.052872 1.843754 0.4195091
006 2 2 8 0 0.332166 -0.053153 0 0.7478 0 0 -0.415634 -0.053153 1.84792 0.4190189
006 2 2 8 0 0.332699 -0.053429 0 0.7478 0 0 -0.415101 -0.053429 1.852189 0.4185254
006 2 2 8 0 0.333235 -0.053699 0 0.7478 0 0 -0.414565 -0.053699 1.856433 0.4180284
006 2 2 8 0 0.333773 -0.053964 0 0.7478 0 0 -0.414027 -0.053964 1.860638 0.417529
006 2 2 8 0 0.334314 -0.054224 0 0.7478 0 0 -0.413486 -0.054224 1.864939 0.4170263
006 2 2 8 0 0.334858 -0.054478 0 0.7478 0 0 -0.412942 -0.054478 1.869529 0.41652
006 2 2 8 0 0.335404 -0.054727 0 0.7478 0 0 -0.412396 -0.054727 1.873753 0.4160114
006 2 2 8 0 0.335952 -0.05497 0 0.7478 0 0 -0.411848 -0.05497 1.877853 0.4155003
006 2 2 8 0 0.336503 -0.055208 0 0.7478 0 0 -0.411297 -0.055208 1.882176 0.4149857
006 2 2 8 0 0.337056 -0.05544 0 0.7478 0 0 -0.410744 -0.05544 1.886534 0.4144686
006 2 2 8 0 0.337612 -0.055667 0 0.7478 0 0 -0.410188 -0.055667 1.891012 0.4139481
006 2 2 8 0 0.338169 -0.055888 0 0.7478 0 0 -0.409631 -0.055888 1.895235 0.413426
006 2 2 8 0 0.338729 -0.056103 0 0.7478 0 0 -0.409071 -0.056103 1.899433 0.4129003
006 2 2 8 0 0.339292 -0.056313 0 0.7478 0 0 -0.408508 -0.056313 1.903974 0.4123711
006 2 2 8 0 0.339856 -0.056517 0 0.7478 0 0 -0.407944 -0.056517 1.908086 0.4118403
006 2 2 8 0 0.340422 -0.056716 0 0.7478 0 0 -0.407378 -0.056716 1.912232 0.4113071
006 2 2 8 0 0.34099 -0.056909 0 0.7478 0 0 -0.40681 -0.056909 1.916497 0.4107712
006 2 2 8 0 0.34156 -0.057096 0 0.7478 0 0 -0.40624 -0.057096 1.920939 0.4102327
006 2 2 8 0 0.342132 -0.057278 0 0.7478 0 0 -0.405668 -0.057278 1.925192 0.4096917
006 2 2 8 0 0.342706 -0.057453 0 0.7478 0 0 -0.405094 -0.057453 1.929344 0.4091479
006 2 2 8 0 0.343281 -0.057624 0 0.7478 0 0 -0.404519 -0.057624 1.933724 0.4086027
006 2 2 8 0 0.343858 -0.057788 0 0.7478 0 0 -0.403942 -0.057788 1.937973 0.4080546
006 2 2 8 0 0.344437 -0.057946 0 0.7478 0 0 -0.403363 -0.057946 1.942515 0.4075039
006 2 2 8 0 0.345017 -0.058099 0 0.7478 0 0 -0.402783 -0.058099 1.946666 0.4069516
006 2 2 8 0 0.345599 -0.058246 0 0.7478 0 0 -0.402201 -0.058246 1.9509 0.4063967
006 2 2 8 0 0.346182 -0.058387 0 0.7478 0 0 -0.401618 -0.058387 1.955132 0.4058399
006 2 2 8 0 0.346766 -0.058522 0 0.7478 0 0 -0.401034 -0.058522 1.959229 0.4052815
006 2 2 8 0 0.347352 -0.058652 0 0.7478 0 0 -0.400448 -0.058652 1.963602 0.4047205
006 2 2 8 0 0.347939 -0.058775 0 0.7478 0 0 -0.399861 -0.058775 1.968115 0.4041575
006 2 2 8 0 0.348528 -0.058893 0 0.7478 0 0 -0.399272 -0.058893 1.972398 0.403592
006 2 2 8 0 0.349117 -0.059005 0 0.7478 0 0 -0.398683 -0.059005 1.976784 0.4030257
006 2 2 8 0 0.349708 -0.059111 0 0.7478 0 0 -0.398092 -0.059111 1.981188 0.4024566
006 2 2 8 0 0.350299 -0.059211 0 0.7478 0 0 -0.397501 -0.059211 1.985861 0.4018868
006 2 2 8 0 0.350892 -0.059305 0 0.7478 0 0 -0.396908 -0.059305 1.990068 0.4013141
006 2 2 8 0 0.351486 -0.059393 0 0.7478 0 0 -0.396314 -0.059393 1.994211 0.4007397
006 2 2 8 0 0.35208 -0.059475 0 0.7478 0 0 -0.39572 -0.059475 1.998329 0.4001644
006 2 2 8 0 0.352675 -0.059551 0 0.7478 0 0 -0.395125 -0.059551 2.002881 0.3995874
006 2 2 8 0 0.353271 -0.059621 0 0.7478 0 0 -0.394529 -0.059621 2.007239 0.3990085
006 2 2 8 0 0.353867 -0.059686 0 0.7478 0 0 -0.393933 -0.059686 2.011404 0.3984289
006 2 2 8 0 0.354465 -0.059744 0 0.7478 0 0 -0.393335 -0.059744 2.015515 0.3978464
006 2 2 8 0 0.355062 -0.059796 0 0.7478 0 0 -0.392738 -0.059796 2.019827 0.397264
006 2 2 8 0 0.35566 -0.059843 0 0.7478 0 0 -0.39214 -0.059843 2.024226 0.3966799
006 2 2 8 0 0.356259 -0.059883 0 0.7478 0 0 -0.391541 -0.059883 2.028656 0.3960938
006 2 2 8 0 0.356858 -0.059918 0 0.7478 0 0 -0.390942 -0.059918 2.032836 0.395507
006 2 2 8 0 0.357457 -0.059946 0 0.7478 0 0 -0.390343 -0.059946 2.037197 0.3949192
006 2 2 8 0 0.358057 -0.059969 0 0.7478 0 0 -0.389743 -0.059969 2.041383 0.3943296
006 2 2 8 0 0.358657 -0.059985 0 0.7478 0 0 -0.389143 -0.059985 2.045636 0.3937391
006 2 2 8 0 0.359257 -0.059995 0 0.7478 0 0 -0.388543 -0.059995 2.049723 0.3931476
006 2 2 8 0 0.359857 -0.06 0 0.7478 0 0 -0.387943 -0.06 2.05429 0.3925554
006 2 2 8 0 0.360457 -0.059998 0 0.7478 0 0 -0.387343 -0.059998 2.058402 0.3919622
006 2 2 8 0 0.361057 -0.059991 0 0.7478 0 0 -0.386743 -0.059991 2.062863 0.3913682
006 2 2 8 0 0.361656 -0.059977 0 0.7478 0 0 -0.386144 -0.059977 2.067005 0.3907741
006 2 2 8 0 0.362256 -0.059958 0 0.7478 0 0 -0.385544 -0.059958 2.071498 0.3901784
006 2 2 8 0 0.362856 -0.059932 0 0.7478 0 0 -0.384944 -0.059932 2.075621 0.3895815
006 2 2 8 0 0.363455 -0.0599 0 0.7478 0 0 -0.384345 -0.0599 2.079727 0.3889847
006 2 2 8 0 0.364054 -0.059863 0 0.7478 0 0 -0.383746 -0.059863 2.084046 0.3883871
006 2 2 8 0 0.364652 -0.059819 0 0.7478 0 0 -0.383148 -0.059819 2.088666 0.3877895
006 2 2 8 0 0.36525 -0.05977 0 0.7478 0 0 -0.38255 -0.05977 2.092922 0.3871911
006 2 2 8 0 0.365847 -0.059714 0 0.7478 0 0 -0.381953 -0.059714 2.097024 0.3865926
006 2 2 8 0 0.366444 -0.059653 0 0.7478 0 0 -0.381356 -0.059653 2.101259 0.3859934
006 2 2 8 0 0.36704 -0.059586 0 0.7478 0 0 -0.38076 -0.059586 2.105669 0.3853942
006 2 2 8 0 0.367636 -0.059512 0 0.7478 0 0 -0.380164 -0.059512 2.109856 0.3847939
006 2 2 8 0 0.368231 -0.059433 0 0.7478 0 0 -0.379569 -0.059433 2.114038 0.3841938
006 2 2 8 0 0.368825 -0.059348 0 0.7478 0 0 -0.378975 -0.059348 2.118224 0.3835938
006 2 2 8 0 0.369418 -0.059256 0 0.7478 0 0 -0.378382 -0.059256 2.122632 0.3829938
006 2 2 8 0 0.37001 -0.059159 0 0.7478 0 0 -0.37779 -0.059159 2.126836 0.3823938
006 2 2 8 0 0.370601 -0.059056 0 0.7478 0 0 -0.377199 -0.059056 2.131003 0.381794
006 2 2 8 0 0.371191 -0.058947 0 0.7478 0 0 -0.376609 -0.058947 2.13528 0.3811943
006 2 2 8 0 0.37178 -0.058832 0 0.7478 0 0 -0.37602 -0.058832 2.13959 0.3805946
006 2 2 8 0 0.372367 -0.058712 0 0.7478 0 0 -0.375433 -0.058712 2.14388 0.3799961
006 2 2 8 0 0.372954 -0.058585 0 0.7478 0 0 -0.374846 -0.058585 2.148044 0.3793965
006 2 2 8 0 0.373539 -0.058452 0 0.7478 0 0 -0.374261 -0.058452 2.152276 0.378798
006 2 2 8 0 0.374123 -0.058314 0 0.7478 0 0 -0.373677 -0.058314 2.156551 0.3781997
006 2 2 8 0 0.374705 -0.05817 0 0.7478 0 0 -0.373095 -0.05817 2.16076 0.3776025
006 2 2 8 0 0.375286 -0.05802 0 0.7478 0 0 -0.372514 -0.05802 2.165065 0.3770053
006 2 2 8 0 0.375866 -0.057864 0 0.7478 0 0 -0.371934 -0.057864 2.16923 0.3764082
006 2 2 8 0 0.376444 -0.057703 0 0.7478 0 0 -0.371356 -0.057703 2.17359 0.3758123
006 2 2 8 0 0.37702 -0.057535 0 0.7478 0 0 -0.37078 -0.057535 2.177807 0.3752174
006 2 2 8 0 0.377594 -0.057362 0 0.7478 0 0 -0.370206 -0.057362 2.182233 0.3746237
006 2 2 8 0 0.378167 -0.057184 0 0.7478 0 0 -0.369633 -0.057184 2.186674 0.3740301
006 2 2 8 0 0.378738 -0.056999 0 0.7478 0 0 -0.369062 -0.056999 2.190866 0.3734376
006 2 2 8 0 0.379307 -0.056809 0 0.7478 0 0 -0.368493 -0.056809 2.195116 0.3728463
006 2 2 8 0 0.379874 -0.056613 0 0.7478 0 0 -0.367926 -0.056613 2.199282 0.372256
006 2 2 8 0 0.380439 -0.056411 0 0.7478 0 0 -0.367361 -0.056411 2.203883 0.3716669
006 2 2 8 0 0.381002 -0.056204 0 0.7478 0 0 -0.366798 -0.056204 2.208056 0.371079
006 2 2 8 0 0.381563 -0.055991 0 0.7478 0 0 -0.366237 -0.055991 2.212277 0.3704923
006 2 2 8 0 0.382122 -0.055773 0 0.7478 0 0 -0.365678 -0.055773 2.216364 0.3699068
006 2 2 8 0 0.382679 -0.055549 0 0.7478 0 0 -0.365121 -0.055549 2.221138 0.3693224
006 2 2 8 0 0.383233 -0.055319 0 0.7478 0 0 -0.364567 -0.055319 2.22549 0.3687401
006 2 2 8 0 0.383785 -0.055084 0 0.7478 0 0 -0.364015 -0.055084 2.229734 0.3681591
006 2 2 8 0 0.384335 -0.054844 0 0.7478 0 0 -0.363465 -0.054844 2.233897 0.3675795
006 2 2 8 0 0.384882 -0.054598 0 0.7478 0 0 -0.362918 -0.054598 2.238358 0.3670019
006 2 2 8 0 0.385427 -0.054346 0 0.7478 0 0 -0.362373 -0.054346 2.242716 0.3664255
006 2 2 8 0 0.385969 -0.054089 0 0.7478 0 0 -0.361831 -0.054089 2.246949 0.3658515
006 2 2 8 0 0.386508 -0.053827 0 0.7478 0 0 -0.361292 -0.053827 2.251293 0.3652797
006 2 2 8 0 0.387045 -0.053559 0 0.7478 0 0 -0.360755 -0.053559 2.255535 0.3647091
006 2 2 8 0 0.38758 -0.053286 0 0.7478 0 0 -0.36022 -0.053286 2.259777 0.3641399
006 2 2 8 0 0.388111 -0.053007 0 0.7478 0 0 -0.359689 -0.053007 2.264043 0.3635738
006 2 2 8 0 0.38864 -0.052724 0 0.7478 0 0 -0.35916 -0.052724 2.268275 0.3630092
006 2 2 8 0 0.389165 -0.052434 0 0.7478 0 0 -0.358635 -0.052434 2.272671 0.3624477
006 2 2 8 0 0.389688 -0.05214 0 0.7478 0 0 -0.358112 -0.05214 2.276936 0.3618878
006 2 2 8 0 0.390208 -0.051841 0 0.7478 0 0 -0.357592 -0.051841 2.281227 0.3613302
006 2 2 8 0 0.390725 -0.051536 0 0.7478 0 0 -0.357075 -0.051536 2.285687 0.3607748
006 2 2 8 0 0.391239 -0.051226 0 0.7478 0 0 -0.356561 -0.051226 2.289877 0.3602219
006 2 2 8 0 0.39175 -0.050911 0 0.7478 0 0 -0.35605 -0.050911 2.294051 0.3596714
006 2 2 8 0 0.392257 -0.050591 0 0.7478 0 0 -0.355543 -0.050591 2.298725 0.3591243
006 2 2 8 0 0.392761 -0.050266 0 0.7478 0 0 -0.355039 -0.050266 2.304232 0.3585796
006 2 2 8 0 0.393262 -0.049936 0 0.7478 0 0 -0.354538 -0.049936 2.309379 0.3580374
006 2 2 8 0 0.39376 -0.049601 0 0.7478 0 0 -0.35404 -0.049601 2.314104 0.3574977
006 2 2 8 0 0.394254 -0.049261 0 0.7478 0 0 -0.353546 -0.049261 2.318318 0.3569614
006 2 2 8 0 0.394745 -0.048916 0 0.7478 0 0 -0.353055 -0.048916 2.322816 0.3564276
006 2 2 8 0 0.395233 -0.048566 0 0.7478 0 0 -0.352567 -0.048566 2.326995 0.3558962
006 2 2 8 0 0.395717 -0.048211 0 0.7478 0 0 -0.352083 -0.048211 2.331244 0.3553685
006 2 2 8 0 0.396197 -0.047852 0 0.7478 0 0 -0.351603 -0.047852 2.335485 0.3548443
006 2 2 8 0 0.396674 -0.047487 0 0.7478 0 0 -0.351126 -0.047487 2.339685 0.3543226
006 2 2 8 0 0.397147 -0.047118 0 0.7478 0 0 -0.350653 -0.047118 2.344033 0.3538045
006 2 2 8 0 0.397616 -0.046744 0 0.7478 0 0 -0.350184 -0.046744 2.348171 0.35329
006 2 2 8 0 0.398082 -0.046366 0 0.7478 0 0 -0.349718 -0.046366 2.352509 0.3527782
006 2 2 8 0 0.398543 -0.045983 0 0.7478 0 0 -0.349257 -0.045983 2.356834 0.352271
006 2 2 8 0 0.399001 -0.045595 0 0.7478 0 0 -0.348799 -0.045595 2.361005 0.3517665
006 2 2 8 0 0.399455 -0.045203 0 0.7478 0 0 -0.348345 -0.045203 2.365374 0.3512656
006 2 2 8 0 0.399905 -0.044806 0 0.7478 0 0 -0.347895 -0.044806 2.369768 0.3507684
006 2 2 8 0 0.400351 -0.044405 0 0.7478 0 0 -0.347449 -0.044405 2.374063 0.350275
006 2 2 8 0 0.400793 -0.043999 0 0.7478 0 0 -0.347007 -0.043999 2.378674 0.3497853
006 2 2 8 0 0.401231 -0.043589 0 0.7478 0 0 -0.346569 -0.043589 2.383679 0.3492994
006 2 2 8 0 0.401665 -0.043174 0 0.7478 0 0 -0.346135 -0.043174 2.389318 0.3488172
006 2 2 8 0 0.402095 -0.042755 0 0.7478 0 0 -0.345705 -0.042755 2.394372 0.3483388
006 2 2 8 0 0.40252 -0.042332 0 0.7478 0 0 -0.34528 -0.042332 2.398635 0.3478653
006 2 2 8 0 0.402941 -0.041905 0 0.7478 0 0 -0.344859 -0.041905 2.403192 0.3473957
006 2 2 8 0 0.403358 -0.041474 0 0.7478 0 0 -0.344442 -0.041474 2.407464 0.3469299
006 2 2 8 0 0.403771 -0.041038 0 0.7478 0 0 -0.344029 -0.041038 2.411569 0.346468
006 2 2 8 0 0.404179 -0.040598 0 0.7478 0 0 -0.343621 -0.040598 2.415779 0.346011
006 2 2 8 0 0.404583 -0.040154 0 0.7478 0 0 -0.343217 -0.040154 2.420167 0.3455579
006 2 2 8 0 0.404982 -0.039707 0 0.7478 0 0 -0.342818 -0.039707 2.424498 0.3451099
006 2 2 8 0 0.405377 -0.039255 0 0.7478 0 0 -0.342423 -0.039255 2.428771 0.3446657
006 2 2 8 0 0.405767 -0.038799 0 0.7478 0 0 -0.342033 -0.038799 2.433109 0.3442266
006 2 2 8 0 0.406153 -0.038339 0 0.7478 0 0 -0.341647 -0.038339 2.437584 0.3437914
006 2 2 8 0 0.406534 -0.037876 0 0.7478 0 0 -0.341266 -0.037876 2.442008 0.3433614
006 2 2 8 0 0.40691 -0.037409 0 0.7478 0 0 -0.34089 -0.037409 2.446161 0.3429365
006 2 2 8 0 0.407282 -0.036938 0 0.7478 0 0 -0.340518 -0.036938 2.450388 0.3425156
006 2 2 8 0 0.407649 -0.036463 0 0.7478 0 0 -0.340151 -0.036463 2.454852 0.3420998
006 2 2 8 0 0.408011 -0.035985 0 0.7478 0 0 -0.339789 -0.035985 2.459073 0.3416891
006 2 2 8 0 0.408369 -0.035503 0 0.7478 0 0 -0.339431 -0.035503 2.463405 0.3412827
006 2 2 8 0 0.408721 -0.035017 0 0.7478 0 0 -0.339079 -0.035017 2.467739 0.3408823
006 2 2 8 0 0.409069 -0.034529 0 0.7478 0 0 -0.338731 -0.034529 2.471982 0.3404863
006 2 2 8 0 0.409412 -0.034036 0 0.7478 0 0 -0.338388 -0.034036 2.476057 0.3400954
006 2 2 8 0 0.40975 -0.03354 0 0.7478 0 0 -0.33805 -0.03354 2.480185 0.3397098
006 2 2 8 0 0.410083 -0.033041 0 0.7478 0 0 -0.337717 -0.033041 2.484587 0.3393295
006 2 2 8 0 0.410411 -0.032539 0 0.7478 0 0 -0.337389 -0.032539 2.488784 0.3389544
006 2 2 8 0 0.410734 -0.032033 0 0.7478 0 0 -0.337066 -0.032033 2.492899 0.3385847
006 2 2 8 0 0.411051 -0.031524 0 0.7478 0 0 -0.336749 -0.031524 2.497056 0.3382213
006 2 2 8 0 0.411364 -0.031012 0 0.7478 0 0 -0.336436 -0.031012 2.501234 0.3378623
006 2 2 8 0 0.411672 -0.030497 0 0.7478 0 0 -0.336128 -0.030497 2.505772 0.3375087
006 2 2 8 0 0.411974 -0.029979 0 0.7478 0 0 -0.335826 -0.029979 2.510089 0.3371614
006 2 2 8 0 0.412271 -0.029457 0 0.7478 0 0 -0.335529 -0.029457 2.514227 0.3368196
006 2 2 8 0 0.412563 -0.028933 0 0.7478 0 0 -0.335237 -0.028933 2.518548 0.3364832
006 2 2 8 0 0.41285 -0.028406 0 0.7478 0 0 -0.33495 -0.028406 2.522956 0.3361523
006 2 2 8 0 0.413131 -0.027876 0 0.7478 0 0 -0.334669 -0.027876 2.527171 0.3358279
006 2 2 8 0 0.413407 -0.027343 0 0.7478 0 0 -0.334393 -0.027343 2.53135 0.335509
006 2 2 8 0 0.413678 -0.026808 0 0.7478 0 0 -0.334122 -0.026808 2.535601 0.3351957
006 2 2 8 0 0.413943 -0.02627 0 0.7478 0 0 -0.333857 -0.02627 2.540001 0.334889
006 2 2 8 0 0.414203 -0.025729 0 0.7478 0 0 -0.333597 -0.025729 2.544435 0.3345877
006 2 2 8 0 0.414458 -0.025186 0 0.7478 0 0 -0.333342 -0.025186 2.548788 0.3342921
006 2 2 8 0 0.414707 -0.02464 0 0.7478 0 0 -0.333093 -0.02464 2.553274 0.3340031
006 2 2 8 0 0.414951 -0.024092 0 0.7478 0 0 -0.332849 -0.024092 2.557468 0.3337198
006 2 2 8 0 0.415189 -0.023541 0 0.7478 0 0 -0.332611 -0.023541 2.561772 0.333443
006 2 2 8 0 0.415422 -0.022988 0 0.7478 0 0 -0.332378 -0.022988 2.565949 0.333172
006 2 2 8 0 0.415649 -0.022433 0 0.7478 0 0 -0.332151 -0.022433 2.570271 0.3329077
006 2 2 8 0 0.41587 -0.021875 0 0.7478 0 0 -0.33193 -0.021875 2.574462 0.33265
006 2 2 8 0 0.416086 -0.021315 0 0.7478 0 0 -0.331714 -0.021315 2.578636 0.3323981
006 2 2 8 0 0.416297 -0.020753 0 0.7478 0 0 -0.331503 -0.020753 2.582944 0.3321519
006 2 2 8 0 0.416501 -0.020189 0 0.7478 0 0 -0.331299 -0.020189 2.587465 0.3319136
006 2 2 8 0 0.4167 -0.019623 0 0.7478 0 0 -0.3311 -0.019623 2.59168 0.331681
006 2 2 8 0 0.416894 -0.019055 0 0.7478 0 0 -0.330906 -0.019055 2.595778 0.3314542
006 2 2 8 0 0.417081 -0.018485 0 0.7478 0 0 -0.330719 -0.018485 2.600045 0.3312352
006 2 2 8 0 0.417263 -0.017914 0 0.7478 0 0 -0.330537 -0.017914 2.604513 0.3310221
006 2 2 8 0 0.41744 -0.01734 0 0.7478 0 0 -0.33036 -0.01734 2.608795 0.3308147
006 2 2 8 0 0.41761 -0.016765 0 0.7478 0 0 -0.33019 -0.016765 2.612933 0.3306153
006 2 2 8 0 0.417775 -0.016188 0 0.7478 0 0 -0.330025 -0.016188 2.617051 0.3304218
006 2 2 8 0 0.417934 -0.015609 0 0.7478 0 0 -0.329866 -0.015609 2.621469 0.3302351
006 2 2 8 0 0.418087 -0.015029 0 0.7478 0 0 -0.329713 -0.015029 2.625763 0.3300553
006 2 2 8 0 0.418235 -0.014448 0 0.7478 0 0 -0.329565 -0.014448 2.629923 0.3298815
006 2 2 8 0 0.418376 -0.013865 0 0.7478 0 0 -0.329424 -0.013865 2.634343 0.3297156
006 2 2 8 0 0.418512 -0.01328 0 0.7478 0 0 -0.329288 -0.01328 2.638482 0.3295557
006 2 2 8 0 0.418642 -0.012694 0 0.7478 0 0 -0.329158 -0.012694 2.64291 0.3294027
006 2 2 8 0 0.418766 -0.012107 0 0.7478 0 0 -0.329034 -0.012107 2.647081 0.3292566
006 2 2 8 0 0.418884 -0.011519 0 0.7478 0 0 -0.328916 -0.011519 2.651438 0.3291176
006 2 2 8 0 0.418996 -0.01093 0 0.7478 0 0 -0.328804 -0.01093 2.655638 0.3289856
006 2 2 8 0 0.419102 -0.010339 0 0.7478 0 0 -0.328698 -0.010339 2.659801 0.3288606
006 2 2 8 0 0.419203 -0.009748 0 0.7478 0 0 -0.328597 -0.009748 2.664074 0.3287416
006 2 2 8 0 0.419297 -0.009155 0 0.7478 0 0 -0.328503 -0.009155 2.668304 0.3286305
006 2 2 8 0 0.419386 -0.008562 0 0.7478 0 0 -0.328414 -0.008562 2.672484 0.3285256
006 2 2 8 0 0.419469 -0.007968 0 0.7478 0 0 -0.328331 -0.007968 2.676589 0.3284277
006 2 2 8 0 0.419545 -0.007372 0 0.7478 0 0 -0.328255 -0.007372 2.680856 0.3283378
006 2 2 8 0 0.419616 -0.006777 0 0.7478 0 0 -0.328184 -0.006777 2.685324 0.328254
006 2 2 8 0 0.419681 -0.00618 0 0.7478 0 0 -0.328119 -0.00618 2.689693 0.3281772
006 2 2 8 0 0.41974 -0.005583 0 0.7478 0 0 -0.32806 -0.005583 2.693836 0.3281075
006 2 2 8 0 0.419793 -0.004985 0 0.7478 0 0 -0.328007 -0.004985 2.698058 0.3280449
006 2 2 8 0 0.419839 -0.004387 0 0.7478 0 0 -0.327961 -0.004387 2.702565 0.3279903
006 2 2 8 0 0.41988 -0.003789 0 0.7478 0 0 -0.32792 -0.003789 2.706735 0.3279419
006 2 2 8 0 0.419915 -0.00319 0 0.7478 0 0 -0.327885 -0.00319 2.710846 0.3279005
006 2 2 8 0 0.419944 -0.00259 0 0.7478 0 0 -0.327856 -0.00259 2.714952 0.3278662
006 2 2 8 0 0.419967 -0.001991 0 0.7478 0 0 -0.327833 -0.001991 2.719543 0.327839
006 2 2 8 0 0.419984 -0.001391 0 0.7478 0 0 -0.327816 -0.001391 2.723948 0.3278189
006 2 2 8 0 0.419995 -0.000791 0 0.7478 0 0 -0.327805 -0.000791 2.728292 0.3278059
006 2 2 8 0 0.42 -0.000191 0 0.7478 0 0 -0.3278 -0.000191 2.732405 0.3278
006 2 2 8 0 0.42 0 0 0.7478 0 0 -0.3278 0 2.736817 0.3278
