006 2 14 7 0.02 0.4 0 0 0.7478 0 0.02 -0.3478 0 0 0.3483745
006 2 14 7 0.019997 0.4006 0 0 0.7478 0 0.019997 -0.3472 0 0.004394531 0.3477754
006 2 14 7 0.019988 0.4012 0 0 0.7478 0 0.019988 -0.3466 0 0.008842468 0.3471759
006 2 14 7 0.019973 0.4018 0 0 0.7478 0 0.019973 -0.346 0 0.01327515 0.346576
006 2 14 7 0.019952 0.402399 0 0 0.7478 0 0.019952 -0.345401 0 0.01864624 0.3459768
006 2 14 7 0.019925 0.402999 0 0 0.7478 0 0.019925 -0.344801 0 0.0233078 0.3453762
006 2 14 7 0.019892 0.403598 0 0 0.7478 0 0.019892 -0.344202 0 0.02768707 0.3447763
006 2 14 7 0.019853 0.404197 0 0 0.7478 0 0.019853 -0.343603 0 0.03192902 0.3441761
006 2 14 7 0.019808 0.404795 0 0 0.7478 0 0.019808 -0.343005 0 0.03617096 0.3435765
006 2 14 7 0.019757 0.405393 0 0 0.7478 0 0.019757 -0.342407 0 0.04035187 0.3429765
006 2 14 7 0.0197 0.40599 0 0 0.7478 0 0.0197 -0.34181 0 0.04463196 0.3423772
006 2 14 7 0.019637 0.406587 0 0 0.7478 0 0.019637 -0.341213 0 0.0490799 0.3417776
006 2 14 7 0.019569 0.407183 0 0 0.7478 0 0.019569 -0.340617 0 0.05335999 0.3411787
006 2 14 7 0.019494 0.407778 0 0 0.7478 0 0.019494 -0.340022 0 0.0574646 0.3405803
006 2 14 7 0.019413 0.408373 0 0 0.7478 0 0.019413 -0.339427 0 0.06163788 0.3399817
006 2 14 7 0.019326 0.408966 0 0 0.7478 0 0.019326 -0.338834 0 0.065979 0.3393847
006 2 14 7 0.019234 0.409559 0 0 0.7478 0 0.019234 -0.338241 0 0.07014465 0.3387874
006 2 14 7 0.019135 0.410151 0 0 0.7478 0 0.019135 -0.337649 0 0.07427979 0.3381908
006 2 14 7 0.019031 0.410742 0 0 0.7478 0 0.019031 -0.337058 0 0.07842255 0.3375948
006 2 14 7 0.01892 0.411332 0 0 0.7478 0 0.01892 -0.336468 0 0.08268738 0.3369995
006 2 14 7 0.018804 0.41192 0 0 0.7478 0 0.018804 -0.33588 0 0.08707428 0.3364059
006 2 14 7 0.018682 0.412508 0 0 0.7478 0 0.018682 -0.335292 0 0.09124756 0.335812
006 2 14 7 0.018554 0.413094 0 0 0.7478 0 0.018554 -0.334706 0 0.09546661 0.3352199
006 2 14 7 0.01842 0.413679 0 0 0.7478 0 0.01842 -0.334121 0 0.09966278 0.3346283
006 2 14 7 0.01828 0.414262 0 0 0.7478 0 0.01828 -0.333538 0 0.1040802 0.3340386
006 2 14 7 0.018135 0.414844 0 0 0.7478 0 0.018135 -0.332956 0 0.1082382 0.3334495
006 2 14 7 0.017983 0.415425 0 0 0.7478 0 0.017983 -0.332375 0 0.1124268 0.3328611
006 2 14 7 0.017826 0.416004 0 0 0.7478 0 0.017826 -0.331796 0 0.1167145 0.3322745
006 2 14 7 0.017663 0.416581 0 0 0.7478 0 0.017663 -0.331219 0 0.1208725 0.3316896
006 2 14 7 0.017495 0.417157 0 0 0.7478 0 0.017495 -0.330643 0 0.1251526 0.3311055
006 2 14 7 0.01732 0.417731 0 0 0.7478 0 0.01732 -0.330069 0 0.1292801 0.3305231
006 2 14 7 0.01714 0.418304 0 0 0.7478 0 0.01714 -0.329496 0 0.1335602 0.3299415
006 2 14 7 0.016954 0.418874 0 0 0.7478 0 0.016954 -0.328926 0 0.1376953 0.3293627
006 2 14 7 0.016763 0.419443 0 0 0.7478 0 0.016763 -0.328357 0 0.1419601 0.3287846
006 2 14 7 0.016565 0.420009 0 0 0.7478 0 0.016565 -0.327791 0 0.1462021 0.3282093
006 2 14 7 0.016362 0.420574 0 0 0.7478 0 0.016362 -0.327226 0 0.1505051 0.3276348
006 2 14 7 0.016154 0.421136 0 0 0.7478 0 0.016154 -0.326664 0 0.1548309 0.3270631
006 2 14 7 0.01594 0.421697 0 0 0.7478 0 0.01594 -0.326103 0 0.158989 0.3264923
006 2 14 7 0.01572 0.422255 0 0 0.7478 0 0.01572 -0.325545 0 0.1633911 0.3259243
006 2 14 7 0.015495 0.422811 0 0 0.7478 0 0.015495 -0.324989 0 0.1677551 0.3253582
006 2 14 7 0.015264 0.423365 0 0 0.7478 0 0.015264 -0.324435 0 0.1719894 0.3247939
006 2 14 7 0.015027 0.423917 0 0 0.7478 0 0.015027 -0.323883 0 0.1761551 0.3242314
006 2 14 7 0.014785 0.424466 0 0 0.7478 0 0.014785 -0.323334 0 0.1803207 0.3236718
006 2 14 7 0.014538 0.425012 0 0 0.7478 0 0.014538 -0.322788 0 0.1849518 0.3231152
006 2 14 7 0.014285 0.425556 0 0 0.7478 0 0.014285 -0.322244 0 0.1890335 0.3225605
006 2 14 7 0.014027 0.426098 0 0 0.7478 0 0.014027 -0.321702 0 0.193161 0.3220076
006 2 14 7 0.013763 0.426637 0 0 0.7478 0 0.013763 -0.321163 0 0.1973953 0.3214577
006 2 14 7 0.013494 0.427173 0 0 0.7478 0 0.013494 -0.320627 0 0.2017288 0.3209108
006 2 14 7 0.01322 0.427707 0 0 0.7478 0 0.01322 -0.320093 0 0.2060776 0.3203658
006 2 14 7 0.01294 0.428238 0 0 0.7478 0 0.01294 -0.319562 0 0.2102432 0.3198239
006 2 14 7 0.012655 0.428766 0 0 0.7478 0 0.012655 -0.319034 0 0.2144089 0.3192849
006 2 14 7 0.012365 0.429291 0 0 0.7478 0 0.012365 -0.318509 0 0.2188263 0.3187489
006 2 14 7 0.012069 0.429813 0 0 0.7478 0 0.012069 -0.317987 0 0.2233276 0.318216
006 2 14 7 0.011768 0.430332 0 0 0.7478 0 0.011768 -0.317468 0 0.2276306 0.317686
006 2 14 7 0.011463 0.430848 0 0 0.7478 0 0.011463 -0.316952 0 0.2319641 0.3171592
006 2 14 7 0.011151 0.431361 0 0 0.7478 0 0.011151 -0.316439 0 0.2362137 0.3166354
006 2 14 7 0.010835 0.431871 0 0 0.7478 0 0.010835 -0.315929 0 0.2403564 0.3161148
006 2 14 7 0.010514 0.432378 0 0 0.7478 0 0.010514 -0.315422 0 0.2446365 0.3155972
006 2 14 7 0.010188 0.432881 0 0 0.7478 0 0.010188 -0.314919 0 0.2488708 0.3150837
006 2 14 7 0.009856 0.433382 0 0 0.7478 0 0.009856 -0.314418 0 0.2530899 0.3145724
006 2 14 7 0.00952 0.433879 0 0 0.7478 0 0.00952 -0.313921 0 0.2573242 0.3140653
006 2 14 7 0.009179 0.434372 0 0 0.7478 0 0.009179 -0.313428 0 0.2617035 0.3135624
006 2 14 7 0.008833 0.434862 0 0 0.7478 0 0.008833 -0.312938 0 0.2661591 0.3130626
006 2 14 7 0.008482 0.435349 0 0 0.7478 0 0.008482 -0.312451 0 0.2703857 0.3125661
006 2 14 7 0.008126 0.435832 0 0 0.7478 0 0.008126 -0.311968 0 0.2745743 0.3120738
006 2 14 7 0.007765 0.436311 0 0 0.7478 0 0.007765 -0.311489 0 0.2789764 0.3115858
006 2 14 7 0.0074 0.436787 0 0 0.7478 0 0.0074 -0.311013 0 0.2840805 0.311101
006 2 14 7 0.007029 0.437259 0 0 0.7478 0 0.007029 -0.310541 0 0.28862 0.3106205
006 2 14 7 0.006654 0.437728 0 0 0.7478 0 0.006654 -0.310072 0 0.2929077 0.3101434
006 2 14 7 0.006275 0.438192 0 0 0.7478 0 0.006275 -0.309608 0 0.2970657 0.3096716
006 2 14 7 0.005891 0.438653 0 0 0.7478 0 0.005891 -0.309147 0 0.301506 0.3092031
006 2 14 7 0.005502 0.43911 0 0 0.7478 0 0.005502 -0.30869 0 0.3058472 0.308739
006 2 14 7 0.005108 0.439563 0 0 0.7478 0 0.005108 -0.308237 0 0.3099823 0.3082793
006 2 14 7 0.00471 0.440012 0 0 0.7478 0 0.00471 -0.307788 0 0.3142242 0.307824
006 2 14 7 0.004308 0.440457 0 0 0.7478 0 0.004308 -0.307343 0 0.3185425 0.3073732
006 2 14 7 0.003901 0.440898 0 0 0.7478 0 0.003901 -0.306902 0 0.322731 0.3069268
006 2 14 7 0.00349 0.441335 0 0 0.7478 0 0.00349 -0.306465 0 0.3273163 0.3064848
006 2 14 7 0.003075 0.441768 0 0 0.7478 0 0.003075 -0.306032 0 0.3315735 0.3060474
006 2 14 7 0.002655 0.442197 0 0 0.7478 0 0.002655 -0.305603 0 0.3358994 0.3056145
006 2 14 7 0.002231 0.442621 0 0 0.7478 0 0.002231 -0.305179 0 0.3401794 0.3051872
006 2 14 7 0.001802 0.443041 0 0 0.7478 0 0.001802 -0.304759 0 0.3451691 0.3047643
006 2 14 7 0.00137 0.443457 0 0 0.7478 0 0.00137 -0.304343 0 0.3494034 0.3043461
006 2 14 7 0.000933 0.443869 0 0 0.7478 0 0.000933 -0.303931 0 0.3536301 0.3039324
006 2 14 7 0.000493 0.444276 0 0 0.7478 0 0.000493 -0.303524 0 0.3577194 0.3035244
006 2 14 7 4.8E-05 0.444679 0 0 0.7478 0 4.8E-05 -0.303121 0 0.3620453 0.303121
006 2 14 7 -0.000401 0.445077 0 0 0.7478 0 -0.000401 -0.302723 0 0.366539 0.3027233
006 2 14 7 -0.000854 0.445471 0 0 0.7478 0 -0.000854 -0.302329 0 0.3707352 0.3023302
006 2 14 7 -0.00131 0.44586 0 0 0.7478 0 -0.00131 -0.30194 0 0.3749237 0.3019428
006 2 14 7 -0.001771 0.446244 0 0 0.7478 0 -0.001771 -0.301556 0 0.3790665 0.3015612
006 2 14 7 -0.002235 0.446624 0 0 0.7478 0 -0.002235 -0.301176 0 0.3834686 0.3011843
006 2 14 7 -0.002703 0.447 0 0 0.7478 0 -0.002703 -0.3008 0 0.3876953 0.3008121
006 2 14 7 -0.003175 0.44737 0 0 0.7478 0 -0.003175 -0.30043 0 0.3918228 0.3004468
006 2 14 7 -0.003651 0.447736 0 0 0.7478 0 -0.003651 -0.300064 0 0.3959732 0.3000862
006 2 14 7 -0.00413 0.448097 0 0 0.7478 0 -0.00413 -0.299703 0 0.400177 0.2997315
006 2 14 7 -0.004613 0.448453 0 0 0.7478 0 -0.004613 -0.299347 0 0.4045486 0.2993825
006 2 14 7 -0.005099 0.448805 0 0 0.7478 0 -0.005099 -0.298995 0 0.4087448 0.2990385
006 2 14 7 -0.005589 0.449151 0 0 0.7478 0 -0.005589 -0.298649 0 0.4128494 0.2987013
006 2 14 7 -0.006082 0.449493 0 0 0.7478 0 -0.006082 -0.298307 0 0.4171829 0.298369
006 2 14 7 -0.006579 0.44983 0 0 0.7478 0 -0.006579 -0.29797 0 0.4213562 0.2980426
006 2 14 7 -0.007079 0.450162 0 0 0.7478 0 -0.007079 -0.297638 0 0.4260101 0.2977222
006 2 14 7 -0.007582 0.450488 0 0 0.7478 0 -0.007582 -0.297312 0 0.4301605 0.2974086
006 2 14 7 -0.008088 0.45081 0 0 0.7478 0 -0.008088 -0.29699 0 0.4345398 0.2971001
006 2 14 7 -0.008598 0.451126 0 0 0.7478 0 -0.008598 -0.296674 0 0.4386902 0.2967986
006 2 14 7 -0.009111 0.451438 0 0 0.7478 0 -0.009111 -0.296362 0 0.4429016 0.296502
006 2 14 7 -0.009627 0.451744 0 0 0.7478 0 -0.009627 -0.296056 0 0.4471359 0.2962124
006 2 14 7 -0.010146 0.452045 0 0 0.7478 0 -0.010146 -0.295755 0 0.4514694 0.295929
006 2 14 7 -0.010668 0.452341 0 0 0.7478 0 -0.010668 -0.295459 0 0.4556732 0.2956515
006 2 14 7 -0.011193 0.452632 0 0 0.7478 0 -0.011193 -0.295168 0 0.4598618 0.2953801
006 2 14 7 -0.01172 0.452917 0 0 0.7478 0 -0.01172 -0.294883 0 0.4642487 0.2951158
006 2 14 7 -0.012251 0.453198 0 0 0.7478 0 -0.012251 -0.294602 0 0.4685593 0.2948566
006 2 14 7 -0.012784 0.453472 0 0 0.7478 0 -0.012784 -0.294328 0 0.4728317 0.2946055
006 2 14 7 -0.01332 0.453742 0 0 0.7478 0 -0.01332 -0.294058 0 0.4771194 0.2943595
006 2 14 7 -0.013859 0.454006 0 0 0.7478 0 -0.013859 -0.293794 0 0.4812012 0.2941207
006 2 14 7 -0.0144 0.454265 0 0 0.7478 0 -0.0144 -0.293535 0 0.485672 0.293888
006 2 14 7 -0.014944 0.454518 0 0 0.7478 0 -0.014944 -0.293282 0 0.48983 0.2936625
006 2 14 7 -0.015491 0.454766 0 0 0.7478 0 -0.015491 -0.293034 0 0.4940186 0.2934431
006 2 14 7 -0.01604 0.455008 0 0 0.7478 0 -0.01604 -0.292792 0 0.4981995 0.293231
006 2 14 7 -0.016591 0.455245 0 0 0.7478 0 -0.016591 -0.292555 0 0.5024719 0.293025
006 2 14 7 -0.017145 0.455476 0 0 0.7478 0 -0.017145 -0.292324 0 0.5067749 0.2928263
006 2 14 7 -0.0177 0.455702 0 0 0.7478 0 -0.0177 -0.292098 0 0.5108948 0.2926338
006 2 14 7 -0.018259 0.455922 0 0 0.7478 0 -0.018259 -0.291878 0 0.5153122 0.2924486
006 2 14 7 -0.018819 0.456137 0 0 0.7478 0 -0.018819 -0.291663 0 0.5198135 0.2922695
006 2 14 7 -0.019381 0.456346 0 0 0.7478 0 -0.019381 -0.291454 0 0.524147 0.2920977
006 2 14 7 -0.019946 0.456549 0 0 0.7478 0 -0.019946 -0.291251 0 0.5281982 0.2919331
006 2 14 7 -0.020512 0.456747 0 0 0.7478 0 -0.020512 -0.291053 0 0.5324326 0.2917749
006 2 14 7 -0.021081 0.456939 0 0 0.7478 0 -0.021081 -0.290861 0 0.5366592 0.2916239
006 2 14 7 -0.021651 0.457125 0 0 0.7478 0 -0.021651 -0.290675 0 0.5408173 0.2914802
006 2 14 7 -0.022223 0.457306 0 0 0.7478 0 -0.022223 -0.290494 0 0.5450745 0.2913428
006 2 14 7 -0.022797 0.457481 0 0 0.7478 0 -0.022797 -0.290319 0 0.549324 0.2912127
006 2 14 7 -0.023373 0.45765 0 0 0.7478 0 -0.023373 -0.29015 0 0.5535583 0.2910899
006 2 14 7 -0.02395 0.457813 0 0 0.7478 0 -0.02395 -0.289987 0 0.5577316 0.2909743
006 2 14 7 -0.024529 0.457971 0 0 0.7478 0 -0.024529 -0.289829 0 0.5619278 0.2908651
006 2 14 7 -0.025109 0.458123 0 0 0.7478 0 -0.025109 -0.289677 0 0.5663605 0.2907632
006 2 14 7 -0.025691 0.458269 0 0 0.7478 0 -0.025691 -0.289531 0 0.5705566 0.2906686
006 2 14 7 -0.026275 0.458409 0 0 0.7478 0 -0.026275 -0.289391 0 0.5747147 0.2905813
006 2 14 7 -0.02686 0.458543 0 0 0.7478 0 -0.02686 -0.289257 0 0.5789032 0.2905014
006 2 14 7 -0.027446 0.458672 0 0 0.7478 0 -0.027446 -0.289128 0 0.5832825 0.2904277
006 2 14 7 -0.028033 0.458794 0 0 0.7478 0 -0.028033 -0.289006 0 0.587616 0.2903624
006 2 14 7 -0.028622 0.458911 0 0 0.7478 0 -0.028622 -0.288889 0 0.5918121 0.2903034
006 2 14 7 -0.029211 0.459022 0 0 0.7478 0 -0.029211 -0.288778 0 0.5959015 0.2902516
006 2 14 7 -0.029802 0.459127 0 0 0.7478 0 -0.029802 -0.288673 0 0.6000824 0.2902073
006 2 14 7 -0.030394 0.459226 0 0 0.7478 0 -0.030394 -0.288574 0 0.6045227 0.2901702
006 2 14 7 -0.030986 0.459319 0 0 0.7478 0 -0.030986 -0.288481 0 0.6087112 0.2901404
006 2 14 7 -0.03158 0.459406 0 0 0.7478 0 -0.03158 -0.288394 0 0.6128998 0.2901179
006 2 14 7 -0.032175 0.459488 0 0 0.7478 0 -0.032175 -0.288312 0 0.6173935 0.2901018
006 2 14 7 -0.03277 0.459563 0 0 0.7478 0 -0.03277 -0.288237 0 0.6215591 0.2900938
006 2 14 7 -0.033366 0.459632 0 0 0.7478 0 -0.033366 -0.288168 0 0.6258698 0.2900932
006 2 14 7 -0.033962 0.459695 0 0 0.7478 0 -0.033962 -0.288105 0 0.6299896 0.2900998
006 2 14 7 -0.03456 0.459753 0 0 0.7478 0 -0.03456 -0.288047 0 0.6343536 0.2901129
006 2 14 7 -0.035157 0.459804 0 0 0.7478 0 -0.035157 -0.287996 0 0.6389084 0.290134
006 2 14 7 -0.035756 0.45985 0 0 0.7478 0 -0.035756 -0.28795 0 0.6432877 0.2901615
006 2 14 7 -0.036354 0.459889 0 0 0.7478 0 -0.036354 -0.287911 0 0.6479416 0.2901971
006 2 14 7 -0.036954 0.459923 0 0 0.7478 0 -0.036954 -0.287877 0 0.6523285 0.2902392
006 2 14 7 -0.037553 0.45995 0 0 0.7478 0 -0.037553 -0.28785 0 0.6565399 0.2902893
006 2 14 7 -0.038153 0.459972 0 0 0.7478 0 -0.038153 -0.287828 0 0.6607513 0.2903457
006 2 14 7 -0.038752 0.459987 0 0 0.7478 0 -0.038752 -0.287813 0 0.6651688 0.2904101
006 2 14 7 -0.039352 0.459997 0 0 0.7478 0 -0.039352 -0.287803 0 0.6693497 0.2904809
006 2 14 7 -0.039952 0.46 0 0 0.7478 0 -0.039952 -0.2878 0 0.6734619 0.2905598
006 2 14 7 -0.040552 0.459997 0 0 0.7478 0 -0.040552 -0.287803 0 0.6776428 0.2906459
006 2 14 7 -0.041152 0.459989 0 0 0.7478 0 -0.041152 -0.287811 0 0.6819153 0.2907381
006 2 14 7 -0.041752 0.459974 0 0 0.7478 0 -0.041752 -0.287826 0 0.6862717 0.2908385
006 2 14 7 -0.042352 0.459954 0 0 0.7478 0 -0.042352 -0.287846 0 0.690506 0.290945
006 2 14 7 -0.042951 0.459927 0 0 0.7478 0 -0.042951 -0.287873 0 0.6946716 0.2910595
006 2 14 7 -0.04355 0.459895 0 0 0.7478 0 -0.04355 -0.287905 0 0.6990433 0.2911801
006 2 14 7 -0.044149 0.459856 0 0 0.7478 0 -0.044149 -0.287944 0 0.7034073 0.2913089
006 2 14 7 -0.044747 0.459812 0 0 0.7478 0 -0.044747 -0.287988 0 0.7076263 0.2914436
006 2 14 7 -0.045345 0.459761 0 0 0.7478 0 -0.045345 -0.288039 0 0.7117767 0.2915864
006 2 14 7 -0.045942 0.459705 0 0 0.7478 0 -0.045942 -0.288095 0 0.7160873 0.2917351
006 2 14 7 -0.046539 0.459643 0 0 0.7478 0 -0.046539 -0.288157 0 0.7208633 0.2918909
006 2 14 7 -0.047135 0.459574 0 0 0.7478 0 -0.047135 -0.288226 0 0.7250671 0.2920547
006 2 14 7 -0.047731 0.4595 0 0 0.7478 0 -0.047731 -0.2883 0 0.7291641 0.2922244
006 2 14 7 -0.048325 0.45942 0 0 0.7478 0 -0.048325 -0.28838 0 0.7334976 0.292401
006 2 14 7 -0.048919 0.459333 0 0 0.7478 0 -0.048919 -0.288467 0 0.737709 0.2925855
006 2 14 7 -0.049512 0.459241 0 0 0.7478 0 -0.049512 -0.288559 0 0.7419281 0.2927759
006 2 14 7 -0.050104 0.459143 0 0 0.7478 0 -0.050104 -0.288657 0 0.7462387 0.2929732
006 2 14 7 -0.050695 0.459039 0 0 0.7478 0 -0.050695 -0.288761 0 0.7508698 0.2931772
006 2 14 7 -0.051285 0.458929 0 0 0.7478 0 -0.051285 -0.288871 0 0.7550964 0.2933881
006 2 14 7 -0.051873 0.458813 0 0 0.7478 0 -0.051873 -0.288987 0 0.759201 0.2936057
006 2 14 7 -0.052461 0.458692 0 0 0.7478 0 -0.052461 -0.289108 0 0.7634583 0.2938292
006 2 14 7 -0.053047 0.458564 0 0 0.7478 0 -0.053047 -0.289236 0 0.7679825 0.2940603
006 2 14 7 -0.053632 0.458431 0 0 0.7478 0 -0.053632 -0.289369 0 0.7720795 0.2942971
006 2 14 7 -0.054216 0.458292 0 0 0.7478 0 -0.054216 -0.289508 0 0.776207 0.2945407
006 2 14 7 -0.054798 0.458147 0 0 0.7478 0 -0.054798 -0.289653 0 0.7806473 0.2947909
006 2 14 7 -0.055379 0.457996 0 0 0.7478 0 -0.055379 -0.289804 0 0.7856445 0.2950478
006 2 14 7 -0.055958 0.457839 0 0 0.7478 0 -0.055958 -0.289961 0 0.7906036 0.2953111
006 2 14 7 -0.056535 0.457677 0 0 0.7478 0 -0.056535 -0.290123 0 0.794754 0.29558
006 2 14 7 -0.057111 0.457508 0 0 0.7478 0 -0.057111 -0.290292 0 0.7990723 0.2958566
006 2 14 7 -0.057686 0.457334 0 0 0.7478 0 -0.057686 -0.290466 0 0.8038406 0.2961388
006 2 14 7 -0.058258 0.457155 0 0 0.7478 0 -0.058258 -0.290645 0 0.8083572 0.2964262
006 2 14 7 -0.058829 0.456969 0 0 0.7478 0 -0.058829 -0.290831 0 0.8130035 0.2967213
006 2 14 7 -0.059397 0.456778 0 0 0.7478 0 -0.059397 -0.291022 0 0.8175583 0.2970216
006 2 14 7 -0.059964 0.456581 0 0 0.7478 0 -0.059964 -0.291219 0 0.8217392 0.2973284
006 2 14 7 -0.060529 0.456379 0 0 0.7478 0 -0.060529 -0.291421 0 0.8260345 0.2976407
006 2 14 7 -0.061092 0.456171 0 0 0.7478 0 -0.061092 -0.291629 0 0.8301697 0.2979592
006 2 14 7 -0.061652 0.455957 0 0 0.7478 0 -0.061652 -0.291843 0 0.8346329 0.2982839
006 2 14 7 -0.062211 0.455738 0 0 0.7478 0 -0.062211 -0.292062 0 0.8387756 0.2986141
006 2 14 7 -0.062767 0.455513 0 0 0.7478 0 -0.062767 -0.292287 0 0.8433762 0.2989505
006 2 14 7 -0.063321 0.455282 0 0 0.7478 0 -0.063321 -0.292518 0 0.8475952 0.299293
006 2 14 7 -0.063873 0.455046 0 0 0.7478 0 -0.063873 -0.292754 0 0.8520279 0.2996409
006 2 14 7 -0.064422 0.454805 0 0 0.7478 0 -0.064422 -0.292995 0 0.8561859 0.2999938
006 2 14 7 -0.064969 0.454558 0 0 0.7478 0 -0.064969 -0.293242 0 0.8608322 0.3003528
006 2 14 7 -0.065513 0.454305 0 0 0.7478 0 -0.065513 -0.293495 0 0.8656235 0.3007179
006 2 14 7 -0.066055 0.454048 0 0 0.7478 0 -0.066055 -0.293752 0 0.8698349 0.3010872
006 2 14 7 -0.066594 0.453784 0 0 0.7478 0 -0.066594 -0.294016 0 0.8740387 0.3014634
006 2 14 7 -0.067131 0.453516 0 0 0.7478 0 -0.067131 -0.294284 0 0.8781967 0.3018437
006 2 14 7 -0.067664 0.453242 0 0 0.7478 0 -0.067664 -0.294558 0 0.8825531 0.3022298
006 2 14 7 -0.068195 0.452962 0 0 0.7478 0 -0.068195 -0.294838 0 0.8868637 0.3026219
006 2 14 7 -0.068724 0.452678 0 0 0.7478 0 -0.068724 -0.295122 0 0.8909836 0.3030181
006 2 14 7 -0.069249 0.452388 0 0 0.7478 0 -0.069249 -0.295412 0 0.8952255 0.3034199
006 2 14 7 -0.069771 0.452093 0 0 0.7478 0 -0.069771 -0.295707 0 0.8995285 0.3038266
006 2 14 7 -0.070291 0.451793 0 0 0.7478 0 -0.070291 -0.296007 0 0.9038162 0.3042383
006 2 14 7 -0.070807 0.451487 0 0 0.7478 0 -0.070807 -0.296313 0 0.9079819 0.3046556
006 2 14 7 -0.07132 0.451176 0 0 0.7478 0 -0.07132 -0.296624 0 0.9120636 0.3050776
006 2 14 7 -0.071831 0.450861 0 0 0.7478 0 -0.071831 -0.296939 0 0.9163132 0.3055036
006 2 14 7 -0.072338 0.45054 0 0 0.7478 0 -0.072338 -0.29726 0 0.9205933 0.3059351
006 2 14 7 -0.072841 0.450214 0 0 0.7478 0 -0.072841 -0.297586 0 0.9248505 0.3063711
006 2 14 7 -0.073342 0.449883 0 0 0.7478 0 -0.073342 -0.297917 0 0.9290161 0.306812
006 2 14 7 -0.073839 0.449547 0 0 0.7478 0 -0.073839 -0.298253 0 0.9334335 0.3072573
006 2 14 7 -0.074333 0.449206 0 0 0.7478 0 -0.074333 -0.298594 0 0.9376297 0.3077073
006 2 14 7 -0.074823 0.44886 0 0 0.7478 0 -0.074823 -0.29894 0 0.9419174 0.3081617
006 2 14 7 -0.07531 0.44851 0 0 0.7478 0 -0.07531 -0.29929 0 0.946373 0.3086197
006 2 14 7 -0.075793 0.448154 0 0 0.7478 0 -0.075793 -0.299646 0 0.9506607 0.309083
006 2 14 7 -0.076273 0.447794 0 0 0.7478 0 -0.076273 -0.300006 0 0.9548721 0.3095499
006 2 14 7 -0.076749 0.447429 0 0 0.7478 0 -0.076749 -0.300371 0 0.9590302 0.3100212
006 2 14 7 -0.077222 0.447059 0 0 0.7478 0 -0.077222 -0.300741 0 0.963295 0.310497
006 2 14 7 -0.07769 0.446684 0 0 0.7478 0 -0.07769 -0.301116 0 0.967598 0.3109768
006 2 14 7 -0.078155 0.446305 0 0 0.7478 0 -0.078155 -0.301495 0 0.9717407 0.3114602
006 2 14 7 -0.078617 0.445921 0 0 0.7478 0 -0.078617 -0.301879 0 0.9758759 0.311948
006 2 14 7 -0.079074 0.445533 0 0 0.7478 0 -0.079074 -0.302267 0 0.9801483 0.3124388
006 2 14 7 -0.079527 0.44514 0 0 0.7478 0 -0.079527 -0.30266 0 0.9846115 0.3129339
006 2 14 7 -0.079977 0.444742 0 0 0.7478 0 -0.079977 -0.303058 0 0.988884 0.3134333
006 2 14 7 -0.080422 0.44434 0 0 0.7478 0 -0.080422 -0.30346 0 0.9931259 0.3139358
006 2 14 7 -0.080863 0.443934 0 0 0.7478 0 -0.080863 -0.303866 0 0.9973373 0.3144414
006 2 14 7 -0.081301 0.443523 0 0 0.7478 0 -0.081301 -0.304277 0 1.001915 0.3149513
006 2 14 7 -0.081734 0.443108 0 0 0.7478 0 -0.081734 -0.304692 0 1.006226 0.3154642
006 2 14 7 -0.082163 0.442688 0 0 0.7478 0 -0.082163 -0.305112 0 1.01033 0.3159811
006 2 14 7 -0.082588 0.442265 0 0 0.7478 0 -0.082588 -0.305535 0 1.014519 0.3165002
006 2 14 7 -0.083008 0.441837 0 0 0.7478 0 -0.083008 -0.305963 0 1.018898 0.3170232
006 2 14 7 -0.083424 0.441404 0 0 0.7478 0 -0.083424 -0.306396 0 1.023094 0.3175501
006 2 14 7 -0.083836 0.440968 0 0 0.7478 0 -0.083836 -0.306832 0 1.027397 0.3180791
006 2 14 7 -0.084244 0.440528 0 0 0.7478 0 -0.084244 -0.307272 0 1.031593 0.3186112
006 2 14 7 -0.084647 0.440083 0 0 0.7478 0 -0.084647 -0.307717 0 1.035866 0.3191471
006 2 14 7 -0.085045 0.439635 0 0 0.7478 0 -0.085045 -0.308165 0 1.039993 0.3196847
006 2 14 7 -0.085439 0.439182 0 0 0.7478 0 -0.085439 -0.308618 0 1.044395 0.3202263
006 2 14 7 -0.085829 0.438726 0 0 0.7478 0 -0.085829 -0.309074 0 1.048607 0.3207699
006 2 14 7 -0.086214 0.438266 0 0 0.7478 0 -0.086214 -0.309534 0 1.052864 0.3213163
006 2 14 7 -0.086594 0.437802 0 0 0.7478 0 -0.086594 -0.309998 0 1.057205 0.3218653
006 2 14 7 -0.08697 0.437334 0 0 0.7478 0 -0.08697 -0.310466 0 1.061295 0.3224173
006 2 14 7 -0.087341 0.436862 0 0 0.7478 0 -0.087341 -0.310938 0 1.06575 0.322972
006 2 14 7 -0.087707 0.436387 0 0 0.7478 0 -0.087707 -0.311413 0 1.069931 0.3235283
006 2 14 7 -0.088069 0.435908 0 0 0.7478 0 -0.088069 -0.311892 0 1.074585 0.3240876
006 2 14 7 -0.088425 0.435426 0 0 0.7478 0 -0.088425 -0.312374 0 1.078728 0.3246483
006 2 14 7 -0.088777 0.43494 0 0 0.7478 0 -0.088777 -0.31286 0 1.083038 0.3252118
006 2 14 7 -0.089124 0.43445 0 0 0.7478 0 -0.089124 -0.31335 0 1.087456 0.325778
006 2 14 7 -0.089466 0.433957 0 0 0.7478 0 -0.089466 -0.313843 0 1.091606 0.3263458
006 2 14 7 -0.089803 0.433461 0 0 0.7478 0 -0.089803 -0.314339 0 1.095703 0.3269152
006 2 14 7 -0.090135 0.432961 0 0 0.7478 0 -0.090135 -0.314839 0 1.099953 0.3274873
006 2 14 7 -0.090462 0.432458 0 0 0.7478 0 -0.090462 -0.315342 0 1.104309 0.3280609
006 2 14 7 -0.090784 0.431952 0 0 0.7478 0 -0.090784 -0.315848 0 1.108429 0.3286361
006 2 14 7 -0.091101 0.431443 0 0 0.7478 0 -0.091101 -0.316357 0 1.112572 0.3292129
006 2 14 7 -0.091413 0.43093 0 0 0.7478 0 -0.091413 -0.31687 0 1.116989 0.3297922
006 2 14 7 -0.09172 0.430414 0 0 0.7478 0 -0.09172 -0.317386 0 1.121246 0.3303731
006 2 14 7 -0.092022 0.429896 0 0 0.7478 0 -0.092022 -0.317904 0 1.125565 0.3309547
006 2 14 7 -0.092318 0.429374 0 0 0.7478 0 -0.092318 -0.318426 0 1.129799 0.3315384
006 2 14 7 -0.092609 0.428849 0 0 0.7478 0 -0.092609 -0.318951 0 1.134262 0.3321237
006 2 14 7 -0.092895 0.428322 0 0 0.7478 0 -0.092895 -0.319478 0 1.13839 0.3327096
006 2 14 7 -0.093176 0.427791 0 0 0.7478 0 -0.093176 -0.320009 0 1.142525 0.3332979
006 2 14 7 -0.093451 0.427258 0 0 0.7478 0 -0.093451 -0.320542 0 1.146751 0.3338866
006 2 14 7 -0.093721 0.426722 0 0 0.7478 0 -0.093721 -0.321078 0 1.151131 0.3344767
006 2 14 7 -0.093985 0.426184 0 0 0.7478 0 -0.093985 -0.321616 0 1.155304 0.3350672
006 2 14 7 -0.094244 0.425643 0 0 0.7478 0 -0.094244 -0.322157 0 1.159721 0.3356591
006 2 14 7 -0.094498 0.425099 0 0 0.7478 0 -0.094498 -0.322701 0 1.164116 0.3362526
006 2 14 7 -0.094746 0.424553 0 0 0.7478 0 -0.094746 -0.323247 0 1.168381 0.3368463
006 2 14 7 -0.094989 0.424004 0 0 0.7478 0 -0.094989 -0.323796 0 1.172569 0.3374415
006 2 14 7 -0.095226 0.423453 0 0 0.7478 0 -0.095226 -0.324347 0 1.176796 0.3380369
006 2 14 7 -0.095458 0.4229 0 0 0.7478 0 -0.095458 -0.3249 0 1.181068 0.3386329
006 2 14 7 -0.095684 0.422344 0 0 0.7478 0 -0.095684 -0.325456 0 1.185516 0.3392301
006 2 14 7 -0.095905 0.421786 0 0 0.7478 0 -0.095905 -0.326014 0 1.189667 0.3398277
006 2 14 7 -0.09612 0.421226 0 0 0.7478 0 -0.09612 -0.326574 0 1.193779 0.3404257
006 2 14 7 -0.09633 0.420664 0 0 0.7478 0 -0.09633 -0.327136 0 1.197983 0.3410241
006 2 14 7 -0.096533 0.420099 0 0 0.7478 0 -0.096533 -0.327701 0 1.202515 0.3416234
006 2 14 7 -0.096732 0.419533 0 0 0.7478 0 -0.096732 -0.328267 0 1.206825 0.3422226
006 2 14 7 -0.096924 0.418965 0 0 0.7478 0 -0.096924 -0.328835 0 1.211006 0.3428217
006 2 14 7 -0.097111 0.418394 0 0 0.7478 0 -0.097111 -0.329406 0 1.21521 0.3434223
006 2 14 7 -0.097292 0.417822 0 0 0.7478 0 -0.097292 -0.329978 0 1.219437 0.3440221
006 2 14 7 -0.097467 0.417249 0 0 0.7478 0 -0.097467 -0.330551 0 1.223778 0.3446212
006 2 14 7 -0.097637 0.416673 0 0 0.7478 0 -0.097637 -0.331127 0 1.228104 0.3452218
006 2 14 7 -0.097801 0.416096 0 0 0.7478 0 -0.097801 -0.331704 0 1.232361 0.3458216
006 2 14 7 -0.097959 0.415517 0 0 0.7478 0 -0.097959 -0.332283 0 1.236588 0.3464216
006 2 14 7 -0.098111 0.414937 0 0 0.7478 0 -0.098111 -0.332863 0 1.240707 0.3470209
006 2 14 7 -0.098257 0.414355 0 0 0.7478 0 -0.098257 -0.333445 0 1.244972 0.3476205
006 2 14 7 -0.098398 0.413772 0 0 0.7478 0 -0.098398 -0.334028 0 1.249405 0.3482195
006 2 14 7 -0.098533 0.413187 0 0 0.7478 0 -0.098533 -0.334613 0 1.254005 0.3488189
006 2 14 7 -0.098662 0.412601 0 0 0.7478 0 -0.098662 -0.335199 0 1.25856 0.3494174
006 2 14 7 -0.098785 0.412014 0 0 0.7478 0 -0.098785 -0.335786 0 1.263062 0.3500153
006 2 14 7 -0.098902 0.411425 0 0 0.7478 0 -0.098902 -0.336375 0 1.268036 0.3506134
006 2 14 7 -0.099013 0.410836 0 0 0.7478 0 -0.099013 -0.336964 0 1.272453 0.3512098
006 2 14 7 -0.099119 0.410245 0 0 0.7478 0 -0.099119 -0.337555 0 1.276733 0.3518067
006 2 14 7 -0.099218 0.409653 0 0 0.7478 0 -0.099218 -0.338147 0 1.281136 0.3524026
006 2 14 7 -0.099312 0.409061 0 0 0.7478 0 -0.099312 -0.338739 0 1.286278 0.3529971
006 2 14 7 -0.0994 0.408467 0 0 0.7478 0 -0.0994 -0.339333 0 1.290565 0.3535919
006 2 14 7 -0.099481 0.407873 0 0 0.7478 0 -0.099481 -0.339927 0 1.294762 0.3541847
006 2 14 7 -0.099557 0.407278 0 0 0.7478 0 -0.099557 -0.340522 0 1.299133 0.3547771
006 2 14 7 -0.099627 0.406682 0 0 0.7478 0 -0.099627 -0.341118 0 1.303452 0.3553689
006 2 14 7 -0.099691 0.406085 0 0 0.7478 0 -0.099691 -0.341715 0 1.307793 0.3559599
006 2 14 7 -0.099748 0.405488 0 0 0.7478 0 -0.099748 -0.342312 0 1.311874 0.356549
006 2 14 7 -0.0998 0.40489 0 0 0.7478 0 -0.0998 -0.34291 0 1.316376 0.3571377
006 2 14 7 -0.099846 0.404292 0 0 0.7478 0 -0.099846 -0.343508 0 1.320633 0.3577247
006 2 14 7 -0.099886 0.403693 0 0 0.7478 0 -0.099886 -0.344107 0 1.324913 0.3583111
006 2 14 7 -0.09992 0.403094 0 0 0.7478 0 -0.09992 -0.344706 0 1.328995 0.3588958
006 2 14 7 -0.099948 0.402495 0 0 0.7478 0 -0.099948 -0.345305 0 1.333252 0.359479
006 2 14 7 -0.09997 0.401895 0 0 0.7478 0 -0.09997 -0.345905 0 1.337425 0.3600615
006 2 14 7 -0.099986 0.401295 0 0 0.7478 0 -0.099986 -0.346505 0 1.341599 0.3606423
006 2 14 7 -0.099996 0.400696 0 0 0.7478 0 -0.099996 -0.347104 0 1.346054 0.3612207
006 2 14 7 -0.1 0.400096 0 0 0.7478 0 -0.1 -0.347704 0 1.350319 0.3617984
006 2 14 7 -0.099998 0.399496 0 0 0.7478 0 -0.099998 -0.348304 0 1.360672 0.3623745
006 2 14 7 -0.09999 0.398896 0 0 0.7478 0 -0.09999 -0.348904 0 1.365196 0.362949
006 2 14 7 -0.099976 0.398296 0 0 0.7478 0 -0.099976 -0.349504 0 1.369308 0.363522
006 2 14 7 -0.099956 0.397696 0 0 0.7478 0 -0.099956 -0.350104 0 1.373489 0.3640934
006 2 14 7 -0.09993 0.397097 0 0 0.7478 0 -0.09993 -0.350703 0 1.377563 0.3646623
006 2 14 7 -0.099898 0.396498 0 0 0.7478 0 -0.099898 -0.351302 0 1.382065 0.3652297
006 2 14 7 -0.09986 0.395899 0 0 0.7478 0 -0.09986 -0.351901 0 1.386391 0.3657955
006 2 14 7 -0.099816 0.3953 0 0 0.7478 0 -0.099816 -0.3525 0 1.390457 0.3663598
006 2 14 7 -0.099766 0.394702 0 0 0.7478 0 -0.099766 -0.353098 0 1.394653 0.3669216
006 2 14 7 -0.09971 0.394105 0 0 0.7478 0 -0.09971 -0.353695 0 1.398872 0.3674809
006 2 14 7 -0.099648 0.393508 0 0 0.7478 0 -0.099648 -0.354292 0 1.403145 0.3680387
006 2 14 7 -0.09958 0.392912 0 0 0.7478 0 -0.09958 -0.354888 0 1.407532 0.3685942
006 2 14 7 -0.099506 0.392317 0 0 0.7478 0 -0.099506 -0.355483 0 1.411812 0.3691471
006 2 14 7 -0.099426 0.391722 0 0 0.7478 0 -0.099426 -0.356078 0 1.416153 0.3696986
006 2 14 7 -0.09934 0.391128 0 0 0.7478 0 -0.09934 -0.356672 0 1.42041 0.3702477
006 2 14 7 -0.099249 0.390535 0 0 0.7478 0 -0.099249 -0.357265 0 1.424698 0.3707946
006 2 14 7 -0.099151 0.389943 0 0 0.7478 0 -0.099151 -0.357857 0 1.428894 0.3713388
006 2 14 7 -0.099048 0.389352 0 0 0.7478 0 -0.099048 -0.358448 0 1.433121 0.371881
006 2 14 7 -0.098938 0.388762 0 0 0.7478 0 -0.098938 -0.359038 0 1.437309 0.3724205
006 2 14 7 -0.098823 0.388174 0 0 0.7478 0 -0.098823 -0.359626 0 1.441444 0.3729569
006 2 14 7 -0.098702 0.387586 0 0 0.7478 0 -0.098702 -0.360214 0 1.44593 0.3734919
006 2 14 7 -0.098575 0.386999 0 0 0.7478 0 -0.098575 -0.360801 0 1.450401 0.3740246
006 2 14 7 -0.098442 0.386414 0 0 0.7478 0 -0.098442 -0.361386 0 1.454605 0.3745539
006 2 14 7 -0.098303 0.385831 0 0 0.7478 0 -0.098303 -0.361969 0 1.458809 0.37508
006 2 14 7 -0.098158 0.385248 0 0 0.7478 0 -0.098158 -0.362552 0 1.463081 0.3756047
006 2 14 7 -0.098008 0.384668 0 0 0.7478 0 -0.098008 -0.363132 0 1.467506 0.3761255
006 2 14 7 -0.097852 0.384088 0 0 0.7478 0 -0.097852 -0.363712 0 1.471649 0.376645
006 2 14 7 -0.09769 0.383511 0 0 0.7478 0 -0.09769 -0.364289 0 1.475739 0.3771602
006 2 14 7 -0.097522 0.382934 0 0 0.7478 0 -0.097522 -0.364866 0 1.479858 0.3776741
006 2 14 7 -0.097348 0.38236 0 0 0.7478 0 -0.097348 -0.36544 0 1.484474 0.3781838
006 2 14 7 -0.097169 0.381788 0 0 0.7478 0 -0.097169 -0.366012 0 1.488594 0.3786906
006 2 14 7 -0.096984 0.381217 0 0 0.7478 0 -0.096984 -0.366583 0 1.492798 0.3791952
006 2 14 7 -0.096793 0.380648 0 0 0.7478 0 -0.096793 -0.367152 0 1.497139 0.3796965
006 2 14 7 -0.096597 0.380081 0 0 0.7478 0 -0.096597 -0.367719 0 1.501472 0.380195
006 2 14 7 -0.096395 0.379516 0 0 0.7478 0 -0.096395 -0.368284 0 1.505714 0.3806903
006 2 14 7 -0.096187 0.378953 0 0 0.7478 0 -0.096187 -0.368847 0 1.509796 0.3811824
006 2 14 7 -0.095974 0.378392 0 0 0.7478 0 -0.095974 -0.369408 0 1.513969 0.3816717
006 2 14 7 -0.095755 0.377834 0 0 0.7478 0 -0.095755 -0.369966 0 1.518326 0.3821568
006 2 14 7 -0.095531 0.377277 0 0 0.7478 0 -0.095531 -0.370523 0 1.522491 0.3826401
006 2 14 7 -0.095301 0.376723 0 0 0.7478 0 -0.095301 -0.371077 0 1.526703 0.3831193
006 2 14 7 -0.095065 0.376171 0 0 0.7478 0 -0.095065 -0.371629 0 1.530899 0.3835954
006 2 14 7 -0.094824 0.375622 0 0 0.7478 0 -0.094824 -0.372178 0 1.535309 0.3840677
006 2 14 7 -0.094578 0.375075 0 0 0.7478 0 -0.094578 -0.372725 0 1.539513 0.3845372
006 2 14 7 -0.094326 0.37453 0 0 0.7478 0 -0.094326 -0.37327 0 1.543823 0.3850037
006 2 14 7 -0.094068 0.373988 0 0 0.7478 0 -0.094068 -0.373812 0 1.547974 0.3854662
006 2 14 7 -0.093806 0.373449 0 0 0.7478 0 -0.093806 -0.374351 0 1.552254 0.3859252
006 2 14 7 -0.093537 0.372912 0 0 0.7478 0 -0.093537 -0.374888 0 1.556389 0.3863809
006 2 14 7 -0.093264 0.372378 0 0 0.7478 0 -0.093264 -0.375422 0 1.560631 0.3868331
006 2 14 7 -0.092985 0.371847 0 0 0.7478 0 -0.092985 -0.375953 0 1.564995 0.3872814
006 2 14 7 -0.092701 0.371318 0 0 0.7478 0 -0.092701 -0.376482 0 1.569267 0.3877269
006 2 14 7 -0.092411 0.370793 0 0 0.7478 0 -0.092411 -0.377007 0 1.573471 0.3881676
006 2 14 7 -0.092117 0.37027 0 0 0.7478 0 -0.092117 -0.37753 0 1.577606 0.3886057
006 2 14 7 -0.091817 0.36975 0 0 0.7478 0 -0.091817 -0.37805 0 1.581924 0.3890401
006 2 14 7 -0.091512 0.369234 0 0 0.7478 0 -0.091512 -0.378566 0 1.586273 0.3894697
006 2 14 7 -0.091201 0.36872 0 0 0.7478 0 -0.091201 -0.37908 0 1.590462 0.3898965
006 2 14 7 -0.090886 0.36821 0 0 0.7478 0 -0.090886 -0.37959 0 1.594604 0.3903189
006 2 14 7 -0.090566 0.367703 0 0 0.7478 0 -0.090566 -0.380097 0 1.599083 0.3907377
006 2 14 7 -0.09024 0.367199 0 0 0.7478 0 -0.09024 -0.380601 0 1.603508 0.3911526
006 2 14 7 -0.08991 0.366698 0 0 0.7478 0 -0.08991 -0.381102 0 1.607681 0.3915642
006 2 14 7 -0.089574 0.3662 0 0 0.7478 0 -0.089574 -0.3816 0 1.611839 0.391972
006 2 14 7 -0.089234 0.365706 0 0 0.7478 0 -0.089234 -0.382094 0 1.616402 0.3923755
006 2 14 7 -0.088888 0.365216 0 0 0.7478 0 -0.088888 -0.382584 0 1.621155 0.3927742
006 2 14 7 -0.088538 0.364729 0 0 0.7478 0 -0.088538 -0.383071 0 1.625984 0.3931696
006 2 14 7 -0.088183 0.364245 0 0 0.7478 0 -0.088183 -0.383555 0 1.630486 0.3935615
006 2 14 7 -0.087823 0.363765 0 0 0.7478 0 -0.087823 -0.384035 0 1.635071 0.3939489
006 2 14 7 -0.087458 0.363289 0 0 0.7478 0 -0.087458 -0.384511 0 1.639229 0.3943318
006 2 14 7 -0.087089 0.362816 0 0 0.7478 0 -0.087089 -0.384984 0 1.643913 0.3947115
006 2 14 7 -0.086714 0.362347 0 0 0.7478 0 -0.086714 -0.385453 0 1.648094 0.3950865
006 2 14 7 -0.086336 0.361882 0 0 0.7478 0 -0.086336 -0.385918 0 1.65255 0.3954574
006 2 14 7 -0.085952 0.36142 0 0 0.7478 0 -0.085952 -0.38638 0 1.656715 0.3958248
006 2 14 7 -0.085564 0.360962 0 0 0.7478 0 -0.085564 -0.386838 0 1.660927 0.3961879
006 2 14 7 -0.085171 0.360509 0 0 0.7478 0 -0.085171 -0.387291 0 1.665436 0.3965456
006 2 14 7 -0.084774 0.360059 0 0 0.7478 0 -0.084774 -0.387741 0 1.669647 0.3969001
006 2 14 7 -0.084372 0.359613 0 0 0.7478 0 -0.084372 -0.388187 0 1.673782 0.3972503
006 2 14 7 -0.083966 0.359172 0 0 0.7478 0 -0.083966 -0.388628 0 1.677872 0.3975953
006 2 14 7 -0.083556 0.358734 0 0 0.7478 0 -0.083556 -0.389066 0 1.682045 0.3979371
006 2 14 7 -0.083141 0.358301 0 0 0.7478 0 -0.083141 -0.389499 0 1.686447 0.3982736
006 2 14 7 -0.082722 0.357871 0 0 0.7478 0 -0.082722 -0.389929 0 1.690536 0.398607
006 2 14 7 -0.082299 0.357446 0 0 0.7478 0 -0.082299 -0.390354 0 1.694695 0.3989353
006 2 14 7 -0.081871 0.357025 0 0 0.7478 0 -0.081871 -0.390775 0 1.698914 0.3992593
006 2 14 7 -0.081439 0.356609 0 0 0.7478 0 -0.081439 -0.391191 0 1.703102 0.3995782
006 2 14 7 -0.081003 0.356196 0 0 0.7478 0 -0.081003 -0.391604 0 1.707397 0.3998939
006 2 14 7 -0.080563 0.355789 0 0 0.7478 0 -0.080563 -0.392011 0 1.711617 0.4002037
006 2 14 7 -0.080119 0.355385 0 0 0.7478 0 -0.080119 -0.392415 0 1.715805 0.4005104
006 2 14 7 -0.079671 0.354986 0 0 0.7478 0 -0.079671 -0.392814 0 1.720123 0.4008121
006 2 14 7 -0.079219 0.354592 0 0 0.7478 0 -0.079219 -0.393208 0 1.72451 0.4011087
006 2 14 7 -0.078763 0.354202 0 0 0.7478 0 -0.078763 -0.393598 0 1.72863 0.4014013
006 2 14 7 -0.078303 0.353817 0 0 0.7478 0 -0.078303 -0.393983 0 1.732971 0.4016889
006 2 14 7 -0.077839 0.353436 0 0 0.7478 0 -0.077839 -0.394364 0 1.737198 0.4019725
006 2 14 7 -0.077371 0.35306 0 0 0.7478 0 -0.077371 -0.39474 0 1.741348 0.4022511
006 2 14 7 -0.0769 0.352688 0 0 0.7478 0 -0.0769 -0.395112 0 1.745735 0.4025259
006 2 14 7 -0.076425 0.352322 0 0 0.7478 0 -0.076425 -0.395478 0 1.750015 0.4027947
006 2 14 7 -0.075947 0.35196 0 0 0.7478 0 -0.075947 -0.39584 0 1.754227 0.4030598
006 2 14 7 -0.075464 0.351603 0 0 0.7478 0 -0.075464 -0.396197 0 1.758308 0.4033198
006 2 14 7 -0.074979 0.351251 0 0 0.7478 0 -0.074979 -0.396549 0 1.762558 0.4035752
006 2 14 7 -0.074489 0.350903 0 0 0.7478 0 -0.074489 -0.396897 0 1.766914 0.4038265
006 2 14 7 -0.073997 0.350561 0 0 0.7478 0 -0.073997 -0.397239 0 1.771149 0.4040723
006 2 14 7 -0.073501 0.350223 0 0 0.7478 0 -0.073501 -0.397577 0 1.775421 0.404314
006 2 14 7 -0.073001 0.349891 0 0 0.7478 0 -0.073001 -0.397909 0 1.779793 0.40455
006 2 14 7 -0.072499 0.349563 0 0 0.7478 0 -0.072499 -0.398237 0 1.784813 0.4047824
006 2 14 7 -0.071993 0.349241 0 0 0.7478 0 -0.071993 -0.398559 0 1.789665 0.4050089
006 2 14 7 -0.071483 0.348924 0 0 0.7478 0 -0.071483 -0.398876 0 1.794098 0.4052306
006 2 14 7 -0.070971 0.348611 0 0 0.7478 0 -0.070971 -0.399189 0 1.798279 0.4054488
006 2 14 7 -0.070456 0.348304 0 0 0.7478 0 -0.070456 -0.399496 0 1.802605 0.4056613
006 2 14 7 -0.069937 0.348002 0 0 0.7478 0 -0.069937 -0.399798 0 1.807396 0.4058689
006 2 14 7 -0.069416 0.347705 0 0 0.7478 0 -0.069416 -0.400095 0 1.811661 0.4060721
006 2 14 7 -0.068891 0.347414 0 0 0.7478 0 -0.068891 -0.400386 0 1.815887 0.4062695
006 2 14 7 -0.068364 0.347128 0 0 0.7478 0 -0.068364 -0.400672 0 1.82019 0.4064624
006 2 14 7 -0.067834 0.346847 0 0 0.7478 0 -0.067834 -0.400953 0 1.824448 0.4066507
006 2 14 7 -0.067301 0.346571 0 0 0.7478 0 -0.067301 -0.401229 0 1.828575 0.4068343
006 2 14 7 -0.066765 0.346301 0 0 0.7478 0 -0.066765 -0.401499 0 1.832825 0.4070123
006 2 14 7 -0.066227 0.346036 0 0 0.7478 0 -0.066227 -0.401764 0 1.837151 0.4071858
006 2 14 7 -0.065686 0.345776 0 0 0.7478 0 -0.065686 -0.402024 0 1.841293 0.4073548
006 2 14 7 -0.065142 0.345522 0 0 0.7478 0 -0.065142 -0.402278 0 1.845627 0.4075182
006 2 14 7 -0.064596 0.345273 0 0 0.7478 0 -0.064596 -0.402527 0 1.850014 0.4076771
006 2 14 7 -0.064048 0.34503 0 0 0.7478 0 -0.064048 -0.40277 0 1.854355 0.4078306
006 2 14 7 -0.063497 0.344792 0 0 0.7478 0 -0.063497 -0.403008 0 1.858566 0.4079795
006 2 14 7 -0.062944 0.34456 0 0 0.7478 0 -0.062944 -0.40324 0 1.863838 0.4081231
006 2 14 7 -0.062388 0.344333 0 0 0.7478 0 -0.062388 -0.403467 0 1.868507 0.408262
006 2 14 7 -0.061831 0.344112 0 0 0.7478 0 -0.061831 -0.403688 0 1.872696 0.4083957
006 2 14 7 -0.061271 0.343897 0 0 0.7478 0 -0.061271 -0.403903 0 1.876839 0.4085239
006 2 14 7 -0.060708 0.343687 0 0 0.7478 0 -0.060708 -0.404113 0 1.88092 0.4086475
006 2 14 7 -0.060144 0.343483 0 0 0.7478 0 -0.060144 -0.404317 0 1.885513 0.4087659
006 2 14 7 -0.059578 0.343284 0 0 0.7478 0 -0.059578 -0.404516 0 1.889664 0.4088798
006 2 14 7 -0.05901 0.343091 0 0 0.7478 0 -0.05901 -0.404709 0 1.893761 0.4089884
006 2 14 7 -0.05844 0.342904 0 0 0.7478 0 -0.05844 -0.404896 0 1.89798 0.4090917
006 2 14 7 -0.057868 0.342722 0 0 0.7478 0 -0.057868 -0.405078 0 1.902229 0.4091905
006 2 14 7 -0.057294 0.342547 0 0 0.7478 0 -0.057294 -0.405253 0 1.90654 0.409283
006 2 14 7 -0.056719 0.342376 0 0 0.7478 0 -0.056719 -0.405424 0 1.910599 0.4093723
006 2 14 7 -0.056142 0.342212 0 0 0.7478 0 -0.056142 -0.405588 0 1.91481 0.4094552
006 2 14 7 -0.055563 0.342054 0 0 0.7478 0 -0.055563 -0.405746 0 1.919258 0.4095327
006 2 14 7 -0.054983 0.341901 0 0 0.7478 0 -0.054983 -0.405899 0 1.923607 0.4096061
006 2 14 7 -0.054401 0.341754 0 0 0.7478 0 -0.054401 -0.406046 0 1.927979 0.409674
006 2 14 7 -0.053818 0.341613 0 0 0.7478 0 -0.053818 -0.406187 0 1.932228 0.4097368
006 2 14 7 -0.053234 0.341478 0 0 0.7478 0 -0.053234 -0.406322 0 1.93644 0.4097944
006 2 14 7 -0.052648 0.341348 0 0 0.7478 0 -0.052648 -0.406452 0 1.940598 0.4098476
006 2 14 7 -0.052061 0.341225 0 0 0.7478 0 -0.052061 -0.406575 0 1.944992 0.4098946
006 2 14 7 -0.051472 0.341107 0 0 0.7478 0 -0.051472 -0.406693 0 1.949326 0.4099372
006 2 14 7 -0.050883 0.340995 0 0 0.7478 0 -0.050883 -0.406805 0 1.953629 0.4099748
006 2 14 7 -0.050292 0.340889 0 0 0.7478 0 -0.050292 -0.406911 0 1.957817 0.4100071
006 2 14 7 -0.049701 0.340789 0 0 0.7478 0 -0.049701 -0.407011 0 1.962006 0.4100343
006 2 14 7 -0.049108 0.340695 0 0 0.7478 0 -0.049108 -0.407105 0 1.966629 0.4100562
006 2 14 7 -0.048514 0.340607 0 0 0.7478 0 -0.048514 -0.407193 0 1.970818 0.4100728
006 2 14 7 -0.04792 0.340525 0 0 0.7478 0 -0.04792 -0.407275 0 1.974945 0.4100844
006 2 14 7 -0.047325 0.340449 0 0 0.7478 0 -0.047325 -0.407351 0 1.979141 0.4100908
006 2 14 7 -0.046729 0.340379 0 0 0.7478 0 -0.046729 -0.407421 0 1.983955 0.410092
006 2 14 7 -0.046133 0.340314 0 0 0.7478 0 -0.046133 -0.407486 0 1.98838 0.4100891
006 2 14 7 -0.045535 0.340256 0 0 0.7478 0 -0.045535 -0.407544 0 1.992516 0.4100799
006 2 14 7 -0.044938 0.340204 0 0 0.7478 0 -0.044938 -0.407596 0 1.996674 0.4100657
006 2 14 7 -0.04434 0.340157 0 0 0.7478 0 -0.04434 -0.407643 0 2.000954 0.4100474
006 2 14 7 -0.043741 0.340117 0 0 0.7478 0 -0.043741 -0.407683 0 2.00528 0.4100228
006 2 14 7 -0.043142 0.340082 0 0 0.7478 0 -0.043142 -0.407718 0 2.009476 0.4099942
006 2 14 7 -0.042543 0.340054 0 0 0.7478 0 -0.042543 -0.407746 0 2.013573 0.4099594
006 2 14 7 -0.041943 0.340031 0 0 0.7478 0 -0.041943 -0.407769 0 2.017899 0.4099204
006 2 14 7 -0.041343 0.340015 0 0 0.7478 0 -0.041343 -0.407785 0 2.022217 0.4098754
006 2 14 7 -0.040743 0.340005 0 0 0.7478 0 -0.040743 -0.407795 0 2.026619 0.4098253
006 2 14 7 -0.040143 0.34 0 0 0.7478 0 -0.040143 -0.4078 0 2.030762 0.409771
006 2 14 7 -0.039543 0.340002 0 0 0.7478 0 -0.039543 -0.407798 0 2.035126 0.4097107
006 2 14 7 -0.038943 0.340009 0 0 0.7478 0 -0.038943 -0.407791 0 2.039383 0.4096462
006 2 14 7 -0.038344 0.340023 0 0 0.7478 0 -0.038344 -0.407777 0 2.043816 0.4095758
006 2 14 7 -0.037744 0.340042 0 0 0.7478 0 -0.037744 -0.407758 0 2.048126 0.4095012
006 2 14 7 -0.037144 0.340068 0 0 0.7478 0 -0.037144 -0.407732 0 2.052475 0.4094204
006 2 14 7 -0.036545 0.3401 0 0 0.7478 0 -0.036545 -0.4077 0 2.056633 0.4093346
006 2 14 7 -0.035946 0.340137 0 0 0.7478 0 -0.035946 -0.407663 0 2.060722 0.4092447
006 2 14 7 -0.035348 0.340181 0 0 0.7478 0 -0.035348 -0.407619 0 2.065094 0.4091488
006 2 14 7 -0.03475 0.34023 0 0 0.7478 0 -0.03475 -0.40757 0 2.069305 0.4090487
006 2 14 7 -0.034153 0.340286 0 0 0.7478 0 -0.034153 -0.407514 0 2.073524 0.4089426
006 2 14 7 -0.033556 0.340347 0 0 0.7478 0 -0.033556 -0.407453 0 2.077774 0.4088324
006 2 14 7 -0.03296 0.340414 0 0 0.7478 0 -0.03296 -0.407386 0 2.082191 0.4087171
006 2 14 7 -0.032364 0.340488 0 0 0.7478 0 -0.032364 -0.407312 0 2.086609 0.4085957
006 2 14 7 -0.031769 0.340567 0 0 0.7478 0 -0.031769 -0.407233 0 2.090759 0.4084703
006 2 14 7 -0.031175 0.340652 0 0 0.7478 0 -0.031175 -0.407148 0 2.095367 0.4083398
006 2 14 7 -0.030582 0.340744 0 0 0.7478 0 -0.030582 -0.407056 0 2.099686 0.4082032
006 2 14 7 -0.02999 0.340841 0 0 0.7478 0 -0.02999 -0.406959 0 2.104103 0.4080625
006 2 14 7 -0.029399 0.340944 0 0 0.7478 0 -0.029399 -0.406856 0 2.108261 0.4079168
006 2 14 7 -0.028809 0.341053 0 0 0.7478 0 -0.028809 -0.406747 0 2.112442 0.407766
006 2 14 7 -0.02822 0.341168 0 0 0.7478 0 -0.02822 -0.406632 0 2.117065 0.40761
006 2 14 7 -0.027633 0.341288 0 0 0.7478 0 -0.027633 -0.406512 0 2.121262 0.4074501
006 2 14 7 -0.027046 0.341415 0 0 0.7478 0 -0.027046 -0.406385 0 2.125557 0.407284
006 2 14 7 -0.026461 0.341548 0 0 0.7478 0 -0.026461 -0.406252 0 2.129692 0.4071128
006 2 14 7 -0.025877 0.341686 0 0 0.7478 0 -0.025877 -0.406114 0 2.134048 0.4069376
006 2 14 7 -0.025295 0.34183 0 0 0.7478 0 -0.025295 -0.40597 0 2.138237 0.4067572
006 2 14 7 -0.024714 0.34198 0 0 0.7478 0 -0.024714 -0.40582 0 2.142525 0.4065718
006 2 14 7 -0.024134 0.342136 0 0 0.7478 0 -0.024134 -0.405664 0 2.146797 0.4063812
006 2 14 7 -0.023556 0.342297 0 0 0.7478 0 -0.023556 -0.405503 0 2.151123 0.4061866
006 2 14 7 -0.02298 0.342465 0 0 0.7478 0 -0.02298 -0.405335 0 2.155334 0.4059859
006 2 14 7 -0.022406 0.342638 0 0 0.7478 0 -0.022406 -0.405162 0 2.15947 0.4057811
006 2 14 7 -0.021833 0.342816 0 0 0.7478 0 -0.021833 -0.404984 0 2.163818 0.4055721
006 2 14 7 -0.021262 0.343001 0 0 0.7478 0 -0.021262 -0.404799 0 2.168365 0.405357
006 2 14 7 -0.020693 0.343191 0 0 0.7478 0 -0.020693 -0.404609 0 2.172745 0.4051378
006 2 14 7 -0.020126 0.343387 0 0 0.7478 0 -0.020126 -0.404413 0 2.176933 0.4049135
006 2 14 7 -0.019561 0.343589 0 0 0.7478 0 -0.019561 -0.404211 0 2.181366 0.404684
006 2 14 7 -0.018998 0.343796 0 0 0.7478 0 -0.018998 -0.404004 0 2.185829 0.4044504
006 2 14 7 -0.018437 0.344009 0 0 0.7478 0 -0.018437 -0.403791 0 2.189934 0.4042117
006 2 14 7 -0.017878 0.344227 0 0 0.7478 0 -0.017878 -0.403573 0 2.194115 0.4039688
006 2 14 7 -0.017321 0.344451 0 0 0.7478 0 -0.017321 -0.403349 0 2.198792 0.4037207
006 2 14 7 -0.016767 0.344681 0 0 0.7478 0 -0.016767 -0.403119 0 2.203018 0.4034675
006 2 14 7 -0.016215 0.344916 0 0 0.7478 0 -0.016215 -0.402884 0 2.207344 0.4032101
006 2 14 7 -0.015665 0.345156 0 0 0.7478 0 -0.015665 -0.402644 0 2.211494 0.4029486
006 2 14 7 -0.015118 0.345402 0 0 0.7478 0 -0.015118 -0.402398 0 2.215797 0.4026819
006 2 14 7 -0.014573 0.345654 0 0 0.7478 0 -0.014573 -0.402146 0 2.220093 0.4024099
006 2 14 7 -0.014031 0.345911 0 0 0.7478 0 -0.014031 -0.401889 0 2.224396 0.4021339
006 2 14 7 -0.013492 0.346173 0 0 0.7478 0 -0.013492 -0.401627 0 2.228523 0.4018535
006 2 14 7 -0.012955 0.346441 0 0 0.7478 0 -0.012955 -0.401359 0 2.232803 0.401568
006 2 14 7 -0.01242 0.346714 0 0 0.7478 0 -0.01242 -0.401086 0 2.237137 0.4012782
006 2 14 7 -0.011889 0.346993 0 0 0.7478 0 -0.011889 -0.400807 0 2.241302 0.4009833
006 2 14 7 -0.01136 0.347276 0 0 0.7478 0 -0.01136 -0.400524 0 2.245804 0.4006851
006 2 14 7 -0.010835 0.347566 0 0 0.7478 0 -0.010835 -0.400234 0 2.250015 0.4003806
006 2 14 7 -0.010312 0.34786 0 0 0.7478 0 -0.010312 -0.39994 0 2.254196 0.4000729
006 2 14 7 -0.009792 0.348159 0 0 0.7478 0 -0.009792 -0.399641 0 2.258469 0.3997609
006 2 14 7 -0.009275 0.348464 0 0 0.7478 0 -0.009275 -0.399336 0 2.262718 0.3994437
006 2 14 7 -0.008761 0.348774 0 0 0.7478 0 -0.008761 -0.399026 0 2.267166 0.3991221
006 2 14 7 -0.00825 0.349089 0 0 0.7478 0 -0.00825 -0.398711 0 2.271339 0.3987963
006 2 14 7 -0.007743 0.349409 0 0 0.7478 0 -0.007743 -0.398391 0 2.275513 0.3984662
006 2 14 7 -0.007239 0.349734 0 0 0.7478 0 -0.007239 -0.398066 0 2.279816 0.3981318
006 2 14 7 -0.006738 0.350064 0 0 0.7478 0 -0.006738 -0.397736 0 2.285172 0.3977931
006 2 14 7 -0.00624 0.350399 0 0 0.7478 0 -0.00624 -0.397401 0 2.29039 0.39745
006 2 14 7 -0.005746 0.350739 0 0 0.7478 0 -0.005746 -0.397061 0 2.294792 0.3971026
006 2 14 7 -0.005255 0.351084 0 0 0.7478 0 -0.005255 -0.396716 0 2.29908 0.3967508
006 2 14 7 -0.004767 0.351434 0 0 0.7478 0 -0.004767 -0.396366 0 2.303566 0.3963947
006 2 14 7 -0.004283 0.351789 0 0 0.7478 0 -0.004283 -0.396011 0 2.307816 0.3960342
006 2 14 7 -0.003803 0.352148 0 0 0.7478 0 -0.003803 -0.395652 0 2.312004 0.3956703
006 2 14 7 -0.003326 0.352513 0 0 0.7478 0 -0.003326 -0.395287 0 2.316513 0.395301
006 2 14 7 -0.002853 0.352882 0 0 0.7478 0 -0.002853 -0.394918 0 2.320877 0.3949283
006 2 14 7 -0.002384 0.353256 0 0 0.7478 0 -0.002384 -0.394544 0 2.325211 0.3945512
006 2 14 7 -0.001918 0.353634 0 0 0.7478 0 -0.001918 -0.394166 0 2.329384 0.3941706
006 2 14 7 -0.001457 0.354017 0 0 0.7478 0 -0.001457 -0.393783 0 2.333694 0.3937857
006 2 14 7 -0.000999 0.354405 0 0 0.7478 0 -0.000999 -0.393395 0 2.337891 0.3933962
006 2 14 7 -0.000545 0.354797 0 0 0.7478 0 -0.000545 -0.393003 0 2.342384 0.3930033
006 2 14 7 -9.5E-05 0.355194 0 0 0.7478 0 -9.5E-05 -0.392606 0 2.34668 0.392606
006 2 14 7 0.000351 0.355595 0 0 0.7478 0 0.000351 -0.392205 0 2.350998 0.3922051
006 2 14 7 0.000793 0.356001 0 0 0.7478 0 0.000793 -0.391799 0 2.355141 0.3917998
006 2 14 7 0.001231 0.356411 0 0 0.7478 0 0.001231 -0.391389 0 2.359276 0.3913909
006 2 14 7 0.001665 0.356826 0 0 0.7478 0 0.001665 -0.390974 0 2.363716 0.3909775
006 2 14 7 0.002095 0.357245 0 0 0.7478 0 0.002095 -0.390555 0 2.368134 0.3905606
006 2 14 7 0.00252 0.357668 0 0 0.7478 0 0.00252 -0.390132 0 2.372337 0.3901401
006 2 14 7 0.002941 0.358095 0 0 0.7478 0 0.002941 -0.389705 0 2.376457 0.3897161
006 2 14 7 0.003358 0.358526 0 0 0.7478 0 0.003358 -0.389274 0 2.38063 0.3892885
006 2 14 7 0.003771 0.358962 0 0 0.7478 0 0.003771 -0.388838 0 2.385094 0.3888563
006 2 14 7 0.004179 0.359402 0 0 0.7478 0 0.004179 -0.388398 0 2.389336 0.3884205
006 2 14 7 0.004583 0.359846 0 0 0.7478 0 0.004583 -0.387954 0 2.393532 0.3879811
006 2 14 7 0.004982 0.360293 0 0 0.7478 0 0.004982 -0.387507 0 2.397682 0.387539
006 2 14 7 0.005377 0.360745 0 0 0.7478 0 0.005377 -0.387055 0 2.402428 0.3870923
006 2 14 7 0.005767 0.361201 0 0 0.7478 0 0.005767 -0.386599 0 2.407211 0.386642
006 2 14 7 0.006153 0.361661 0 0 0.7478 0 0.006153 -0.386139 0 2.411369 0.386188
006 2 14 7 0.006534 0.362124 0 0 0.7478 0 0.006534 -0.385676 0 2.415688 0.3857313
006 2 14 7 0.00691 0.362591 0 0 0.7478 0 0.00691 -0.385209 0 2.419838 0.385271
006 2 14 7 0.007282 0.363062 0 0 0.7478 0 0.007282 -0.384738 0 2.424179 0.3848069
006 2 14 7 0.007649 0.363537 0 0 0.7478 0 0.007649 -0.384263 0 2.428398 0.3843391
006 2 14 7 0.008011 0.364015 0 0 0.7478 0 0.008011 -0.383785 0 2.432594 0.3838686
006 2 14 7 0.008369 0.364497 0 0 0.7478 0 0.008369 -0.383303 0 2.43692 0.3833943
006 2 14 7 0.008721 0.364983 0 0 0.7478 0 0.008721 -0.382817 0 2.441078 0.3829163
006 2 14 7 0.009069 0.365471 0 0 0.7478 0 0.009069 -0.382329 0 2.445549 0.3824365
006 2 14 7 0.009412 0.365964 0 0 0.7478 0 0.009412 -0.381836 0 2.449829 0.381952
006 2 14 7 0.00975 0.36646 0 0 0.7478 0 0.00975 -0.38134 0 2.454155 0.3814646
006 2 14 7 0.010083 0.366959 0 0 0.7478 0 0.010083 -0.380841 0 2.458282 0.3809744
006 2 14 7 0.010411 0.367461 0 0 0.7478 0 0.010411 -0.380339 0 2.462669 0.3804815
006 2 14 7 0.010734 0.367967 0 0 0.7478 0 0.010734 -0.379833 0 2.467171 0.3799846
006 2 14 7 0.011051 0.368476 0 0 0.7478 0 0.011051 -0.379324 0 2.471367 0.3794849
006 2 14 7 0.011364 0.368988 0 0 0.7478 0 0.011364 -0.378812 0 2.475525 0.3789824
006 2 14 7 0.011672 0.369503 0 0 0.7478 0 0.011672 -0.378297 0 2.479622 0.378477
006 2 14 7 0.011974 0.370021 0 0 0.7478 0 0.011974 -0.377779 0 2.484085 0.3779687
006 2 14 7 0.012271 0.370543 0 0 0.7478 0 0.012271 -0.377257 0 2.488266 0.3774565
006 2 14 7 0.012563 0.371067 0 0 0.7478 0 0.012563 -0.376733 0 2.492401 0.3769424
006 2 14 7 0.01285 0.371594 0 0 0.7478 0 0.01285 -0.376206 0 2.496635 0.3764254
006 2 14 7 0.013131 0.372124 0 0 0.7478 0 0.013131 -0.375676 0 2.501045 0.3759054
006 2 14 7 0.013407 0.372657 0 0 0.7478 0 0.013407 -0.375143 0 2.505402 0.3753825
006 2 14 7 0.013678 0.373192 0 0 0.7478 0 0.013678 -0.374608 0 2.509613 0.3748576
006 2 14 7 0.013943 0.37373 0 0 0.7478 0 0.013943 -0.37407 0 2.513786 0.3743297
006 2 14 7 0.014203 0.374271 0 0 0.7478 0 0.014203 -0.373529 0 2.518379 0.3737989
006 2 14 7 0.014458 0.374814 0 0 0.7478 0 0.014458 -0.372986 0 2.522514 0.3732661
006 2 14 7 0.014707 0.37536 0 0 0.7478 0 0.014707 -0.37244 0 2.526772 0.3727303
006 2 14 7 0.014951 0.375908 0 0 0.7478 0 0.014951 -0.371892 0 2.530891 0.3721924
006 2 14 7 0.015189 0.376459 0 0 0.7478 0 0.015189 -0.371341 0 2.535194 0.3716515
006 2 14 7 0.015422 0.377012 0 0 0.7478 0 0.015422 -0.370788 0 2.539337 0.3711086
006 2 14 7 0.015649 0.377567 0 0 0.7478 0 0.015649 -0.370233 0 2.543686 0.3705636
006 2 14 7 0.01587 0.378125 0 0 0.7478 0 0.01587 -0.369675 0 2.547852 0.3700155
006 2 14 7 0.016086 0.378685 0 0 0.7478 0 0.016086 -0.369115 0 2.5522 0.3694654
006 2 14 7 0.016297 0.379247 0 0 0.7478 0 0.016297 -0.368553 0 2.556313 0.3689131
006 2 14 7 0.016501 0.379811 0 0 0.7478 0 0.016501 -0.367989 0 2.560448 0.3683588
006 2 14 7 0.0167 0.380377 0 0 0.7478 0 0.0167 -0.367423 0 2.564812 0.3678023
006 2 14 7 0.016894 0.380945 0 0 0.7478 0 0.016894 -0.366855 0 2.569214 0.3672438
006 2 14 7 0.017081 0.381515 0 0 0.7478 0 0.017081 -0.366285 0 2.573578 0.366683
006 2 14 7 0.017263 0.382086 0 0 0.7478 0 0.017263 -0.365714 0 2.577766 0.3661212
006 2 14 7 0.01744 0.38266 0 0 0.7478 0 0.01744 -0.36514 0 2.582359 0.3655562
006 2 14 7 0.01761 0.383235 0 0 0.7478 0 0.01761 -0.364565 0 2.5867 0.3649901
006 2 14 7 0.017775 0.383812 0 0 0.7478 0 0.017775 -0.363988 0 2.590851 0.3644217
006 2 14 7 0.017934 0.384391 0 0 0.7478 0 0.017934 -0.363409 0 2.594955 0.3638512
006 2 14 7 0.018087 0.384971 0 0 0.7478 0 0.018087 -0.362829 0 2.599297 0.3632796
006 2 14 7 0.018235 0.385552 0 0 0.7478 0 0.018235 -0.362248 0 2.603569 0.3627066
006 2 14 7 0.018376 0.386135 0 0 0.7478 0 0.018376 -0.361665 0 2.607719 0.3621315
006 2 14 7 0.018512 0.38672 0 0 0.7478 0 0.018512 -0.36108 0 2.611923 0.3615542
006 2 14 7 0.018642 0.387306 0 0 0.7478 0 0.018642 -0.360494 0 2.616318 0.3609757
006 2 14 7 0.018766 0.387893 0 0 0.7478 0 0.018766 -0.359907 0 2.620636 0.3603959
006 2 14 7 0.018884 0.388481 0 0 0.7478 0 0.018884 -0.359319 0 2.624954 0.3598149
006 2 14 7 0.018996 0.38907 0 0 0.7478 0 0.018996 -0.35873 0 2.62912 0.3592326
006 2 14 7 0.019102 0.389661 0 0 0.7478 0 0.019102 -0.358139 0 2.633423 0.358648
006 2 14 7 0.019203 0.390252 0 0 0.7478 0 0.019203 -0.357548 0 2.637642 0.3580633
006 2 14 7 0.019297 0.390845 0 0 0.7478 0 0.019297 -0.356955 0 2.641762 0.3574762
006 2 14 7 0.019386 0.391438 0 0 0.7478 0 0.019386 -0.356362 0 2.646507 0.3568889
006 2 14 7 0.019469 0.392032 0 0 0.7478 0 0.019469 -0.355768 0 2.650795 0.3563003
006 2 14 7 0.019545 0.392628 0 0 0.7478 0 0.019545 -0.355172 0 2.654945 0.3557093
006 2 14 7 0.019616 0.393223 0 0 0.7478 0 0.019616 -0.354577 0 2.659088 0.3551192
006 2 14 7 0.019681 0.39382 0 0 0.7478 0 0.019681 -0.35398 0 2.663422 0.3545267
006 2 14 7 0.01974 0.394417 0 0 0.7478 0 0.01974 -0.353383 0 2.667747 0.3539339
006 2 14 7 0.019793 0.395015 0 0 0.7478 0 0.019793 -0.352785 0 2.671906 0.3533398
006 2 14 7 0.019839 0.395613 0 0 0.7478 0 0.019839 -0.352187 0 2.676025 0.3527453
006 2 14 7 0.01988 0.396211 0 0 0.7478 0 0.01988 -0.351589 0 2.680252 0.3521506
006 2 14 7 0.019915 0.39681 0 0 0.7478 0 0.019915 -0.35099 0 2.684731 0.3515545
006 2 14 7 0.019944 0.39741 0 0 0.7478 0 0.019944 -0.35039 0 2.688927 0.3509571
006 2 14 7 0.019967 0.398009 0 0 0.7478 0 0.019967 -0.349791 0 2.693115 0.3503604
006 2 14 7 0.019984 0.398609 0 0 0.7478 0 0.019984 -0.349191 0 2.697372 0.3497624
006 2 14 7 0.019995 0.399209 0 0 0.7478 0 0.019995 -0.348591 0 2.701965 0.349164
006 2 14 7 0.02 0.399809 0 0 0.7478 0 0.02 -0.347991 0 2.706245 0.3485653
006 2 14 7 0.02 0.4 0 0 0.7478 0 0.02 -0.3478 0 2.710358 0.3483745
