006 2 10 5 0 0.42 0 0 0.7478 0 0 -0.3278 0 0 0.3278
006 2 10 5 0 0.419998 0.0004 0 0.7478 0 0 -0.327802 0.0004 0.00567627 0.3278022
006 2 10 5 0 0.419992 0.0008 0 0.7478 0 0 -0.327808 0.0008 0.01083374 0.327809
006 2 10 5 0 0.419982 0.0012 0 0.7478 0 0 -0.327818 0.0012 0.01595306 0.3278202
006 2 10 5 0 0.419968 0.0016 0 0.7478 0 0 -0.327832 0.0016 0.02016449 0.3278359
006 2 10 5 0 0.41995 0.001999 0 0.7478 0 0 -0.32785 0.001999 0.02449799 0.3278561
006 2 10 5 0 0.419928 0.002399 0 0.7478 0 0 -0.327872 0.002399 0.02961731 0.3278808
006 2 10 5 0 0.419902 0.002798 0 0.7478 0 0 -0.327898 0.002798 0.03466797 0.3279099
006 2 10 5 0 0.419872 0.003197 0 0.7478 0 0 -0.327928 0.003197 0.03876495 0.3279436
006 2 10 5 0 0.419838 0.003595 0 0.7478 0 0 -0.327962 0.003595 0.04286194 0.3279817
006 2 10 5 0 0.4198 0.003993 0 0.7478 0 0 -0.328 0.003993 0.04717255 0.3280243
006 2 10 5 0 0.419758 0.004391 0 0.7478 0 0 -0.328042 0.004391 0.05138397 0.3280714
006 2 10 5 0 0.419712 0.004788 0 0.7478 0 0 -0.328088 0.004788 0.05564117 0.3281229
006 2 10 5 0 0.419662 0.005185 0 0.7478 0 0 -0.328138 0.005185 0.05984497 0.328179
006 2 10 5 0 0.419609 0.005582 0 0.7478 0 0 -0.328191 0.005582 0.06417084 0.3282385
006 2 10 5 0 0.419551 0.005978 0 0.7478 0 0 -0.328249 0.005978 0.06843567 0.3283034
006 2 10 5 0 0.419489 0.006373 0 0.7478 0 0 -0.328311 0.006373 0.07281494 0.3283728
006 2 10 5 0 0.419423 0.006767 0 0.7478 0 0 -0.328377 0.006767 0.07715607 0.3284467
006 2 10 5 0 0.419354 0.007161 0 0.7478 0 0 -0.328446 0.007161 0.08155823 0.328524
006 2 10 5 0 0.41928 0.007554 0 0.7478 0 0 -0.32852 0.007554 0.08581543 0.3286068
006 2 10 5 0 0.419203 0.007947 0 0.7478 0 0 -0.328597 0.007947 0.08991241 0.3286931
006 2 10 5 0 0.419121 0.008338 0 0.7478 0 0 -0.328679 0.008338 0.0943222 0.3287847
006 2 10 5 0 0.419036 0.008729 0 0.7478 0 0 -0.328764 0.008729 0.09879303 0.3288799
006 2 10 5 0 0.418947 0.009119 0 0.7478 0 0 -0.328853 0.009119 0.1030045 0.3289794
006 2 10 5 0 0.418854 0.009508 0 0.7478 0 0 -0.328946 0.009508 0.1072769 0.3290834
006 2 10 5 0 0.418756 0.009896 0 0.7478 0 0 -0.329044 0.009896 0.1115112 0.3291928
006 2 10 5 0 0.418656 0.010283 0 0.7478 0 0 -0.329144 0.010283 0.11586 0.3293046
006 2 10 5 0 0.418551 0.010669 0 0.7478 0 0 -0.329249 0.010669 0.1199722 0.3294218
006 2 10 5 0 0.418442 0.011054 0 0.7478 0 0 -0.329358 0.011054 0.1240387 0.3295434
006 2 10 5 0 0.41833 0.011438 0 0.7478 0 0 -0.32947 0.011438 0.1283112 0.3296685
006 2 10 5 0 0.418213 0.011821 0 0.7478 0 0 -0.329587 0.011821 0.1325989 0.3297989
006 2 10 5 0 0.418093 0.012202 0 0.7478 0 0 -0.329707 0.012202 0.1368942 0.3299327
006 2 10 5 0 0.417969 0.012583 0 0.7478 0 0 -0.329831 0.012583 0.1412201 0.3300709
006 2 10 5 0 0.417842 0.012962 0 0.7478 0 0 -0.329958 0.012962 0.1456833 0.3302125
006 2 10 5 0 0.41771 0.013339 0 0.7478 0 0 -0.33009 0.013339 0.1500778 0.3303594
006 2 10 5 0 0.417575 0.013716 0 0.7478 0 0 -0.330225 0.013716 0.1544647 0.3305097
006 2 10 5 0 0.417436 0.014091 0 0.7478 0 0 -0.330364 0.014091 0.158577 0.3306644
006 2 10 5 0 0.417293 0.014465 0 0.7478 0 0 -0.330507 0.014465 0.1629333 0.3308234
006 2 10 5 0 0.417147 0.014837 0 0.7478 0 0 -0.330653 0.014837 0.1671143 0.3309857
006 2 10 5 0 0.416996 0.015208 0 0.7478 0 0 -0.330804 0.015208 0.1713257 0.3311534
006 2 10 5 0 0.416842 0.015577 0 0.7478 0 0 -0.330958 0.015577 0.1756668 0.3313243
006 2 10 5 0 0.416685 0.015944 0 0.7478 0 0 -0.331115 0.015944 0.1798859 0.3314986
006 2 10 5 0 0.416524 0.01631 0 0.7478 0 0 -0.331276 0.01631 0.1840973 0.3316773
006 2 10 5 0 0.416359 0.016675 0 0.7478 0 0 -0.331441 0.016675 0.1882401 0.3318602
006 2 10 5 0 0.41619 0.017038 0 0.7478 0 0 -0.33161 0.017038 0.192421 0.3320474
006 2 10 5 0 0.416018 0.017399 0 0.7478 0 0 -0.331782 0.017399 0.1968536 0.3322379
006 2 10 5 0 0.415842 0.017758 0 0.7478 0 0 -0.331958 0.017758 0.2010422 0.3324326
006 2 10 5 0 0.415663 0.018115 0 0.7478 0 0 -0.332137 0.018115 0.2052231 0.3326306
006 2 10 5 0 0.41548 0.018471 0 0.7478 0 0 -0.33232 0.018471 0.2093353 0.3328329
006 2 10 5 0 0.415293 0.018825 0 0.7478 0 0 -0.332507 0.018825 0.2140045 0.3330394
006 2 10 5 0 0.415103 0.019177 0 0.7478 0 0 -0.332697 0.019177 0.2182312 0.3332492
006 2 10 5 0 0.41491 0.019527 0 0.7478 0 0 -0.33289 0.019527 0.2223816 0.3334622
006 2 10 5 0 0.414713 0.019875 0 0.7478 0 0 -0.333087 0.019875 0.2265549 0.3336794
006 2 10 5 0 0.414512 0.020221 0 0.7478 0 0 -0.333288 0.020221 0.230896 0.3339008
006 2 10 5 0 0.414308 0.020565 0 0.7478 0 0 -0.333492 0.020565 0.2351379 0.3341255
006 2 10 5 0 0.414101 0.020907 0 0.7478 0 0 -0.333699 0.020907 0.2392044 0.3343533
006 2 10 5 0 0.41389 0.021247 0 0.7478 0 0 -0.33391 0.021247 0.2433853 0.3345853
006 2 10 5 0 0.413676 0.021585 0 0.7478 0 0 -0.334124 0.021585 0.2477798 0.3348205
006 2 10 5 0 0.413459 0.021921 0 0.7478 0 0 -0.334341 0.021921 0.2521057 0.3350588
006 2 10 5 0 0.413238 0.022254 0 0.7478 0 0 -0.334562 0.022254 0.2563934 0.3353013
006 2 10 5 0 0.413013 0.022586 0 0.7478 0 0 -0.334787 0.022586 0.2605133 0.335548
006 2 10 5 0 0.412786 0.022915 0 0.7478 0 0 -0.335014 0.022915 0.2648087 0.3357968
006 2 10 5 0 0.412555 0.023241 0 0.7478 0 0 -0.335245 0.023241 0.2689514 0.3360496
006 2 10 5 0 0.412321 0.023566 0 0.7478 0 0 -0.335479 0.023566 0.273262 0.3363057
006 2 10 5 0 0.412084 0.023888 0 0.7478 0 0 -0.335716 0.023888 0.2775955 0.3365648
006 2 10 5 0 0.411843 0.024207 0 0.7478 0 0 -0.335957 0.024207 0.2819672 0.336828
006 2 10 5 0 0.4116 0.024525 0 0.7478 0 0 -0.3362 0.024525 0.2862244 0.3370933
006 2 10 5 0 0.411353 0.024839 0 0.7478 0 0 -0.336447 0.024839 0.2908325 0.3373626
006 2 10 5 0 0.411103 0.025152 0 0.7478 0 0 -0.336697 0.025152 0.2952805 0.3376351
006 2 10 5 0 0.41085 0.025461 0 0.7478 0 0 -0.33695 0.025461 0.2995682 0.3379106
006 2 10 5 0 0.410594 0.025769 0 0.7478 0 0 -0.337206 0.025769 0.3037262 0.3381892
006 2 10 5 0 0.410334 0.026073 0 0.7478 0 0 -0.337466 0.026073 0.3078537 0.3384717
006 2 10 5 0 0.410072 0.026375 0 0.7478 0 0 -0.337728 0.026375 0.312973 0.3387563
006 2 10 5 0 0.409807 0.026675 0 0.7478 0 0 -0.337993 0.026675 0.3182526 0.339044
006 2 10 5 0 0.409539 0.026972 0 0.7478 0 0 -0.338261 0.026972 0.3225403 0.3393346
006 2 10 5 0 0.409268 0.027266 0 0.7478 0 0 -0.338532 0.027266 0.3267975 0.3396282
006 2 10 5 0 0.408993 0.027557 0 0.7478 0 0 -0.338807 0.027557 0.3311234 0.3399258
006 2 10 5 0 0.408716 0.027845 0 0.7478 0 0 -0.339084 0.027845 0.3356323 0.3402254
006 2 10 5 0 0.408437 0.028131 0 0.7478 0 0 -0.339363 0.028131 0.3399658 0.3405269
006 2 10 5 0 0.408154 0.028414 0 0.7478 0 0 -0.339646 0.028414 0.3440933 0.3408324
006 2 10 5 0 0.407868 0.028694 0 0.7478 0 0 -0.339932 0.028694 0.348381 0.3411409
006 2 10 5 0 0.40758 0.028971 0 0.7478 0 0 -0.34022 0.028971 0.3525238 0.3414512
006 2 10 5 0 0.407289 0.029246 0 0.7478 0 0 -0.340511 0.029246 0.3568497 0.3417646
006 2 10 5 0 0.406995 0.029517 0 0.7478 0 0 -0.340805 0.029517 0.3609619 0.3420808
006 2 10 5 0 0.406699 0.029786 0 0.7478 0 0 -0.341101 0.029786 0.365303 0.342399
006 2 10 5 0 0.406399 0.030051 0 0.7478 0 0 -0.341401 0.030051 0.3694077 0.342721
006 2 10 5 0 0.406097 0.030314 0 0.7478 0 0 -0.341703 0.030314 0.3737488 0.343045
006 2 10 5 0 0.405793 0.030573 0 0.7478 0 0 -0.342007 0.030573 0.3779297 0.3433708
006 2 10 5 0 0.405486 0.03083 0 0.7478 0 0 -0.342314 0.03083 0.382309 0.3436995
006 2 10 5 0 0.405176 0.031083 0 0.7478 0 0 -0.342624 0.031083 0.3864365 0.344031
006 2 10 5 0 0.404864 0.031333 0 0.7478 0 0 -0.342936 0.031333 0.3906326 0.3443644
006 2 10 5 0 0.40455 0.03158 0 0.7478 0 0 -0.34325 0.03158 0.3950958 0.3446997
006 2 10 5 0 0.404233 0.031824 0 0.7478 0 0 -0.343567 0.031824 0.3993301 0.3450377
006 2 10 5 0 0.403913 0.032065 0 0.7478 0 0 -0.343887 0.032065 0.403717 0.3453786
006 2 10 5 0 0.403592 0.032302 0 0.7478 0 0 -0.344208 0.032302 0.4078827 0.3457203
006 2 10 5 0 0.403267 0.032537 0 0.7478 0 0 -0.344533 0.032537 0.4121246 0.3460659
006 2 10 5 0 0.402941 0.032768 0 0.7478 0 0 -0.344859 0.032768 0.4165421 0.3464123
006 2 10 5 0 0.402612 0.032995 0 0.7478 0 0 -0.345188 0.032995 0.4207153 0.3467613
006 2 10 5 0 0.402281 0.03322 0 0.7478 0 0 -0.345519 0.03322 0.4248199 0.3471123
006 2 10 5 0 0.401948 0.033441 0 0.7478 0 0 -0.345852 0.033441 0.4290314 0.3474649
006 2 10 5 0 0.401612 0.033659 0 0.7478 0 0 -0.346188 0.033659 0.4337311 0.3478204
006 2 10 5 0 0.401274 0.033873 0 0.7478 0 0 -0.346526 0.033873 0.4380875 0.3481776
006 2 10 5 0 0.400935 0.034084 0 0.7478 0 0 -0.346865 0.034084 0.4423218 0.3485356
006 2 10 5 0 0.400593 0.034292 0 0.7478 0 0 -0.347207 0.034292 0.4467239 0.3488963
006 2 10 5 0 0.400249 0.034496 0 0.7478 0 0 -0.347551 0.034496 0.4509659 0.3492588
006 2 10 5 0 0.399903 0.034697 0 0.7478 0 0 -0.347897 0.034697 0.4553757 0.3496229
006 2 10 5 0 0.399555 0.034894 0 0.7478 0 0 -0.348245 0.034894 0.4594727 0.3499888
006 2 10 5 0 0.399205 0.035088 0 0.7478 0 0 -0.348595 0.035088 0.4638443 0.3503564
006 2 10 5 0 0.398853 0.035278 0 0.7478 0 0 -0.348947 0.035278 0.4681702 0.3507257
006 2 10 5 0 0.398499 0.035465 0 0.7478 0 0 -0.349301 0.035465 0.472435 0.3510968
006 2 10 5 0 0.398144 0.035648 0 0.7478 0 0 -0.349656 0.035648 0.4768677 0.3514685
006 2 10 5 0 0.397786 0.035828 0 0.7478 0 0 -0.350014 0.035828 0.4812164 0.3518429
006 2 10 5 0 0.397427 0.036004 0 0.7478 0 0 -0.350373 0.036004 0.4853592 0.352218
006 2 10 5 0 0.397066 0.036176 0 0.7478 0 0 -0.350734 0.036176 0.4894409 0.3525947
006 2 10 5 0 0.396704 0.036345 0 0.7478 0 0 -0.351096 0.036345 0.4940643 0.3529721
006 2 10 5 0 0.396339 0.036511 0 0.7478 0 0 -0.351461 0.036511 0.4984283 0.3533523
006 2 10 5 0 0.395974 0.036672 0 0.7478 0 0 -0.351826 0.036672 0.5026932 0.353732
006 2 10 5 0 0.395606 0.03683 0 0.7478 0 0 -0.352194 0.03683 0.5068054 0.3541145
006 2 10 5 0 0.395237 0.036984 0 0.7478 0 0 -0.352563 0.036984 0.5110931 0.3544975
006 2 10 5 0 0.394866 0.037135 0 0.7478 0 0 -0.352934 0.037135 0.5159302 0.3548822
006 2 10 5 0 0.394494 0.037282 0 0.7478 0 0 -0.353306 0.037282 0.5201187 0.3552676
006 2 10 5 0 0.394121 0.037425 0 0.7478 0 0 -0.353679 0.037425 0.5242767 0.3556536
006 2 10 5 0 0.393746 0.037564 0 0.7478 0 0 -0.354054 0.037564 0.5286713 0.3560411
006 2 10 5 0 0.39337 0.0377 0 0.7478 0 0 -0.35443 0.0377 0.5330734 0.3564294
006 2 10 5 0 0.392992 0.037831 0 0.7478 0 0 -0.354808 0.037831 0.5372162 0.3568191
006 2 10 5 0 0.392613 0.037959 0 0.7478 0 0 -0.355187 0.037959 0.5413132 0.3572096
006 2 10 5 0 0.392233 0.038084 0 0.7478 0 0 -0.355567 0.038084 0.545517 0.3576007
006 2 10 5 0 0.391851 0.038204 0 0.7478 0 0 -0.355949 0.038204 0.5497437 0.3579933
006 2 10 5 0 0.391469 0.038321 0 0.7478 0 0 -0.356331 0.038321 0.5541229 0.3583857
006 2 10 5 0 0.391085 0.038433 0 0.7478 0 0 -0.356715 0.038433 0.5582428 0.3587794
006 2 10 5 0 0.3907 0.038542 0 0.7478 0 0 -0.3571 0.038542 0.5625 0.3591739
006 2 10 5 0 0.390314 0.038647 0 0.7478 0 0 -0.357486 0.038647 0.5669632 0.3595689
006 2 10 5 0 0.389927 0.038749 0 0.7478 0 0 -0.357873 0.038749 0.5716629 0.3599647
006 2 10 5 0 0.389539 0.038846 0 0.7478 0 0 -0.358261 0.038846 0.5760574 0.3603609
006 2 10 5 0 0.38915 0.038939 0 0.7478 0 0 -0.35865 0.038939 0.5807266 0.3607576
006 2 10 5 0 0.38876 0.039029 0 0.7478 0 0 -0.35904 0.039029 0.5854492 0.3611551
006 2 10 5 0 0.38837 0.039115 0 0.7478 0 0 -0.35943 0.039115 0.5900574 0.3615521
006 2 10 5 0 0.387978 0.039196 0 0.7478 0 0 -0.359822 0.039196 0.5950317 0.3619505
006 2 10 5 0 0.387586 0.039274 0 0.7478 0 0 -0.360214 0.039274 0.5992508 0.3623487
006 2 10 5 0 0.387193 0.039348 0 0.7478 0 0 -0.360607 0.039348 0.6034317 0.3627474
006 2 10 5 0 0.386799 0.039418 0 0.7478 0 0 -0.361001 0.039418 0.6074982 0.3631466
006 2 10 5 0 0.386404 0.039484 0 0.7478 0 0 -0.361396 0.039484 0.6117172 0.3635465
006 2 10 5 0 0.386009 0.039546 0 0.7478 0 0 -0.361791 0.039546 0.6160965 0.3639459
006 2 10 5 0 0.385613 0.039604 0 0.7478 0 0 -0.362187 0.039604 0.6207275 0.3643458
006 2 10 5 0 0.385217 0.039658 0 0.7478 0 0 -0.362583 0.039658 0.6250687 0.3647453
006 2 10 5 0 0.38482 0.039709 0 0.7478 0 0 -0.36298 0.039709 0.6293945 0.3651455
006 2 10 5 0 0.384423 0.039755 0 0.7478 0 0 -0.363377 0.039755 0.6337738 0.3655452
006 2 10 5 0 0.384025 0.039797 0 0.7478 0 0 -0.363775 0.039797 0.6380157 0.3659454
006 2 10 5 0 0.383627 0.039835 0 0.7478 0 0 -0.364173 0.039835 0.6421661 0.3663452
006 2 10 5 0 0.383228 0.03987 0 0.7478 0 0 -0.364572 0.03987 0.6464081 0.3667456
006 2 10 5 0 0.382829 0.0399 0 0.7478 0 0 -0.364971 0.0399 0.6507568 0.3671455
006 2 10 5 0 0.38243 0.039926 0 0.7478 0 0 -0.36537 0.039926 0.6550598 0.367545
006 2 10 5 0 0.382031 0.039948 0 0.7478 0 0 -0.365769 0.039948 0.6591339 0.367944
006 2 10 5 0 0.381631 0.039967 0 0.7478 0 0 -0.366169 0.039967 0.6636353 0.3683437
006 2 10 5 0 0.381232 0.039981 0 0.7478 0 0 -0.366568 0.039981 0.6677933 0.3687419
006 2 10 5 0 0.380832 0.039991 0 0.7478 0 0 -0.366968 0.039991 0.6719971 0.3691406
006 2 10 5 0 0.380432 0.039998 0 0.7478 0 0 -0.367368 0.039998 0.6763077 0.369539
006 2 10 5 0 0.380032 0.04 0 0.7478 0 0 -0.367768 0.04 0.6809158 0.3699369
006 2 10 5 0 0.379632 0.039998 0 0.7478 0 0 -0.368168 0.039998 0.6854172 0.3703343
006 2 10 5 0 0.379232 0.039993 0 0.7478 0 0 -0.368568 0.039993 0.6898651 0.3707314
006 2 10 5 0 0.378832 0.039983 0 0.7478 0 0 -0.368968 0.039983 0.6941986 0.371128
006 2 10 5 0 0.378432 0.039969 0 0.7478 0 0 -0.369368 0.039969 0.6985092 0.3715242
006 2 10 5 0 0.378033 0.039952 0 0.7478 0 0 -0.369767 0.039952 0.7027512 0.3719191
006 2 10 5 0 0.377633 0.03993 0 0.7478 0 0 -0.370167 0.03993 0.706955 0.3723144
006 2 10 5 0 0.377234 0.039904 0 0.7478 0 0 -0.370566 0.039904 0.7110977 0.3727083
006 2 10 5 0 0.376835 0.039875 0 0.7478 0 0 -0.370965 0.039875 0.7158585 0.3731019
006 2 10 5 0 0.376437 0.039841 0 0.7478 0 0 -0.371363 0.039841 0.7199478 0.373494
006 2 10 5 0 0.376038 0.039803 0 0.7478 0 0 -0.371762 0.039803 0.7242279 0.3738867
006 2 10 5 0 0.375641 0.039762 0 0.7478 0 0 -0.372159 0.039762 0.7285919 0.3742771
006 2 10 5 0 0.375243 0.039716 0 0.7478 0 0 -0.372557 0.039716 0.7334366 0.3746679
006 2 10 5 0 0.374846 0.039667 0 0.7478 0 0 -0.372954 0.039667 0.7376022 0.3750575
006 2 10 5 0 0.37445 0.039613 0 0.7478 0 0 -0.37335 0.039613 0.7418747 0.3754456
006 2 10 5 0 0.374054 0.039556 0 0.7478 0 0 -0.373746 0.039556 0.7461166 0.3758334
006 2 10 5 0 0.373659 0.039494 0 0.7478 0 0 -0.374141 0.039494 0.7504044 0.3762197
006 2 10 5 0 0.373264 0.039429 0 0.7478 0 0 -0.374536 0.039429 0.754837 0.3766057
006 2 10 5 0 0.37287 0.039359 0 0.7478 0 0 -0.37493 0.039359 0.7591934 0.3769902
006 2 10 5 0 0.372477 0.039286 0 0.7478 0 0 -0.375323 0.039286 0.7637634 0.3773735
006 2 10 5 0 0.372084 0.039209 0 0.7478 0 0 -0.375716 0.039209 0.7680588 0.3777563
006 2 10 5 0 0.371693 0.039128 0 0.7478 0 0 -0.376107 0.039128 0.7722626 0.3781368
006 2 10 5 0 0.371302 0.039043 0 0.7478 0 0 -0.376498 0.039043 0.7765656 0.3785169
006 2 10 5 0 0.370912 0.038954 0 0.7478 0 0 -0.376888 0.038954 0.7812347 0.3788957
006 2 10 5 0 0.370523 0.038861 0 0.7478 0 0 -0.377277 0.038861 0.7854462 0.3792731
006 2 10 5 0 0.370135 0.038764 0 0.7478 0 0 -0.377665 0.038764 0.7895966 0.3796492
006 2 10 5 0 0.369748 0.038664 0 0.7478 0 0 -0.378052 0.038664 0.7939758 0.380024
006 2 10 5 0 0.369361 0.038559 0 0.7478 0 0 -0.378439 0.038559 0.7982025 0.3803983
006 2 10 5 0 0.368976 0.038451 0 0.7478 0 0 -0.378824 0.038451 0.8023911 0.3807704
006 2 10 5 0 0.368592 0.038339 0 0.7478 0 0 -0.379208 0.038339 0.8066406 0.3811412
006 2 10 5 0 0.36821 0.038223 0 0.7478 0 0 -0.37959 0.038223 0.8115692 0.3815096
006 2 10 5 0 0.367828 0.038103 0 0.7478 0 0 -0.379972 0.038103 0.8170242 0.3818777
006 2 10 5 0 0.367448 0.037979 0 0.7478 0 0 -0.380352 0.037979 0.8212738 0.3822434
006 2 10 5 0 0.367068 0.037852 0 0.7478 0 0 -0.380732 0.037852 0.8253555 0.382609
006 2 10 5 0 0.366691 0.037721 0 0.7478 0 0 -0.381109 0.037721 0.8298111 0.3829712
006 2 10 5 0 0.366314 0.037586 0 0.7478 0 0 -0.381486 0.037586 0.8343201 0.3833331
006 2 10 5 0 0.365939 0.037447 0 0.7478 0 0 -0.381861 0.037447 0.8384476 0.3836927
006 2 10 5 0 0.365565 0.037305 0 0.7478 0 0 -0.382235 0.037305 0.8426666 0.3840511
006 2 10 5 0 0.365193 0.037158 0 0.7478 0 0 -0.382607 0.037158 0.8473434 0.3844071
006 2 10 5 0 0.364822 0.037008 0 0.7478 0 0 -0.382978 0.037008 0.8516083 0.3847619
006 2 10 5 0 0.364453 0.036855 0 0.7478 0 0 -0.383347 0.036855 0.8559265 0.3851145
006 2 10 5 0 0.364085 0.036698 0 0.7478 0 0 -0.383715 0.036698 0.860054 0.3854659
006 2 10 5 0 0.363719 0.036537 0 0.7478 0 0 -0.384081 0.036537 0.8646774 0.3858149
006 2 10 5 0 0.363354 0.036372 0 0.7478 0 0 -0.384446 0.036372 0.8688507 0.3861627
006 2 10 5 0 0.362991 0.036204 0 0.7478 0 0 -0.384809 0.036204 0.87323 0.3865083
006 2 10 5 0 0.36263 0.036032 0 0.7478 0 0 -0.38517 0.036032 0.877533 0.3868517
006 2 10 5 0 0.362271 0.035856 0 0.7478 0 0 -0.385529 0.035856 0.8818588 0.3871928
006 2 10 5 0 0.361913 0.035677 0 0.7478 0 0 -0.385887 0.035677 0.8860321 0.3875327
006 2 10 5 0 0.361557 0.035494 0 0.7478 0 0 -0.386243 0.035494 0.8909073 0.3878704
006 2 10 5 0 0.361203 0.035308 0 0.7478 0 0 -0.386597 0.035308 0.8956757 0.388206
006 2 10 5 0 0.360851 0.035119 0 0.7478 0 0 -0.386949 0.035119 0.8998718 0.3885394
006 2 10 5 0 0.360501 0.034925 0 0.7478 0 0 -0.387299 0.034925 0.9040146 0.3888705
006 2 10 5 0 0.360152 0.034729 0 0.7478 0 0 -0.387648 0.034729 0.9082108 0.3892005
006 2 10 5 0 0.359806 0.034528 0 0.7478 0 0 -0.387994 0.034528 0.9125214 0.3895273
006 2 10 5 0 0.359462 0.034325 0 0.7478 0 0 -0.388338 0.034325 0.9168549 0.389852
006 2 10 5 0 0.35912 0.034118 0 0.7478 0 0 -0.38868 0.034118 0.9210434 0.3901745
006 2 10 5 0 0.35878 0.033907 0 0.7478 0 0 -0.38902 0.033907 0.9251785 0.3904949
006 2 10 5 0 0.358442 0.033693 0 0.7478 0 0 -0.389358 0.033693 0.9297333 0.3908131
006 2 10 5 0 0.358106 0.033476 0 0.7478 0 0 -0.389694 0.033476 0.9343033 0.3911292
006 2 10 5 0 0.357772 0.033255 0 0.7478 0 0 -0.390028 0.033255 0.9384995 0.3914431
006 2 10 5 0 0.357441 0.033031 0 0.7478 0 0 -0.390359 0.033031 0.9427032 0.391754
006 2 10 5 0 0.357111 0.032804 0 0.7478 0 0 -0.390689 0.032804 0.9471741 0.3920638
006 2 10 5 0 0.356785 0.032574 0 0.7478 0 0 -0.391015 0.032574 0.9514008 0.3923694
006 2 10 5 0 0.35646 0.03234 0 0.7478 0 0 -0.39134 0.03234 0.9557343 0.392674
006 2 10 5 0 0.356138 0.032103 0 0.7478 0 0 -0.391662 0.032103 0.959938 0.3929755
006 2 10 5 0 0.355818 0.031863 0 0.7478 0 0 -0.391982 0.031863 0.9645309 0.3932749
006 2 10 5 0 0.3555 0.031619 0 0.7478 0 0 -0.3923 0.031619 0.969223 0.3935722
006 2 10 5 0 0.355186 0.031373 0 0.7478 0 0 -0.392614 0.031373 0.9738312 0.3938655
006 2 10 5 0 0.354873 0.031123 0 0.7478 0 0 -0.392927 0.031123 0.978035 0.3941577
006 2 10 5 0 0.354563 0.03087 0 0.7478 0 0 -0.393237 0.03087 0.9823608 0.3944468
006 2 10 5 0 0.354256 0.030614 0 0.7478 0 0 -0.393544 0.030614 0.9870453 0.3947329
006 2 10 5 0 0.353951 0.030355 0 0.7478 0 0 -0.393849 0.030355 0.9913483 0.395017
006 2 10 5 0 0.353649 0.030093 0 0.7478 0 0 -0.394151 0.030093 0.9963455 0.3952981
006 2 10 5 0 0.353349 0.029828 0 0.7478 0 0 -0.394451 0.029828 1.000603 0.3955772
006 2 10 5 0 0.353052 0.02956 0 0.7478 0 0 -0.394748 0.02956 1.005043 0.3958532
006 2 10 5 0 0.352758 0.029289 0 0.7478 0 0 -0.395042 0.029289 1.009224 0.3961263
006 2 10 5 0 0.352466 0.029015 0 0.7478 0 0 -0.395334 0.029015 1.013924 0.3963973
006 2 10 5 0 0.352177 0.028739 0 0.7478 0 0 -0.395623 0.028739 1.018257 0.3966655
006 2 10 5 0 0.351891 0.028459 0 0.7478 0 0 -0.395909 0.028459 1.022484 0.3969305
006 2 10 5 0 0.351608 0.028176 0 0.7478 0 0 -0.396192 0.028176 1.026627 0.3971926
006 2 10 5 0 0.351328 0.027891 0 0.7478 0 0 -0.396472 0.027891 1.031082 0.3974518
006 2 10 5 0 0.35105 0.027603 0 0.7478 0 0 -0.39675 0.027603 1.035446 0.397709
006 2 10 5 0 0.350776 0.027312 0 0.7478 0 0 -0.397024 0.027312 1.039543 0.3979623
006 2 10 5 0 0.350504 0.027019 0 0.7478 0 0 -0.397296 0.027019 1.043648 0.3982137
006 2 10 5 0 0.350236 0.026722 0 0.7478 0 0 -0.397564 0.026722 1.048035 0.398461
006 2 10 5 0 0.34997 0.026423 0 0.7478 0 0 -0.39783 0.026423 1.052437 0.3987065
006 2 10 5 0 0.349707 0.026122 0 0.7478 0 0 -0.398093 0.026122 1.056854 0.3989491
006 2 10 5 0 0.349447 0.025817 0 0.7478 0 0 -0.398353 0.025817 1.061424 0.3991887
006 2 10 5 0 0.349191 0.025511 0 0.7478 0 0 -0.398609 0.025511 1.065758 0.3994245
006 2 10 5 0 0.348937 0.025201 0 0.7478 0 0 -0.398863 0.025201 1.069923 0.3996583
006 2 10 5 0 0.348687 0.024889 0 0.7478 0 0 -0.399113 0.024889 1.074348 0.3998883
006 2 10 5 0 0.348439 0.024575 0 0.7478 0 0 -0.399361 0.024575 1.078651 0.4001164
006 2 10 5 0 0.348195 0.024258 0 0.7478 0 0 -0.399605 0.024258 1.083015 0.4003406
006 2 10 5 0 0.347954 0.023939 0 0.7478 0 0 -0.399846 0.023939 1.087227 0.400562
006 2 10 5 0 0.347716 0.023617 0 0.7478 0 0 -0.400084 0.023617 1.097565 0.4007804
006 2 10 5 0 0.347482 0.023293 0 0.7478 0 0 -0.400318 0.023293 1.102364 0.4009951
006 2 10 5 0 0.347251 0.022967 0 0.7478 0 0 -0.400549 0.022967 1.107239 0.4012069
006 2 10 5 0 0.347023 0.022638 0 0.7478 0 0 -0.400777 0.022638 1.111534 0.4014158
006 2 10 5 0 0.346798 0.022307 0 0.7478 0 0 -0.401002 0.022307 1.115929 0.401622
006 2 10 5 0 0.346576 0.021974 0 0.7478 0 0 -0.401224 0.021974 1.12001 0.4018253
006 2 10 5 0 0.346358 0.021639 0 0.7478 0 0 -0.401442 0.021639 1.124153 0.4020248
006 2 10 5 0 0.346144 0.021301 0 0.7478 0 0 -0.401656 0.021301 1.128571 0.4022204
006 2 10 5 0 0.345932 0.020962 0 0.7478 0 0 -0.401868 0.020962 1.13298 0.4024143
006 2 10 5 0 0.345724 0.02062 0 0.7478 0 0 -0.402076 0.02062 1.137108 0.4026044
006 2 10 5 0 0.34552 0.020276 0 0.7478 0 0 -0.40228 0.020276 1.141258 0.4027906
006 2 10 5 0 0.345319 0.01993 0 0.7478 0 0 -0.402481 0.01993 1.145584 0.4029741
006 2 10 5 0 0.345121 0.019583 0 0.7478 0 0 -0.402679 0.019583 1.149933 0.4031549
006 2 10 5 0 0.344927 0.019233 0 0.7478 0 0 -0.402873 0.019233 1.154243 0.4033318
006 2 10 5 0 0.344737 0.018881 0 0.7478 0 0 -0.403063 0.018881 1.158363 0.403505
006 2 10 5 0 0.34455 0.018528 0 0.7478 0 0 -0.40325 0.018528 1.162628 0.4036754
006 2 10 5 0 0.344366 0.018172 0 0.7478 0 0 -0.403434 0.018172 1.166786 0.403843
006 2 10 5 0 0.344186 0.017815 0 0.7478 0 0 -0.403614 0.017815 1.170937 0.404007
006 2 10 5 0 0.34401 0.017456 0 0.7478 0 0 -0.40379 0.017456 1.175224 0.4041671
006 2 10 5 0 0.343837 0.017095 0 0.7478 0 0 -0.403963 0.017095 1.179428 0.4043246
006 2 10 5 0 0.343668 0.016733 0 0.7478 0 0 -0.404132 0.016733 1.183624 0.4044783
006 2 10 5 0 0.343502 0.016369 0 0.7478 0 0 -0.404298 0.016369 1.18779 0.4046292
006 2 10 5 0 0.343341 0.016003 0 0.7478 0 0 -0.404459 0.016003 1.191994 0.4047755
006 2 10 5 0 0.343182 0.015635 0 0.7478 0 0 -0.404618 0.015635 1.196434 0.40492
006 2 10 5 0 0.343028 0.015266 0 0.7478 0 0 -0.404772 0.015266 1.2006 0.4050598
006 2 10 5 0 0.342877 0.014896 0 0.7478 0 0 -0.404923 0.014896 1.20491 0.4051969
006 2 10 5 0 0.34273 0.014524 0 0.7478 0 0 -0.40507 0.014524 1.209007 0.4053303
006 2 10 5 0 0.342587 0.014151 0 0.7478 0 0 -0.405213 0.014151 1.213493 0.40546
006 2 10 5 0 0.342447 0.013776 0 0.7478 0 0 -0.405353 0.013776 1.217705 0.405587
006 2 10 5 0 0.342311 0.0134 0 0.7478 0 0 -0.405489 0.0134 1.221893 0.4057104
006 2 10 5 0 0.342179 0.013022 0 0.7478 0 0 -0.405621 0.013022 1.225945 0.40583
006 2 10 5 0 0.342051 0.012643 0 0.7478 0 0 -0.405749 0.012643 1.230194 0.4059459
006 2 10 5 0 0.341926 0.012263 0 0.7478 0 0 -0.405874 0.012263 1.234558 0.4060592
006 2 10 5 0 0.341805 0.011882 0 0.7478 0 0 -0.405995 0.011882 1.238701 0.4061688
006 2 10 5 0 0.341689 0.011499 0 0.7478 0 0 -0.406111 0.011499 1.242859 0.4062738
006 2 10 5 0 0.341575 0.011115 0 0.7478 0 0 -0.406225 0.011115 1.247162 0.406377
006 2 10 5 0 0.341466 0.010731 0 0.7478 0 0 -0.406334 0.010731 1.251335 0.4064757
006 2 10 5 0 0.341361 0.010345 0 0.7478 0 0 -0.406439 0.010345 1.255646 0.4065706
006 2 10 5 0 0.341259 0.009958 0 0.7478 0 0 -0.406541 0.009958 1.259796 0.4066629
006 2 10 5 0 0.341162 0.00957 0 0.7478 0 0 -0.406638 0.00957 1.264114 0.4067506
006 2 10 5 0 0.341068 0.009181 0 0.7478 0 0 -0.406732 0.009181 1.268204 0.4068356
006 2 10 5 0 0.340978 0.008791 0 0.7478 0 0 -0.406822 0.008791 1.272362 0.406917
006 2 10 5 0 0.340892 0.008401 0 0.7478 0 0 -0.406908 0.008401 1.276711 0.4069947
006 2 10 5 0 0.34081 0.008009 0 0.7478 0 0 -0.40699 0.008009 1.281372 0.4070688
006 2 10 5 0 0.340732 0.007617 0 0.7478 0 0 -0.407068 0.007617 1.285469 0.4071392
006 2 10 5 0 0.340658 0.007224 0 0.7478 0 0 -0.407142 0.007224 1.289589 0.4072061
006 2 10 5 0 0.340587 0.00683 0 0.7478 0 0 -0.407213 0.00683 1.293968 0.4072703
006 2 10 5 0 0.340521 0.006436 0 0.7478 0 0 -0.407279 0.006436 1.298325 0.4073298
006 2 10 5 0 0.340459 0.006041 0 0.7478 0 0 -0.407341 0.006041 1.302444 0.4073858
006 2 10 5 0 0.3404 0.005645 0 0.7478 0 0 -0.4074 0.005645 1.306587 0.4074391
006 2 10 5 0 0.340346 0.005249 0 0.7478 0 0 -0.407454 0.005249 1.310997 0.4074878
006 2 10 5 0 0.340295 0.004852 0 0.7478 0 0 -0.407505 0.004852 1.316238 0.4075339
006 2 10 5 0 0.340249 0.004454 0 0.7478 0 0 -0.407551 0.004454 1.320503 0.4075753
006 2 10 5 0 0.340206 0.004057 0 0.7478 0 0 -0.407594 0.004057 1.324722 0.4076142
006 2 10 5 0 0.340168 0.003659 0 0.7478 0 0 -0.407632 0.003659 1.329002 0.4076484
006 2 10 5 0 0.340133 0.00326 0 0.7478 0 0 -0.407667 0.00326 1.333405 0.40768
006 2 10 5 0 0.340102 0.002861 0 0.7478 0 0 -0.407698 0.002861 1.337509 0.407708
006 2 10 5 0 0.340076 0.002462 0 0.7478 0 0 -0.407724 0.002462 1.34156 0.4077314
006 2 10 5 0 0.340053 0.002063 0 0.7478 0 0 -0.407747 0.002063 1.345947 0.4077522
006 2 10 5 0 0.340035 0.001663 0 0.7478 0 0 -0.407765 0.001663 1.350128 0.4077684
006 2 10 5 0 0.34002 0.001263 0 0.7478 0 0 -0.40778 0.001263 1.354485 0.4077819
006 2 10 5 0 0.340009 0.000864 0 0.7478 0 0 -0.407791 0.000864 1.358742 0.4077919
006 2 10 5 0 0.340003 0.000464 0 0.7478 0 0 -0.407797 0.000464 1.363022 0.4077972
006 2 10 5 0 0.34 6.4E-05 0 0.7478 0 0 -0.4078 6.4E-05 1.36731 0.4078
006 2 10 5 0 0.340001 -0.000336 0 0.7478 0 0 -0.407799 -0.000336 1.371483 0.4077991
006 2 10 5 0 0.340007 -0.000736 0 0.7478 0 0 -0.407793 -0.000736 1.375809 0.4077936
006 2 10 5 0 0.340016 -0.001136 0 0.7478 0 0 -0.407784 -0.001136 1.380081 0.4077856
006 2 10 5 0 0.340029 -0.001536 0 0.7478 0 0 -0.407771 -0.001536 1.384178 0.4077739
006 2 10 5 0 0.340047 -0.001936 0 0.7478 0 0 -0.407753 -0.001936 1.388283 0.4077576
006 2 10 5 0 0.340068 -0.002335 0 0.7478 0 0 -0.407732 -0.002335 1.392494 0.4077387
006 2 10 5 0 0.340094 -0.002734 0 0.7478 0 0 -0.407706 -0.002734 1.396973 0.4077151
006 2 10 5 0 0.340123 -0.003133 0 0.7478 0 0 -0.407677 -0.003133 1.401062 0.407689
006 2 10 5 0 0.340156 -0.003532 0 0.7478 0 0 -0.407644 -0.003532 1.405121 0.4076593
006 2 10 5 0 0.340194 -0.00393 0 0.7478 0 0 -0.407606 -0.00393 1.409187 0.4076249
006 2 10 5 0 0.340235 -0.004328 0 0.7478 0 0 -0.407565 -0.004328 1.413628 0.407588
006 2 10 5 0 0.34028 -0.004725 0 0.7478 0 0 -0.40752 -0.004725 1.418167 0.4075474
006 2 10 5 0 0.340329 -0.005122 0 0.7478 0 0 -0.407471 -0.005122 1.422417 0.4075032
006 2 10 5 0 0.340383 -0.005519 0 0.7478 0 0 -0.407417 -0.005519 1.426498 0.4074544
006 2 10 5 0 0.34044 -0.005915 0 0.7478 0 0 -0.40736 -0.005915 1.430923 0.4074029
006 2 10 5 0 0.340501 -0.00631 0 0.7478 0 0 -0.407299 -0.00631 1.435242 0.4073479
006 2 10 5 0 0.340566 -0.006704 0 0.7478 0 0 -0.407234 -0.006704 1.439606 0.4072892
006 2 10 5 0 0.340635 -0.007098 0 0.7478 0 0 -0.407165 -0.007098 1.443794 0.4072269
006 2 10 5 0 0.340708 -0.007492 0 0.7478 0 0 -0.407092 -0.007492 1.448196 0.4071609
006 2 10 5 0 0.340785 -0.007884 0 0.7478 0 0 -0.407015 -0.007884 1.452339 0.4070913
006 2 10 5 0 0.340866 -0.008276 0 0.7478 0 0 -0.406934 -0.008276 1.456734 0.4070181
006 2 10 5 0 0.34095 -0.008667 0 0.7478 0 0 -0.40685 -0.008667 1.460968 0.4069423
006 2 10 5 0 0.341039 -0.009057 0 0.7478 0 0 -0.406761 -0.009057 1.46534 0.4068618
006 2 10 5 0 0.341131 -0.009446 0 0.7478 0 0 -0.406669 -0.009446 1.46949 0.4067787
006 2 10 5 0 0.341228 -0.009834 0 0.7478 0 0 -0.406572 -0.009834 1.473938 0.4066909
006 2 10 5 0 0.341328 -0.010222 0 0.7478 0 0 -0.406472 -0.010222 1.478264 0.4066005
006 2 10 5 0 0.341432 -0.010608 0 0.7478 0 0 -0.406368 -0.010608 1.482742 0.4065064
006 2 10 5 0 0.34154 -0.010993 0 0.7478 0 0 -0.40626 -0.010993 1.486954 0.4064087
006 2 10 5 0 0.341652 -0.011377 0 0.7478 0 0 -0.406148 -0.011377 1.491135 0.4063073
006 2 10 5 0 0.341768 -0.01176 0 0.7478 0 0 -0.406032 -0.01176 1.49559 0.4062023
006 2 10 5 0 0.341887 -0.012142 0 0.7478 0 0 -0.405913 -0.012142 1.499977 0.4060946
006 2 10 5 0 0.342011 -0.012522 0 0.7478 0 0 -0.405789 -0.012522 1.504234 0.4059821
006 2 10 5 0 0.342138 -0.012901 0 0.7478 0 0 -0.405662 -0.012901 1.508766 0.4058671
006 2 10 5 0 0.342269 -0.013279 0 0.7478 0 0 -0.405531 -0.013279 1.513298 0.4057483
006 2 10 5 0 0.342403 -0.013656 0 0.7478 0 0 -0.405397 -0.013656 1.517471 0.405627
006 2 10 5 0 0.342542 -0.014031 0 0.7478 0 0 -0.405258 -0.014031 1.521561 0.4055008
006 2 10 5 0 0.342684 -0.014405 0 0.7478 0 0 -0.405116 -0.014405 1.525696 0.405372
006 2 10 5 0 0.34283 -0.014778 0 0.7478 0 0 -0.40497 -0.014778 1.529968 0.4052395
006 2 10 5 0 0.342979 -0.015149 0 0.7478 0 0 -0.404821 -0.015149 1.534325 0.4051043
006 2 10 5 0 0.343133 -0.015518 0 0.7478 0 0 -0.404667 -0.015518 1.538666 0.4049644
006 2 10 5 0 0.34329 -0.015886 0 0.7478 0 0 -0.40451 -0.015886 1.543007 0.4048218
006 2 10 5 0 0.343451 -0.016252 0 0.7478 0 0 -0.404349 -0.016252 1.54747 0.4046755
006 2 10 5 0 0.343615 -0.016617 0 0.7478 0 0 -0.404185 -0.016617 1.55159 0.4045264
006 2 10 5 0 0.343783 -0.01698 0 0.7478 0 0 -0.404017 -0.01698 1.55584 0.4043736
006 2 10 5 0 0.343954 -0.017341 0 0.7478 0 0 -0.403846 -0.017341 1.559982 0.4042181
006 2 10 5 0 0.34413 -0.017701 0 0.7478 0 0 -0.40367 -0.017701 1.5644 0.4040579
006 2 10 5 0 0.344308 -0.018059 0 0.7478 0 0 -0.403492 -0.018059 1.568596 0.4038959
006 2 10 5 0 0.344491 -0.018415 0 0.7478 0 0 -0.403309 -0.018415 1.572952 0.4037292
006 2 10 5 0 0.344677 -0.018769 0 0.7478 0 0 -0.403123 -0.018769 1.577072 0.4035597
006 2 10 5 0 0.344866 -0.019121 0 0.7478 0 0 -0.402934 -0.019121 1.581398 0.4033874
006 2 10 5 0 0.345059 -0.019471 0 0.7478 0 0 -0.402741 -0.019471 1.585487 0.4032114
006 2 10 5 0 0.345256 -0.01982 0 0.7478 0 0 -0.402544 -0.01982 1.589622 0.4030316
006 2 10 5 0 0.345456 -0.020166 0 0.7478 0 0 -0.402344 -0.020166 1.594086 0.402849
006 2 10 5 0 0.345659 -0.020511 0 0.7478 0 0 -0.402141 -0.020511 1.598312 0.4026637
006 2 10 5 0 0.345866 -0.020853 0 0.7478 0 0 -0.401934 -0.020853 1.602448 0.4024746
006 2 10 5 0 0.346076 -0.021193 0 0.7478 0 0 -0.401724 -0.021193 1.606659 0.4022826
006 2 10 5 0 0.34629 -0.021532 0 0.7478 0 0 -0.40151 -0.021532 1.61087 0.4020869
006 2 10 5 0 0.346507 -0.021868 0 0.7478 0 0 -0.401293 -0.021868 1.615448 0.4018884
006 2 10 5 0 0.346727 -0.022201 0 0.7478 0 0 -0.401073 -0.022201 1.619598 0.401687
006 2 10 5 0 0.346951 -0.022533 0 0.7478 0 0 -0.400849 -0.022533 1.624153 0.4014818
006 2 10 5 0 0.347178 -0.022862 0 0.7478 0 0 -0.400622 -0.022862 1.628334 0.4012738
006 2 10 5 0 0.347408 -0.02319 0 0.7478 0 0 -0.400392 -0.02319 1.63253 0.401063
006 2 10 5 0 0.347641 -0.023514 0 0.7478 0 0 -0.400159 -0.023514 1.636803 0.4008493
006 2 10 5 0 0.347878 -0.023837 0 0.7478 0 0 -0.399922 -0.023837 1.640953 0.4006318
006 2 10 5 0 0.348118 -0.024157 0 0.7478 0 0 -0.399682 -0.024157 1.645142 0.4004114
006 2 10 5 0 0.348361 -0.024474 0 0.7478 0 0 -0.399439 -0.024474 1.649391 0.400188
006 2 10 5 0 0.348608 -0.024789 0 0.7478 0 0 -0.399192 -0.024789 1.653702 0.3999609
006 2 10 5 0 0.348857 -0.025102 0 0.7478 0 0 -0.398943 -0.025102 1.65786 0.3997319
006 2 10 5 0 0.34911 -0.025412 0 0.7478 0 0 -0.39869 -0.025412 1.66214 0.399499
006 2 10 5 0 0.349365 -0.02572 0 0.7478 0 0 -0.398435 -0.02572 1.666367 0.3992643
006 2 10 5 0 0.349624 -0.026025 0 0.7478 0 0 -0.398176 -0.026025 1.67067 0.3990256
006 2 10 5 0 0.349886 -0.026327 0 0.7478 0 0 -0.397914 -0.026327 1.675125 0.398784
006 2 10 5 0 0.350151 -0.026627 0 0.7478 0 0 -0.397649 -0.026627 1.679649 0.3985395
006 2 10 5 0 0.350418 -0.026924 0 0.7478 0 0 -0.397382 -0.026924 1.683876 0.398293
006 2 10 5 0 0.350689 -0.027219 0 0.7478 0 0 -0.397111 -0.027219 1.687981 0.3980427
006 2 10 5 0 0.350963 -0.027511 0 0.7478 0 0 -0.396837 -0.027511 1.692177 0.3977895
006 2 10 5 0 0.351239 -0.0278 0 0.7478 0 0 -0.396561 -0.0278 1.696625 0.3975342
006 2 10 5 0 0.351519 -0.028086 0 0.7478 0 0 -0.396281 -0.028086 1.700783 0.397275
006 2 10 5 0 0.351801 -0.028369 0 0.7478 0 0 -0.395999 -0.028369 1.704842 0.3970138
006 2 10 5 0 0.352086 -0.02865 0 0.7478 0 0 -0.395714 -0.02865 1.708931 0.3967498
006 2 10 5 0 0.352374 -0.028928 0 0.7478 0 0 -0.395426 -0.028928 1.713432 0.3964827
006 2 10 5 0 0.352665 -0.029202 0 0.7478 0 0 -0.395135 -0.029202 1.71769 0.3962126
006 2 10 5 0 0.352958 -0.029474 0 0.7478 0 0 -0.394842 -0.029474 1.721825 0.3959405
006 2 10 5 0 0.353254 -0.029743 0 0.7478 0 0 -0.394546 -0.029743 1.725975 0.3956655
006 2 10 5 0 0.353553 -0.030009 0 0.7478 0 0 -0.394247 -0.030009 1.730316 0.3953874
006 2 10 5 0 0.353854 -0.030272 0 0.7478 0 0 -0.393946 -0.030272 1.734642 0.3951074
006 2 10 5 0 0.354158 -0.030532 0 0.7478 0 0 -0.393642 -0.030532 1.7388 0.3948243
006 2 10 5 0 0.354465 -0.030789 0 0.7478 0 0 -0.393335 -0.030789 1.742966 0.3945382
006 2 10 5 0 0.354774 -0.031043 0 0.7478 0 0 -0.393026 -0.031043 1.747459 0.3942501
006 2 10 5 0 0.355086 -0.031293 0 0.7478 0 0 -0.392714 -0.031293 1.751732 0.3939588
006 2 10 5 0 0.3554 -0.031541 0 0.7478 0 0 -0.3924 -0.031541 1.756065 0.3936656
006 2 10 5 0 0.355717 -0.031785 0 0.7478 0 0 -0.392083 -0.031785 1.760193 0.3933692
006 2 10 5 0 0.356036 -0.032027 0 0.7478 0 0 -0.391764 -0.032027 1.764549 0.3930709
006 2 10 5 0 0.356357 -0.032265 0 0.7478 0 0 -0.391443 -0.032265 1.768745 0.3927705
006 2 10 5 0 0.356681 -0.0325 0 0.7478 0 0 -0.391119 -0.0325 1.77317 0.392467
006 2 10 5 0 0.357007 -0.032731 0 0.7478 0 0 -0.390793 -0.032731 1.777328 0.3921613
006 2 10 5 0 0.357335 -0.032959 0 0.7478 0 0 -0.390465 -0.032959 1.782066 0.3918535
006 2 10 5 0 0.357666 -0.033184 0 0.7478 0 0 -0.390134 -0.033184 1.786232 0.3915427
006 2 10 5 0 0.357999 -0.033406 0 0.7478 0 0 -0.389801 -0.033406 1.790497 0.3912298
006 2 10 5 0 0.358334 -0.033624 0 0.7478 0 0 -0.389466 -0.033624 1.795044 0.3909147
006 2 10 5 0 0.358672 -0.033839 0 0.7478 0 0 -0.389128 -0.033839 1.799377 0.3905966
006 2 10 5 0 0.359011 -0.034051 0 0.7478 0 0 -0.388789 -0.034051 1.803703 0.3902773
006 2 10 5 0 0.359353 -0.034259 0 0.7478 0 0 -0.388447 -0.034259 1.807953 0.3899548
006 2 10 5 0 0.359696 -0.034464 0 0.7478 0 0 -0.388104 -0.034464 1.812782 0.3896312
006 2 10 5 0 0.360042 -0.034665 0 0.7478 0 0 -0.387758 -0.034665 1.818405 0.3893044
006 2 10 5 0 0.36039 -0.034863 0 0.7478 0 0 -0.38741 -0.034863 1.823036 0.3889755
006 2 10 5 0 0.360739 -0.035057 0 0.7478 0 0 -0.387061 -0.035057 1.827148 0.3886454
006 2 10 5 0 0.361091 -0.035248 0 0.7478 0 0 -0.386709 -0.035248 1.831528 0.388312
006 2 10 5 0 0.361444 -0.035436 0 0.7478 0 0 -0.386356 -0.035436 1.83593 0.3879777
006 2 10 5 0 0.361799 -0.035619 0 0.7478 0 0 -0.386001 -0.035619 1.84008 0.3876409
006 2 10 5 0 0.362157 -0.0358 0 0.7478 0 0 -0.385643 -0.0358 1.844177 0.3873011
006 2 10 5 0 0.362515 -0.035976 0 0.7478 0 0 -0.385285 -0.035976 1.848618 0.386961
006 2 10 5 0 0.362876 -0.036149 0 0.7478 0 0 -0.384924 -0.036149 1.852974 0.3866177
006 2 10 5 0 0.363238 -0.036319 0 0.7478 0 0 -0.384562 -0.036319 1.85714 0.3862732
006 2 10 5 0 0.363602 -0.036484 0 0.7478 0 0 -0.384198 -0.036484 1.861252 0.3859264
006 2 10 5 0 0.363968 -0.036647 0 0.7478 0 0 -0.383832 -0.036647 1.865517 0.3855775
006 2 10 5 0 0.364335 -0.036805 0 0.7478 0 0 -0.383465 -0.036805 1.869637 0.3852272
006 2 10 5 0 0.364704 -0.03696 0 0.7478 0 0 -0.383096 -0.03696 1.874283 0.3848747
006 2 10 5 0 0.365074 -0.037111 0 0.7478 0 0 -0.382726 -0.037111 1.878578 0.384521
006 2 10 5 0 0.365446 -0.037258 0 0.7478 0 0 -0.382354 -0.037258 1.882858 0.384165
006 2 10 5 0 0.36582 -0.037402 0 0.7478 0 0 -0.38198 -0.037402 1.887001 0.3838068
006 2 10 5 0 0.366194 -0.037542 0 0.7478 0 0 -0.381606 -0.037542 1.891777 0.3834482
006 2 10 5 0 0.36657 -0.037678 0 0.7478 0 0 -0.38123 -0.037678 1.896278 0.3830874
006 2 10 5 0 0.366948 -0.037811 0 0.7478 0 0 -0.380852 -0.037811 1.90049 0.3827243
006 2 10 5 0 0.367327 -0.037939 0 0.7478 0 0 -0.380473 -0.037939 1.904739 0.3823599
006 2 10 5 0 0.367707 -0.038064 0 0.7478 0 0 -0.380093 -0.038064 1.908966 0.3819942
006 2 10 5 0 0.368088 -0.038185 0 0.7478 0 0 -0.379712 -0.038185 1.913437 0.3816271
006 2 10 5 0 0.36847 -0.038302 0 0.7478 0 0 -0.37933 -0.038302 1.917755 0.3812588
006 2 10 5 0 0.368854 -0.038416 0 0.7478 0 0 -0.378946 -0.038416 1.921944 0.3808882
006 2 10 5 0 0.369239 -0.038525 0 0.7478 0 0 -0.378561 -0.038525 1.926102 0.3805162
006 2 10 5 0 0.369624 -0.038631 0 0.7478 0 0 -0.378176 -0.038631 1.930428 0.3801439
006 2 10 5 0 0.370011 -0.038733 0 0.7478 0 0 -0.377789 -0.038733 1.934807 0.3797694
006 2 10 5 0 0.370399 -0.038831 0 0.7478 0 0 -0.377401 -0.038831 1.93895 0.3793934
006 2 10 5 0 0.370788 -0.038925 0 0.7478 0 0 -0.377012 -0.038925 1.9431 0.3790161
006 2 10 5 0 0.371178 -0.039015 0 0.7478 0 0 -0.376622 -0.039015 1.947403 0.3786374
006 2 10 5 0 0.371568 -0.039101 0 0.7478 0 0 -0.376232 -0.039101 1.95153 0.3782584
006 2 10 5 0 0.37196 -0.039184 0 0.7478 0 0 -0.37584 -0.039184 1.955864 0.3778771
006 2 10 5 0 0.372352 -0.039262 0 0.7478 0 0 -0.375448 -0.039262 1.960106 0.3774953
006 2 10 5 0 0.372745 -0.039337 0 0.7478 0 0 -0.375055 -0.039337 1.9645 0.3771122
006 2 10 5 0 0.373139 -0.039407 0 0.7478 0 0 -0.374661 -0.039407 1.96862 0.3767277
006 2 10 5 0 0.373533 -0.039474 0 0.7478 0 0 -0.374267 -0.039474 1.972984 0.3763429
006 2 10 5 0 0.373928 -0.039536 0 0.7478 0 0 -0.373872 -0.039536 1.977142 0.3759566
006 2 10 5 0 0.374324 -0.039595 0 0.7478 0 0 -0.373476 -0.039595 1.981522 0.375569
006 2 10 5 0 0.37472 -0.03965 0 0.7478 0 0 -0.37308 -0.03965 1.985611 0.375181
006 2 10 5 0 0.375117 -0.039701 0 0.7478 0 0 -0.372683 -0.039701 1.989929 0.3747917
006 2 10 5 0 0.375514 -0.039748 0 0.7478 0 0 -0.372286 -0.039748 1.994514 0.3744019
006 2 10 5 0 0.375912 -0.039791 0 0.7478 0 0 -0.371888 -0.039791 1.99894 0.3740107
006 2 10 5 0 0.37631 -0.039829 0 0.7478 0 0 -0.37149 -0.039829 2.00309 0.373619
006 2 10 5 0 0.376708 -0.039864 0 0.7478 0 0 -0.371092 -0.039864 2.00737 0.373227
006 2 10 5 0 0.377107 -0.039895 0 0.7478 0 0 -0.370693 -0.039895 2.011703 0.3728336
006 2 10 5 0 0.377506 -0.039922 0 0.7478 0 0 -0.370294 -0.039922 2.016571 0.3724398
006 2 10 5 0 0.377905 -0.039945 0 0.7478 0 0 -0.369895 -0.039945 2.020691 0.3720455
006 2 10 5 0 0.378305 -0.039964 0 0.7478 0 0 -0.369495 -0.039964 2.024895 0.3716499
006 2 10 5 0 0.378705 -0.039979 0 0.7478 0 0 -0.369095 -0.039979 2.029274 0.3712539
006 2 10 5 0 0.379105 -0.03999 0 0.7478 0 0 -0.368695 -0.03999 2.033752 0.3708574
006 2 10 5 0 0.379504 -0.039997 0 0.7478 0 0 -0.368296 -0.039997 2.037933 0.3704615
006 2 10 5 0 0.379904 -0.04 0 0.7478 0 0 -0.367896 -0.04 2.042114 0.3700641
006 2 10 5 0 0.380304 -0.039999 0 0.7478 0 0 -0.367496 -0.039999 2.046394 0.3696664
006 2 10 5 0 0.380704 -0.039994 0 0.7478 0 0 -0.367096 -0.039994 2.050507 0.3692681
006 2 10 5 0 0.381104 -0.039985 0 0.7478 0 0 -0.366696 -0.039985 2.054779 0.3688696
006 2 10 5 0 0.381504 -0.039972 0 0.7478 0 0 -0.366296 -0.039972 2.058884 0.3684705
006 2 10 5 0 0.381904 -0.039955 0 0.7478 0 0 -0.365896 -0.039955 2.063179 0.368071
006 2 10 5 0 0.382303 -0.039934 0 0.7478 0 0 -0.365497 -0.039934 2.067345 0.3676721
006 2 10 5 0 0.382702 -0.039909 0 0.7478 0 0 -0.365098 -0.039909 2.071487 0.3672728
006 2 10 5 0 0.383101 -0.03988 0 0.7478 0 0 -0.364699 -0.03988 2.075813 0.3668729
006 2 10 5 0 0.3835 -0.039847 0 0.7478 0 0 -0.3643 -0.039847 2.080238 0.3664727
006 2 10 5 0 0.383898 -0.03981 0 0.7478 0 0 -0.363902 -0.03981 2.084648 0.366073
006 2 10 5 0 0.384296 -0.039769 0 0.7478 0 0 -0.363504 -0.039769 2.088768 0.365673
006 2 10 5 0 0.384694 -0.039724 0 0.7478 0 0 -0.363106 -0.039724 2.093109 0.3652724
006 2 10 5 0 0.385091 -0.039675 0 0.7478 0 0 -0.362709 -0.039675 2.098068 0.3648725
006 2 10 5 0 0.385487 -0.039622 0 0.7478 0 0 -0.362313 -0.039622 2.102333 0.364473
006 2 10 5 0 0.385883 -0.039565 0 0.7478 0 0 -0.361917 -0.039565 2.106461 0.3640732
006 2 10 5 0 0.386278 -0.039504 0 0.7478 0 0 -0.361522 -0.039504 2.110603 0.3636739
006 2 10 5 0 0.386673 -0.039439 0 0.7478 0 0 -0.361127 -0.039439 2.115364 0.3632742
006 2 10 5 0 0.387067 -0.039371 0 0.7478 0 0 -0.360733 -0.039371 2.119438 0.3628751
006 2 10 5 0 0.38746 -0.039298 0 0.7478 0 0 -0.36034 -0.039298 2.123573 0.3624766
006 2 10 5 0 0.387853 -0.039222 0 0.7478 0 0 -0.359947 -0.039222 2.127808 0.3620776
006 2 10 5 0 0.388245 -0.039141 0 0.7478 0 0 -0.359555 -0.039141 2.132156 0.3616791
006 2 10 5 0 0.388636 -0.039057 0 0.7478 0 0 -0.359164 -0.039057 2.136505 0.3612814
006 2 10 5 0 0.389026 -0.038968 0 0.7478 0 0 -0.358774 -0.038968 2.140709 0.360884
006 2 10 5 0 0.389415 -0.038876 0 0.7478 0 0 -0.358385 -0.038876 2.145035 0.3604874
006 2 10 5 0 0.389804 -0.03878 0 0.7478 0 0 -0.357996 -0.03878 2.149429 0.3600903
006 2 10 5 0 0.390191 -0.03868 0 0.7478 0 0 -0.357609 -0.03868 2.15377 0.3596947
006 2 10 5 0 0.390577 -0.038576 0 0.7478 0 0 -0.357223 -0.038576 2.157867 0.3592998
006 2 10 5 0 0.390962 -0.038469 0 0.7478 0 0 -0.356838 -0.038469 2.162399 0.3589056
006 2 10 5 0 0.391346 -0.038357 0 0.7478 0 0 -0.356454 -0.038357 2.166565 0.3585118
006 2 10 5 0 0.391729 -0.038242 0 0.7478 0 0 -0.356071 -0.038242 2.170715 0.3581187
006 2 10 5 0 0.392111 -0.038122 0 0.7478 0 0 -0.355689 -0.038122 2.175034 0.3577261
006 2 10 5 0 0.392492 -0.037999 0 0.7478 0 0 -0.355308 -0.037999 2.17923 0.3573341
006 2 10 5 0 0.392871 -0.037873 0 0.7478 0 0 -0.354929 -0.037873 2.183464 0.3569439
006 2 10 5 0 0.393249 -0.037742 0 0.7478 0 0 -0.354551 -0.037742 2.187538 0.3565542
006 2 10 5 0 0.393626 -0.037608 0 0.7478 0 0 -0.354174 -0.037608 2.191696 0.3561651
006 2 10 5 0 0.394001 -0.037469 0 0.7478 0 0 -0.353799 -0.037469 2.196281 0.3557775
006 2 10 5 0 0.394375 -0.037328 0 0.7478 0 0 -0.353425 -0.037328 2.200493 0.3553908
006 2 10 5 0 0.394748 -0.037182 0 0.7478 0 0 -0.353052 -0.037182 2.204651 0.3550045
006 2 10 5 0 0.395119 -0.037033 0 0.7478 0 0 -0.352681 -0.037033 2.208817 0.35462
006 2 10 5 0 0.395489 -0.03688 0 0.7478 0 0 -0.352311 -0.03688 2.213318 0.354236
006 2 10 5 0 0.395857 -0.036723 0 0.7478 0 0 -0.351943 -0.036723 2.217659 0.3538537
006 2 10 5 0 0.396223 -0.036562 0 0.7478 0 0 -0.351577 -0.036562 2.221771 0.353473
006 2 10 5 0 0.396588 -0.036398 0 0.7478 0 0 -0.351212 -0.036398 2.225883 0.353093
006 2 10 5 0 0.396951 -0.036231 0 0.7478 0 0 -0.350849 -0.036231 2.230125 0.3527147
006 2 10 5 0 0.397313 -0.036059 0 0.7478 0 0 -0.350487 -0.036059 2.234512 0.352337
006 2 10 5 0 0.397672 -0.035884 0 0.7478 0 0 -0.350128 -0.035884 2.238861 0.351962
006 2 10 5 0 0.39803 -0.035706 0 0.7478 0 0 -0.34977 -0.035706 2.243103 0.3515878
006 2 10 5 0 0.398386 -0.035524 0 0.7478 0 0 -0.349414 -0.035524 2.247368 0.3512152
006 2 10 5 0 0.398741 -0.035338 0 0.7478 0 0 -0.349059 -0.035338 2.251503 0.3508432
006 2 10 5 0 0.399093 -0.035149 0 0.7478 0 0 -0.348707 -0.035149 2.255844 0.350474
006 2 10 5 0 0.399444 -0.034956 0 0.7478 0 0 -0.348356 -0.034956 2.259941 0.3501054
006 2 10 5 0 0.399792 -0.03476 0 0.7478 0 0 -0.348008 -0.03476 2.264381 0.3497396
006 2 10 5 0 0.400139 -0.03456 0 0.7478 0 0 -0.347661 -0.03456 2.268616 0.3493745
006 2 10 5 0 0.400483 -0.034357 0 0.7478 0 0 -0.347317 -0.034357 2.272957 0.3490122
006 2 10 5 0 0.400826 -0.034151 0 0.7478 0 0 -0.346974 -0.034151 2.277138 0.3486506
006 2 10 5 0 0.401166 -0.033941 0 0.7478 0 0 -0.346634 -0.033941 2.281517 0.3482917
006 2 10 5 0 0.401505 -0.033728 0 0.7478 0 0 -0.346295 -0.033728 2.285736 0.3479336
006 2 10 5 0 0.401841 -0.033511 0 0.7478 0 0 -0.345959 -0.033511 2.289879 0.3475782
006 2 10 5 0 0.402175 -0.033291 0 0.7478 0 0 -0.345625 -0.033291 2.29422 0.3472246
006 2 10 5 0 0.402507 -0.033067 0 0.7478 0 0 -0.345293 -0.033067 2.298752 0.3468727
006 2 10 5 0 0.402836 -0.032841 0 0.7478 0 0 -0.344964 -0.032841 2.30294 0.3465237
006 2 10 5 0 0.403164 -0.032611 0 0.7478 0 0 -0.344636 -0.032611 2.307037 0.3461755
006 2 10 5 0 0.403489 -0.032377 0 0.7478 0 0 -0.344311 -0.032377 2.311569 0.3458299
006 2 10 5 0 0.403811 -0.032141 0 0.7478 0 0 -0.343989 -0.032141 2.31675 0.3454873
006 2 10 5 0 0.404131 -0.031901 0 0.7478 0 0 -0.343669 -0.031901 2.321045 0.3451464
006 2 10 5 0 0.404449 -0.031658 0 0.7478 0 0 -0.343351 -0.031658 2.325188 0.3448074
006 2 10 5 0 0.404764 -0.031412 0 0.7478 0 0 -0.343036 -0.031412 2.329414 0.3444712
006 2 10 5 0 0.405077 -0.031163 0 0.7478 0 0 -0.342723 -0.031163 2.333893 0.3441369
006 2 10 5 0 0.405388 -0.030911 0 0.7478 0 0 -0.342412 -0.030911 2.338142 0.3438044
006 2 10 5 0 0.405696 -0.030655 0 0.7478 0 0 -0.342104 -0.030655 2.342422 0.3434747
006 2 10 5 0 0.406001 -0.030397 0 0.7478 0 0 -0.341799 -0.030397 2.346741 0.343148
006 2 10 5 0 0.406303 -0.030135 0 0.7478 0 0 -0.341497 -0.030135 2.350899 0.342824
006 2 10 5 0 0.406604 -0.029871 0 0.7478 0 0 -0.341196 -0.029871 2.355156 0.3425011
006 2 10 5 0 0.406901 -0.029603 0 0.7478 0 0 -0.340899 -0.029603 2.35923 0.3421819
006 2 10 5 0 0.407196 -0.029333 0 0.7478 0 0 -0.340604 -0.029333 2.363548 0.3418647
006 2 10 5 0 0.407488 -0.029059 0 0.7478 0 0 -0.340312 -0.029059 2.367691 0.3415504
006 2 10 5 0 0.407777 -0.028783 0 0.7478 0 0 -0.340023 -0.028783 2.371925 0.341239
006 2 10 5 0 0.408063 -0.028504 0 0.7478 0 0 -0.339737 -0.028504 2.376221 0.3409306
006 2 10 5 0 0.408347 -0.028222 0 0.7478 0 0 -0.339453 -0.028222 2.38047 0.3406242
006 2 10 5 0 0.408628 -0.027937 0 0.7478 0 0 -0.339172 -0.027937 2.384689 0.3403206
006 2 10 5 0 0.408906 -0.027649 0 0.7478 0 0 -0.338894 -0.027649 2.388863 0.34002
006 2 10 5 0 0.409181 -0.027359 0 0.7478 0 0 -0.338619 -0.027359 2.393204 0.3397225
006 2 10 5 0 0.409453 -0.027065 0 0.7478 0 0 -0.338347 -0.027065 2.397675 0.3394277
006 2 10 5 0 0.409722 -0.02677 0 0.7478 0 0 -0.338078 -0.02677 2.40184 0.3391362
006 2 10 5 0 0.409988 -0.026471 0 0.7478 0 0 -0.337812 -0.026471 2.405998 0.3388475
006 2 10 5 0 0.410251 -0.02617 0 0.7478 0 0 -0.337549 -0.02617 2.410088 0.338562
006 2 10 5 0 0.410511 -0.025866 0 0.7478 0 0 -0.337289 -0.025866 2.414604 0.3382793
006 2 10 5 0 0.410769 -0.02556 0 0.7478 0 0 -0.337031 -0.02556 2.418816 0.3379988
006 2 10 5 0 0.411023 -0.025251 0 0.7478 0 0 -0.336777 -0.025251 2.422974 0.3377223
006 2 10 5 0 0.411274 -0.024939 0 0.7478 0 0 -0.336526 -0.024939 2.427124 0.3374488
006 2 10 5 0 0.411521 -0.024625 0 0.7478 0 0 -0.336279 -0.024625 2.431442 0.3371794
006 2 10 5 0 0.411766 -0.024309 0 0.7478 0 0 -0.336034 -0.024309 2.435707 0.3369121
006 2 10 5 0 0.412008 -0.02399 0 0.7478 0 0 -0.335792 -0.02399 2.439857 0.3366478
006 2 10 5 0 0.412246 -0.023669 0 0.7478 0 0 -0.335554 -0.023669 2.444038 0.3363877
006 2 10 5 0 0.412481 -0.023345 0 0.7478 0 0 -0.335319 -0.023345 2.448387 0.3361306
006 2 10 5 0 0.412713 -0.023019 0 0.7478 0 0 -0.335087 -0.023019 2.452568 0.3358767
006 2 10 5 0 0.412941 -0.022691 0 0.7478 0 0 -0.334859 -0.022691 2.456909 0.3356269
006 2 10 5 0 0.413167 -0.02236 0 0.7478 0 0 -0.334633 -0.02236 2.461143 0.3353792
006 2 10 5 0 0.413389 -0.022027 0 0.7478 0 0 -0.334411 -0.022027 2.465462 0.3351356
006 2 10 5 0 0.413607 -0.021692 0 0.7478 0 0 -0.334193 -0.021692 2.469574 0.3348962
006 2 10 5 0 0.413822 -0.021355 0 0.7478 0 0 -0.333978 -0.021355 2.473915 0.33466
006 2 10 5 0 0.414034 -0.021016 0 0.7478 0 0 -0.333766 -0.021016 2.478111 0.334427
006 2 10 5 0 0.414243 -0.020675 0 0.7478 0 0 -0.333557 -0.020675 2.482407 0.3341971
006 2 10 5 0 0.414448 -0.020331 0 0.7478 0 0 -0.333352 -0.020331 2.486588 0.3339714
006 2 10 5 0 0.414649 -0.019986 0 0.7478 0 0 -0.333151 -0.019986 2.490723 0.3337499
006 2 10 5 0 0.414847 -0.019638 0 0.7478 0 0 -0.332953 -0.019638 2.495247 0.3335316
006 2 10 5 0 0.415042 -0.019289 0 0.7478 0 0 -0.332758 -0.019289 2.499435 0.3333166
006 2 10 5 0 0.415233 -0.018937 0 0.7478 0 0 -0.332567 -0.018937 2.503639 0.3331057
006 2 10 5 0 0.415421 -0.018584 0 0.7478 0 0 -0.332379 -0.018584 2.507782 0.3328981
006 2 10 5 0 0.415605 -0.018229 0 0.7478 0 0 -0.332195 -0.018229 2.511993 0.3326948
006 2 10 5 0 0.415785 -0.017872 0 0.7478 0 0 -0.332015 -0.017872 2.51635 0.3324957
006 2 10 5 0 0.415962 -0.017513 0 0.7478 0 0 -0.331838 -0.017513 2.520454 0.3322998
006 2 10 5 0 0.416136 -0.017153 0 0.7478 0 0 -0.331664 -0.017153 2.524536 0.3321072
006 2 10 5 0 0.416305 -0.016791 0 0.7478 0 0 -0.331495 -0.016791 2.528732 0.33192
006 2 10 5 0 0.416471 -0.016427 0 0.7478 0 0 -0.331329 -0.016427 2.533165 0.3317359
006 2 10 5 0 0.416634 -0.016061 0 0.7478 0 0 -0.331166 -0.016061 2.537338 0.3315552
006 2 10 5 0 0.416793 -0.015694 0 0.7478 0 0 -0.331007 -0.015694 2.541435 0.3313788
006 2 10 5 0 0.416948 -0.015325 0 0.7478 0 0 -0.330852 -0.015325 2.545784 0.3312067
006 2 10 5 0 0.417099 -0.014955 0 0.7478 0 0 -0.330701 -0.014955 2.549995 0.331039
006 2 10 5 0 0.417247 -0.014583 0 0.7478 0 0 -0.330553 -0.014583 2.55439 0.3308745
006 2 10 5 0 0.417391 -0.01421 0 0.7478 0 0 -0.330409 -0.01421 2.564728 0.3307144
006 2 10 5 0 0.417531 -0.013836 0 0.7478 0 0 -0.330269 -0.013836 2.568916 0.3305587
006 2 10 5 0 0.417668 -0.01346 0 0.7478 0 0 -0.330132 -0.01346 2.573204 0.3304062
006 2 10 5 0 0.4178 -0.013082 0 0.7478 0 0 -0.33 -0.013082 2.577446 0.3302592
006 2 10 5 0 0.417929 -0.012704 0 0.7478 0 0 -0.329871 -0.012704 2.581978 0.3301155
006 2 10 5 0 0.418054 -0.012324 0 0.7478 0 0 -0.329746 -0.012324 2.586418 0.3299762
006 2 10 5 0 0.418176 -0.011942 0 0.7478 0 0 -0.329624 -0.011942 2.590691 0.3298402
006 2 10 5 0 0.418293 -0.01156 0 0.7478 0 0 -0.329507 -0.01156 2.595337 0.3297097
006 2 10 5 0 0.418407 -0.011177 0 0.7478 0 0 -0.329393 -0.011177 2.599609 0.3295826
006 2 10 5 0 0.418517 -0.010792 0 0.7478 0 0 -0.329283 -0.010792 2.603798 0.3294598
006 2 10 5 0 0.418623 -0.010406 0 0.7478 0 0 -0.329177 -0.010406 2.60804 0.3293414
006 2 10 5 0 0.418725 -0.01002 0 0.7478 0 0 -0.329075 -0.01002 2.61235 0.3292275
006 2 10 5 0 0.418823 -0.009632 0 0.7478 0 0 -0.328977 -0.009632 2.616806 0.329118
006 2 10 5 0 0.418917 -0.009243 0 0.7478 0 0 -0.328883 -0.009243 2.621033 0.3290128
006 2 10 5 0 0.419008 -0.008853 0 0.7478 0 0 -0.328792 -0.008853 2.625702 0.3289112
006 2 10 5 0 0.419094 -0.008463 0 0.7478 0 0 -0.328706 -0.008463 2.629982 0.3288149
006 2 10 5 0 0.419177 -0.008072 0 0.7478 0 0 -0.328623 -0.008072 2.634323 0.3287221
006 2 10 5 0 0.419256 -0.007679 0 0.7478 0 0 -0.328544 -0.007679 2.638466 0.3286337
006 2 10 5 0 0.419331 -0.007287 0 0.7478 0 0 -0.328469 -0.007287 2.642662 0.3285498
006 2 10 5 0 0.419402 -0.006893 0 0.7478 0 0 -0.328398 -0.006893 2.647041 0.3284703
006 2 10 5 0 0.419469 -0.006498 0 0.7478 0 0 -0.328331 -0.006498 2.65126 0.3283953
006 2 10 5 0 0.419532 -0.006103 0 0.7478 0 0 -0.328268 -0.006103 2.655563 0.3283247
006 2 10 5 0 0.419591 -0.005708 0 0.7478 0 0 -0.328209 -0.005708 2.659637 0.3282586
006 2 10 5 0 0.419646 -0.005312 0 0.7478 0 0 -0.328154 -0.005312 2.663857 0.328197
006 2 10 5 0 0.419697 -0.004915 0 0.7478 0 0 -0.328103 -0.004915 2.667953 0.3281398
006 2 10 5 0 0.419744 -0.004518 0 0.7478 0 0 -0.328056 -0.004518 2.672089 0.3280871
006 2 10 5 0 0.419787 -0.00412 0 0.7478 0 0 -0.328013 -0.00412 2.676323 0.3280388
006 2 10 5 0 0.419826 -0.003722 0 0.7478 0 0 -0.327974 -0.003722 2.680687 0.3279951
006 2 10 5 0 0.419862 -0.003324 0 0.7478 0 0 -0.327938 -0.003324 2.68483 0.3279548
006 2 10 5 0 0.419893 -0.002925 0 0.7478 0 0 -0.327907 -0.002925 2.688988 0.32792
006 2 10 5 0 0.41992 -0.002526 0 0.7478 0 0 -0.32788 -0.002526 2.693275 0.3278897
006 2 10 5 0 0.419943 -0.002126 0 0.7478 0 0 -0.327857 -0.002126 2.697731 0.3278639
006 2 10 5 0 0.419963 -0.001727 0 0.7478 0 0 -0.327837 -0.001727 2.702202 0.3278415
006 2 10 5 0 0.419978 -0.001327 0 0.7478 0 0 -0.327822 -0.001327 2.706345 0.3278247
006 2 10 5 0 0.419989 -0.000927 0 0.7478 0 0 -0.327811 -0.000927 2.710648 0.3278123
006 2 10 5 0 0.419997 -0.000527 0 0.7478 0 0 -0.327803 -0.000527 2.715141 0.3278034
006 2 10 5 0 0.42 -0.000127 0 0.7478 0 0 -0.3278 -0.000127 2.719231 0.3278
006 2 10 5 0 0.42 0 0 0.7478 0 0 -0.3278 0 2.72332 0.3278
