006 2 22 4 0.02 0.4 0 0 0.7478 0 0.02 -0.3478 0 0 0.3483745
006 2 22 4 0.019998 0.4004 0 0 0.7478 0 0.019998 -0.3474 0 0.004348755 0.3479751
006 2 22 4 0.019992 0.4008 0 0 0.7478 0 0.019992 -0.347 0 0.008880615 0.3475754
006 2 22 4 0.019982 0.4012 0 0 0.7478 0 0.019982 -0.3466 0 0.01332092 0.3471755
006 2 22 4 0.019968 0.4016 0 0 0.7478 0 0.019968 -0.3462 0 0.01760864 0.3467754
006 2 22 4 0.01995 0.401999 0 0 0.7478 0 0.01995 -0.345801 0 0.021698 0.346376
006 2 22 4 0.019928 0.402399 0 0 0.7478 0 0.019928 -0.345401 0 0.02601624 0.3459754
006 2 22 4 0.019902 0.402798 0 0 0.7478 0 0.019902 -0.345002 0 0.03019714 0.3455756
006 2 22 4 0.019872 0.403197 0 0 0.7478 0 0.019872 -0.344603 0 0.03448486 0.3451755
006 2 22 4 0.019838 0.403595 0 0 0.7478 0 0.019838 -0.344205 0 0.03858948 0.3447762
006 2 22 4 0.0198 0.403993 0 0 0.7478 0 0.0198 -0.343807 0 0.04270935 0.3443767
006 2 22 4 0.019758 0.404391 0 0 0.7478 0 0.019758 -0.343409 0 0.04708862 0.3439769
006 2 22 4 0.019712 0.404788 0 0 0.7478 0 0.019712 -0.343012 0 0.05148315 0.3435779
006 2 22 4 0.019662 0.405185 0 0 0.7478 0 0.019662 -0.342615 0 0.05574036 0.3431787
006 2 22 4 0.019609 0.405582 0 0 0.7478 0 0.019609 -0.342218 0 0.0599823 0.3427793
006 2 22 4 0.019551 0.405978 0 0 0.7478 0 0.019551 -0.341822 0 0.06427002 0.3423807
006 2 22 4 0.019489 0.406373 0 0 0.7478 0 0.019489 -0.341427 0 0.06855774 0.3419828
006 2 22 4 0.019423 0.406767 0 0 0.7478 0 0.019423 -0.341033 0 0.07272339 0.3415856
006 2 22 4 0.019354 0.407161 0 0 0.7478 0 0.019354 -0.340639 0 0.07687378 0.3411884
006 2 22 4 0.01928 0.407554 0 0 0.7478 0 0.01928 -0.340246 0 0.08100891 0.3407918
006 2 22 4 0.019203 0.407947 0 0 0.7478 0 0.019203 -0.339853 0 0.08525085 0.3403951
006 2 22 4 0.019121 0.408338 0 0 0.7478 0 0.019121 -0.339462 0 0.08953857 0.3400001
006 2 22 4 0.019036 0.408729 0 0 0.7478 0 0.019036 -0.339071 0 0.09370422 0.3396049
006 2 22 4 0.018947 0.409119 0 0 0.7478 0 0.018947 -0.338681 0 0.09802246 0.3392105
006 2 22 4 0.018854 0.409508 0 0 0.7478 0 0.018854 -0.338292 0 0.1021881 0.3388169
006 2 22 4 0.018756 0.409896 0 0 0.7478 0 0.018756 -0.337904 0 0.1064911 0.3384241
006 2 22 4 0.018656 0.410283 0 0 0.7478 0 0.018656 -0.337517 0 0.1110229 0.3380322
006 2 22 4 0.018551 0.410669 0 0 0.7478 0 0.018551 -0.337131 0 0.1162262 0.337641
006 2 22 4 0.018442 0.411054 0 0 0.7478 0 0.018442 -0.336746 0 0.1209717 0.3372506
006 2 22 4 0.01833 0.411438 0 0 0.7478 0 0.01833 -0.336362 0 0.1250916 0.336861
006 2 22 4 0.018213 0.411821 0 0 0.7478 0 0.018213 -0.335979 0 0.1293945 0.3364723
006 2 22 4 0.018093 0.412202 0 0 0.7478 0 0.018093 -0.335598 0 0.1338501 0.3360854
006 2 22 4 0.017969 0.412583 0 0 0.7478 0 0.017969 -0.335217 0 0.138092 0.3356983
006 2 22 4 0.017842 0.412962 0 0 0.7478 0 0.017842 -0.334838 0 0.1422272 0.335313
006 2 22 4 0.01771 0.413339 0 0 0.7478 0 0.01771 -0.334461 0 0.1466064 0.3349295
006 2 22 4 0.017575 0.413716 0 0 0.7478 0 0.017575 -0.334084 0 0.1509247 0.3345459
006 2 22 4 0.017436 0.414091 0 0 0.7478 0 0.017436 -0.333709 0 0.1551514 0.3341642
006 2 22 4 0.017293 0.414465 0 0 0.7478 0 0.017293 -0.333335 0 0.159256 0.3337832
006 2 22 4 0.017147 0.414837 0 0 0.7478 0 0.017147 -0.332963 0 0.1640472 0.3334042
006 2 22 4 0.016996 0.415208 0 0 0.7478 0 0.016996 -0.332592 0 0.1701508 0.333026
006 2 22 4 0.016842 0.415577 0 0 0.7478 0 0.016842 -0.332223 0 0.1748352 0.3326496
006 2 22 4 0.016685 0.415944 0 0 0.7478 0 0.016685 -0.331856 0 0.1789856 0.3322752
006 2 22 4 0.016524 0.41631 0 0 0.7478 0 0.016524 -0.33149 0 0.1832428 0.3319016
006 2 22 4 0.016359 0.416675 0 0 0.7478 0 0.016359 -0.331125 0 0.1876831 0.3315288
006 2 22 4 0.01619 0.417038 0 0 0.7478 0 0.01619 -0.330762 0 0.1920013 0.331158
006 2 22 4 0.016018 0.417399 0 0 0.7478 0 0.016018 -0.330401 0 0.1962738 0.330789
006 2 22 4 0.015842 0.417758 0 0 0.7478 0 0.015842 -0.330042 0 0.2008514 0.330422
006 2 22 4 0.015663 0.418115 0 0 0.7478 0 0.015663 -0.329685 0 0.2050934 0.3300568
006 2 22 4 0.01548 0.418471 0 0 0.7478 0 0.01548 -0.329329 0 0.2093658 0.3296926
006 2 22 4 0.015293 0.418825 0 0 0.7478 0 0.015293 -0.328975 0 0.2136688 0.3293303
006 2 22 4 0.015103 0.419177 0 0 0.7478 0 0.015103 -0.328623 0 0.2180176 0.3289699
006 2 22 4 0.01491 0.419527 0 0 0.7478 0 0.01491 -0.328273 0 0.2221832 0.3286114
006 2 22 4 0.014713 0.419875 0 0 0.7478 0 0.014713 -0.327925 0 0.2266693 0.3282549
006 2 22 4 0.014512 0.420221 0 0 0.7478 0 0.014512 -0.327579 0 0.2318726 0.3279003
006 2 22 4 0.014308 0.420565 0 0 0.7478 0 0.014308 -0.327235 0 0.2364502 0.3275476
006 2 22 4 0.014101 0.420907 0 0 0.7478 0 0.014101 -0.326893 0 0.2406464 0.327197
006 2 22 4 0.01389 0.421247 0 0 0.7478 0 0.01389 -0.326553 0 0.2447662 0.3268483
006 2 22 4 0.013676 0.421585 0 0 0.7478 0 0.013676 -0.326215 0 0.2494812 0.3265015
006 2 22 4 0.013459 0.421921 0 0 0.7478 0 0.013459 -0.325879 0 0.2536011 0.3261568
006 2 22 4 0.013238 0.422254 0 0 0.7478 0 0.013238 -0.325546 0 0.2577667 0.3258151
006 2 22 4 0.013013 0.422586 0 0 0.7478 0 0.013013 -0.325214 0 0.2619934 0.3254742
006 2 22 4 0.012786 0.422915 0 0 0.7478 0 0.012786 -0.324885 0 0.2665405 0.3251365
006 2 22 4 0.012555 0.423241 0 0 0.7478 0 0.012555 -0.324559 0 0.2707977 0.3248017
006 2 22 4 0.012321 0.423566 0 0 0.7478 0 0.012321 -0.324234 0 0.2751617 0.324468
006 2 22 4 0.012084 0.423888 0 0 0.7478 0 0.012084 -0.323912 0 0.2793579 0.3241373
006 2 22 4 0.011843 0.424207 0 0 0.7478 0 0.011843 -0.323593 0 0.2841034 0.3238097
006 2 22 4 0.0116 0.424525 0 0 0.7478 0 0.0116 -0.323275 0 0.2884521 0.323483
006 2 22 4 0.011353 0.424839 0 0 0.7478 0 0.011353 -0.322961 0 0.2927399 0.3231605
006 2 22 4 0.011103 0.425152 0 0 0.7478 0 0.011103 -0.322648 0 0.2969818 0.322839
006 2 22 4 0.01085 0.425461 0 0 0.7478 0 0.01085 -0.322339 0 0.3013153 0.3225216
006 2 22 4 0.010594 0.425769 0 0 0.7478 0 0.010594 -0.322031 0 0.3058777 0.3222052
006 2 22 4 0.010334 0.426073 0 0 0.7478 0 0.010334 -0.321727 0 0.3101807 0.3218929
006 2 22 4 0.010072 0.426375 0 0 0.7478 0 0.010072 -0.321425 0 0.3144989 0.3215828
006 2 22 4 0.009807 0.426675 0 0 0.7478 0 0.009807 -0.321125 0 0.3186798 0.3212747
006 2 22 4 0.009539 0.426972 0 0 0.7478 0 0.009539 -0.320828 0 0.3227997 0.3209698
006 2 22 4 0.009268 0.427266 0 0 0.7478 0 0.009268 -0.320534 0 0.3271942 0.320668
006 2 22 4 0.008993 0.427557 0 0 0.7478 0 0.008993 -0.320243 0 0.3314667 0.3203692
006 2 22 4 0.008716 0.427845 0 0 0.7478 0 0.008716 -0.319955 0 0.3357239 0.3200737
006 2 22 4 0.008437 0.428131 0 0 0.7478 0 0.008437 -0.319669 0 0.3400269 0.3197803
006 2 22 4 0.008154 0.428414 0 0 0.7478 0 0.008154 -0.319386 0 0.3443756 0.31949
006 2 22 4 0.007868 0.428694 0 0 0.7478 0 0.007868 -0.319106 0 0.3488007 0.319203
006 2 22 4 0.00758 0.428971 0 0 0.7478 0 0.00758 -0.318829 0 0.3530121 0.3189191
006 2 22 4 0.007289 0.429246 0 0 0.7478 0 0.007289 -0.318554 0 0.3571625 0.3186374
006 2 22 4 0.006995 0.429517 0 0 0.7478 0 0.006995 -0.318283 0 0.3613281 0.3183599
006 2 22 4 0.006699 0.429786 0 0 0.7478 0 0.006699 -0.318014 0 0.3655701 0.3180845
006 2 22 4 0.006399 0.430051 0 0 0.7478 0 0.006399 -0.317749 0 0.3699341 0.3178134
006 2 22 4 0.006097 0.430314 0 0 0.7478 0 0.006097 -0.317486 0 0.3741455 0.3175445
006 2 22 4 0.005793 0.430573 0 0 0.7478 0 0.005793 -0.317227 0 0.3783417 0.3172799
006 2 22 4 0.005486 0.43083 0 0 0.7478 0 0.005486 -0.31697 0 0.3826141 0.3170175
006 2 22 4 0.005176 0.431083 0 0 0.7478 0 0.005176 -0.316717 0 0.3869629 0.3167593
006 2 22 4 0.004864 0.431333 0 0 0.7478 0 0.004864 -0.316467 0 0.3912048 0.3165044
006 2 22 4 0.00455 0.43158 0 0 0.7478 0 0.00455 -0.31622 0 0.3956451 0.3162527
006 2 22 4 0.004233 0.431824 0 0 0.7478 0 0.004233 -0.315976 0 0.4000397 0.3160043
006 2 22 4 0.003913 0.432065 0 0 0.7478 0 0.003913 -0.315735 0 0.4042816 0.3157592
006 2 22 4 0.003592 0.432302 0 0 0.7478 0 0.003592 -0.315498 0 0.4087372 0.3155184
006 2 22 4 0.003267 0.432537 0 0 0.7478 0 0.003267 -0.315263 0 0.4131012 0.3152799
006 2 22 4 0.002941 0.432768 0 0 0.7478 0 0.002941 -0.315032 0 0.4174042 0.3150457
006 2 22 4 0.002612 0.432995 0 0 0.7478 0 0.002612 -0.314805 0 0.4215546 0.3148158
006 2 22 4 0.002281 0.43322 0 0 0.7478 0 0.002281 -0.31458 0 0.4257965 0.3145883
006 2 22 4 0.001948 0.433441 0 0 0.7478 0 0.001948 -0.314359 0 0.4302521 0.314365
006 2 22 4 0.001612 0.433659 0 0 0.7478 0 0.001612 -0.314141 0 0.4347534 0.3141451
006 2 22 4 0.001274 0.433873 0 0 0.7478 0 0.001274 -0.313927 0 0.4389343 0.3139296
006 2 22 4 0.000935 0.434084 0 0 0.7478 0 0.000935 -0.313716 0 0.4430695 0.3137174
006 2 22 4 0.000593 0.434292 0 0 0.7478 0 0.000593 -0.313508 0 0.4474945 0.3135085
006 2 22 4 0.000249 0.434496 0 0 0.7478 0 0.000249 -0.313304 0 0.4518585 0.3133041
006 2 22 4 -9.7E-05 0.434697 0 0 0.7478 0 -9.7E-05 -0.313103 0 0.4561462 0.313103
006 2 22 4 -0.000445 0.434894 0 0 0.7478 0 -0.000445 -0.312906 0 0.4604034 0.3129063
006 2 22 4 -0.000795 0.435088 0 0 0.7478 0 -0.000795 -0.312712 0 0.4646759 0.312713
006 2 22 4 -0.001147 0.435278 0 0 0.7478 0 -0.001147 -0.312522 0 0.4689789 0.3125241
006 2 22 4 -0.001501 0.435465 0 0 0.7478 0 -0.001501 -0.312335 0 0.4730988 0.3123386
006 2 22 4 -0.001856 0.435648 0 0 0.7478 0 -0.001856 -0.312152 0 0.4775543 0.3121575
006 2 22 4 -0.002214 0.435828 0 0 0.7478 0 -0.002214 -0.311972 0 0.4820557 0.3119799
006 2 22 4 -0.002573 0.436004 0 0 0.7478 0 -0.002573 -0.311796 0 0.4863892 0.3118066
006 2 22 4 -0.002934 0.436176 0 0 0.7478 0 -0.002934 -0.311624 0 0.4905853 0.3116378
006 2 22 4 -0.003296 0.436345 0 0 0.7478 0 -0.003296 -0.311455 0 0.4949799 0.3114724
006 2 22 4 -0.003661 0.436511 0 0 0.7478 0 -0.003661 -0.311289 0 0.4993896 0.3113105
006 2 22 4 -0.004026 0.436672 0 0 0.7478 0 -0.004026 -0.311128 0 0.50354 0.311154
006 2 22 4 -0.004394 0.43683 0 0 0.7478 0 -0.004394 -0.31097 0 0.5078278 0.311001
006 2 22 4 -0.004763 0.436984 0 0 0.7478 0 -0.004763 -0.310816 0 0.512085 0.3108525
006 2 22 4 -0.005134 0.437135 0 0 0.7478 0 -0.005134 -0.310665 0 0.5164185 0.3107074
006 2 22 4 -0.005506 0.437282 0 0 0.7478 0 -0.005506 -0.310518 0 0.5205383 0.3105668
006 2 22 4 -0.005879 0.437425 0 0 0.7478 0 -0.005879 -0.310375 0 0.5247345 0.3104306
006 2 22 4 -0.006254 0.437564 0 0 0.7478 0 -0.006254 -0.310236 0 0.529068 0.310299
006 2 22 4 -0.00663 0.4377 0 0 0.7478 0 -0.00663 -0.3101 0 0.5334778 0.3101709
006 2 22 4 -0.007008 0.437831 0 0 0.7478 0 -0.007008 -0.309969 0 0.5376587 0.3100482
006 2 22 4 -0.007387 0.437959 0 0 0.7478 0 -0.007387 -0.309841 0 0.5417938 0.309929
006 2 22 4 -0.007767 0.438084 0 0 0.7478 0 -0.007767 -0.309716 0 0.5460968 0.3098134
006 2 22 4 -0.008149 0.438204 0 0 0.7478 0 -0.008149 -0.309596 0 0.5505371 0.3097032
006 2 22 4 -0.008531 0.438321 0 0 0.7478 0 -0.008531 -0.309479 0 0.5546875 0.3095966
006 2 22 4 -0.008915 0.438433 0 0 0.7478 0 -0.008915 -0.309367 0 0.5588684 0.3094954
006 2 22 4 -0.0093 0.438542 0 0 0.7478 0 -0.0093 -0.309258 0 0.5631104 0.3093978
006 2 22 4 -0.009686 0.438647 0 0 0.7478 0 -0.009686 -0.309153 0 0.5675354 0.3093047
006 2 22 4 -0.010073 0.438749 0 0 0.7478 0 -0.010073 -0.309051 0 0.5716858 0.3092151
006 2 22 4 -0.010461 0.438846 0 0 0.7478 0 -0.010461 -0.308954 0 0.575882 0.3091311
006 2 22 4 -0.01085 0.438939 0 0 0.7478 0 -0.01085 -0.308861 0 0.5803528 0.3090515
006 2 22 4 -0.01124 0.439029 0 0 0.7478 0 -0.01124 -0.308771 0 0.5847168 0.3089755
006 2 22 4 -0.01163 0.439115 0 0 0.7478 0 -0.01163 -0.308685 0 0.5890045 0.308904
006 2 22 4 -0.012022 0.439196 0 0 0.7478 0 -0.012022 -0.308604 0 0.5931549 0.3088381
006 2 22 4 -0.012414 0.439274 0 0 0.7478 0 -0.012414 -0.308526 0 0.5973511 0.3087756
006 2 22 4 -0.012807 0.439348 0 0 0.7478 0 -0.012807 -0.308452 0 0.6016235 0.3087177
006 2 22 4 -0.013201 0.439418 0 0 0.7478 0 -0.013201 -0.308382 0 0.6059875 0.3086644
006 2 22 4 -0.013596 0.439484 0 0 0.7478 0 -0.013596 -0.308316 0 0.6102295 0.3086156
006 2 22 4 -0.013991 0.439546 0 0 0.7478 0 -0.013991 -0.308254 0 0.614624 0.3085713
006 2 22 4 -0.014387 0.439604 0 0 0.7478 0 -0.014387 -0.308196 0 0.6188507 0.3085316
006 2 22 4 -0.014783 0.439658 0 0 0.7478 0 -0.014783 -0.308142 0 0.6230164 0.3084964
006 2 22 4 -0.01518 0.439709 0 0 0.7478 0 -0.01518 -0.308091 0 0.6274109 0.3084647
006 2 22 4 -0.015577 0.439755 0 0 0.7478 0 -0.015577 -0.308045 0 0.6324615 0.3084386
006 2 22 4 -0.015975 0.439797 0 0 0.7478 0 -0.015975 -0.308003 0 0.636734 0.308417
006 2 22 4 -0.016373 0.439835 0 0 0.7478 0 -0.016373 -0.307965 0 0.6408539 0.3083999
006 2 22 4 -0.016772 0.43987 0 0 0.7478 0 -0.016772 -0.30793 0 0.6449585 0.3083864
006 2 22 4 -0.017171 0.4399 0 0 0.7478 0 -0.017171 -0.3079 0 0.6494293 0.3083784
006 2 22 4 -0.01757 0.439926 0 0 0.7478 0 -0.01757 -0.307874 0 0.653595 0.3083749
006 2 22 4 -0.017969 0.439948 0 0 0.7478 0 -0.017969 -0.307852 0 0.6576996 0.308376
006 2 22 4 -0.018369 0.439967 0 0 0.7478 0 -0.018369 -0.307833 0 0.6620178 0.3083806
006 2 22 4 -0.018768 0.439981 0 0 0.7478 0 -0.018768 -0.307819 0 0.6671295 0.3083906
006 2 22 4 -0.019168 0.439991 0 0 0.7478 0 -0.019168 -0.307809 0 0.6714935 0.3084053
006 2 22 4 -0.019568 0.439998 0 0 0.7478 0 -0.019568 -0.307802 0 0.6758118 0.3084234
006 2 22 4 -0.019968 0.44 0 0 0.7478 0 -0.019968 -0.3078 0 0.6799927 0.308447
006 2 22 4 -0.020368 0.439998 0 0 0.7478 0 -0.020368 -0.307802 0 0.6845551 0.3084752
006 2 22 4 -0.020768 0.439993 0 0 0.7478 0 -0.020768 -0.307807 0 0.6889496 0.3085068
006 2 22 4 -0.021168 0.439983 0 0 0.7478 0 -0.021168 -0.307817 0 0.6931305 0.308544
006 2 22 4 -0.021568 0.439969 0 0 0.7478 0 -0.021568 -0.307831 0 0.6973114 0.3085856
006 2 22 4 -0.021967 0.439952 0 0 0.7478 0 -0.021967 -0.307848 0 0.7014923 0.3086307
006 2 22 4 -0.022367 0.43993 0 0 0.7478 0 -0.022367 -0.30787 0 0.7055969 0.3086814
006 2 22 4 -0.022766 0.439904 0 0 0.7478 0 -0.022766 -0.307896 0 0.7099304 0.3087365
006 2 22 4 -0.023165 0.439875 0 0 0.7478 0 -0.023165 -0.307925 0 0.7142181 0.3087951
006 2 22 4 -0.023563 0.439841 0 0 0.7478 0 -0.023563 -0.307959 0 0.7183838 0.3088591
006 2 22 4 -0.023962 0.439803 0 0 0.7478 0 -0.023962 -0.307997 0 0.7224579 0.3089277
006 2 22 4 -0.024359 0.439762 0 0 0.7478 0 -0.024359 -0.308038 0 0.7270355 0.3089996
006 2 22 4 -0.024757 0.439716 0 0 0.7478 0 -0.024757 -0.308084 0 0.7314301 0.3090771
006 2 22 4 -0.025154 0.439667 0 0 0.7478 0 -0.025154 -0.308133 0 0.7357941 0.309158
006 2 22 4 -0.02555 0.439613 0 0 0.7478 0 -0.02555 -0.308187 0 0.7399597 0.3092443
006 2 22 4 -0.025946 0.439556 0 0 0.7478 0 -0.025946 -0.308244 0 0.7451477 0.309334
006 2 22 4 -0.026341 0.439494 0 0 0.7478 0 -0.026341 -0.308306 0 0.7496948 0.3094292
006 2 22 4 -0.026736 0.439429 0 0 0.7478 0 -0.026736 -0.308371 0 0.7538147 0.3095278
006 2 22 4 -0.02713 0.439359 0 0 0.7478 0 -0.02713 -0.308441 0 0.7579193 0.3096319
006 2 22 4 -0.027523 0.439286 0 0 0.7478 0 -0.027523 -0.308514 0 0.7620544 0.3097392
006 2 22 4 -0.027916 0.439209 0 0 0.7478 0 -0.027916 -0.308591 0 0.76651 0.3098511
006 2 22 4 -0.028307 0.439128 0 0 0.7478 0 -0.028307 -0.308672 0 0.7706146 0.3099672
006 2 22 4 -0.028698 0.439043 0 0 0.7478 0 -0.028698 -0.308757 0 0.7747345 0.3100878
006 2 22 4 -0.029088 0.438954 0 0 0.7478 0 -0.029088 -0.308846 0 0.7788696 0.3102128
006 2 22 4 -0.029477 0.438861 0 0 0.7478 0 -0.029477 -0.308939 0 0.7832184 0.310342
006 2 22 4 -0.029865 0.438764 0 0 0.7478 0 -0.029865 -0.309036 0 0.7877045 0.3104757
006 2 22 4 -0.030252 0.438664 0 0 0.7478 0 -0.030252 -0.309136 0 0.7919159 0.3106127
006 2 22 4 -0.030639 0.438559 0 0 0.7478 0 -0.030639 -0.309241 0 0.7963409 0.3107551
006 2 22 4 -0.031024 0.438451 0 0 0.7478 0 -0.031024 -0.309349 0 0.8008881 0.3109008
006 2 22 4 -0.031408 0.438339 0 0 0.7478 0 -0.031408 -0.309461 0 0.8051605 0.3110507
006 2 22 4 -0.03179 0.438223 0 0 0.7478 0 -0.03179 -0.309577 0 0.8094635 0.3112049
006 2 22 4 -0.032172 0.438103 0 0 0.7478 0 -0.032172 -0.309697 0 0.8136139 0.3113635
006 2 22 4 -0.032552 0.437979 0 0 0.7478 0 -0.032552 -0.309821 0 0.8179169 0.3115264
006 2 22 4 -0.032932 0.437852 0 0 0.7478 0 -0.032932 -0.309948 0 0.8222046 0.3116926
006 2 22 4 -0.033309 0.437721 0 0 0.7478 0 -0.033309 -0.310079 0 0.8265076 0.3118629
006 2 22 4 -0.033686 0.437586 0 0 0.7478 0 -0.033686 -0.310214 0 0.8307648 0.3120376
006 2 22 4 -0.034061 0.437447 0 0 0.7478 0 -0.034061 -0.310353 0 0.8350677 0.3122165
006 2 22 4 -0.034435 0.437305 0 0 0.7478 0 -0.034435 -0.310495 0 0.8391876 0.3123986
006 2 22 4 -0.034807 0.437158 0 0 0.7478 0 -0.034807 -0.310642 0 0.8433075 0.3125859
006 2 22 4 -0.035178 0.437008 0 0 0.7478 0 -0.035178 -0.310792 0 0.8477325 0.3127765
006 2 22 4 -0.035547 0.436855 0 0 0.7478 0 -0.035547 -0.310945 0 0.8522644 0.3129703
006 2 22 4 -0.035915 0.436698 0 0 0.7478 0 -0.035915 -0.311102 0 0.8566284 0.3131682
006 2 22 4 -0.036281 0.436537 0 0 0.7478 0 -0.036281 -0.311263 0 0.8672638 0.3133703
006 2 22 4 -0.036646 0.436372 0 0 0.7478 0 -0.036646 -0.311428 0 0.8715973 0.3135767
006 2 22 4 -0.037009 0.436204 0 0 0.7478 0 -0.037009 -0.311596 0 0.875824 0.3137861
006 2 22 4 -0.03737 0.436032 0 0 0.7478 0 -0.03737 -0.311768 0 0.8798676 0.3139997
006 2 22 4 -0.037729 0.435856 0 0 0.7478 0 -0.037729 -0.311944 0 0.8840637 0.3142173
006 2 22 4 -0.038087 0.435677 0 0 0.7478 0 -0.038087 -0.312123 0 0.8883667 0.3144382
006 2 22 4 -0.038443 0.435494 0 0 0.7478 0 -0.038443 -0.312306 0 0.8925018 0.3146631
006 2 22 4 -0.038797 0.435308 0 0 0.7478 0 -0.038797 -0.312492 0 0.8966827 0.3148912
006 2 22 4 -0.039149 0.435119 0 0 0.7478 0 -0.039149 -0.312681 0 0.901123 0.3151223
006 2 22 4 -0.039499 0.434925 0 0 0.7478 0 -0.039499 -0.312875 0 0.9055634 0.3153584
006 2 22 4 -0.039848 0.434729 0 0 0.7478 0 -0.039848 -0.313071 0 0.9098358 0.3155968
006 2 22 4 -0.040194 0.434528 0 0 0.7478 0 -0.040194 -0.313272 0 0.9141541 0.31584
006 2 22 4 -0.040538 0.434325 0 0 0.7478 0 -0.040538 -0.313475 0 0.9183502 0.3160852
006 2 22 4 -0.04088 0.434118 0 0 0.7478 0 -0.04088 -0.313682 0 0.9224854 0.3163346
006 2 22 4 -0.04122 0.433907 0 0 0.7478 0 -0.04122 -0.313893 0 0.9268799 0.3165879
006 2 22 4 -0.041558 0.433693 0 0 0.7478 0 -0.041558 -0.314107 0 0.9312134 0.3168443
006 2 22 4 -0.041894 0.433476 0 0 0.7478 0 -0.041894 -0.314324 0 0.9354858 0.3171036
006 2 22 4 -0.042228 0.433255 0 0 0.7478 0 -0.042228 -0.314545 0 0.9397125 0.3173669
006 2 22 4 -0.042559 0.433031 0 0 0.7478 0 -0.042559 -0.314769 0 0.9438629 0.3176331
006 2 22 4 -0.042889 0.432804 0 0 0.7478 0 -0.042889 -0.314996 0 0.9483948 0.3179024
006 2 22 4 -0.043215 0.432574 0 0 0.7478 0 -0.043215 -0.315226 0 0.9527435 0.3181744
006 2 22 4 -0.04354 0.43234 0 0 0.7478 0 -0.04354 -0.31546 0 0.957016 0.3184505
006 2 22 4 -0.043862 0.432103 0 0 0.7478 0 -0.043862 -0.315697 0 0.9611816 0.3187294
006 2 22 4 -0.044182 0.431863 0 0 0.7478 0 -0.044182 -0.315937 0 0.9654236 0.3190113
006 2 22 4 -0.0445 0.431619 0 0 0.7478 0 -0.0445 -0.316181 0 0.9700775 0.3192971
006 2 22 4 -0.044814 0.431373 0 0 0.7478 0 -0.044814 -0.316427 0 0.9742584 0.3195846
006 2 22 4 -0.045127 0.431123 0 0 0.7478 0 -0.045127 -0.316677 0 0.9785156 0.3198762
006 2 22 4 -0.045437 0.43087 0 0 0.7478 0 -0.045437 -0.31693 0 0.9831085 0.3201705
006 2 22 4 -0.045744 0.430614 0 0 0.7478 0 -0.045744 -0.317186 0 0.9874268 0.3204676
006 2 22 4 -0.046049 0.430355 0 0 0.7478 0 -0.046049 -0.317445 0 0.9918518 0.3207676
006 2 22 4 -0.046351 0.430093 0 0 0.7478 0 -0.046351 -0.317707 0 0.9961243 0.3210703
006 2 22 4 -0.046651 0.429828 0 0 0.7478 0 -0.046651 -0.317972 0 1.000732 0.3213759
006 2 22 4 -0.046948 0.42956 0 0 0.7478 0 -0.046948 -0.31824 0 1.004883 0.3216843
006 2 22 4 -0.047242 0.429289 0 0 0.7478 0 -0.047242 -0.318511 0 1.009171 0.3219954
006 2 22 4 -0.047534 0.429015 0 0 0.7478 0 -0.047534 -0.318785 0 1.013336 0.3223094
006 2 22 4 -0.047823 0.428739 0 0 0.7478 0 -0.047823 -0.319061 0 1.017715 0.3226251
006 2 22 4 -0.048109 0.428459 0 0 0.7478 0 -0.048109 -0.319341 0 1.021835 0.3229445
006 2 22 4 -0.048392 0.428176 0 0 0.7478 0 -0.048392 -0.319624 0 1.026093 0.3232666
006 2 22 4 -0.048672 0.427891 0 0 0.7478 0 -0.048672 -0.319909 0 1.030197 0.3235904
006 2 22 4 -0.04895 0.427603 0 0 0.7478 0 -0.04895 -0.320197 0 1.034439 0.323917
006 2 22 4 -0.049224 0.427312 0 0 0.7478 0 -0.049224 -0.320488 0 1.038528 0.3242461
006 2 22 4 -0.049496 0.427019 0 0 0.7478 0 -0.049496 -0.320781 0 1.042694 0.3245771
006 2 22 4 -0.049764 0.426722 0 0 0.7478 0 -0.049764 -0.321078 0 1.047058 0.3249116
006 2 22 4 -0.05003 0.426423 0 0 0.7478 0 -0.05003 -0.321377 0 1.051392 0.3252479
006 2 22 4 -0.050293 0.426122 0 0 0.7478 0 -0.050293 -0.321678 0 1.055573 0.3255858
006 2 22 4 -0.050553 0.425817 0 0 0.7478 0 -0.050553 -0.321983 0 1.059662 0.3259273
006 2 22 4 -0.050809 0.425511 0 0 0.7478 0 -0.050809 -0.322289 0 1.064087 0.3262694
006 2 22 4 -0.051063 0.425201 0 0 0.7478 0 -0.051063 -0.322599 0 1.068436 0.3266153
006 2 22 4 -0.051313 0.424889 0 0 0.7478 0 -0.051313 -0.322911 0 1.072571 0.3269626
006 2 22 4 -0.051561 0.424575 0 0 0.7478 0 -0.051561 -0.323225 0 1.076721 0.3273117
006 2 22 4 -0.051805 0.424258 0 0 0.7478 0 -0.051805 -0.323542 0 1.080917 0.3276632
006 2 22 4 -0.052046 0.423939 0 0 0.7478 0 -0.052046 -0.323861 0 1.085083 0.3280163
006 2 22 4 -0.052284 0.423617 0 0 0.7478 0 -0.052284 -0.324183 0 1.089417 0.3283721
006 2 22 4 -0.052518 0.423293 0 0 0.7478 0 -0.052518 -0.324507 0 1.093536 0.3287293
006 2 22 4 -0.052749 0.422967 0 0 0.7478 0 -0.052749 -0.324833 0 1.097809 0.329088
006 2 22 4 -0.052977 0.422638 0 0 0.7478 0 -0.052977 -0.325162 0 1.102005 0.3294494
006 2 22 4 -0.053202 0.422307 0 0 0.7478 0 -0.053202 -0.325493 0 1.106277 0.3298123
006 2 22 4 -0.053424 0.421974 0 0 0.7478 0 -0.053424 -0.325826 0 1.110382 0.3301768
006 2 22 4 -0.053642 0.421639 0 0 0.7478 0 -0.053642 -0.326161 0 1.114746 0.3305427
006 2 22 4 -0.053856 0.421301 0 0 0.7478 0 -0.053856 -0.326499 0 1.118988 0.330911
006 2 22 4 -0.054068 0.420962 0 0 0.7478 0 -0.054068 -0.326838 0 1.123077 0.33128
006 2 22 4 -0.054276 0.42062 0 0 0.7478 0 -0.054276 -0.32718 0 1.12735 0.3316514
006 2 22 4 -0.05448 0.420276 0 0 0.7478 0 -0.05448 -0.327524 0 1.131622 0.3320241
006 2 22 4 -0.054681 0.41993 0 0 0.7478 0 -0.054681 -0.32787 0 1.135788 0.3323984
006 2 22 4 -0.054879 0.419583 0 0 0.7478 0 -0.054879 -0.328217 0 1.139908 0.3327734
006 2 22 4 -0.055073 0.419233 0 0 0.7478 0 -0.055073 -0.328567 0 1.144913 0.3331506
006 2 22 4 -0.055263 0.418881 0 0 0.7478 0 -0.055263 -0.328919 0 1.15033 0.3335292
006 2 22 4 -0.05545 0.418528 0 0 0.7478 0 -0.05545 -0.329272 0 1.154572 0.3339083
006 2 22 4 -0.055634 0.418172 0 0 0.7478 0 -0.055634 -0.329628 0 1.158768 0.3342899
006 2 22 4 -0.055814 0.417815 0 0 0.7478 0 -0.055814 -0.329985 0 1.163101 0.3346719
006 2 22 4 -0.05599 0.417456 0 0 0.7478 0 -0.05599 -0.330344 0 1.168243 0.3350553
006 2 22 4 -0.056163 0.417095 0 0 0.7478 0 -0.056163 -0.330705 0 1.172485 0.3354401
006 2 22 4 -0.056332 0.416733 0 0 0.7478 0 -0.056332 -0.331067 0 1.176682 0.3358253
006 2 22 4 -0.056498 0.416369 0 0 0.7478 0 -0.056498 -0.331431 0 1.181 0.336212
006 2 22 4 -0.056659 0.416003 0 0 0.7478 0 -0.056659 -0.331797 0 1.185242 0.3365999
006 2 22 4 -0.056818 0.415635 0 0 0.7478 0 -0.056818 -0.332165 0 1.189545 0.3369894
006 2 22 4 -0.056972 0.415266 0 0 0.7478 0 -0.056972 -0.332534 0 1.193924 0.3373791
006 2 22 4 -0.057123 0.414896 0 0 0.7478 0 -0.057123 -0.332904 0 1.198273 0.3377693
006 2 22 4 -0.05727 0.414524 0 0 0.7478 0 -0.05727 -0.333276 0 1.202423 0.3381608
006 2 22 4 -0.057413 0.414151 0 0 0.7478 0 -0.057413 -0.333649 0 1.206741 0.3385527
006 2 22 4 -0.057553 0.413776 0 0 0.7478 0 -0.057553 -0.334024 0 1.21109 0.338946
006 2 22 4 -0.057689 0.4134 0 0 0.7478 0 -0.057689 -0.3344 0 1.215439 0.3393396
006 2 22 4 -0.057821 0.413022 0 0 0.7478 0 -0.057821 -0.334778 0 1.219574 0.3397346
006 2 22 4 -0.057949 0.412643 0 0 0.7478 0 -0.057949 -0.335157 0 1.223602 0.3401298
006 2 22 4 -0.058074 0.412263 0 0 0.7478 0 -0.058074 -0.335537 0 1.227966 0.3405256
006 2 22 4 -0.058195 0.411882 0 0 0.7478 0 -0.058195 -0.335918 0 1.232224 0.3409216
006 2 22 4 -0.058311 0.411499 0 0 0.7478 0 -0.058311 -0.336301 0 1.23674 0.3413188
006 2 22 4 -0.058425 0.411115 0 0 0.7478 0 -0.058425 -0.336685 0 1.241302 0.3417166
006 2 22 4 -0.058534 0.410731 0 0 0.7478 0 -0.058534 -0.337069 0 1.245529 0.3421136
006 2 22 4 -0.058639 0.410345 0 0 0.7478 0 -0.058639 -0.337455 0 1.250031 0.3425119
006 2 22 4 -0.058741 0.409958 0 0 0.7478 0 -0.058741 -0.337842 0 1.254196 0.3429106
006 2 22 4 -0.058838 0.40957 0 0 0.7478 0 -0.058838 -0.33823 0 1.258347 0.3433095
006 2 22 4 -0.058932 0.409181 0 0 0.7478 0 -0.058932 -0.338619 0 1.262451 0.3437089
006 2 22 4 -0.059022 0.408791 0 0 0.7478 0 -0.059022 -0.339009 0 1.266937 0.3441086
006 2 22 4 -0.059108 0.408401 0 0 0.7478 0 -0.059108 -0.339399 0 1.271057 0.3445075
006 2 22 4 -0.05919 0.408009 0 0 0.7478 0 -0.05919 -0.339791 0 1.275208 0.3449078
006 2 22 4 -0.059268 0.407617 0 0 0.7478 0 -0.059268 -0.340183 0 1.279694 0.3453074
006 2 22 4 -0.059342 0.407224 0 0 0.7478 0 -0.059342 -0.340576 0 1.28418 0.3457072
006 2 22 4 -0.059413 0.40683 0 0 0.7478 0 -0.059413 -0.34097 0 1.288467 0.3461075
006 2 22 4 -0.059479 0.406436 0 0 0.7478 0 -0.059479 -0.341364 0 1.292572 0.346507
006 2 22 4 -0.059541 0.406041 0 0 0.7478 0 -0.059541 -0.341759 0 1.29689 0.3469068
006 2 22 4 -0.0596 0.405645 0 0 0.7478 0 -0.0596 -0.342155 0 1.301239 0.3473071
006 2 22 4 -0.059654 0.405249 0 0 0.7478 0 -0.059654 -0.342551 0 1.305405 0.3477065
006 2 22 4 -0.059705 0.404852 0 0 0.7478 0 -0.059705 -0.342948 0 1.309677 0.3481063
006 2 22 4 -0.059751 0.404454 0 0 0.7478 0 -0.059751 -0.343346 0 1.313873 0.3485063
006 2 22 4 -0.059794 0.404057 0 0 0.7478 0 -0.059794 -0.343743 0 1.3181 0.3489048
006 2 22 4 -0.059832 0.403659 0 0 0.7478 0 -0.059832 -0.344141 0 1.322342 0.3493034
006 2 22 4 -0.059867 0.40326 0 0 0.7478 0 -0.059867 -0.34454 0 1.326721 0.3497025
006 2 22 4 -0.059898 0.402861 0 0 0.7478 0 -0.059898 -0.344939 0 1.331009 0.350101
006 2 22 4 -0.059924 0.402462 0 0 0.7478 0 -0.059924 -0.345338 0 1.335266 0.3504985
006 2 22 4 -0.059947 0.402063 0 0 0.7478 0 -0.059947 -0.345737 0 1.339569 0.3508956
006 2 22 4 -0.059965 0.401663 0 0 0.7478 0 -0.059965 -0.346137 0 1.343689 0.3512928
006 2 22 4 -0.05998 0.401263 0 0 0.7478 0 -0.05998 -0.346537 0 1.348099 0.3516895
006 2 22 4 -0.059991 0.400864 0 0 0.7478 0 -0.059991 -0.346936 0 1.352249 0.3520845
006 2 22 4 -0.059997 0.400464 0 0 0.7478 0 -0.059997 -0.347336 0 1.35643 0.3524797
006 2 22 4 -0.06 0.400064 0 0 0.7478 0 -0.06 -0.347736 0 1.360519 0.3528744
006 2 22 4 -0.059999 0.399664 0 0 0.7478 0 -0.059999 -0.348136 0 1.3647 0.3532684
006 2 22 4 -0.059993 0.399264 0 0 0.7478 0 -0.059993 -0.348536 0 1.36911 0.3536615
006 2 22 4 -0.059984 0.398864 0 0 0.7478 0 -0.059984 -0.348936 0 1.373199 0.3540542
006 2 22 4 -0.059971 0.398464 0 0 0.7478 0 -0.059971 -0.349336 0 1.37735 0.3544463
006 2 22 4 -0.059953 0.398064 0 0 0.7478 0 -0.059953 -0.349736 0 1.381546 0.3548374
006 2 22 4 -0.059932 0.397665 0 0 0.7478 0 -0.059932 -0.350135 0 1.385773 0.3552272
006 2 22 4 -0.059906 0.397266 0 0 0.7478 0 -0.059906 -0.350534 0 1.390076 0.3556161
006 2 22 4 -0.059877 0.396867 0 0 0.7478 0 -0.059877 -0.350933 0 1.394196 0.3560045
006 2 22 4 -0.059844 0.396468 0 0 0.7478 0 -0.059844 -0.351332 0 1.398438 0.3563923
006 2 22 4 -0.059806 0.39607 0 0 0.7478 0 -0.059806 -0.35173 0 1.402725 0.3567783
006 2 22 4 -0.059765 0.395672 0 0 0.7478 0 -0.059765 -0.352128 0 1.407501 0.3571638
006 2 22 4 -0.05972 0.395275 0 0 0.7478 0 -0.05972 -0.352525 0 1.411758 0.3575477
006 2 22 4 -0.059671 0.394878 0 0 0.7478 0 -0.059671 -0.352922 0 1.416092 0.357931
006 2 22 4 -0.059617 0.394481 0 0 0.7478 0 -0.059617 -0.353319 0 1.420242 0.3583134
006 2 22 4 -0.05956 0.394085 0 0 0.7478 0 -0.05956 -0.353715 0 1.424377 0.3586944
006 2 22 4 -0.059499 0.39369 0 0 0.7478 0 -0.059499 -0.35411 0 1.428635 0.3590738
006 2 22 4 -0.059434 0.393296 0 0 0.7478 0 -0.059434 -0.354504 0 1.432953 0.3594517
006 2 22 4 -0.059365 0.392902 0 0 0.7478 0 -0.059365 -0.354898 0 1.437073 0.3598288
006 2 22 4 -0.059292 0.392508 0 0 0.7478 0 -0.059292 -0.355292 0 1.441223 0.3602054
006 2 22 4 -0.059215 0.392116 0 0 0.7478 0 -0.059215 -0.355684 0 1.445297 0.3605794
006 2 22 4 -0.059134 0.391724 0 0 0.7478 0 -0.059134 -0.356076 0 1.449783 0.3609528
006 2 22 4 -0.05905 0.391333 0 0 0.7478 0 -0.05905 -0.356467 0 1.453995 0.3613248
006 2 22 4 -0.058961 0.390943 0 0 0.7478 0 -0.058961 -0.356857 0 1.458206 0.3616951
006 2 22 4 -0.058869 0.390554 0 0 0.7478 0 -0.058869 -0.357246 0 1.462357 0.3620639
006 2 22 4 -0.058772 0.390166 0 0 0.7478 0 -0.058772 -0.357634 0 1.467041 0.362431
006 2 22 4 -0.058672 0.389778 0 0 0.7478 0 -0.058672 -0.358022 0 1.471313 0.3627976
006 2 22 4 -0.058568 0.389392 0 0 0.7478 0 -0.058568 -0.358408 0 1.475571 0.3631618
006 2 22 4 -0.05846 0.389007 0 0 0.7478 0 -0.05846 -0.358793 0 1.479645 0.3635244
006 2 22 4 -0.058348 0.388623 0 0 0.7478 0 -0.058348 -0.359177 0 1.484055 0.3638854
006 2 22 4 -0.058232 0.38824 0 0 0.7478 0 -0.058232 -0.35956 0 1.488358 0.3642449
006 2 22 4 -0.058113 0.387858 0 0 0.7478 0 -0.058113 -0.359942 0 1.492447 0.364603
006 2 22 4 -0.057989 0.387478 0 0 0.7478 0 -0.057989 -0.360322 0 1.496811 0.3649584
006 2 22 4 -0.057862 0.387099 0 0 0.7478 0 -0.057862 -0.360701 0 1.501205 0.3653125
006 2 22 4 -0.057731 0.386721 0 0 0.7478 0 -0.057731 -0.361079 0 1.505493 0.365665
006 2 22 4 -0.057597 0.386344 0 0 0.7478 0 -0.057597 -0.361456 0 1.509918 0.3660161
006 2 22 4 -0.057458 0.385969 0 0 0.7478 0 -0.057458 -0.361831 0 1.514267 0.3663647
006 2 22 4 -0.057316 0.385595 0 0 0.7478 0 -0.057316 -0.362205 0 1.518707 0.3667119
006 2 22 4 -0.05717 0.385222 0 0 0.7478 0 -0.05717 -0.362578 0 1.522873 0.3670575
006 2 22 4 -0.057021 0.384851 0 0 0.7478 0 -0.057021 -0.362949 0 1.52771 0.3674008
006 2 22 4 -0.056867 0.384482 0 0 0.7478 0 -0.056867 -0.363318 0 1.532501 0.3677415
006 2 22 4 -0.05671 0.384114 0 0 0.7478 0 -0.05671 -0.363686 0 1.536865 0.3680809
006 2 22 4 -0.056549 0.383748 0 0 0.7478 0 -0.056549 -0.364052 0 1.54097 0.3684178
006 2 22 4 -0.056385 0.383383 0 0 0.7478 0 -0.056385 -0.364417 0 1.54512 0.3687533
006 2 22 4 -0.056217 0.38302 0 0 0.7478 0 -0.056217 -0.36478 0 1.549728 0.3690864
006 2 22 4 -0.056046 0.382659 0 0 0.7478 0 -0.056046 -0.365141 0 1.553955 0.3694172
006 2 22 4 -0.05587 0.382299 0 0 0.7478 0 -0.05587 -0.365501 0 1.558105 0.3697464
006 2 22 4 -0.055692 0.381941 0 0 0.7478 0 -0.055692 -0.365859 0 1.562195 0.3700735
006 2 22 4 -0.055509 0.381585 0 0 0.7478 0 -0.055509 -0.366215 0 1.566635 0.370398
006 2 22 4 -0.055323 0.381231 0 0 0.7478 0 -0.055323 -0.366569 0 1.57074 0.3707202
006 2 22 4 -0.055134 0.380879 0 0 0.7478 0 -0.055134 -0.366921 0 1.574844 0.3710401
006 2 22 4 -0.054941 0.380529 0 0 0.7478 0 -0.054941 -0.367271 0 1.57901 0.3713576
006 2 22 4 -0.054744 0.38018 0 0 0.7478 0 -0.054744 -0.36762 0 1.583298 0.3716737
006 2 22 4 -0.054544 0.379834 0 0 0.7478 0 -0.054544 -0.367966 0 1.587646 0.3719866
006 2 22 4 -0.054341 0.379489 0 0 0.7478 0 -0.054341 -0.368311 0 1.591873 0.3722982
006 2 22 4 -0.054134 0.379147 0 0 0.7478 0 -0.054134 -0.368653 0 1.596085 0.3726064
006 2 22 4 -0.053924 0.378807 0 0 0.7478 0 -0.053924 -0.368993 0 1.600449 0.3729123
006 2 22 4 -0.05371 0.378468 0 0 0.7478 0 -0.05371 -0.369332 0 1.604599 0.3732169
006 2 22 4 -0.053493 0.378132 0 0 0.7478 0 -0.053493 -0.369668 0 1.608871 0.3735183
006 2 22 4 -0.053273 0.377799 0 0 0.7478 0 -0.053273 -0.370001 0 1.613235 0.3738165
006 2 22 4 -0.053049 0.377467 0 0 0.7478 0 -0.053049 -0.370333 0 1.617722 0.3741132
006 2 22 4 -0.052822 0.377138 0 0 0.7478 0 -0.052822 -0.370662 0 1.621933 0.3744068
006 2 22 4 -0.052592 0.37681 0 0 0.7478 0 -0.052592 -0.37099 0 1.626328 0.3746992
006 2 22 4 -0.052359 0.376486 0 0 0.7478 0 -0.052359 -0.371314 0 1.630783 0.3749874
006 2 22 4 -0.052122 0.376163 0 0 0.7478 0 -0.052122 -0.371637 0 1.635666 0.3752742
006 2 22 4 -0.051882 0.375843 0 0 0.7478 0 -0.051882 -0.371957 0 1.639893 0.3755579
006 2 22 4 -0.051639 0.375526 0 0 0.7478 0 -0.051639 -0.372274 0 1.644073 0.3758384
006 2 22 4 -0.051392 0.375211 0 0 0.7478 0 -0.051392 -0.372589 0 1.648666 0.3761166
006 2 22 4 -0.051143 0.374898 0 0 0.7478 0 -0.051143 -0.372902 0 1.652939 0.3763928
006 2 22 4 -0.05089 0.374588 0 0 0.7478 0 -0.05089 -0.373212 0 1.657227 0.3766656
006 2 22 4 -0.050635 0.37428 0 0 0.7478 0 -0.050635 -0.37352 0 1.661484 0.3769364
006 2 22 4 -0.050376 0.373975 0 0 0.7478 0 -0.050376 -0.373825 0 1.666992 0.377204
006 2 22 4 -0.050114 0.373673 0 0 0.7478 0 -0.050114 -0.374127 0 1.672348 0.3774684
006 2 22 4 -0.049849 0.373373 0 0 0.7478 0 -0.049849 -0.374427 0 1.676559 0.3777307
006 2 22 4 -0.049582 0.373076 0 0 0.7478 0 -0.049582 -0.374724 0 1.680786 0.37799
006 2 22 4 -0.049311 0.372781 0 0 0.7478 0 -0.049311 -0.375019 0 1.685043 0.378247
006 2 22 4 -0.049037 0.372489 0 0 0.7478 0 -0.049037 -0.375311 0 1.689407 0.3785009
006 2 22 4 -0.048761 0.3722 0 0 0.7478 0 -0.048761 -0.3756 0 1.693573 0.3787519
006 2 22 4 -0.048481 0.371914 0 0 0.7478 0 -0.048481 -0.375886 0 1.697861 0.3789996
006 2 22 4 -0.048199 0.371631 0 0 0.7478 0 -0.048199 -0.376169 0 1.702011 0.3792443
006 2 22 4 -0.047914 0.37135 0 0 0.7478 0 -0.047914 -0.37645 0 1.706314 0.3794869
006 2 22 4 -0.047626 0.371072 0 0 0.7478 0 -0.047626 -0.376728 0 1.71048 0.3797265
006 2 22 4 -0.047335 0.370798 0 0 0.7478 0 -0.047335 -0.377002 0 1.714828 0.379962
006 2 22 4 -0.047042 0.370526 0 0 0.7478 0 -0.047042 -0.377274 0 1.719101 0.3801955
006 2 22 4 -0.046746 0.370257 0 0 0.7478 0 -0.046746 -0.377543 0 1.723236 0.3804259
006 2 22 4 -0.046447 0.369991 0 0 0.7478 0 -0.046447 -0.377809 0 1.727554 0.3806533
006 2 22 4 -0.046146 0.369728 0 0 0.7478 0 -0.046146 -0.378072 0 1.731781 0.3808778
006 2 22 4 -0.045842 0.369468 0 0 0.7478 0 -0.045842 -0.378332 0 1.735962 0.3810992
006 2 22 4 -0.045535 0.369211 0 0 0.7478 0 -0.045535 -0.378589 0 1.740067 0.3813175
006 2 22 4 -0.045226 0.368957 0 0 0.7478 0 -0.045226 -0.378843 0 1.745087 0.3815329
006 2 22 4 -0.044914 0.368707 0 0 0.7478 0 -0.044914 -0.379093 0 1.750153 0.3817444
006 2 22 4 -0.0446 0.368459 0 0 0.7478 0 -0.0446 -0.379341 0 1.756088 0.3819538
006 2 22 4 -0.044283 0.368215 0 0 0.7478 0 -0.044283 -0.379585 0 1.760757 0.3821594
006 2 22 4 -0.043964 0.367973 0 0 0.7478 0 -0.043964 -0.379827 0 1.765121 0.3823629
006 2 22 4 -0.043643 0.367735 0 0 0.7478 0 -0.043643 -0.380065 0 1.769501 0.3825625
006 2 22 4 -0.043319 0.3675 0 0 0.7478 0 -0.043319 -0.3803 0 1.773682 0.3827592
006 2 22 4 -0.042993 0.367269 0 0 0.7478 0 -0.042993 -0.380531 0 1.777985 0.382952
006 2 22 4 -0.042665 0.367041 0 0 0.7478 0 -0.042665 -0.380759 0 1.782364 0.3831419
006 2 22 4 -0.042334 0.366816 0 0 0.7478 0 -0.042334 -0.380984 0 1.786743 0.3833288
006 2 22 4 -0.042001 0.366594 0 0 0.7478 0 -0.042001 -0.381206 0 1.790848 0.3835128
006 2 22 4 -0.041666 0.366376 0 0 0.7478 0 -0.041666 -0.381424 0 1.795288 0.383693
006 2 22 4 -0.041328 0.366161 0 0 0.7478 0 -0.041328 -0.381639 0 1.799622 0.3838702
006 2 22 4 -0.040989 0.365949 0 0 0.7478 0 -0.040989 -0.381851 0 1.803833 0.3840446
006 2 22 4 -0.040647 0.365741 0 0 0.7478 0 -0.040647 -0.382059 0 1.808121 0.3842151
006 2 22 4 -0.040304 0.365536 0 0 0.7478 0 -0.040304 -0.382264 0 1.812241 0.3843828
006 2 22 4 -0.039958 0.365335 0 0 0.7478 0 -0.039958 -0.382465 0 1.817001 0.3845466
006 2 22 4 -0.03961 0.365137 0 0 0.7478 0 -0.03961 -0.382663 0 1.82164 0.3847076
006 2 22 4 -0.039261 0.364943 0 0 0.7478 0 -0.039261 -0.382857 0 1.82605 0.3848648
006 2 22 4 -0.038909 0.364752 0 0 0.7478 0 -0.038909 -0.383048 0 1.83046 0.3850191
006 2 22 4 -0.038556 0.364564 0 0 0.7478 0 -0.038556 -0.383236 0 1.834824 0.3851706
006 2 22 4 -0.038201 0.364381 0 0 0.7478 0 -0.038201 -0.383419 0 1.838974 0.3853173
006 2 22 4 -0.037843 0.3642 0 0 0.7478 0 -0.037843 -0.3836 0 1.843201 0.3854621
006 2 22 4 -0.037485 0.364024 0 0 0.7478 0 -0.037485 -0.383776 0 1.847672 0.3856023
006 2 22 4 -0.037124 0.363851 0 0 0.7478 0 -0.037124 -0.383949 0 1.851898 0.3857396
006 2 22 4 -0.036762 0.363681 0 0 0.7478 0 -0.036762 -0.384119 0 1.856049 0.3858741
006 2 22 4 -0.036398 0.363516 0 0 0.7478 0 -0.036398 -0.384284 0 1.860229 0.3860039
006 2 22 4 -0.036032 0.363353 0 0 0.7478 0 -0.036032 -0.384447 0 1.864441 0.3861318
006 2 22 4 -0.035665 0.363195 0 0 0.7478 0 -0.035665 -0.384605 0 1.869263 0.3862551
006 2 22 4 -0.035296 0.36304 0 0 0.7478 0 -0.035296 -0.38476 0 1.873489 0.3863755
006 2 22 4 -0.034926 0.362889 0 0 0.7478 0 -0.034926 -0.384911 0 1.877594 0.3864923
006 2 22 4 -0.034554 0.362742 0 0 0.7478 0 -0.034554 -0.385058 0 1.88179 0.3866053
006 2 22 4 -0.03418 0.362598 0 0 0.7478 0 -0.03418 -0.385202 0 1.88623 0.3867154
006 2 22 4 -0.033806 0.362458 0 0 0.7478 0 -0.033806 -0.385342 0 1.89032 0.3868221
006 2 22 4 -0.03343 0.362322 0 0 0.7478 0 -0.03343 -0.385478 0 1.894455 0.3869249
006 2 22 4 -0.033052 0.362189 0 0 0.7478 0 -0.033052 -0.385611 0 1.898743 0.3870249
006 2 22 4 -0.032673 0.362061 0 0 0.7478 0 -0.032673 -0.385739 0 1.902893 0.3871202
006 2 22 4 -0.032293 0.361936 0 0 0.7478 0 -0.032293 -0.385864 0 1.907532 0.3872129
006 2 22 4 -0.031912 0.361815 0 0 0.7478 0 -0.031912 -0.385985 0 1.911713 0.387302
006 2 22 4 -0.03153 0.361698 0 0 0.7478 0 -0.03153 -0.386102 0 1.916565 0.3873873
006 2 22 4 -0.031146 0.361584 0 0 0.7478 0 -0.031146 -0.386216 0 1.920761 0.3874698
006 2 22 4 -0.030761 0.361475 0 0 0.7478 0 -0.030761 -0.386325 0 1.924973 0.3875477
006 2 22 4 -0.030376 0.361369 0 0 0.7478 0 -0.030376 -0.386431 0 1.929535 0.387623
006 2 22 4 -0.029989 0.361267 0 0 0.7478 0 -0.029989 -0.386533 0 1.933929 0.3876946
006 2 22 4 -0.029601 0.361169 0 0 0.7478 0 -0.029601 -0.386631 0 1.938095 0.3877625
006 2 22 4 -0.029212 0.361075 0 0 0.7478 0 -0.029212 -0.386725 0 1.942261 0.3878267
006 2 22 4 -0.028822 0.360985 0 0 0.7478 0 -0.028822 -0.386815 0 1.946609 0.3878873
006 2 22 4 -0.028432 0.360899 0 0 0.7478 0 -0.028432 -0.386901 0 1.951096 0.3879443
006 2 22 4 -0.02804 0.360816 0 0 0.7478 0 -0.02804 -0.386984 0 1.955338 0.3879985
006 2 22 4 -0.027648 0.360738 0 0 0.7478 0 -0.027648 -0.387062 0 1.959442 0.3880482
006 2 22 4 -0.027255 0.360663 0 0 0.7478 0 -0.027255 -0.387137 0 1.96373 0.3880952
006 2 22 4 -0.026861 0.360593 0 0 0.7478 0 -0.026861 -0.387207 0 1.968246 0.3881375
006 2 22 4 -0.026467 0.360526 0 0 0.7478 0 -0.026467 -0.387274 0 1.972351 0.3881773
006 2 22 4 -0.026072 0.360464 0 0 0.7478 0 -0.026072 -0.387336 0 1.976547 0.3882125
006 2 22 4 -0.025676 0.360405 0 0 0.7478 0 -0.025676 -0.387395 0 1.980743 0.388245
006 2 22 4 -0.02528 0.36035 0 0 0.7478 0 -0.02528 -0.38745 0 1.984955 0.3882738
006 2 22 4 -0.024883 0.360299 0 0 0.7478 0 -0.024883 -0.387501 0 1.989471 0.3882991
006 2 22 4 -0.024486 0.360252 0 0 0.7478 0 -0.024486 -0.387548 0 1.993668 0.3883208
006 2 22 4 -0.024088 0.360209 0 0 0.7478 0 -0.024088 -0.387591 0 1.998123 0.3883388
006 2 22 4 -0.02369 0.360171 0 0 0.7478 0 -0.02369 -0.387629 0 2.002335 0.3883522
006 2 22 4 -0.023292 0.360136 0 0 0.7478 0 -0.023292 -0.387664 0 2.006683 0.3883631
006 2 22 4 -0.022893 0.360105 0 0 0.7478 0 -0.022893 -0.387695 0 2.010788 0.3883703
006 2 22 4 -0.022494 0.360078 0 0 0.7478 0 -0.022494 -0.387722 0 2.015137 0.3883739
006 2 22 4 -0.022095 0.360055 0 0 0.7478 0 -0.022095 -0.387745 0 2.019363 0.388374
006 2 22 4 -0.021695 0.360036 0 0 0.7478 0 -0.021695 -0.387764 0 2.02356 0.3883704
006 2 22 4 -0.021295 0.360021 0 0 0.7478 0 -0.021295 -0.387779 0 2.027893 0.3883633
006 2 22 4 -0.020895 0.36001 0 0 0.7478 0 -0.020895 -0.38779 0 2.032471 0.3883525
006 2 22 4 -0.020496 0.360003 0 0 0.7478 0 -0.020496 -0.387797 0 2.036682 0.3883382
006 2 22 4 -0.020096 0.36 0 0 0.7478 0 -0.020096 -0.3878 0 2.040756 0.3883203
006 2 22 4 -0.019696 0.360001 0 0 0.7478 0 -0.019696 -0.387799 0 2.044922 0.3882988
006 2 22 4 -0.019296 0.360006 0 0 0.7478 0 -0.019296 -0.387794 0 2.049362 0.3882737
006 2 22 4 -0.018896 0.360015 0 0 0.7478 0 -0.018896 -0.387785 0 2.053513 0.3882451
006 2 22 4 -0.018496 0.360028 0 0 0.7478 0 -0.018496 -0.387772 0 2.057739 0.3882129
006 2 22 4 -0.018096 0.360045 0 0 0.7478 0 -0.018096 -0.387755 0 2.061859 0.388177
006 2 22 4 -0.017697 0.360066 0 0 0.7478 0 -0.017697 -0.387734 0 2.066345 0.3881376
006 2 22 4 -0.017298 0.360091 0 0 0.7478 0 -0.017298 -0.387709 0 2.070541 0.3880947
006 2 22 4 -0.016899 0.36012 0 0 0.7478 0 -0.016899 -0.38768 0 2.074722 0.3880481
006 2 22 4 -0.0165 0.360153 0 0 0.7478 0 -0.0165 -0.387647 0 2.078903 0.387998
006 2 22 4 -0.016102 0.36019 0 0 0.7478 0 -0.016102 -0.38761 0 2.083267 0.3879443
006 2 22 4 -0.015704 0.360231 0 0 0.7478 0 -0.015704 -0.387569 0 2.087524 0.387887
006 2 22 4 -0.015306 0.360276 0 0 0.7478 0 -0.015306 -0.387524 0 2.09166 0.3878261
006 2 22 4 -0.014909 0.360325 0 0 0.7478 0 -0.014909 -0.387475 0 2.095795 0.3877617
006 2 22 4 -0.014513 0.360378 0 0 0.7478 0 -0.014513 -0.387422 0 2.100433 0.3876937
006 2 22 4 -0.014117 0.360435 0 0 0.7478 0 -0.014117 -0.387365 0 2.104568 0.3876221
006 2 22 4 -0.013722 0.360496 0 0 0.7478 0 -0.013722 -0.387304 0 2.108887 0.387547
006 2 22 4 -0.013327 0.360561 0 0 0.7478 0 -0.013327 -0.387239 0 2.113037 0.3874682
006 2 22 4 -0.012933 0.360629 0 0 0.7478 0 -0.012933 -0.387171 0 2.117325 0.3873869
006 2 22 4 -0.01254 0.360702 0 0 0.7478 0 -0.01254 -0.387098 0 2.121506 0.3873011
006 2 22 4 -0.012147 0.360778 0 0 0.7478 0 -0.012147 -0.387022 0 2.125687 0.3872126
006 2 22 4 -0.011755 0.360859 0 0 0.7478 0 -0.011755 -0.386941 0 2.130127 0.3871195
006 2 22 4 -0.011364 0.360943 0 0 0.7478 0 -0.011364 -0.386857 0 2.134506 0.3870238
006 2 22 4 -0.010974 0.361032 0 0 0.7478 0 -0.010974 -0.386768 0 2.138702 0.3869236
006 2 22 4 -0.010585 0.361124 0 0 0.7478 0 -0.010585 -0.386676 0 2.142792 0.3868208
006 2 22 4 -0.010196 0.36122 0 0 0.7478 0 -0.010196 -0.38658 0 2.147171 0.3867144
006 2 22 4 -0.009809 0.36132 0 0 0.7478 0 -0.009809 -0.38648 0 2.151474 0.3866044
006 2 22 4 -0.009423 0.361424 0 0 0.7478 0 -0.009423 -0.386376 0 2.155838 0.3864909
006 2 22 4 -0.009038 0.361531 0 0 0.7478 0 -0.009038 -0.386269 0 2.159912 0.3863747
006 2 22 4 -0.008654 0.361643 0 0 0.7478 0 -0.008654 -0.386157 0 2.164673 0.3862539
006 2 22 4 -0.008271 0.361758 0 0 0.7478 0 -0.008271 -0.386042 0 2.169418 0.3861306
006 2 22 4 -0.007889 0.361878 0 0 0.7478 0 -0.007889 -0.385922 0 2.173477 0.3860026
006 2 22 4 -0.007508 0.362001 0 0 0.7478 0 -0.007508 -0.385799 0 2.177582 0.385872
006 2 22 4 -0.007129 0.362127 0 0 0.7478 0 -0.007129 -0.385673 0 2.181931 0.3857389
006 2 22 4 -0.006751 0.362258 0 0 0.7478 0 -0.006751 -0.385542 0 2.186447 0.3856011
006 2 22 4 -0.006374 0.362392 0 0 0.7478 0 -0.006374 -0.385408 0 2.190628 0.3854607
006 2 22 4 -0.005999 0.362531 0 0 0.7478 0 -0.005999 -0.385269 0 2.194733 0.3853157
006 2 22 4 -0.005625 0.362672 0 0 0.7478 0 -0.005625 -0.385128 0 2.199005 0.3851691
006 2 22 4 -0.005252 0.362818 0 0 0.7478 0 -0.005252 -0.384982 0 2.203171 0.3850178
006 2 22 4 -0.004881 0.362967 0 0 0.7478 0 -0.004881 -0.384833 0 2.207565 0.3848639
006 2 22 4 -0.004511 0.36312 0 0 0.7478 0 -0.004511 -0.38468 0 2.211868 0.3847064
006 2 22 4 -0.004143 0.363277 0 0 0.7478 0 -0.004143 -0.384523 0 2.216629 0.3845453
006 2 22 4 -0.003777 0.363438 0 0 0.7478 0 -0.003777 -0.384362 0 2.221268 0.3843805
006 2 22 4 -0.003412 0.363602 0 0 0.7478 0 -0.003412 -0.384198 0 2.225388 0.3842131
006 2 22 4 -0.003049 0.363769 0 0 0.7478 0 -0.003049 -0.384031 0 2.229965 0.3840431
006 2 22 4 -0.002687 0.363941 0 0 0.7478 0 -0.002687 -0.383859 0 2.23436 0.3838684
006 2 22 4 -0.002328 0.364116 0 0 0.7478 0 -0.002328 -0.383684 0 2.23848 0.383691
006 2 22 4 -0.00197 0.364294 0 0 0.7478 0 -0.00197 -0.383506 0 2.242676 0.3835111
006 2 22 4 -0.001614 0.364476 0 0 0.7478 0 -0.001614 -0.383324 0 2.247101 0.3833274
006 2 22 4 -0.001259 0.364662 0 0 0.7478 0 -0.001259 -0.383138 0 2.251526 0.3831401
006 2 22 4 -0.000907 0.364851 0 0 0.7478 0 -0.000907 -0.382949 0 2.255783 0.3829501
006 2 22 4 -0.000556 0.365044 0 0 0.7478 0 -0.000556 -0.382756 0 2.259888 0.3827564
006 2 22 4 -0.000208 0.36524 0 0 0.7478 0 -0.000208 -0.38256 0 2.264114 0.38256
006 2 22 4 0.000139 0.36544 0 0 0.7478 0 0.000139 -0.38236 0 2.268555 0.38236
006 2 22 4 0.000483 0.365643 0 0 0.7478 0 0.000483 -0.382157 0 2.272659 0.3821573
006 2 22 4 0.000826 0.365849 0 0 0.7478 0 0.000826 -0.381951 0 2.276764 0.3819519
006 2 22 4 0.001166 0.366059 0 0 0.7478 0 0.001166 -0.381741 0 2.281174 0.3817428
006 2 22 4 0.001505 0.366272 0 0 0.7478 0 0.001505 -0.381528 0 2.2854 0.3815309
006 2 22 4 0.001841 0.366489 0 0 0.7478 0 0.001841 -0.381311 0 2.289688 0.3813154
006 2 22 4 0.002175 0.366709 0 0 0.7478 0 0.002175 -0.381091 0 2.293854 0.3810972
006 2 22 4 0.002507 0.366933 0 0 0.7478 0 0.002507 -0.380867 0 2.298218 0.3808752
006 2 22 4 0.002836 0.367159 0 0 0.7478 0 0.002836 -0.380641 0 2.302383 0.3806515
006 2 22 4 0.003164 0.367389 0 0 0.7478 0 0.003164 -0.380411 0 2.306702 0.3804241
006 2 22 4 0.003489 0.367623 0 0 0.7478 0 0.003489 -0.380177 0 2.310837 0.380193
006 2 22 4 0.003811 0.367859 0 0 0.7478 0 0.003811 -0.379941 0 2.315231 0.3799601
006 2 22 4 0.004131 0.368099 0 0 0.7478 0 0.004131 -0.379701 0 2.319534 0.3797235
006 2 22 4 0.004449 0.368342 0 0 0.7478 0 0.004449 -0.379458 0 2.323776 0.3794841
006 2 22 4 0.004764 0.368588 0 0 0.7478 0 0.004764 -0.379212 0 2.32814 0.3792419
006 2 22 4 0.005077 0.368837 0 0 0.7478 0 0.005077 -0.378963 0 2.332397 0.378997
006 2 22 4 0.005388 0.369089 0 0 0.7478 0 0.005388 -0.378711 0 2.34288 0.3787493
006 2 22 4 0.005696 0.369345 0 0 0.7478 0 0.005696 -0.378455 0 2.34729 0.3784978
006 2 22 4 0.006001 0.369603 0 0 0.7478 0 0.006001 -0.378197 0 2.351593 0.3782446
006 2 22 4 0.006303 0.369865 0 0 0.7478 0 0.006303 -0.377935 0 2.355881 0.3779875
006 2 22 4 0.006604 0.370129 0 0 0.7478 0 0.006604 -0.377671 0 2.360046 0.3777287
006 2 22 4 0.006901 0.370397 0 0 0.7478 0 0.006901 -0.377403 0 2.36441 0.3774661
006 2 22 4 0.007196 0.370667 0 0 0.7478 0 0.007196 -0.377133 0 2.368759 0.3772016
006 2 22 4 0.007488 0.370941 0 0 0.7478 0 0.007488 -0.376859 0 2.372986 0.3769334
006 2 22 4 0.007777 0.371217 0 0 0.7478 0 0.007777 -0.376583 0 2.377289 0.3766633
006 2 22 4 0.008063 0.371496 0 0 0.7478 0 0.008063 -0.376304 0 2.381531 0.3763903
006 2 22 4 0.008347 0.371778 0 0 0.7478 0 0.008347 -0.376022 0 2.385925 0.3761146
006 2 22 4 0.008628 0.372063 0 0 0.7478 0 0.008628 -0.375737 0 2.390213 0.375836
006 2 22 4 0.008906 0.372351 0 0 0.7478 0 0.008906 -0.375449 0 2.39444 0.3755546
006 2 22 4 0.009181 0.372641 0 0 0.7478 0 0.009181 -0.375159 0 2.398697 0.3752713
006 2 22 4 0.009453 0.372935 0 0 0.7478 0 0.009453 -0.374865 0 2.402832 0.3749842
006 2 22 4 0.009722 0.37323 0 0 0.7478 0 0.009722 -0.37457 0 2.40715 0.3746961
006 2 22 4 0.009988 0.373529 0 0 0.7478 0 0.009988 -0.374271 0 2.41124 0.3744042
006 2 22 4 0.010251 0.37383 0 0 0.7478 0 0.010251 -0.37397 0 2.415634 0.3741104
006 2 22 4 0.010511 0.374134 0 0 0.7478 0 0.010511 -0.373666 0 2.41983 0.3738138
006 2 22 4 0.010769 0.37444 0 0 0.7478 0 0.010769 -0.37336 0 2.423981 0.3735152
006 2 22 4 0.011023 0.374749 0 0 0.7478 0 0.011023 -0.373051 0 2.428284 0.3732138
006 2 22 4 0.011274 0.375061 0 0 0.7478 0 0.011274 -0.372739 0 2.433029 0.3729094
006 2 22 4 0.011521 0.375375 0 0 0.7478 0 0.011521 -0.372425 0 2.437241 0.3726031
006 2 22 4 0.011766 0.375691 0 0 0.7478 0 0.011766 -0.372109 0 2.441376 0.372295
006 2 22 4 0.012008 0.37601 0 0 0.7478 0 0.012008 -0.37179 0 2.445572 0.3719839
006 2 22 4 0.012246 0.376331 0 0 0.7478 0 0.012246 -0.371469 0 2.450394 0.3716708
006 2 22 4 0.012481 0.376655 0 0 0.7478 0 0.012481 -0.371145 0 2.454544 0.3713548
006 2 22 4 0.012713 0.376981 0 0 0.7478 0 0.012713 -0.370819 0 2.458694 0.3710368
006 2 22 4 0.012941 0.377309 0 0 0.7478 0 0.012941 -0.370491 0 2.462784 0.370717
006 2 22 4 0.013167 0.37764 0 0 0.7478 0 0.013167 -0.37016 0 2.467514 0.3703941
006 2 22 4 0.013389 0.377973 0 0 0.7478 0 0.013389 -0.369827 0 2.47171 0.3700693
006 2 22 4 0.013607 0.378308 0 0 0.7478 0 0.013607 -0.369492 0 2.47612 0.3697425
006 2 22 4 0.013822 0.378645 0 0 0.7478 0 0.013822 -0.369155 0 2.480331 0.3694137
006 2 22 4 0.014034 0.378984 0 0 0.7478 0 0.014034 -0.368816 0 2.48468 0.3690829
006 2 22 4 0.014243 0.379325 0 0 0.7478 0 0.014243 -0.368475 0 2.489059 0.3687502
006 2 22 4 0.014448 0.379669 0 0 0.7478 0 0.014448 -0.368131 0 2.493286 0.3684144
006 2 22 4 0.014649 0.380014 0 0 0.7478 0 0.014649 -0.367786 0 2.497604 0.3680776
006 2 22 4 0.014847 0.380362 0 0 0.7478 0 0.014847 -0.367438 0 2.501801 0.3677378
006 2 22 4 0.015042 0.380711 0 0 0.7478 0 0.015042 -0.367089 0 2.506149 0.367397
006 2 22 4 0.015233 0.381063 0 0 0.7478 0 0.015233 -0.366737 0 2.510345 0.3670532
006 2 22 4 0.015421 0.381416 0 0 0.7478 0 0.015421 -0.366384 0 2.514587 0.3667084
006 2 22 4 0.015605 0.381771 0 0 0.7478 0 0.015605 -0.366029 0 2.518799 0.3663615
006 2 22 4 0.015785 0.382128 0 0 0.7478 0 0.015785 -0.365672 0 2.522995 0.3660125
006 2 22 4 0.015962 0.382487 0 0 0.7478 0 0.015962 -0.365313 0 2.527451 0.3656616
006 2 22 4 0.016136 0.382847 0 0 0.7478 0 0.016136 -0.364953 0 2.531723 0.3653095
006 2 22 4 0.016305 0.383209 0 0 0.7478 0 0.016305 -0.364591 0 2.536102 0.3649554
006 2 22 4 0.016471 0.383573 0 0 0.7478 0 0.016471 -0.364227 0 2.540237 0.3645992
006 2 22 4 0.016634 0.383939 0 0 0.7478 0 0.016634 -0.363861 0 2.544464 0.364241
006 2 22 4 0.016793 0.384306 0 0 0.7478 0 0.016793 -0.363494 0 2.548935 0.3638817
006 2 22 4 0.016948 0.384675 0 0 0.7478 0 0.016948 -0.363125 0 2.55307 0.3635203
006 2 22 4 0.017099 0.385045 0 0 0.7478 0 0.017099 -0.362755 0 2.557159 0.3631578
006 2 22 4 0.017247 0.385417 0 0 0.7478 0 0.017247 -0.362383 0 2.561325 0.3627932
006 2 22 4 0.017391 0.38579 0 0 0.7478 0 0.017391 -0.36201 0 2.565506 0.3624274
006 2 22 4 0.017531 0.386164 0 0 0.7478 0 0.017531 -0.361636 0 2.569901 0.3620606
006 2 22 4 0.017668 0.38654 0 0 0.7478 0 0.017668 -0.36126 0 2.574097 0.3616918
006 2 22 4 0.0178 0.386918 0 0 0.7478 0 0.0178 -0.360882 0 2.578201 0.3613207
006 2 22 4 0.017929 0.387296 0 0 0.7478 0 0.017929 -0.360504 0 2.58252 0.3609495
006 2 22 4 0.018054 0.387676 0 0 0.7478 0 0.018054 -0.360124 0 2.586868 0.3605763
006 2 22 4 0.018176 0.388058 0 0 0.7478 0 0.018176 -0.359742 0 2.59111 0.3602009
006 2 22 4 0.018293 0.38844 0 0 0.7478 0 0.018293 -0.35936 0 2.595322 0.3598253
006 2 22 4 0.018407 0.388823 0 0 0.7478 0 0.018407 -0.358977 0 2.59964 0.3594486
006 2 22 4 0.018517 0.389208 0 0 0.7478 0 0.018517 -0.358592 0 2.603943 0.3590698
006 2 22 4 0.018623 0.389594 0 0 0.7478 0 0.018623 -0.358206 0 2.6082 0.3586898
006 2 22 4 0.018725 0.38998 0 0 0.7478 0 0.018725 -0.35782 0 2.612411 0.3583096
006 2 22 4 0.018823 0.390368 0 0 0.7478 0 0.018823 -0.357432 0 2.617126 0.3579273
006 2 22 4 0.018917 0.390757 0 0 0.7478 0 0.018917 -0.357043 0 2.621323 0.3575438
006 2 22 4 0.019008 0.391147 0 0 0.7478 0 0.019008 -0.356653 0 2.625534 0.3571591
006 2 22 4 0.019094 0.391537 0 0 0.7478 0 0.019094 -0.356263 0 2.629974 0.3567743
006 2 22 4 0.019177 0.391928 0 0 0.7478 0 0.019177 -0.355872 0 2.634399 0.3563883
006 2 22 4 0.019256 0.392321 0 0 0.7478 0 0.019256 -0.355479 0 2.638794 0.3560001
006 2 22 4 0.019331 0.392713 0 0 0.7478 0 0.019331 -0.355087 0 2.642899 0.3556128
006 2 22 4 0.019402 0.393107 0 0 0.7478 0 0.019402 -0.354693 0 2.647324 0.3552232
006 2 22 4 0.019469 0.393502 0 0 0.7478 0 0.019469 -0.354298 0 2.651596 0.3548325
006 2 22 4 0.019532 0.393897 0 0 0.7478 0 0.019532 -0.353903 0 2.65596 0.3544416
006 2 22 4 0.019591 0.394292 0 0 0.7478 0 0.019591 -0.353508 0 2.660202 0.3540504
006 2 22 4 0.019646 0.394688 0 0 0.7478 0 0.019646 -0.353112 0 2.665359 0.3536581
006 2 22 4 0.019697 0.395085 0 0 0.7478 0 0.019697 -0.352715 0 2.670319 0.3532645
006 2 22 4 0.019744 0.395482 0 0 0.7478 0 0.019744 -0.352318 0 2.674576 0.3528708
006 2 22 4 0.019787 0.39588 0 0 0.7478 0 0.019787 -0.35192 0 2.679077 0.3524758
006 2 22 4 0.019826 0.396278 0 0 0.7478 0 0.019826 -0.351522 0 2.683945 0.3520806
006 2 22 4 0.019862 0.396676 0 0 0.7478 0 0.019862 -0.351124 0 2.689041 0.3516853
006 2 22 4 0.019893 0.397075 0 0 0.7478 0 0.019893 -0.350725 0 2.694351 0.3512887
006 2 22 4 0.01992 0.397474 0 0 0.7478 0 0.01992 -0.350326 0 2.698837 0.3508919
006 2 22 4 0.019943 0.397874 0 0 0.7478 0 0.019943 -0.349926 0 2.703445 0.3504938
006 2 22 4 0.019963 0.398273 0 0 0.7478 0 0.019963 -0.349527 0 2.708038 0.3500966
006 2 22 4 0.019978 0.398673 0 0 0.7478 0 0.019978 -0.349127 0 2.712814 0.3496981
006 2 22 4 0.019989 0.399073 0 0 0.7478 0 0.019989 -0.348727 0 2.718063 0.3492994
006 2 22 4 0.019997 0.399473 0 0 0.7478 0 0.019997 -0.348327 0 2.7229 0.3489005
006 2 22 4 0.02 0.399873 0 0 0.7478 0 0.02 -0.347927 0 2.728104 0.3485013
006 2 22 4 0.02 0.4 0 0 0.7478 0 0.02 -0.3478 0 2.733566 0.3483745
