006 2 34 6 0 0.4 0.02 0 0.7478 0 0 -0.3478 0.02 0 0.3483745
006 2 34 6 0.0004 0.4 0.019998 0 0.7478 0 0.0004 -0.3478 0.019998 0.004379272 0.3483747
006 2 34 6 0.0008 0.4 0.019992 0 0.7478 0 0.0008 -0.3478 0.019992 0.009017944 0.348375
006 2 34 6 0.0012 0.4 0.019982 0 0.7478 0 0.0012 -0.3478 0.019982 0.01315308 0.3483756
006 2 34 6 0.0016 0.4 0.019968 0 0.7478 0 0.0016 -0.3478 0.019968 0.01759338 0.3483764
006 2 34 6 0.001999 0.4 0.01995 0 0.7478 0 0.001999 -0.3478 0.01995 0.02189636 0.3483774
006 2 34 6 0.002399 0.4 0.019928 0 0.7478 0 0.002399 -0.3478 0.019928 0.02618408 0.3483787
006 2 34 6 0.002798 0.4 0.019902 0 0.7478 0 0.002798 -0.3478 0.019902 0.03134155 0.3483802
006 2 34 6 0.003197 0.4 0.019872 0 0.7478 0 0.003197 -0.3478 0.019872 0.03625488 0.3483819
006 2 34 6 0.003595 0.4 0.019838 0 0.7478 0 0.003595 -0.3478 0.019838 0.04051208 0.3483838
006 2 34 6 0.003993 0.4 0.0198 0 0.7478 0 0.003993 -0.3478 0.0198 0.04476929 0.348386
006 2 34 6 0.004391 0.4 0.019758 0 0.7478 0 0.004391 -0.3478 0.019758 0.04901123 0.3483884
006 2 34 6 0.004788 0.4 0.019712 0 0.7478 0 0.004788 -0.3478 0.019712 0.05375671 0.3483911
006 2 34 6 0.005185 0.4 0.019662 0 0.7478 0 0.005185 -0.3478 0.019662 0.05799866 0.3483939
006 2 34 6 0.005582 0.4 0.019609 0 0.7478 0 0.005582 -0.3478 0.019609 0.06217957 0.348397
006 2 34 6 0.005978 0.4 0.019551 0 0.7478 0 0.005978 -0.3478 0.019551 0.06625366 0.3484004
006 2 34 6 0.006373 0.4 0.019489 0 0.7478 0 0.006373 -0.3478 0.019489 0.07099915 0.3484039
006 2 34 6 0.006767 0.4 0.019423 0 0.7478 0 0.006767 -0.3478 0.019423 0.07537842 0.3484076
006 2 34 6 0.007161 0.4 0.019354 0 0.7478 0 0.007161 -0.3478 0.019354 0.07949829 0.3484116
006 2 34 6 0.007554 0.4 0.01928 0 0.7478 0 0.007554 -0.3478 0.01928 0.08354187 0.3484159
006 2 34 6 0.007947 0.4 0.019203 0 0.7478 0 0.007947 -0.3478 0.019203 0.08805847 0.3484204
006 2 34 6 0.008338 0.4 0.019121 0 0.7478 0 0.008338 -0.3478 0.019121 0.09214783 0.348425
006 2 34 6 0.008729 0.4 0.019036 0 0.7478 0 0.008729 -0.3478 0.019036 0.0962677 0.3484299
006 2 34 6 0.009119 0.4 0.018947 0 0.7478 0 0.009119 -0.3478 0.018947 0.1004333 0.348435
006 2 34 6 0.009508 0.4 0.018854 0 0.7478 0 0.009508 -0.3478 0.018854 0.111084 0.3484404
006 2 34 6 0.009896 0.4 0.018756 0 0.7478 0 0.009896 -0.3478 0.018756 0.1158447 0.3484459
006 2 34 6 0.010283 0.4 0.018656 0 0.7478 0 0.010283 -0.3478 0.018656 0.1201782 0.3484517
006 2 34 6 0.010669 0.4 0.018551 0 0.7478 0 0.010669 -0.3478 0.018551 0.1243896 0.3484578
006 2 34 6 0.011054 0.4 0.018442 0 0.7478 0 0.011054 -0.3478 0.018442 0.1286774 0.348464
006 2 34 6 0.011438 0.4 0.01833 0 0.7478 0 0.011438 -0.3478 0.01833 0.1327515 0.3484704
006 2 34 6 0.011821 0.4 0.018213 0 0.7478 0 0.011821 -0.3478 0.018213 0.137085 0.3484771
006 2 34 6 0.012202 0.4 0.018093 0 0.7478 0 0.012202 -0.3478 0.018093 0.1412659 0.3484839
006 2 34 6 0.012583 0.4 0.017969 0 0.7478 0 0.012583 -0.3478 0.017969 0.1454163 0.3484911
006 2 34 6 0.012962 0.4 0.017842 0 0.7478 0 0.012962 -0.3478 0.017842 0.1498566 0.3484985
006 2 34 6 0.013339 0.4 0.01771 0 0.7478 0 0.013339 -0.3478 0.01771 0.1542358 0.348506
006 2 34 6 0.013716 0.4 0.017575 0 0.7478 0 0.013716 -0.3478 0.017575 0.158493 0.3485138
006 2 34 6 0.014091 0.4 0.017436 0 0.7478 0 0.014091 -0.3478 0.017436 0.1626282 0.3485217
006 2 34 6 0.014465 0.4 0.017293 0 0.7478 0 0.014465 -0.3478 0.017293 0.1669464 0.3485299
006 2 34 6 0.014837 0.4 0.017147 0 0.7478 0 0.014837 -0.3478 0.017147 0.1712799 0.3485384
006 2 34 6 0.015208 0.4 0.016996 0 0.7478 0 0.015208 -0.3478 0.016996 0.1754456 0.348547
006 2 34 6 0.015577 0.4 0.016842 0 0.7478 0 0.015577 -0.3478 0.016842 0.179657 0.3485558
006 2 34 6 0.015944 0.4 0.016685 0 0.7478 0 0.015944 -0.3478 0.016685 0.1837769 0.3485648
006 2 34 6 0.01631 0.4 0.016524 0 0.7478 0 0.01631 -0.3478 0.016524 0.1883545 0.3485741
006 2 34 6 0.016675 0.4 0.016359 0 0.7478 0 0.016675 -0.3478 0.016359 0.1925201 0.3485836
006 2 34 6 0.017038 0.4 0.01619 0 0.7478 0 0.017038 -0.3478 0.01619 0.1970215 0.3485932
006 2 34 6 0.017399 0.4 0.016018 0 0.7478 0 0.017399 -0.3478 0.016018 0.2012787 0.3486031
006 2 34 6 0.017758 0.4 0.015842 0 0.7478 0 0.017758 -0.3478 0.015842 0.2055969 0.3486132
006 2 34 6 0.018115 0.4 0.015663 0 0.7478 0 0.018115 -0.3478 0.015663 0.2102203 0.3486235
006 2 34 6 0.018471 0.4 0.01548 0 0.7478 0 0.018471 -0.3478 0.01548 0.2144318 0.348634
006 2 34 6 0.018825 0.4 0.015293 0 0.7478 0 0.018825 -0.3478 0.015293 0.2186584 0.3486446
006 2 34 6 0.019177 0.4 0.015103 0 0.7478 0 0.019177 -0.3478 0.015103 0.2228241 0.3486556
006 2 34 6 0.019527 0.4 0.01491 0 0.7478 0 0.019527 -0.3478 0.01491 0.2273102 0.3486667
006 2 34 6 0.019875 0.4 0.014713 0 0.7478 0 0.019875 -0.3478 0.014713 0.2314911 0.348678
006 2 34 6 0.020221 0.4 0.014512 0 0.7478 0 0.020221 -0.3478 0.014512 0.2357788 0.3486894
006 2 34 6 0.020565 0.4 0.014308 0 0.7478 0 0.020565 -0.3478 0.014308 0.2400513 0.3487011
006 2 34 6 0.020907 0.4 0.014101 0 0.7478 0 0.020907 -0.3478 0.014101 0.2441406 0.348713
006 2 34 6 0.021247 0.4 0.01389 0 0.7478 0 0.021247 -0.3478 0.01389 0.2485352 0.3487251
006 2 34 6 0.021585 0.4 0.013676 0 0.7478 0 0.021585 -0.3478 0.013676 0.2527771 0.3487374
006 2 34 6 0.021921 0.4 0.013459 0 0.7478 0 0.021921 -0.3478 0.013459 0.2569885 0.3487499
006 2 34 6 0.022254 0.4 0.013238 0 0.7478 0 0.022254 -0.3478 0.013238 0.2612305 0.3487625
006 2 34 6 0.022586 0.4 0.013013 0 0.7478 0 0.022586 -0.3478 0.013013 0.265274 0.3487754
006 2 34 6 0.022915 0.4 0.012786 0 0.7478 0 0.022915 -0.3478 0.012786 0.2697296 0.3487885
006 2 34 6 0.023241 0.4 0.012555 0 0.7478 0 0.023241 -0.3478 0.012555 0.2740173 0.3488017
006 2 34 6 0.023566 0.4 0.012321 0 0.7478 0 0.023566 -0.3478 0.012321 0.2782898 0.3488151
006 2 34 6 0.023888 0.4 0.012084 0 0.7478 0 0.023888 -0.3478 0.012084 0.2824554 0.3488287
006 2 34 6 0.024207 0.4 0.011843 0 0.7478 0 0.024207 -0.3478 0.011843 0.286972 0.3488425
006 2 34 6 0.024525 0.4 0.0116 0 0.7478 0 0.024525 -0.3478 0.0116 0.2912598 0.3488565
006 2 34 6 0.024839 0.4 0.011353 0 0.7478 0 0.024839 -0.3478 0.011353 0.2953491 0.3488706
006 2 34 6 0.025152 0.4 0.011103 0 0.7478 0 0.025152 -0.3478 0.011103 0.2995148 0.348885
006 2 34 6 0.025461 0.4 0.01085 0 0.7478 0 0.025461 -0.3478 0.01085 0.3040314 0.3488995
006 2 34 6 0.025769 0.4 0.010594 0 0.7478 0 0.025769 -0.3478 0.010594 0.3083496 0.3489142
006 2 34 6 0.026073 0.4 0.010334 0 0.7478 0 0.026073 -0.3478 0.010334 0.3126678 0.348929
006 2 34 6 0.026375 0.4 0.010072 0 0.7478 0 0.026375 -0.3478 0.010072 0.3173218 0.348944
006 2 34 6 0.026675 0.4 0.009807 0 0.7478 0 0.026675 -0.3478 0.009807 0.3222809 0.3489593
006 2 34 6 0.026972 0.4 0.009539 0 0.7478 0 0.026972 -0.3478 0.009539 0.3266449 0.3489746
006 2 34 6 0.027266 0.4 0.009268 0 0.7478 0 0.027266 -0.3478 0.009268 0.3309631 0.3489902
006 2 34 6 0.027557 0.4 0.008993 0 0.7478 0 0.027557 -0.3478 0.008993 0.3353271 0.3490059
006 2 34 6 0.027845 0.4 0.008716 0 0.7478 0 0.027845 -0.3478 0.008716 0.3395844 0.3490217
006 2 34 6 0.028131 0.4 0.008437 0 0.7478 0 0.028131 -0.3478 0.008437 0.3437195 0.3490378
006 2 34 6 0.028414 0.4 0.008154 0 0.7478 0 0.028414 -0.3478 0.008154 0.3480225 0.349054
006 2 34 6 0.028694 0.4 0.007868 0 0.7478 0 0.028694 -0.3478 0.007868 0.3521881 0.3490703
006 2 34 6 0.028971 0.4 0.00758 0 0.7478 0 0.028971 -0.3478 0.00758 0.3564606 0.3490868
006 2 34 6 0.029246 0.4 0.007289 0 0.7478 0 0.029246 -0.3478 0.007289 0.3605804 0.3491035
006 2 34 6 0.029517 0.4 0.006995 0 0.7478 0 0.029517 -0.3478 0.006995 0.3646088 0.3491203
006 2 34 6 0.029786 0.4 0.006699 0 0.7478 0 0.029786 -0.3478 0.006699 0.3689728 0.3491374
006 2 34 6 0.030051 0.4 0.006399 0 0.7478 0 0.030051 -0.3478 0.006399 0.3730927 0.3491545
006 2 34 6 0.030314 0.4 0.006097 0 0.7478 0 0.030314 -0.3478 0.006097 0.3772736 0.3491718
006 2 34 6 0.030573 0.4 0.005793 0 0.7478 0 0.030573 -0.3478 0.005793 0.381424 0.3491892
006 2 34 6 0.03083 0.4 0.005486 0 0.7478 0 0.03083 -0.3478 0.005486 0.3857269 0.3492068
006 2 34 6 0.031083 0.4 0.005176 0 0.7478 0 0.031083 -0.3478 0.005176 0.3900299 0.3492245
006 2 34 6 0.031333 0.4 0.004864 0 0.7478 0 0.031333 -0.3478 0.004864 0.3942413 0.3492424
006 2 34 6 0.03158 0.4 0.00455 0 0.7478 0 0.03158 -0.3478 0.00455 0.3984833 0.3492604
006 2 34 6 0.031824 0.4 0.004233 0 0.7478 0 0.031824 -0.3478 0.004233 0.4032288 0.3492786
006 2 34 6 0.032065 0.4 0.003913 0 0.7478 0 0.032065 -0.3478 0.003913 0.4075928 0.3492969
006 2 34 6 0.032302 0.4 0.003592 0 0.7478 0 0.032302 -0.3478 0.003592 0.4117279 0.3493153
006 2 34 6 0.032537 0.4 0.003267 0 0.7478 0 0.032537 -0.3478 0.003267 0.4159241 0.3493339
006 2 34 6 0.032768 0.4 0.002941 0 0.7478 0 0.032768 -0.3478 0.002941 0.4202271 0.3493526
006 2 34 6 0.032995 0.4 0.002612 0 0.7478 0 0.032995 -0.3478 0.002612 0.4243164 0.3493713
006 2 34 6 0.03322 0.4 0.002281 0 0.7478 0 0.03322 -0.3478 0.002281 0.4285278 0.3493903
006 2 34 6 0.033441 0.4 0.001948 0 0.7478 0 0.033441 -0.3478 0.001948 0.4326324 0.3494094
006 2 34 6 0.033659 0.4 0.001612 0 0.7478 0 0.033659 -0.3478 0.001612 0.437027 0.3494286
006 2 34 6 0.033873 0.4 0.001274 0 0.7478 0 0.033873 -0.3478 0.001274 0.4414063 0.3494479
006 2 34 6 0.034084 0.4 0.000935 0 0.7478 0 0.034084 -0.3478 0.000935 0.4455566 0.3494673
006 2 34 6 0.034292 0.4 0.000593 0 0.7478 0 0.034292 -0.3478 0.000593 0.4499207 0.3494869
006 2 34 6 0.034496 0.4 0.000249 0 0.7478 0 0.034496 -0.3478 0.000249 0.4543304 0.3495066
006 2 34 6 0.034697 0.4 -9.7E-05 0 0.7478 0 0.034697 -0.3478 -9.7E-05 0.4587555 0.3495264
006 2 34 6 0.034894 0.4 -0.000445 0 0.7478 0 0.034894 -0.3478 -0.000445 0.4629059 0.3495463
006 2 34 6 0.035088 0.4 -0.000795 0 0.7478 0 0.035088 -0.3478 -0.000795 0.4672546 0.3495663
006 2 34 6 0.035278 0.4 -0.001147 0 0.7478 0 0.035278 -0.3478 -0.001147 0.4714966 0.3495865
006 2 34 6 0.035465 0.4 -0.001501 0 0.7478 0 0.035465 -0.3478 -0.001501 0.4756317 0.3496067
006 2 34 6 0.035648 0.4 -0.001856 0 0.7478 0 0.035648 -0.3478 -0.001856 0.4798737 0.349627
006 2 34 6 0.035828 0.4 -0.002214 0 0.7478 0 0.035828 -0.3478 -0.002214 0.484436 0.3496475
006 2 34 6 0.036004 0.4 -0.002573 0 0.7478 0 0.036004 -0.3478 -0.002573 0.4891968 0.349668
006 2 34 6 0.036176 0.4 -0.002934 0 0.7478 0 0.036176 -0.3478 -0.002934 0.4933777 0.3496886
006 2 34 6 0.036345 0.4 -0.003296 0 0.7478 0 0.036345 -0.3478 -0.003296 0.4975586 0.3497094
006 2 34 6 0.036511 0.4 -0.003661 0 0.7478 0 0.036511 -0.3478 -0.003661 0.5017395 0.3497303
006 2 34 6 0.036672 0.4 -0.004026 0 0.7478 0 0.036672 -0.3478 -0.004026 0.5059662 0.3497512
006 2 34 6 0.03683 0.4 -0.004394 0 0.7478 0 0.03683 -0.3478 -0.004394 0.5103455 0.3497722
006 2 34 6 0.036984 0.4 -0.004763 0 0.7478 0 0.036984 -0.3478 -0.004763 0.5144806 0.3497933
006 2 34 6 0.037135 0.4 -0.005134 0 0.7478 0 0.037135 -0.3478 -0.005134 0.5186768 0.3498145
006 2 34 6 0.037282 0.4 -0.005506 0 0.7478 0 0.037282 -0.3478 -0.005506 0.5228424 0.3498358
006 2 34 6 0.037425 0.4 -0.005879 0 0.7478 0 0.037425 -0.3478 -0.005879 0.5271912 0.3498572
006 2 34 6 0.037564 0.4 -0.006254 0 0.7478 0 0.037564 -0.3478 -0.006254 0.5313263 0.3498785
006 2 34 6 0.0377 0.4 -0.00663 0 0.7478 0 0.0377 -0.3478 -0.00663 0.535553 0.3499001
006 2 34 6 0.037831 0.4 -0.007008 0 0.7478 0 0.037831 -0.3478 -0.007008 0.5397186 0.3499216
006 2 34 6 0.037959 0.4 -0.007387 0 0.7478 0 0.037959 -0.3478 -0.007387 0.5437775 0.3499433
006 2 34 6 0.038084 0.4 -0.007767 0 0.7478 0 0.038084 -0.3478 -0.007767 0.5480804 0.3499651
006 2 34 6 0.038204 0.4 -0.008149 0 0.7478 0 0.038204 -0.3478 -0.008149 0.5523071 0.3499869
006 2 34 6 0.038321 0.4 -0.008531 0 0.7478 0 0.038321 -0.3478 -0.008531 0.5565643 0.3500087
006 2 34 6 0.038433 0.4 -0.008915 0 0.7478 0 0.038433 -0.3478 -0.008915 0.5607758 0.3500306
006 2 34 6 0.038542 0.4 -0.0093 0 0.7478 0 0.038542 -0.3478 -0.0093 0.5654449 0.3500526
006 2 34 6 0.038647 0.4 -0.009686 0 0.7478 0 0.038647 -0.3478 -0.009686 0.5699615 0.3500746
006 2 34 6 0.038749 0.4 -0.010073 0 0.7478 0 0.038749 -0.3478 -0.010073 0.5741119 0.3500968
006 2 34 6 0.038846 0.4 -0.010461 0 0.7478 0 0.038846 -0.3478 -0.010461 0.5784302 0.3501189
006 2 34 6 0.038939 0.4 -0.01085 0 0.7478 0 0.038939 -0.3478 -0.01085 0.5826111 0.3501411
006 2 34 6 0.039029 0.4 -0.01124 0 0.7478 0 0.039029 -0.3478 -0.01124 0.5871124 0.3501634
006 2 34 6 0.039115 0.4 -0.01163 0 0.7478 0 0.039115 -0.3478 -0.01163 0.5912781 0.3501858
006 2 34 6 0.039196 0.4 -0.012022 0 0.7478 0 0.039196 -0.3478 -0.012022 0.5955658 0.350208
006 2 34 6 0.039274 0.4 -0.012414 0 0.7478 0 0.039274 -0.3478 -0.012414 0.5996704 0.3502305
006 2 34 6 0.039348 0.4 -0.012807 0 0.7478 0 0.039348 -0.3478 -0.012807 0.6042328 0.3502529
006 2 34 6 0.039418 0.4 -0.013201 0 0.7478 0 0.039418 -0.3478 -0.013201 0.60849 0.3502754
006 2 34 6 0.039484 0.4 -0.013596 0 0.7478 0 0.039484 -0.3478 -0.013596 0.6127625 0.350298
006 2 34 6 0.039546 0.4 -0.013991 0 0.7478 0 0.039546 -0.3478 -0.013991 0.6170197 0.3503205
006 2 34 6 0.039604 0.4 -0.014387 0 0.7478 0 0.039604 -0.3478 -0.014387 0.6212616 0.3503431
006 2 34 6 0.039658 0.4 -0.014783 0 0.7478 0 0.039658 -0.3478 -0.014783 0.6253357 0.3503657
006 2 34 6 0.039709 0.4 -0.01518 0 0.7478 0 0.039709 -0.3478 -0.01518 0.6295624 0.3503885
006 2 34 6 0.039755 0.4 -0.015577 0 0.7478 0 0.039755 -0.3478 -0.015577 0.6338348 0.3504111
006 2 34 6 0.039797 0.4 -0.015975 0 0.7478 0 0.039797 -0.3478 -0.015975 0.6384125 0.3504338
006 2 34 6 0.039835 0.4 -0.016373 0 0.7478 0 0.039835 -0.3478 -0.016373 0.6429901 0.3504565
006 2 34 6 0.03987 0.4 -0.016772 0 0.7478 0 0.03987 -0.3478 -0.016772 0.647934 0.3504793
006 2 34 6 0.0399 0.4 -0.017171 0 0.7478 0 0.0399 -0.3478 -0.017171 0.6525574 0.350502
006 2 34 6 0.039926 0.4 -0.01757 0 0.7478 0 0.039926 -0.3478 -0.01757 0.6568604 0.3505248
006 2 34 6 0.039948 0.4 -0.017969 0 0.7478 0 0.039948 -0.3478 -0.017969 0.6612549 0.3505475
006 2 34 6 0.039967 0.4 -0.018369 0 0.7478 0 0.039967 -0.3478 -0.018369 0.6653442 0.3505704
006 2 34 6 0.039981 0.4 -0.018768 0 0.7478 0 0.039981 -0.3478 -0.018768 0.6696625 0.3505931
006 2 34 6 0.039991 0.4 -0.019168 0 0.7478 0 0.039991 -0.3478 -0.019168 0.6739502 0.3506159
006 2 34 6 0.039998 0.4 -0.019568 0 0.7478 0 0.039998 -0.3478 -0.019568 0.6782074 0.3506388
006 2 34 6 0.04 0.4 -0.019968 0 0.7478 0 0.04 -0.3478 -0.019968 0.6825714 0.3506616
006 2 34 6 0.039998 0.4 -0.020368 0 0.7478 0 0.039998 -0.3478 -0.020368 0.6870422 0.3506844
006 2 34 6 0.039993 0.4 -0.020768 0 0.7478 0 0.039993 -0.3478 -0.020768 0.6913605 0.3507073
006 2 34 6 0.039983 0.4 -0.021168 0 0.7478 0 0.039983 -0.3478 -0.021168 0.6955414 0.35073
006 2 34 6 0.039969 0.4 -0.021568 0 0.7478 0 0.039969 -0.3478 -0.021568 0.6996918 0.3507528
006 2 34 6 0.039952 0.4 -0.021967 0 0.7478 0 0.039952 -0.3478 -0.021967 0.7040558 0.3507756
006 2 34 6 0.03993 0.4 -0.022367 0 0.7478 0 0.03993 -0.3478 -0.022367 0.708313 0.3507984
006 2 34 6 0.039904 0.4 -0.022766 0 0.7478 0 0.039904 -0.3478 -0.022766 0.7124939 0.3508211
006 2 34 6 0.039875 0.4 -0.023165 0 0.7478 0 0.039875 -0.3478 -0.023165 0.7167358 0.3508439
006 2 34 6 0.039841 0.4 -0.023563 0 0.7478 0 0.039841 -0.3478 -0.023563 0.7210541 0.3508666
006 2 34 6 0.039803 0.4 -0.023962 0 0.7478 0 0.039803 -0.3478 -0.023962 0.725235 0.3508893
006 2 34 6 0.039762 0.4 -0.024359 0 0.7478 0 0.039762 -0.3478 -0.024359 0.7295227 0.350912
006 2 34 6 0.039716 0.4 -0.024757 0 0.7478 0 0.039716 -0.3478 -0.024757 0.7341614 0.3509346
006 2 34 6 0.039667 0.4 -0.025154 0 0.7478 0 0.039667 -0.3478 -0.025154 0.7386627 0.3509573
006 2 34 6 0.039613 0.4 -0.02555 0 0.7478 0 0.039613 -0.3478 -0.02555 0.7429352 0.3509798
006 2 34 6 0.039556 0.4 -0.025946 0 0.7478 0 0.039556 -0.3478 -0.025946 0.7472382 0.3510024
006 2 34 6 0.039494 0.4 -0.026341 0 0.7478 0 0.039494 -0.3478 -0.026341 0.7515106 0.3510249
006 2 34 6 0.039429 0.4 -0.026736 0 0.7478 0 0.039429 -0.3478 -0.026736 0.7556915 0.3510474
006 2 34 6 0.039359 0.4 -0.02713 0 0.7478 0 0.039359 -0.3478 -0.02713 0.7599182 0.3510698
006 2 34 6 0.039286 0.4 -0.027523 0 0.7478 0 0.039286 -0.3478 -0.027523 0.7641602 0.3510922
006 2 34 6 0.039209 0.4 -0.027916 0 0.7478 0 0.039209 -0.3478 -0.027916 0.7685394 0.3511146
006 2 34 6 0.039128 0.4 -0.028307 0 0.7478 0 0.039128 -0.3478 -0.028307 0.7726746 0.3511369
006 2 34 6 0.039043 0.4 -0.028698 0 0.7478 0 0.039043 -0.3478 -0.028698 0.7768097 0.3511592
006 2 34 6 0.038954 0.4 -0.029088 0 0.7478 0 0.038954 -0.3478 -0.029088 0.7809143 0.3511814
006 2 34 6 0.038861 0.4 -0.029477 0 0.7478 0 0.038861 -0.3478 -0.029477 0.7852478 0.3512035
006 2 34 6 0.038764 0.4 -0.029865 0 0.7478 0 0.038764 -0.3478 -0.029865 0.789505 0.3512256
006 2 34 6 0.038664 0.4 -0.030252 0 0.7478 0 0.038664 -0.3478 -0.030252 0.7939606 0.3512477
006 2 34 6 0.038559 0.4 -0.030639 0 0.7478 0 0.038559 -0.3478 -0.030639 0.798111 0.3512697
006 2 34 6 0.038451 0.4 -0.031024 0 0.7478 0 0.038451 -0.3478 -0.031024 0.8024292 0.3512916
006 2 34 6 0.038339 0.4 -0.031408 0 0.7478 0 0.038339 -0.3478 -0.031408 0.8066559 0.3513135
006 2 34 6 0.038223 0.4 -0.03179 0 0.7478 0 0.038223 -0.3478 -0.03179 0.8114471 0.3513352
006 2 34 6 0.038103 0.4 -0.032172 0 0.7478 0 0.038103 -0.3478 -0.032172 0.8156128 0.351357
006 2 34 6 0.037979 0.4 -0.032552 0 0.7478 0 0.037979 -0.3478 -0.032552 0.8199615 0.3513785
006 2 34 6 0.037852 0.4 -0.032932 0 0.7478 0 0.037852 -0.3478 -0.032932 0.824173 0.3514002
006 2 34 6 0.037721 0.4 -0.033309 0 0.7478 0 0.037721 -0.3478 -0.033309 0.828476 0.3514217
006 2 34 6 0.037586 0.4 -0.033686 0 0.7478 0 0.037586 -0.3478 -0.033686 0.8327332 0.3514431
006 2 34 6 0.037447 0.4 -0.034061 0 0.7478 0 0.037447 -0.3478 -0.034061 0.8372955 0.3514645
006 2 34 6 0.037305 0.4 -0.034435 0 0.7478 0 0.037305 -0.3478 -0.034435 0.8413696 0.3514858
006 2 34 6 0.037158 0.4 -0.034807 0 0.7478 0 0.037158 -0.3478 -0.034807 0.8455505 0.3515069
006 2 34 6 0.037008 0.4 -0.035178 0 0.7478 0 0.037008 -0.3478 -0.035178 0.849884 0.351528
006 2 34 6 0.036855 0.4 -0.035547 0 0.7478 0 0.036855 -0.3478 -0.035547 0.8543243 0.351549
006 2 34 6 0.036698 0.4 -0.035915 0 0.7478 0 0.036698 -0.3478 -0.035915 0.8587189 0.35157
006 2 34 6 0.036537 0.4 -0.036281 0 0.7478 0 0.036537 -0.3478 -0.036281 0.8629761 0.3515908
006 2 34 6 0.036372 0.4 -0.036646 0 0.7478 0 0.036372 -0.3478 -0.036646 0.8672943 0.3516116
006 2 34 6 0.036204 0.4 -0.037009 0 0.7478 0 0.036204 -0.3478 -0.037009 0.871582 0.3516322
006 2 34 6 0.036032 0.4 -0.03737 0 0.7478 0 0.036032 -0.3478 -0.03737 0.8758392 0.3516527
006 2 34 6 0.035856 0.4 -0.037729 0 0.7478 0 0.035856 -0.3478 -0.037729 0.8800049 0.3516731
006 2 34 6 0.035677 0.4 -0.038087 0 0.7478 0 0.035677 -0.3478 -0.038087 0.8843079 0.3516935
006 2 34 6 0.035494 0.4 -0.038443 0 0.7478 0 0.035494 -0.3478 -0.038443 0.8886414 0.3517137
006 2 34 6 0.035308 0.4 -0.038797 0 0.7478 0 0.035308 -0.3478 -0.038797 0.8927155 0.3517338
006 2 34 6 0.035119 0.4 -0.039149 0 0.7478 0 0.035119 -0.3478 -0.039149 0.8969727 0.3517539
006 2 34 6 0.034925 0.4 -0.039499 0 0.7478 0 0.034925 -0.3478 -0.039499 0.9011688 0.3517737
006 2 34 6 0.034729 0.4 -0.039848 0 0.7478 0 0.034729 -0.3478 -0.039848 0.9055481 0.3517937
006 2 34 6 0.034528 0.4 -0.040194 0 0.7478 0 0.034528 -0.3478 -0.040194 0.9098053 0.3518133
006 2 34 6 0.034325 0.4 -0.040538 0 0.7478 0 0.034325 -0.3478 -0.040538 0.9139404 0.3518329
006 2 34 6 0.034118 0.4 -0.04088 0 0.7478 0 0.034118 -0.3478 -0.04088 0.9183807 0.3518523
006 2 34 6 0.033907 0.4 -0.04122 0 0.7478 0 0.033907 -0.3478 -0.04122 0.9226379 0.3518716
006 2 34 6 0.033693 0.4 -0.041558 0 0.7478 0 0.033693 -0.3478 -0.041558 0.9269714 0.3518908
006 2 34 6 0.033476 0.4 -0.041894 0 0.7478 0 0.033476 -0.3478 -0.041894 0.9311676 0.3519099
006 2 34 6 0.033255 0.4 -0.042228 0 0.7478 0 0.033255 -0.3478 -0.042228 0.9355927 0.3519289
006 2 34 6 0.033031 0.4 -0.042559 0 0.7478 0 0.033031 -0.3478 -0.042559 0.9397736 0.3519476
006 2 34 6 0.032804 0.4 -0.042889 0 0.7478 0 0.032804 -0.3478 -0.042889 0.943985 0.3519665
006 2 34 6 0.032574 0.4 -0.043215 0 0.7478 0 0.032574 -0.3478 -0.043215 0.948349 0.351985
006 2 34 6 0.03234 0.4 -0.04354 0 0.7478 0 0.03234 -0.3478 -0.04354 0.9526825 0.3520035
006 2 34 6 0.032103 0.4 -0.043862 0 0.7478 0 0.032103 -0.3478 -0.043862 0.9569092 0.3520218
006 2 34 6 0.031863 0.4 -0.044182 0 0.7478 0 0.031863 -0.3478 -0.044182 0.9610291 0.35204
006 2 34 6 0.031619 0.4 -0.0445 0 0.7478 0 0.031619 -0.3478 -0.0445 0.9654236 0.352058
006 2 34 6 0.031373 0.4 -0.044814 0 0.7478 0 0.031373 -0.3478 -0.044814 0.9697876 0.3520758
006 2 34 6 0.031123 0.4 -0.045127 0 0.7478 0 0.031123 -0.3478 -0.045127 0.9739532 0.3520936
006 2 34 6 0.03087 0.4 -0.045437 0 0.7478 0 0.03087 -0.3478 -0.045437 0.9780273 0.3521112
006 2 34 6 0.030614 0.4 -0.045744 0 0.7478 0 0.030614 -0.3478 -0.045744 0.982193 0.3521286
006 2 34 6 0.030355 0.4 -0.046049 0 0.7478 0 0.030355 -0.3478 -0.046049 0.9871979 0.3521459
006 2 34 6 0.030093 0.4 -0.046351 0 0.7478 0 0.030093 -0.3478 -0.046351 0.9918518 0.3521631
006 2 34 6 0.029828 0.4 -0.046651 0 0.7478 0 0.029828 -0.3478 -0.046651 0.9960938 0.3521802
006 2 34 6 0.02956 0.4 -0.046948 0 0.7478 0 0.02956 -0.3478 -0.046948 1.000214 0.352197
006 2 34 6 0.029289 0.4 -0.047242 0 0.7478 0 0.029289 -0.3478 -0.047242 1.004501 0.3522137
006 2 34 6 0.029015 0.4 -0.047534 0 0.7478 0 0.029015 -0.3478 -0.047534 1.008789 0.3522303
006 2 34 6 0.028739 0.4 -0.047823 0 0.7478 0 0.028739 -0.3478 -0.047823 1.012848 0.3522468
006 2 34 6 0.028459 0.4 -0.048109 0 0.7478 0 0.028459 -0.3478 -0.048109 1.017014 0.352263
006 2 34 6 0.028176 0.4 -0.048392 0 0.7478 0 0.028176 -0.3478 -0.048392 1.021301 0.352279
006 2 34 6 0.027891 0.4 -0.048672 0 0.7478 0 0.027891 -0.3478 -0.048672 1.025436 0.3522949
006 2 34 6 0.027603 0.4 -0.04895 0 0.7478 0 0.027603 -0.3478 -0.04895 1.029694 0.3523107
006 2 34 6 0.027312 0.4 -0.049224 0 0.7478 0 0.027312 -0.3478 -0.049224 1.033722 0.3523262
006 2 34 6 0.027019 0.4 -0.049496 0 0.7478 0 0.027019 -0.3478 -0.049496 1.038101 0.3523417
006 2 34 6 0.026722 0.4 -0.049764 0 0.7478 0 0.026722 -0.3478 -0.049764 1.042313 0.3523569
006 2 34 6 0.026423 0.4 -0.05003 0 0.7478 0 0.026423 -0.3478 -0.05003 1.046585 0.352372
006 2 34 6 0.026122 0.4 -0.050293 0 0.7478 0 0.026122 -0.3478 -0.050293 1.051041 0.352387
006 2 34 6 0.025817 0.4 -0.050553 0 0.7478 0 0.025817 -0.3478 -0.050553 1.055313 0.3524017
006 2 34 6 0.025511 0.4 -0.050809 0 0.7478 0 0.025511 -0.3478 -0.050809 1.059509 0.3524162
006 2 34 6 0.025201 0.4 -0.051063 0 0.7478 0 0.025201 -0.3478 -0.051063 1.063721 0.3524306
006 2 34 6 0.024889 0.4 -0.051313 0 0.7478 0 0.024889 -0.3478 -0.051313 1.068161 0.3524448
006 2 34 6 0.024575 0.4 -0.051561 0 0.7478 0 0.024575 -0.3478 -0.051561 1.072296 0.3524589
006 2 34 6 0.024258 0.4 -0.051805 0 0.7478 0 0.024258 -0.3478 -0.051805 1.076447 0.3524728
006 2 34 6 0.023939 0.4 -0.052046 0 0.7478 0 0.023939 -0.3478 -0.052046 1.080566 0.3524864
006 2 34 6 0.023617 0.4 -0.052284 0 0.7478 0 0.023617 -0.3478 -0.052284 1.084854 0.3524999
006 2 34 6 0.023293 0.4 -0.052518 0 0.7478 0 0.023293 -0.3478 -0.052518 1.089233 0.3525132
006 2 34 6 0.022967 0.4 -0.052749 0 0.7478 0 0.022967 -0.3478 -0.052749 1.093414 0.3525263
006 2 34 6 0.022638 0.4 -0.052977 0 0.7478 0 0.022638 -0.3478 -0.052977 1.097656 0.3525392
006 2 34 6 0.022307 0.4 -0.053202 0 0.7478 0 0.022307 -0.3478 -0.053202 1.101974 0.352552
006 2 34 6 0.021974 0.4 -0.053424 0 0.7478 0 0.021974 -0.3478 -0.053424 1.106186 0.3525646
006 2 34 6 0.021639 0.4 -0.053642 0 0.7478 0 0.021639 -0.3478 -0.053642 1.110458 0.352577
006 2 34 6 0.021301 0.4 -0.053856 0 0.7478 0 0.021301 -0.3478 -0.053856 1.114853 0.352589
006 2 34 6 0.020962 0.4 -0.054068 0 0.7478 0 0.020962 -0.3478 -0.054068 1.11969 0.3526012
006 2 34 6 0.02062 0.4 -0.054276 0 0.7478 0 0.02062 -0.3478 -0.054276 1.123871 0.352613
006 2 34 6 0.020276 0.4 -0.05448 0 0.7478 0 0.020276 -0.3478 -0.05448 1.128159 0.3526245
006 2 34 6 0.01993 0.4 -0.054681 0 0.7478 0 0.01993 -0.3478 -0.054681 1.132278 0.3526359
006 2 34 6 0.019583 0.4 -0.054879 0 0.7478 0 0.019583 -0.3478 -0.054879 1.136673 0.3526472
006 2 34 6 0.019233 0.4 -0.055073 0 0.7478 0 0.019233 -0.3478 -0.055073 1.140808 0.3526582
006 2 34 6 0.018881 0.4 -0.055263 0 0.7478 0 0.018881 -0.3478 -0.055263 1.145004 0.3526689
006 2 34 6 0.018528 0.4 -0.05545 0 0.7478 0 0.018528 -0.3478 -0.05545 1.149307 0.3526795
006 2 34 6 0.018172 0.4 -0.055634 0 0.7478 0 0.018172 -0.3478 -0.055634 1.154022 0.35269
006 2 34 6 0.017815 0.4 -0.055814 0 0.7478 0 0.017815 -0.3478 -0.055814 1.158218 0.3527002
006 2 34 6 0.017456 0.4 -0.05599 0 0.7478 0 0.017456 -0.3478 -0.05599 1.162491 0.3527101
006 2 34 6 0.017095 0.4 -0.056163 0 0.7478 0 0.017095 -0.3478 -0.056163 1.166779 0.3527199
006 2 34 6 0.016733 0.4 -0.056332 0 0.7478 0 0.016733 -0.3478 -0.056332 1.171387 0.3527295
006 2 34 6 0.016369 0.4 -0.056498 0 0.7478 0 0.016369 -0.3478 -0.056498 1.175507 0.352739
006 2 34 6 0.016003 0.4 -0.056659 0 0.7478 0 0.016003 -0.3478 -0.056659 1.179611 0.352748
006 2 34 6 0.015635 0.4 -0.056818 0 0.7478 0 0.015635 -0.3478 -0.056818 1.183945 0.3527571
006 2 34 6 0.015266 0.4 -0.056972 0 0.7478 0 0.015266 -0.3478 -0.056972 1.1884 0.3527658
006 2 34 6 0.014896 0.4 -0.057123 0 0.7478 0 0.014896 -0.3478 -0.057123 1.192596 0.3527744
006 2 34 6 0.014524 0.4 -0.05727 0 0.7478 0 0.014524 -0.3478 -0.05727 1.196762 0.3527827
006 2 34 6 0.014151 0.4 -0.057413 0 0.7478 0 0.014151 -0.3478 -0.057413 1.200989 0.3527908
006 2 34 6 0.013776 0.4 -0.057553 0 0.7478 0 0.013776 -0.3478 -0.057553 1.2052 0.3527988
006 2 34 6 0.0134 0.4 -0.057689 0 0.7478 0 0.0134 -0.3478 -0.057689 1.209457 0.3528065
006 2 34 6 0.013022 0.4 -0.057821 0 0.7478 0 0.013022 -0.3478 -0.057821 1.213593 0.3528139
006 2 34 6 0.012643 0.4 -0.057949 0 0.7478 0 0.012643 -0.3478 -0.057949 1.217941 0.3528211
006 2 34 6 0.012263 0.4 -0.058074 0 0.7478 0 0.012263 -0.3478 -0.058074 1.222122 0.3528283
006 2 34 6 0.011882 0.4 -0.058195 0 0.7478 0 0.011882 -0.3478 -0.058195 1.226318 0.3528352
006 2 34 6 0.011499 0.4 -0.058311 0 0.7478 0 0.011499 -0.3478 -0.058311 1.230621 0.3528416
006 2 34 6 0.011115 0.4 -0.058425 0 0.7478 0 0.011115 -0.3478 -0.058425 1.234818 0.3528482
006 2 34 6 0.010731 0.4 -0.058534 0 0.7478 0 0.010731 -0.3478 -0.058534 1.239029 0.3528544
006 2 34 6 0.010345 0.4 -0.058639 0 0.7478 0 0.010345 -0.3478 -0.058639 1.243164 0.3528603
006 2 34 6 0.009958 0.4 -0.058741 0 0.7478 0 0.009958 -0.3478 -0.058741 1.247452 0.3528661
006 2 34 6 0.00957 0.4 -0.058838 0 0.7478 0 0.00957 -0.3478 -0.058838 1.251694 0.3528715
006 2 34 6 0.009181 0.4 -0.058932 0 0.7478 0 0.009181 -0.3478 -0.058932 1.256271 0.3528769
006 2 34 6 0.008791 0.4 -0.059022 0 0.7478 0 0.008791 -0.3478 -0.059022 1.260498 0.352882
006 2 34 6 0.008401 0.4 -0.059108 0 0.7478 0 0.008401 -0.3478 -0.059108 1.264618 0.3528869
006 2 34 6 0.008009 0.4 -0.05919 0 0.7478 0 0.008009 -0.3478 -0.05919 1.268967 0.3528915
006 2 34 6 0.007617 0.4 -0.059268 0 0.7478 0 0.007617 -0.3478 -0.059268 1.273376 0.3528959
006 2 34 6 0.007224 0.4 -0.059342 0 0.7478 0 0.007224 -0.3478 -0.059342 1.277588 0.3529001
006 2 34 6 0.00683 0.4 -0.059413 0 0.7478 0 0.00683 -0.3478 -0.059413 1.28186 0.3529042
006 2 34 6 0.006436 0.4 -0.059479 0 0.7478 0 0.006436 -0.3478 -0.059479 1.286163 0.3529079
006 2 34 6 0.006041 0.4 -0.059541 0 0.7478 0 0.006041 -0.3478 -0.059541 1.290497 0.3529114
006 2 34 6 0.005645 0.4 -0.0596 0 0.7478 0 0.005645 -0.3478 -0.0596 1.294662 0.3529148
006 2 34 6 0.005249 0.4 -0.059654 0 0.7478 0 0.005249 -0.3478 -0.059654 1.298843 0.3529178
006 2 34 6 0.004852 0.4 -0.059705 0 0.7478 0 0.004852 -0.3478 -0.059705 1.303162 0.3529208
006 2 34 6 0.004454 0.4 -0.059751 0 0.7478 0 0.004454 -0.3478 -0.059751 1.307434 0.3529233
006 2 34 6 0.004057 0.4 -0.059794 0 0.7478 0 0.004057 -0.3478 -0.059794 1.311554 0.3529258
006 2 34 6 0.003659 0.4 -0.059832 0 0.7478 0 0.003659 -0.3478 -0.059832 1.315781 0.3529279
006 2 34 6 0.00326 0.4 -0.059867 0 0.7478 0 0.00326 -0.3478 -0.059867 1.320389 0.3529299
006 2 34 6 0.002861 0.4 -0.059898 0 0.7478 0 0.002861 -0.3478 -0.059898 1.324493 0.3529317
006 2 34 6 0.002462 0.4 -0.059924 0 0.7478 0 0.002462 -0.3478 -0.059924 1.328796 0.3529331
006 2 34 6 0.002063 0.4 -0.059947 0 0.7478 0 0.002063 -0.3478 -0.059947 1.332932 0.3529344
006 2 34 6 0.001663 0.4 -0.059965 0 0.7478 0 0.001663 -0.3478 -0.059965 1.337372 0.3529354
006 2 34 6 0.001263 0.4 -0.05998 0 0.7478 0 0.001263 -0.3478 -0.05998 1.341599 0.3529363
006 2 34 6 0.000864 0.4 -0.059991 0 0.7478 0 0.000864 -0.3478 -0.059991 1.345795 0.352937
006 2 34 6 0.000464 0.4 -0.059997 0 0.7478 0 0.000464 -0.3478 -0.059997 1.350098 0.3529372
006 2 34 6 6.4E-05 0.4 -0.06 0 0.7478 0 6.4E-05 -0.3478 -0.06 1.354416 0.3529374
006 2 34 6 -0.000336 0.4 -0.059999 0 0.7478 0 -0.000336 -0.3478 -0.059999 1.358597 0.3529374
006 2 34 6 -0.000736 0.4 -0.059993 0 0.7478 0 -0.000736 -0.3478 -0.059993 1.362778 0.352937
006 2 34 6 -0.001136 0.4 -0.059984 0 0.7478 0 -0.001136 -0.3478 -0.059984 1.36705 0.3529365
006 2 34 6 -0.001536 0.4 -0.059971 0 0.7478 0 -0.001536 -0.3478 -0.059971 1.371323 0.3529359
006 2 34 6 -0.001936 0.4 -0.059953 0 0.7478 0 -0.001936 -0.3478 -0.059953 1.375427 0.3529347
006 2 34 6 -0.002335 0.4 -0.059932 0 0.7478 0 -0.002335 -0.3478 -0.059932 1.379593 0.3529336
006 2 34 6 -0.002734 0.4 -0.059906 0 0.7478 0 -0.002734 -0.3478 -0.059906 1.383652 0.3529321
006 2 34 6 -0.003133 0.4 -0.059877 0 0.7478 0 -0.003133 -0.3478 -0.059877 1.388138 0.3529305
006 2 34 6 -0.003532 0.4 -0.059844 0 0.7478 0 -0.003532 -0.3478 -0.059844 1.392227 0.3529286
006 2 34 6 -0.00393 0.4 -0.059806 0 0.7478 0 -0.00393 -0.3478 -0.059806 1.396423 0.3529264
006 2 34 6 -0.004328 0.4 -0.059765 0 0.7478 0 -0.004328 -0.3478 -0.059765 1.400665 0.3529241
006 2 34 6 -0.004725 0.4 -0.05972 0 0.7478 0 -0.004725 -0.3478 -0.05972 1.404999 0.3529216
006 2 34 6 -0.005122 0.4 -0.059671 0 0.7478 0 -0.005122 -0.3478 -0.059671 1.409271 0.3529188
006 2 34 6 -0.005519 0.4 -0.059617 0 0.7478 0 -0.005519 -0.3478 -0.059617 1.413376 0.3529157
006 2 34 6 -0.005915 0.4 -0.05956 0 0.7478 0 -0.005915 -0.3478 -0.05956 1.417694 0.3529125
006 2 34 6 -0.00631 0.4 -0.059499 0 0.7478 0 -0.00631 -0.3478 -0.059499 1.421936 0.352909
006 2 34 6 -0.006704 0.4 -0.059434 0 0.7478 0 -0.006704 -0.3478 -0.059434 1.426636 0.3529053
006 2 34 6 -0.007098 0.4 -0.059365 0 0.7478 0 -0.007098 -0.3478 -0.059365 1.430893 0.3529014
006 2 34 6 -0.007492 0.4 -0.059292 0 0.7478 0 -0.007492 -0.3478 -0.059292 1.43512 0.3528973
006 2 34 6 -0.007884 0.4 -0.059215 0 0.7478 0 -0.007884 -0.3478 -0.059215 1.439407 0.3528929
006 2 34 6 -0.008276 0.4 -0.059134 0 0.7478 0 -0.008276 -0.3478 -0.059134 1.443512 0.3528883
006 2 34 6 -0.008667 0.4 -0.05905 0 0.7478 0 -0.008667 -0.3478 -0.05905 1.448181 0.3528836
006 2 34 6 -0.009057 0.4 -0.058961 0 0.7478 0 -0.009057 -0.3478 -0.058961 1.452499 0.3528785
006 2 34 6 -0.009446 0.4 -0.058869 0 0.7478 0 -0.009446 -0.3478 -0.058869 1.457001 0.3528734
006 2 34 6 -0.009834 0.4 -0.058772 0 0.7478 0 -0.009834 -0.3478 -0.058772 1.461151 0.3528678
006 2 34 6 -0.010222 0.4 -0.058672 0 0.7478 0 -0.010222 -0.3478 -0.058672 1.465286 0.3528622
006 2 34 6 -0.010608 0.4 -0.058568 0 0.7478 0 -0.010608 -0.3478 -0.058568 1.469681 0.3528563
006 2 34 6 -0.010993 0.4 -0.05846 0 0.7478 0 -0.010993 -0.3478 -0.05846 1.473846 0.3528502
006 2 34 6 -0.011377 0.4 -0.058348 0 0.7478 0 -0.011377 -0.3478 -0.058348 1.477997 0.3528438
006 2 34 6 -0.01176 0.4 -0.058232 0 0.7478 0 -0.01176 -0.3478 -0.058232 1.482391 0.3528372
006 2 34 6 -0.012142 0.4 -0.058113 0 0.7478 0 -0.012142 -0.3478 -0.058113 1.487488 0.3528305
006 2 34 6 -0.012522 0.4 -0.057989 0 0.7478 0 -0.012522 -0.3478 -0.057989 1.492767 0.3528234
006 2 34 6 -0.012901 0.4 -0.057862 0 0.7478 0 -0.012901 -0.3478 -0.057862 1.497299 0.3528162
006 2 34 6 -0.013279 0.4 -0.057731 0 0.7478 0 -0.013279 -0.3478 -0.057731 1.501587 0.3528088
006 2 34 6 -0.013656 0.4 -0.057597 0 0.7478 0 -0.013656 -0.3478 -0.057597 1.505783 0.3528013
006 2 34 6 -0.014031 0.4 -0.057458 0 0.7478 0 -0.014031 -0.3478 -0.057458 1.510132 0.3527933
006 2 34 6 -0.014405 0.4 -0.057316 0 0.7478 0 -0.014405 -0.3478 -0.057316 1.514496 0.3527853
006 2 34 6 -0.014778 0.4 -0.05717 0 0.7478 0 -0.014778 -0.3478 -0.05717 1.518768 0.352777
006 2 34 6 -0.015149 0.4 -0.057021 0 0.7478 0 -0.015149 -0.3478 -0.057021 1.523056 0.3527686
006 2 34 6 -0.015518 0.4 -0.056867 0 0.7478 0 -0.015518 -0.3478 -0.056867 1.527374 0.3527598
006 2 34 6 -0.015886 0.4 -0.05671 0 0.7478 0 -0.015886 -0.3478 -0.05671 1.531525 0.3527509
006 2 34 6 -0.016252 0.4 -0.056549 0 0.7478 0 -0.016252 -0.3478 -0.056549 1.535873 0.3527417
006 2 34 6 -0.016617 0.4 -0.056385 0 0.7478 0 -0.016617 -0.3478 -0.056385 1.540222 0.3527325
006 2 34 6 -0.01698 0.4 -0.056217 0 0.7478 0 -0.01698 -0.3478 -0.056217 1.544464 0.352723
006 2 34 6 -0.017341 0.4 -0.056046 0 0.7478 0 -0.017341 -0.3478 -0.056046 1.548782 0.3527133
006 2 34 6 -0.017701 0.4 -0.05587 0 0.7478 0 -0.017701 -0.3478 -0.05587 1.553146 0.3527033
006 2 34 6 -0.018059 0.4 -0.055692 0 0.7478 0 -0.018059 -0.3478 -0.055692 1.557526 0.3526933
006 2 34 6 -0.018415 0.4 -0.055509 0 0.7478 0 -0.018415 -0.3478 -0.055509 1.561768 0.3526829
006 2 34 6 -0.018769 0.4 -0.055323 0 0.7478 0 -0.018769 -0.3478 -0.055323 1.566956 0.3526723
006 2 34 6 -0.019121 0.4 -0.055134 0 0.7478 0 -0.019121 -0.3478 -0.055134 1.571533 0.3526616
006 2 34 6 -0.019471 0.4 -0.054941 0 0.7478 0 -0.019471 -0.3478 -0.054941 1.575943 0.3526506
006 2 34 6 -0.01982 0.4 -0.054744 0 0.7478 0 -0.01982 -0.3478 -0.054744 1.580231 0.3526394
006 2 34 6 -0.020166 0.4 -0.054544 0 0.7478 0 -0.020166 -0.3478 -0.054544 1.590317 0.3526281
006 2 34 6 -0.020511 0.4 -0.054341 0 0.7478 0 -0.020511 -0.3478 -0.054341 1.594879 0.3526166
006 2 34 6 -0.020853 0.4 -0.054134 0 0.7478 0 -0.020853 -0.3478 -0.054134 1.599106 0.3526048
006 2 34 6 -0.021193 0.4 -0.053924 0 0.7478 0 -0.021193 -0.3478 -0.053924 1.603653 0.3525929
006 2 34 6 -0.021532 0.4 -0.05371 0 0.7478 0 -0.021532 -0.3478 -0.05371 1.607971 0.3525808
006 2 34 6 -0.021868 0.4 -0.053493 0 0.7478 0 -0.021868 -0.3478 -0.053493 1.612106 0.3525685
006 2 34 6 -0.022201 0.4 -0.053273 0 0.7478 0 -0.022201 -0.3478 -0.053273 1.616425 0.352556
006 2 34 6 -0.022533 0.4 -0.053049 0 0.7478 0 -0.022533 -0.3478 -0.053049 1.621002 0.3525433
006 2 34 6 -0.022862 0.4 -0.052822 0 0.7478 0 -0.022862 -0.3478 -0.052822 1.625183 0.3525304
006 2 34 6 -0.02319 0.4 -0.052592 0 0.7478 0 -0.02319 -0.3478 -0.052592 1.629425 0.3525174
006 2 34 6 -0.023514 0.4 -0.052359 0 0.7478 0 -0.023514 -0.3478 -0.052359 1.63356 0.3525042
006 2 34 6 -0.023837 0.4 -0.052122 0 0.7478 0 -0.023837 -0.3478 -0.052122 1.637955 0.3524908
006 2 34 6 -0.024157 0.4 -0.051882 0 0.7478 0 -0.024157 -0.3478 -0.051882 1.642151 0.3524771
006 2 34 6 -0.024474 0.4 -0.051639 0 0.7478 0 -0.024474 -0.3478 -0.051639 1.646973 0.3524633
006 2 34 6 -0.024789 0.4 -0.051392 0 0.7478 0 -0.024789 -0.3478 -0.051392 1.651413 0.3524492
006 2 34 6 -0.025102 0.4 -0.051143 0 0.7478 0 -0.025102 -0.3478 -0.051143 1.655624 0.3524352
006 2 34 6 -0.025412 0.4 -0.05089 0 0.7478 0 -0.025412 -0.3478 -0.05089 1.659805 0.3524207
006 2 34 6 -0.02572 0.4 -0.050635 0 0.7478 0 -0.02572 -0.3478 -0.050635 1.663879 0.3524064
006 2 34 6 -0.026025 0.4 -0.050376 0 0.7478 0 -0.026025 -0.3478 -0.050376 1.668259 0.3523916
006 2 34 6 -0.026327 0.4 -0.050114 0 0.7478 0 -0.026327 -0.3478 -0.050114 1.67244 0.3523767
006 2 34 6 -0.026627 0.4 -0.049849 0 0.7478 0 -0.026627 -0.3478 -0.049849 1.676743 0.3523617
006 2 34 6 -0.026924 0.4 -0.049582 0 0.7478 0 -0.026924 -0.3478 -0.049582 1.680969 0.3523466
006 2 34 6 -0.027219 0.4 -0.049311 0 0.7478 0 -0.027219 -0.3478 -0.049311 1.685196 0.3523312
006 2 34 6 -0.027511 0.4 -0.049037 0 0.7478 0 -0.027511 -0.3478 -0.049037 1.689545 0.3523156
006 2 34 6 -0.0278 0.4 -0.048761 0 0.7478 0 -0.0278 -0.3478 -0.048761 1.693665 0.3523
006 2 34 6 -0.028086 0.4 -0.048481 0 0.7478 0 -0.028086 -0.3478 -0.048481 1.697815 0.3522841
006 2 34 6 -0.028369 0.4 -0.048199 0 0.7478 0 -0.028369 -0.3478 -0.048199 1.702072 0.352268
006 2 34 6 -0.02865 0.4 -0.047914 0 0.7478 0 -0.02865 -0.3478 -0.047914 1.706482 0.3522519
006 2 34 6 -0.028928 0.4 -0.047626 0 0.7478 0 -0.028928 -0.3478 -0.047626 1.71077 0.3522356
006 2 34 6 -0.029202 0.4 -0.047335 0 0.7478 0 -0.029202 -0.3478 -0.047335 1.714859 0.352219
006 2 34 6 -0.029474 0.4 -0.047042 0 0.7478 0 -0.029474 -0.3478 -0.047042 1.719101 0.3522024
006 2 34 6 -0.029743 0.4 -0.046746 0 0.7478 0 -0.029743 -0.3478 -0.046746 1.723251 0.3521855
006 2 34 6 -0.030009 0.4 -0.046447 0 0.7478 0 -0.030009 -0.3478 -0.046447 1.727524 0.3521686
006 2 34 6 -0.030272 0.4 -0.046146 0 0.7478 0 -0.030272 -0.3478 -0.046146 1.731888 0.3521515
006 2 34 6 -0.030532 0.4 -0.045842 0 0.7478 0 -0.030532 -0.3478 -0.045842 1.736237 0.3521342
006 2 34 6 -0.030789 0.4 -0.045535 0 0.7478 0 -0.030789 -0.3478 -0.045535 1.740372 0.3521168
006 2 34 6 -0.031043 0.4 -0.045226 0 0.7478 0 -0.031043 -0.3478 -0.045226 1.744614 0.3520993
006 2 34 6 -0.031293 0.4 -0.044914 0 0.7478 0 -0.031293 -0.3478 -0.044914 1.748871 0.3520814
006 2 34 6 -0.031541 0.4 -0.0446 0 0.7478 0 -0.031541 -0.3478 -0.0446 1.753189 0.3520637
006 2 34 6 -0.031785 0.4 -0.044283 0 0.7478 0 -0.031785 -0.3478 -0.044283 1.757309 0.3520456
006 2 34 6 -0.032027 0.4 -0.043964 0 0.7478 0 -0.032027 -0.3478 -0.043964 1.761429 0.3520275
006 2 34 6 -0.032265 0.4 -0.043643 0 0.7478 0 -0.032265 -0.3478 -0.043643 1.765549 0.3520093
006 2 34 6 -0.0325 0.4 -0.043319 0 0.7478 0 -0.0325 -0.3478 -0.043319 1.769974 0.3519909
006 2 34 6 -0.032731 0.4 -0.042993 0 0.7478 0 -0.032731 -0.3478 -0.042993 1.774246 0.3519724
006 2 34 6 -0.032959 0.4 -0.042665 0 0.7478 0 -0.032959 -0.3478 -0.042665 1.77858 0.3519537
006 2 34 6 -0.033184 0.4 -0.042334 0 0.7478 0 -0.033184 -0.3478 -0.042334 1.78273 0.3519349
006 2 34 6 -0.033406 0.4 -0.042001 0 0.7478 0 -0.033406 -0.3478 -0.042001 1.787323 0.351916
006 2 34 6 -0.033624 0.4 -0.041666 0 0.7478 0 -0.033624 -0.3478 -0.041666 1.791687 0.3518969
006 2 34 6 -0.033839 0.4 -0.041328 0 0.7478 0 -0.033839 -0.3478 -0.041328 1.795929 0.3518777
006 2 34 6 -0.034051 0.4 -0.040989 0 0.7478 0 -0.034051 -0.3478 -0.040989 1.800079 0.3518585
006 2 34 6 -0.034259 0.4 -0.040647 0 0.7478 0 -0.034259 -0.3478 -0.040647 1.804352 0.351839
006 2 34 6 -0.034464 0.4 -0.040304 0 0.7478 0 -0.034464 -0.3478 -0.040304 1.808792 0.3518196
006 2 34 6 -0.034665 0.4 -0.039958 0 0.7478 0 -0.034665 -0.3478 -0.039958 1.812897 0.3517998
006 2 34 6 -0.034863 0.4 -0.03961 0 0.7478 0 -0.034863 -0.3478 -0.03961 1.817078 0.3517801
006 2 34 6 -0.035057 0.4 -0.039261 0 0.7478 0 -0.035057 -0.3478 -0.039261 1.821457 0.3517602
006 2 34 6 -0.035248 0.4 -0.038909 0 0.7478 0 -0.035248 -0.3478 -0.038909 1.825577 0.3517402
006 2 34 6 -0.035436 0.4 -0.038556 0 0.7478 0 -0.035436 -0.3478 -0.038556 1.829834 0.3517202
006 2 34 6 -0.035619 0.4 -0.038201 0 0.7478 0 -0.035619 -0.3478 -0.038201 1.833969 0.3516999
006 2 34 6 -0.0358 0.4 -0.037843 0 0.7478 0 -0.0358 -0.3478 -0.037843 1.838333 0.3516796
006 2 34 6 -0.035976 0.4 -0.037485 0 0.7478 0 -0.035976 -0.3478 -0.037485 1.842651 0.3516592
006 2 34 6 -0.036149 0.4 -0.037124 0 0.7478 0 -0.036149 -0.3478 -0.037124 1.84697 0.3516387
006 2 34 6 -0.036319 0.4 -0.036762 0 0.7478 0 -0.036319 -0.3478 -0.036762 1.851334 0.3516182
006 2 34 6 -0.036484 0.4 -0.036398 0 0.7478 0 -0.036484 -0.3478 -0.036398 1.855667 0.3515974
006 2 34 6 -0.036647 0.4 -0.036032 0 0.7478 0 -0.036647 -0.3478 -0.036032 1.859818 0.3515767
006 2 34 6 -0.036805 0.4 -0.035665 0 0.7478 0 -0.036805 -0.3478 -0.035665 1.863983 0.3515557
006 2 34 6 -0.03696 0.4 -0.035296 0 0.7478 0 -0.03696 -0.3478 -0.035296 1.868332 0.3515348
006 2 34 6 -0.037111 0.4 -0.034926 0 0.7478 0 -0.037111 -0.3478 -0.034926 1.872559 0.3515137
006 2 34 6 -0.037258 0.4 -0.034554 0 0.7478 0 -0.037258 -0.3478 -0.034554 1.876709 0.3514925
006 2 34 6 -0.037402 0.4 -0.03418 0 0.7478 0 -0.037402 -0.3478 -0.03418 1.880936 0.3514712
006 2 34 6 -0.037542 0.4 -0.033806 0 0.7478 0 -0.037542 -0.3478 -0.033806 1.885513 0.35145
006 2 34 6 -0.037678 0.4 -0.03343 0 0.7478 0 -0.037678 -0.3478 -0.03343 1.889847 0.3514285
006 2 34 6 -0.037811 0.4 -0.033052 0 0.7478 0 -0.037811 -0.3478 -0.033052 1.893951 0.3514071
006 2 34 6 -0.037939 0.4 -0.032673 0 0.7478 0 -0.037939 -0.3478 -0.032673 1.898224 0.3513854
006 2 34 6 -0.038064 0.4 -0.032293 0 0.7478 0 -0.038064 -0.3478 -0.032293 1.902451 0.3513638
006 2 34 6 -0.038185 0.4 -0.031912 0 0.7478 0 -0.038185 -0.3478 -0.031912 1.906662 0.3513421
006 2 34 6 -0.038302 0.4 -0.03153 0 0.7478 0 -0.038302 -0.3478 -0.03153 1.91095 0.3513204
006 2 34 6 -0.038416 0.4 -0.031146 0 0.7478 0 -0.038416 -0.3478 -0.031146 1.915283 0.3512986
006 2 34 6 -0.038525 0.4 -0.030761 0 0.7478 0 -0.038525 -0.3478 -0.030761 1.919586 0.3512766
006 2 34 6 -0.038631 0.4 -0.030376 0 0.7478 0 -0.038631 -0.3478 -0.030376 1.923706 0.3512547
006 2 34 6 -0.038733 0.4 -0.029989 0 0.7478 0 -0.038733 -0.3478 -0.029989 1.92804 0.3512327
006 2 34 6 -0.038831 0.4 -0.029601 0 0.7478 0 -0.038831 -0.3478 -0.029601 1.932175 0.3512106
006 2 34 6 -0.038925 0.4 -0.029212 0 0.7478 0 -0.038925 -0.3478 -0.029212 1.936493 0.3511885
006 2 34 6 -0.039015 0.4 -0.028822 0 0.7478 0 -0.039015 -0.3478 -0.028822 1.940643 0.3511662
006 2 34 6 -0.039101 0.4 -0.028432 0 0.7478 0 -0.039101 -0.3478 -0.028432 1.944763 0.351144
006 2 34 6 -0.039184 0.4 -0.02804 0 0.7478 0 -0.039184 -0.3478 -0.02804 1.949051 0.3511217
006 2 34 6 -0.039262 0.4 -0.027648 0 0.7478 0 -0.039262 -0.3478 -0.027648 1.953339 0.3510993
006 2 34 6 -0.039337 0.4 -0.027255 0 0.7478 0 -0.039337 -0.3478 -0.027255 1.957581 0.351077
006 2 34 6 -0.039407 0.4 -0.026861 0 0.7478 0 -0.039407 -0.3478 -0.026861 1.961716 0.3510545
006 2 34 6 -0.039474 0.4 -0.026467 0 0.7478 0 -0.039474 -0.3478 -0.026467 1.965912 0.3510321
006 2 34 6 -0.039536 0.4 -0.026072 0 0.7478 0 -0.039536 -0.3478 -0.026072 1.970352 0.3510095
006 2 34 6 -0.039595 0.4 -0.025676 0 0.7478 0 -0.039595 -0.3478 -0.025676 1.974777 0.350987
006 2 34 6 -0.03965 0.4 -0.02528 0 0.7478 0 -0.03965 -0.3478 -0.02528 1.978897 0.3509644
006 2 34 6 -0.039701 0.4 -0.024883 0 0.7478 0 -0.039701 -0.3478 -0.024883 1.983185 0.3509418
006 2 34 6 -0.039748 0.4 -0.024486 0 0.7478 0 -0.039748 -0.3478 -0.024486 1.988846 0.3509192
006 2 34 6 -0.039791 0.4 -0.024088 0 0.7478 0 -0.039791 -0.3478 -0.024088 1.994232 0.3508965
006 2 34 6 -0.039829 0.4 -0.02369 0 0.7478 0 -0.039829 -0.3478 -0.02369 1.99884 0.3508738
006 2 34 6 -0.039864 0.4 -0.023292 0 0.7478 0 -0.039864 -0.3478 -0.023292 2.003555 0.3508511
006 2 34 6 -0.039895 0.4 -0.022893 0 0.7478 0 -0.039895 -0.3478 -0.022893 2.00795 0.3508283
006 2 34 6 -0.039922 0.4 -0.022494 0 0.7478 0 -0.039922 -0.3478 -0.022494 2.012085 0.3508056
006 2 34 6 -0.039945 0.4 -0.022095 0 0.7478 0 -0.039945 -0.3478 -0.022095 2.016251 0.3507829
006 2 34 6 -0.039964 0.4 -0.021695 0 0.7478 0 -0.039964 -0.3478 -0.021695 2.02066 0.3507601
006 2 34 6 -0.039979 0.4 -0.021295 0 0.7478 0 -0.039979 -0.3478 -0.021295 2.024796 0.3507373
006 2 34 6 -0.03999 0.4 -0.020895 0 0.7478 0 -0.03999 -0.3478 -0.020895 2.029068 0.3507144
006 2 34 6 -0.039997 0.4 -0.020496 0 0.7478 0 -0.039997 -0.3478 -0.020496 2.033218 0.3506917
006 2 34 6 -0.04 0.4 -0.020096 0 0.7478 0 -0.04 -0.3478 -0.020096 2.037598 0.3506689
006 2 34 6 -0.039999 0.4 -0.019696 0 0.7478 0 -0.039999 -0.3478 -0.019696 2.041733 0.3506461
006 2 34 6 -0.039994 0.4 -0.019296 0 0.7478 0 -0.039994 -0.3478 -0.019296 2.045883 0.3506233
006 2 34 6 -0.039985 0.4 -0.018896 0 0.7478 0 -0.039985 -0.3478 -0.018896 2.050095 0.3506005
006 2 34 6 -0.039972 0.4 -0.018496 0 0.7478 0 -0.039972 -0.3478 -0.018496 2.054535 0.3505777
006 2 34 6 -0.039955 0.4 -0.018096 0 0.7478 0 -0.039955 -0.3478 -0.018096 2.058701 0.3505549
006 2 34 6 -0.039934 0.4 -0.017697 0 0.7478 0 -0.039934 -0.3478 -0.017697 2.062851 0.3505321
006 2 34 6 -0.039909 0.4 -0.017298 0 0.7478 0 -0.039909 -0.3478 -0.017298 2.067291 0.3505093
006 2 34 6 -0.03988 0.4 -0.016899 0 0.7478 0 -0.03988 -0.3478 -0.016899 2.071701 0.3504865
006 2 34 6 -0.039847 0.4 -0.0165 0 0.7478 0 -0.039847 -0.3478 -0.0165 2.075928 0.3504638
006 2 34 6 -0.03981 0.4 -0.016102 0 0.7478 0 -0.03981 -0.3478 -0.016102 2.080139 0.3504411
006 2 34 6 -0.039769 0.4 -0.015704 0 0.7478 0 -0.039769 -0.3478 -0.015704 2.084442 0.3504184
006 2 34 6 -0.039724 0.4 -0.015306 0 0.7478 0 -0.039724 -0.3478 -0.015306 2.088821 0.3503956
006 2 34 6 -0.039675 0.4 -0.014909 0 0.7478 0 -0.039675 -0.3478 -0.014909 2.092941 0.350373
006 2 34 6 -0.039622 0.4 -0.014513 0 0.7478 0 -0.039622 -0.3478 -0.014513 2.097137 0.3503504
006 2 34 6 -0.039565 0.4 -0.014117 0 0.7478 0 -0.039565 -0.3478 -0.014117 2.101303 0.3503277
006 2 34 6 -0.039504 0.4 -0.013722 0 0.7478 0 -0.039504 -0.3478 -0.013722 2.105438 0.3503051
006 2 34 6 -0.039439 0.4 -0.013327 0 0.7478 0 -0.039439 -0.3478 -0.013327 2.109665 0.3502825
006 2 34 6 -0.039371 0.4 -0.012933 0 0.7478 0 -0.039371 -0.3478 -0.012933 2.113815 0.3502601
006 2 34 6 -0.039298 0.4 -0.01254 0 0.7478 0 -0.039298 -0.3478 -0.01254 2.118179 0.3502377
006 2 34 6 -0.039222 0.4 -0.012147 0 0.7478 0 -0.039222 -0.3478 -0.012147 2.122528 0.3502153
006 2 34 6 -0.039141 0.4 -0.011755 0 0.7478 0 -0.039141 -0.3478 -0.011755 2.126724 0.3501928
006 2 34 6 -0.039057 0.4 -0.011364 0 0.7478 0 -0.039057 -0.3478 -0.011364 2.131134 0.3501706
006 2 34 6 -0.038968 0.4 -0.010974 0 0.7478 0 -0.038968 -0.3478 -0.010974 2.135422 0.3501482
006 2 34 6 -0.038876 0.4 -0.010585 0 0.7478 0 -0.038876 -0.3478 -0.010585 2.139633 0.350126
006 2 34 6 -0.03878 0.4 -0.010196 0 0.7478 0 -0.03878 -0.3478 -0.010196 2.143753 0.3501038
006 2 34 6 -0.03868 0.4 -0.009809 0 0.7478 0 -0.03868 -0.3478 -0.009809 2.148102 0.3500817
006 2 34 6 -0.038576 0.4 -0.009423 0 0.7478 0 -0.038576 -0.3478 -0.009423 2.152893 0.3500596
006 2 34 6 -0.038469 0.4 -0.009038 0 0.7478 0 -0.038469 -0.3478 -0.009038 2.157074 0.3500377
006 2 34 6 -0.038357 0.4 -0.008654 0 0.7478 0 -0.038357 -0.3478 -0.008654 2.161194 0.3500157
006 2 34 6 -0.038242 0.4 -0.008271 0 0.7478 0 -0.038242 -0.3478 -0.008271 2.165298 0.3499939
006 2 34 6 -0.038122 0.4 -0.007889 0 0.7478 0 -0.038122 -0.3478 -0.007889 2.169724 0.3499719
006 2 34 6 -0.037999 0.4 -0.007508 0 0.7478 0 -0.037999 -0.3478 -0.007508 2.17395 0.3499502
006 2 34 6 -0.037873 0.4 -0.007129 0 0.7478 0 -0.037873 -0.3478 -0.007129 2.178192 0.3499286
006 2 34 6 -0.037742 0.4 -0.006751 0 0.7478 0 -0.037742 -0.3478 -0.006751 2.182327 0.3499069
006 2 34 6 -0.037608 0.4 -0.006374 0 0.7478 0 -0.037608 -0.3478 -0.006374 2.186707 0.3498854
006 2 34 6 -0.037469 0.4 -0.005999 0 0.7478 0 -0.037469 -0.3478 -0.005999 2.191116 0.3498639
006 2 34 6 -0.037328 0.4 -0.005625 0 0.7478 0 -0.037328 -0.3478 -0.005625 2.195267 0.3498426
006 2 34 6 -0.037182 0.4 -0.005252 0 0.7478 0 -0.037182 -0.3478 -0.005252 2.199524 0.3498213
006 2 34 6 -0.037033 0.4 -0.004881 0 0.7478 0 -0.037033 -0.3478 -0.004881 2.204086 0.3498001
006 2 34 6 -0.03688 0.4 -0.004511 0 0.7478 0 -0.03688 -0.3478 -0.004511 2.208359 0.349779
006 2 34 6 -0.036723 0.4 -0.004143 0 0.7478 0 -0.036723 -0.3478 -0.004143 2.212616 0.3497579
006 2 34 6 -0.036562 0.4 -0.003777 0 0.7478 0 -0.036562 -0.3478 -0.003777 2.216751 0.3497369
006 2 34 6 -0.036398 0.4 -0.003412 0 0.7478 0 -0.036398 -0.3478 -0.003412 2.221222 0.349716
006 2 34 6 -0.036231 0.4 -0.003049 0 0.7478 0 -0.036231 -0.3478 -0.003049 2.225388 0.3496953
006 2 34 6 -0.036059 0.4 -0.002687 0 0.7478 0 -0.036059 -0.3478 -0.002687 2.229614 0.3496746
006 2 34 6 -0.035884 0.4 -0.002328 0 0.7478 0 -0.035884 -0.3478 -0.002328 2.233795 0.349654
006 2 34 6 -0.035706 0.4 -0.00197 0 0.7478 0 -0.035706 -0.3478 -0.00197 2.238159 0.3496336
006 2 34 6 -0.035524 0.4 -0.001614 0 0.7478 0 -0.035524 -0.3478 -0.001614 2.24234 0.3496132
006 2 34 6 -0.035338 0.4 -0.001259 0 0.7478 0 -0.035338 -0.3478 -0.001259 2.246552 0.3495929
006 2 34 6 -0.035149 0.4 -0.000907 0 0.7478 0 -0.035149 -0.3478 -0.000907 2.251099 0.3495727
006 2 34 6 -0.034956 0.4 -0.000556 0 0.7478 0 -0.034956 -0.3478 -0.000556 2.2556 0.3495527
006 2 34 6 -0.03476 0.4 -0.000208 0 0.7478 0 -0.03476 -0.3478 -0.000208 2.259933 0.3495327
006 2 34 6 -0.03456 0.4 0.000139 0 0.7478 0 -0.03456 -0.3478 0.000139 2.264267 0.3495129
006 2 34 6 -0.034357 0.4 0.000483 0 0.7478 0 -0.034357 -0.3478 0.000483 2.268875 0.3494931
006 2 34 6 -0.034151 0.4 0.000826 0 0.7478 0 -0.034151 -0.3478 0.000826 2.273056 0.3494736
006 2 34 6 -0.033941 0.4 0.001166 0 0.7478 0 -0.033941 -0.3478 0.001166 2.277573 0.3494541
006 2 34 6 -0.033728 0.4 0.001505 0 0.7478 0 -0.033728 -0.3478 0.001505 2.281723 0.3494348
006 2 34 6 -0.033511 0.4 0.001841 0 0.7478 0 -0.033511 -0.3478 0.001841 2.285934 0.3494155
006 2 34 6 -0.033291 0.4 0.002175 0 0.7478 0 -0.033291 -0.3478 0.002175 2.290298 0.3493964
006 2 34 6 -0.033067 0.4 0.002507 0 0.7478 0 -0.033067 -0.3478 0.002507 2.294434 0.3493774
006 2 34 6 -0.032841 0.4 0.002836 0 0.7478 0 -0.032841 -0.3478 0.002836 2.298676 0.3493586
006 2 34 6 -0.032611 0.4 0.003164 0 0.7478 0 -0.032611 -0.3478 0.003164 2.302963 0.3493398
006 2 34 6 -0.032377 0.4 0.003489 0 0.7478 0 -0.032377 -0.3478 0.003489 2.307251 0.3493212
006 2 34 6 -0.032141 0.4 0.003811 0 0.7478 0 -0.032141 -0.3478 0.003811 2.311325 0.3493027
006 2 34 6 -0.031901 0.4 0.004131 0 0.7478 0 -0.031901 -0.3478 0.004131 2.315475 0.3492844
006 2 34 6 -0.031658 0.4 0.004449 0 0.7478 0 -0.031658 -0.3478 0.004449 2.319824 0.3492662
006 2 34 6 -0.031412 0.4 0.004764 0 0.7478 0 -0.031412 -0.3478 0.004764 2.32399 0.3492481
006 2 34 6 -0.031163 0.4 0.005077 0 0.7478 0 -0.031163 -0.3478 0.005077 2.328293 0.3492302
006 2 34 6 -0.030911 0.4 0.005388 0 0.7478 0 -0.030911 -0.3478 0.005388 2.332428 0.3492125
006 2 34 6 -0.030655 0.4 0.005696 0 0.7478 0 -0.030655 -0.3478 0.005696 2.336761 0.3491948
006 2 34 6 -0.030397 0.4 0.006001 0 0.7478 0 -0.030397 -0.3478 0.006001 2.340881 0.3491773
006 2 34 6 -0.030135 0.4 0.006303 0 0.7478 0 -0.030135 -0.3478 0.006303 2.345078 0.34916
006 2 34 6 -0.029871 0.4 0.006604 0 0.7478 0 -0.029871 -0.3478 0.006604 2.349426 0.3491428
006 2 34 6 -0.029603 0.4 0.006901 0 0.7478 0 -0.029603 -0.3478 0.006901 2.353683 0.3491257
006 2 34 6 -0.029333 0.4 0.007196 0 0.7478 0 -0.029333 -0.3478 0.007196 2.3582 0.3491089
006 2 34 6 -0.029059 0.4 0.007488 0 0.7478 0 -0.029059 -0.3478 0.007488 2.362427 0.3490922
006 2 34 6 -0.028783 0.4 0.007777 0 0.7478 0 -0.028783 -0.3478 0.007777 2.366531 0.3490756
006 2 34 6 -0.028504 0.4 0.008063 0 0.7478 0 -0.028504 -0.3478 0.008063 2.370987 0.3490592
006 2 34 6 -0.028222 0.4 0.008347 0 0.7478 0 -0.028222 -0.3478 0.008347 2.375137 0.349043
006 2 34 6 -0.027937 0.4 0.008628 0 0.7478 0 -0.027937 -0.3478 0.008628 2.379562 0.3490269
006 2 34 6 -0.027649 0.4 0.008906 0 0.7478 0 -0.027649 -0.3478 0.008906 2.383713 0.3490109
006 2 34 6 -0.027359 0.4 0.009181 0 0.7478 0 -0.027359 -0.3478 0.009181 2.38829 0.3489952
006 2 34 6 -0.027065 0.4 0.009453 0 0.7478 0 -0.027065 -0.3478 0.009453 2.392441 0.3489795
006 2 34 6 -0.02677 0.4 0.009722 0 0.7478 0 -0.02677 -0.3478 0.009722 2.396606 0.3489642
006 2 34 6 -0.026471 0.4 0.009988 0 0.7478 0 -0.026471 -0.3478 0.009988 2.401016 0.3489489
006 2 34 6 -0.02617 0.4 0.010251 0 0.7478 0 -0.02617 -0.3478 0.010251 2.405273 0.3489338
006 2 34 6 -0.025866 0.4 0.010511 0 0.7478 0 -0.025866 -0.3478 0.010511 2.40947 0.3489189
006 2 34 6 -0.02556 0.4 0.010769 0 0.7478 0 -0.02556 -0.3478 0.010769 2.413544 0.3489042
006 2 34 6 -0.025251 0.4 0.011023 0 0.7478 0 -0.025251 -0.3478 0.011023 2.417923 0.3488896
006 2 34 6 -0.024939 0.4 0.011274 0 0.7478 0 -0.024939 -0.3478 0.011274 2.422211 0.3488752
006 2 34 6 -0.024625 0.4 0.011521 0 0.7478 0 -0.024625 -0.3478 0.011521 2.426376 0.3488609
006 2 34 6 -0.024309 0.4 0.011766 0 0.7478 0 -0.024309 -0.3478 0.011766 2.430664 0.348847
006 2 34 6 -0.02399 0.4 0.012008 0 0.7478 0 -0.02399 -0.3478 0.012008 2.43512 0.3488331
006 2 34 6 -0.023669 0.4 0.012246 0 0.7478 0 -0.023669 -0.3478 0.012246 2.439514 0.3488195
006 2 34 6 -0.023345 0.4 0.012481 0 0.7478 0 -0.023345 -0.3478 0.012481 2.44368 0.348806
006 2 34 6 -0.023019 0.4 0.012713 0 0.7478 0 -0.023019 -0.3478 0.012713 2.447983 0.3487927
006 2 34 6 -0.022691 0.4 0.012941 0 0.7478 0 -0.022691 -0.3478 0.012941 2.452255 0.3487796
006 2 34 6 -0.02236 0.4 0.013167 0 0.7478 0 -0.02236 -0.3478 0.013167 2.456451 0.3487667
006 2 34 6 -0.022027 0.4 0.013389 0 0.7478 0 -0.022027 -0.3478 0.013389 2.460724 0.3487539
006 2 34 6 -0.021692 0.4 0.013607 0 0.7478 0 -0.021692 -0.3478 0.013607 2.464844 0.3487414
006 2 34 6 -0.021355 0.4 0.013822 0 0.7478 0 -0.021355 -0.3478 0.013822 2.469131 0.348729
006 2 34 6 -0.021016 0.4 0.014034 0 0.7478 0 -0.021016 -0.3478 0.014034 2.47319 0.3487169
006 2 34 6 -0.020675 0.4 0.014243 0 0.7478 0 -0.020675 -0.3478 0.014243 2.477249 0.348705
006 2 34 6 -0.020331 0.4 0.014448 0 0.7478 0 -0.020331 -0.3478 0.014448 2.481369 0.3486932
006 2 34 6 -0.019986 0.4 0.014649 0 0.7478 0 -0.019986 -0.3478 0.014649 2.486099 0.3486816
006 2 34 6 -0.019638 0.4 0.014847 0 0.7478 0 -0.019638 -0.3478 0.014847 2.490845 0.3486702
006 2 34 6 -0.019289 0.4 0.015042 0 0.7478 0 -0.019289 -0.3478 0.015042 2.495148 0.3486591
006 2 34 6 -0.018937 0.4 0.015233 0 0.7478 0 -0.018937 -0.3478 0.015233 2.499481 0.3486481
006 2 34 6 -0.018584 0.4 0.015421 0 0.7478 0 -0.018584 -0.3478 0.015421 2.50386 0.3486373
006 2 34 6 -0.018229 0.4 0.015605 0 0.7478 0 -0.018229 -0.3478 0.015605 2.508286 0.3486268
006 2 34 6 -0.017872 0.4 0.015785 0 0.7478 0 -0.017872 -0.3478 0.015785 2.512375 0.3486164
006 2 34 6 -0.017513 0.4 0.015962 0 0.7478 0 -0.017513 -0.3478 0.015962 2.516479 0.3486063
006 2 34 6 -0.017153 0.4 0.016136 0 0.7478 0 -0.017153 -0.3478 0.016136 2.520844 0.3485964
006 2 34 6 -0.016791 0.4 0.016305 0 0.7478 0 -0.016791 -0.3478 0.016305 2.525085 0.3485866
006 2 34 6 -0.016427 0.4 0.016471 0 0.7478 0 -0.016427 -0.3478 0.016471 2.529312 0.3485771
006 2 34 6 -0.016061 0.4 0.016634 0 0.7478 0 -0.016061 -0.3478 0.016634 2.533356 0.3485678
006 2 34 6 -0.015694 0.4 0.016793 0 0.7478 0 -0.015694 -0.3478 0.016793 2.537689 0.3485587
006 2 34 6 -0.015325 0.4 0.016948 0 0.7478 0 -0.015325 -0.3478 0.016948 2.54187 0.3485498
006 2 34 6 -0.014955 0.4 0.017099 0 0.7478 0 -0.014955 -0.3478 0.017099 2.546082 0.3485411
006 2 34 6 -0.014583 0.4 0.017247 0 0.7478 0 -0.014583 -0.3478 0.017247 2.550629 0.3485326
006 2 34 6 -0.01421 0.4 0.017391 0 0.7478 0 -0.01421 -0.3478 0.017391 2.555054 0.3485243
006 2 34 6 -0.013836 0.4 0.017531 0 0.7478 0 -0.013836 -0.3478 0.017531 2.559357 0.3485163
006 2 34 6 -0.01346 0.4 0.017668 0 0.7478 0 -0.01346 -0.3478 0.017668 2.564072 0.3485085
006 2 34 6 -0.013082 0.4 0.0178 0 0.7478 0 -0.013082 -0.3478 0.0178 2.568939 0.3485008
006 2 34 6 -0.012704 0.4 0.017929 0 0.7478 0 -0.012704 -0.3478 0.017929 2.573547 0.3484934
006 2 34 6 -0.012324 0.4 0.018054 0 0.7478 0 -0.012324 -0.3478 0.018054 2.577728 0.3484862
006 2 34 6 -0.011942 0.4 0.018176 0 0.7478 0 -0.011942 -0.3478 0.018176 2.581833 0.3484793
006 2 34 6 -0.01156 0.4 0.018293 0 0.7478 0 -0.01156 -0.3478 0.018293 2.58609 0.3484725
006 2 34 6 -0.011177 0.4 0.018407 0 0.7478 0 -0.011177 -0.3478 0.018407 2.590469 0.348466
006 2 34 6 -0.010792 0.4 0.018517 0 0.7478 0 -0.010792 -0.3478 0.018517 2.594711 0.3484597
006 2 34 6 -0.010406 0.4 0.018623 0 0.7478 0 -0.010406 -0.3478 0.018623 2.598907 0.3484536
006 2 34 6 -0.01002 0.4 0.018725 0 0.7478 0 -0.01002 -0.3478 0.018725 2.603271 0.3484478
006 2 34 6 -0.009632 0.4 0.018823 0 0.7478 0 -0.009632 -0.3478 0.018823 2.607605 0.3484421
006 2 34 6 -0.009243 0.4 0.018917 0 0.7478 0 -0.009243 -0.3478 0.018917 2.611694 0.3484367
006 2 34 6 -0.008853 0.4 0.019008 0 0.7478 0 -0.008853 -0.3478 0.019008 2.61586 0.3484315
006 2 34 6 -0.008463 0.4 0.019094 0 0.7478 0 -0.008463 -0.3478 0.019094 2.620239 0.3484265
006 2 34 6 -0.008072 0.4 0.019177 0 0.7478 0 -0.008072 -0.3478 0.019177 2.624573 0.3484218
006 2 34 6 -0.007679 0.4 0.019256 0 0.7478 0 -0.007679 -0.3478 0.019256 2.628906 0.3484173
006 2 34 6 -0.007287 0.4 0.019331 0 0.7478 0 -0.007287 -0.3478 0.019331 2.633011 0.348413
006 2 34 6 -0.006893 0.4 0.019402 0 0.7478 0 -0.006893 -0.3478 0.019402 2.637711 0.3484089
006 2 34 6 -0.006498 0.4 0.019469 0 0.7478 0 -0.006498 -0.3478 0.019469 2.642014 0.3484051
006 2 34 6 -0.006103 0.4 0.019532 0 0.7478 0 -0.006103 -0.3478 0.019532 2.646484 0.3484015
006 2 34 6 -0.005708 0.4 0.019591 0 0.7478 0 -0.005708 -0.3478 0.019591 2.651337 0.3483981
006 2 34 6 -0.005312 0.4 0.019646 0 0.7478 0 -0.005312 -0.3478 0.019646 2.655563 0.3483949
006 2 34 6 -0.004915 0.4 0.019697 0 0.7478 0 -0.004915 -0.3478 0.019697 2.659714 0.348392
006 2 34 6 -0.004518 0.4 0.019744 0 0.7478 0 -0.004518 -0.3478 0.019744 2.663895 0.3483892
006 2 34 6 -0.00412 0.4 0.019787 0 0.7478 0 -0.00412 -0.3478 0.019787 2.668243 0.3483868
006 2 34 6 -0.003722 0.4 0.019826 0 0.7478 0 -0.003722 -0.3478 0.019826 2.672394 0.3483845
006 2 34 6 -0.003324 0.4 0.019862 0 0.7478 0 -0.003324 -0.3478 0.019862 2.676483 0.3483825
006 2 34 6 -0.002925 0.4 0.019893 0 0.7478 0 -0.002925 -0.3478 0.019893 2.680664 0.3483807
006 2 34 6 -0.002526 0.4 0.01992 0 0.7478 0 -0.002526 -0.3478 0.01992 2.684967 0.3483791
006 2 34 6 -0.002126 0.4 0.019943 0 0.7478 0 -0.002126 -0.3478 0.019943 2.689316 0.3483778
006 2 34 6 -0.001727 0.4 0.019963 0 0.7478 0 -0.001727 -0.3478 0.019963 2.69342 0.3483767
006 2 34 6 -0.001327 0.4 0.019978 0 0.7478 0 -0.001327 -0.3478 0.019978 2.697769 0.3483758
006 2 34 6 -0.000927 0.4 0.019989 0 0.7478 0 -0.000927 -0.3478 0.019989 2.702072 0.3483751
006 2 34 6 -0.000527 0.4 0.019997 0 0.7478 0 -0.000527 -0.3478 0.019997 2.706299 0.3483748
006 2 34 6 -0.000127 0.4 0.02 0 0.7478 0 -0.000127 -0.3478 0.02 2.710556 0.3483746
006 2 34 6 0 0.4 0.02 0 0.7478 0 0 -0.3478 0.02 2.714813 0.3483745
