006 2 15 12 0 0.4 0.02 0 0.7478 0 0 -0.3478 0.02 0 0.3483745
006 2 15 12 0.0004 0.4 0.019999 0 0.7478 0 0.0004 -0.3478 0.019999 0.00428772 0.3483747
006 2 15 12 0.0008 0.4 0.019996 0 0.7478 0 0.0008 -0.3478 0.019996 0.008773804 0.3483752
006 2 15 12 0.0012 0.4 0.019991 0 0.7478 0 0.0012 -0.3478 0.019991 0.01294708 0.3483761
006 2 15 12 0.0016 0.4 0.019984 0 0.7478 0 0.0016 -0.3478 0.019984 0.01728058 0.3483773
006 2 15 12 0.001999 0.4 0.019975 0 0.7478 0 0.001999 -0.3478 0.019975 0.02162933 0.3483789
006 2 15 12 0.002399 0.4 0.019964 0 0.7478 0 0.002399 -0.3478 0.019964 0.02615356 0.3483807
006 2 15 12 0.002798 0.4 0.019951 0 0.7478 0 0.002798 -0.3478 0.019951 0.0304184 0.348383
006 2 15 12 0.003197 0.4 0.019936 0 0.7478 0 0.003197 -0.3478 0.019936 0.03475189 0.3483856
006 2 15 12 0.003595 0.4 0.019919 0 0.7478 0 0.003595 -0.3478 0.019919 0.03920746 0.3483885
006 2 15 12 0.003993 0.4 0.0199 0 0.7478 0 0.003993 -0.3478 0.0199 0.0435791 0.3483917
006 2 15 12 0.004391 0.4 0.019879 0 0.7478 0 0.004391 -0.3478 0.019879 0.0477829 0.3483953
006 2 15 12 0.004788 0.4 0.019856 0 0.7478 0 0.004788 -0.3478 0.019856 0.05220032 0.3483992
006 2 15 12 0.005185 0.4 0.019831 0 0.7478 0 0.005185 -0.3478 0.019831 0.05787659 0.3484035
006 2 15 12 0.005582 0.4 0.019804 0 0.7478 0 0.005582 -0.3478 0.019804 0.06253815 0.3484081
006 2 15 12 0.005978 0.4 0.019775 0 0.7478 0 0.005978 -0.3478 0.019775 0.06661987 0.348413
006 2 15 12 0.006373 0.4 0.019745 0 0.7478 0 0.006373 -0.3478 0.019745 0.07118225 0.3484183
006 2 15 12 0.006767 0.4 0.019712 0 0.7478 0 0.006767 -0.3478 0.019712 0.07553864 0.3484239
006 2 15 12 0.007161 0.4 0.019677 0 0.7478 0 0.007161 -0.3478 0.019677 0.07976532 0.3484297
006 2 15 12 0.007554 0.4 0.01964 0 0.7478 0 0.007554 -0.3478 0.01964 0.08398438 0.348436
006 2 15 12 0.007947 0.4 0.019601 0 0.7478 0 0.007947 -0.3478 0.019601 0.08834076 0.3484425
006 2 15 12 0.008338 0.4 0.019561 0 0.7478 0 0.008338 -0.3478 0.019561 0.09253693 0.3484494
006 2 15 12 0.008729 0.4 0.019518 0 0.7478 0 0.008729 -0.3478 0.019518 0.09677887 0.3484566
006 2 15 12 0.009119 0.4 0.019473 0 0.7478 0 0.009119 -0.3478 0.019473 0.100914 0.348464
006 2 15 12 0.009508 0.4 0.019427 0 0.7478 0 0.009508 -0.3478 0.019427 0.1054688 0.3484719
006 2 15 12 0.009896 0.4 0.019378 0 0.7478 0 0.009896 -0.3478 0.019378 0.1096725 0.3484799
006 2 15 12 0.010283 0.4 0.019328 0 0.7478 0 0.010283 -0.3478 0.019328 0.114006 0.3484884
006 2 15 12 0.010669 0.4 0.019275 0 0.7478 0 0.010669 -0.3478 0.019275 0.1182938 0.348497
006 2 15 12 0.011054 0.4 0.019221 0 0.7478 0 0.011054 -0.3478 0.019221 0.1226273 0.3485061
006 2 15 12 0.011438 0.4 0.019165 0 0.7478 0 0.011438 -0.3478 0.019165 0.1270218 0.3485154
006 2 15 12 0.011821 0.4 0.019107 0 0.7478 0 0.011821 -0.3478 0.019107 0.131218 0.348525
006 2 15 12 0.012202 0.4 0.019047 0 0.7478 0 0.012202 -0.3478 0.019047 0.1356354 0.3485348
006 2 15 12 0.012583 0.4 0.018985 0 0.7478 0 0.012583 -0.3478 0.018985 0.1398773 0.348545
006 2 15 12 0.012962 0.4 0.018921 0 0.7478 0 0.012962 -0.3478 0.018921 0.144043 0.3485554
006 2 15 12 0.013339 0.4 0.018855 0 0.7478 0 0.013339 -0.3478 0.018855 0.1482086 0.348566
006 2 15 12 0.013716 0.4 0.018787 0 0.7478 0 0.013716 -0.3478 0.018787 0.1528168 0.348577
006 2 15 12 0.014091 0.4 0.018718 0 0.7478 0 0.014091 -0.3478 0.018718 0.1584015 0.3485882
006 2 15 12 0.014465 0.4 0.018647 0 0.7478 0 0.014465 -0.3478 0.018647 0.1626282 0.3485997
006 2 15 12 0.014837 0.4 0.018573 0 0.7478 0 0.014837 -0.3478 0.018573 0.166832 0.3486114
006 2 15 12 0.015208 0.4 0.018498 0 0.7478 0 0.015208 -0.3478 0.018498 0.1710968 0.3486234
006 2 15 12 0.015577 0.4 0.018421 0 0.7478 0 0.015577 -0.3478 0.018421 0.175415 0.3486356
006 2 15 12 0.015944 0.4 0.018342 0 0.7478 0 0.015944 -0.3478 0.018342 0.1795883 0.3486481
006 2 15 12 0.01631 0.4 0.018262 0 0.7478 0 0.01631 -0.3478 0.018262 0.1837158 0.3486608
006 2 15 12 0.016675 0.4 0.018179 0 0.7478 0 0.016675 -0.3478 0.018179 0.1881332 0.3486737
006 2 15 12 0.017038 0.4 0.018095 0 0.7478 0 0.017038 -0.3478 0.018095 0.1923676 0.3486869
006 2 15 12 0.017399 0.4 0.018009 0 0.7478 0 0.017399 -0.3478 0.018009 0.1966934 0.3487003
006 2 15 12 0.017758 0.4 0.017921 0 0.7478 0 0.017758 -0.3478 0.017921 0.2008286 0.3487138
006 2 15 12 0.018115 0.4 0.017831 0 0.7478 0 0.018115 -0.3478 0.017831 0.2054138 0.3487276
006 2 15 12 0.018471 0.4 0.01774 0 0.7478 0 0.018471 -0.3478 0.01774 0.2095261 0.3487416
006 2 15 12 0.018825 0.4 0.017647 0 0.7478 0 0.018825 -0.3478 0.017647 0.213829 0.3487558
006 2 15 12 0.019177 0.4 0.017552 0 0.7478 0 0.019177 -0.3478 0.017552 0.2180862 0.3487702
006 2 15 12 0.019527 0.4 0.017455 0 0.7478 0 0.019527 -0.3478 0.017455 0.2225418 0.3487848
006 2 15 12 0.019875 0.4 0.017356 0 0.7478 0 0.019875 -0.3478 0.017356 0.2266693 0.3487995
006 2 15 12 0.020221 0.4 0.017256 0 0.7478 0 0.020221 -0.3478 0.017256 0.2308197 0.3488144
006 2 15 12 0.020565 0.4 0.017154 0 0.7478 0 0.020565 -0.3478 0.017154 0.2352219 0.3488295
006 2 15 12 0.020907 0.4 0.01705 0 0.7478 0 0.020907 -0.3478 0.01705 0.2395554 0.3488447
006 2 15 12 0.021247 0.4 0.016945 0 0.7478 0 0.021247 -0.3478 0.016945 0.2438965 0.3488601
006 2 15 12 0.021585 0.4 0.016838 0 0.7478 0 0.021585 -0.3478 0.016838 0.2480469 0.3488757
006 2 15 12 0.021921 0.4 0.016729 0 0.7478 0 0.021921 -0.3478 0.016729 0.2522125 0.3488914
006 2 15 12 0.022254 0.4 0.016619 0 0.7478 0 0.022254 -0.3478 0.016619 0.2566376 0.3489072
006 2 15 12 0.022586 0.4 0.016507 0 0.7478 0 0.022586 -0.3478 0.016507 0.260788 0.3489233
006 2 15 12 0.022915 0.4 0.016393 0 0.7478 0 0.022915 -0.3478 0.016393 0.2648849 0.3489393
006 2 15 12 0.023241 0.4 0.016278 0 0.7478 0 0.023241 -0.3478 0.016278 0.2692795 0.3489555
006 2 15 12 0.023566 0.4 0.016161 0 0.7478 0 0.023566 -0.3478 0.016161 0.2738419 0.3489719
006 2 15 12 0.023888 0.4 0.016042 0 0.7478 0 0.023888 -0.3478 0.016042 0.2781219 0.3489883
006 2 15 12 0.024207 0.4 0.015922 0 0.7478 0 0.024207 -0.3478 0.015922 0.2822571 0.3490047
006 2 15 12 0.024525 0.4 0.0158 0 0.7478 0 0.024525 -0.3478 0.0158 0.2864532 0.3490214
006 2 15 12 0.024839 0.4 0.015676 0 0.7478 0 0.024839 -0.3478 0.015676 0.2906647 0.349038
006 2 15 12 0.025152 0.4 0.015551 0 0.7478 0 0.025152 -0.3478 0.015551 0.2949295 0.3490548
006 2 15 12 0.025461 0.4 0.015425 0 0.7478 0 0.025461 -0.3478 0.015425 0.299118 0.3490717
006 2 15 12 0.025769 0.4 0.015297 0 0.7478 0 0.025769 -0.3478 0.015297 0.3036499 0.3490886
006 2 15 12 0.026073 0.4 0.015167 0 0.7478 0 0.026073 -0.3478 0.015167 0.307991 0.3491055
006 2 15 12 0.026375 0.4 0.015036 0 0.7478 0 0.026375 -0.3478 0.015036 0.3121872 0.3491226
006 2 15 12 0.026675 0.4 0.014903 0 0.7478 0 0.026675 -0.3478 0.014903 0.3166199 0.3491396
006 2 15 12 0.026972 0.4 0.014769 0 0.7478 0 0.026972 -0.3478 0.014769 0.3208618 0.3491568
006 2 15 12 0.027266 0.4 0.014634 0 0.7478 0 0.027266 -0.3478 0.014634 0.3253555 0.3491739
006 2 15 12 0.027557 0.4 0.014497 0 0.7478 0 0.027557 -0.3478 0.014497 0.329567 0.349191
006 2 15 12 0.027845 0.4 0.014358 0 0.7478 0 0.027845 -0.3478 0.014358 0.3338699 0.3492081
006 2 15 12 0.028131 0.4 0.014218 0 0.7478 0 0.028131 -0.3478 0.014218 0.3384323 0.3492253
006 2 15 12 0.028414 0.4 0.014077 0 0.7478 0 0.028414 -0.3478 0.014077 0.3425293 0.3492425
006 2 15 12 0.028694 0.4 0.013934 0 0.7478 0 0.028694 -0.3478 0.013934 0.3468018 0.3492597
006 2 15 12 0.028971 0.4 0.01379 0 0.7478 0 0.028971 -0.3478 0.01379 0.3509521 0.3492768
006 2 15 12 0.029246 0.4 0.013644 0 0.7478 0 0.029246 -0.3478 0.013644 0.3557281 0.349294
006 2 15 12 0.029517 0.4 0.013498 0 0.7478 0 0.029517 -0.3478 0.013498 0.3598404 0.3493111
006 2 15 12 0.029786 0.4 0.013349 0 0.7478 0 0.029786 -0.3478 0.013349 0.3640366 0.3493282
006 2 15 12 0.030051 0.4 0.0132 0 0.7478 0 0.030051 -0.3478 0.0132 0.3682327 0.3493453
006 2 15 12 0.030314 0.4 0.013049 0 0.7478 0 0.030314 -0.3478 0.013049 0.3726273 0.3493623
006 2 15 12 0.030573 0.4 0.012897 0 0.7478 0 0.030573 -0.3478 0.012897 0.3769836 0.3493793
006 2 15 12 0.03083 0.4 0.012743 0 0.7478 0 0.03083 -0.3478 0.012743 0.3811874 0.3493962
006 2 15 12 0.031083 0.4 0.012588 0 0.7478 0 0.031083 -0.3478 0.012588 0.3853607 0.349413
006 2 15 12 0.031333 0.4 0.012432 0 0.7478 0 0.031333 -0.3478 0.012432 0.3897171 0.3494297
006 2 15 12 0.03158 0.4 0.012275 0 0.7478 0 0.03158 -0.3478 0.012275 0.3940582 0.3494464
006 2 15 12 0.031824 0.4 0.012116 0 0.7478 0 0.031824 -0.3478 0.012116 0.3983231 0.349463
006 2 15 12 0.032065 0.4 0.011957 0 0.7478 0 0.032065 -0.3478 0.011957 0.4025345 0.3494796
006 2 15 12 0.032302 0.4 0.011796 0 0.7478 0 0.032302 -0.3478 0.011796 0.4067535 0.3494959
006 2 15 12 0.032537 0.4 0.011634 0 0.7478 0 0.032537 -0.3478 0.011634 0.4108582 0.3495123
006 2 15 12 0.032768 0.4 0.01147 0 0.7478 0 0.032768 -0.3478 0.01147 0.4151535 0.3495285
006 2 15 12 0.032995 0.4 0.011306 0 0.7478 0 0.032995 -0.3478 0.011306 0.4193344 0.3495445
006 2 15 12 0.03322 0.4 0.01114 0 0.7478 0 0.03322 -0.3478 0.01114 0.4236603 0.3495604
006 2 15 12 0.033441 0.4 0.010974 0 0.7478 0 0.033441 -0.3478 0.010974 0.4278946 0.3495763
006 2 15 12 0.033659 0.4 0.010806 0 0.7478 0 0.033659 -0.3478 0.010806 0.4320755 0.3495919
006 2 15 12 0.033873 0.4 0.010637 0 0.7478 0 0.033873 -0.3478 0.010637 0.4365921 0.3496074
006 2 15 12 0.034084 0.4 0.010467 0 0.7478 0 0.034084 -0.3478 0.010467 0.4407654 0.3496228
006 2 15 12 0.034292 0.4 0.010296 0 0.7478 0 0.034292 -0.3478 0.010296 0.4449005 0.3496381
006 2 15 12 0.034496 0.4 0.010124 0 0.7478 0 0.034496 -0.3478 0.010124 0.4490585 0.3496531
006 2 15 12 0.034697 0.4 0.009951 0 0.7478 0 0.034697 -0.3478 0.009951 0.45327 0.349668
006 2 15 12 0.034894 0.4 0.009777 0 0.7478 0 0.034894 -0.3478 0.009777 0.4575958 0.3496827
006 2 15 12 0.035088 0.4 0.009602 0 0.7478 0 0.035088 -0.3478 0.009602 0.4617538 0.3496973
006 2 15 12 0.035278 0.4 0.009427 0 0.7478 0 0.035278 -0.3478 0.009427 0.4659119 0.3497117
006 2 15 12 0.035465 0.4 0.00925 0 0.7478 0 0.035465 -0.3478 0.00925 0.4701462 0.3497258
006 2 15 12 0.035648 0.4 0.009072 0 0.7478 0 0.035648 -0.3478 0.009072 0.4744873 0.3497398
006 2 15 12 0.035828 0.4 0.008893 0 0.7478 0 0.035828 -0.3478 0.008893 0.4786148 0.3497536
006 2 15 12 0.036004 0.4 0.008714 0 0.7478 0 0.036004 -0.3478 0.008714 0.4828033 0.3497671
006 2 15 12 0.036176 0.4 0.008533 0 0.7478 0 0.036176 -0.3478 0.008533 0.487381 0.3497804
006 2 15 12 0.036345 0.4 0.008352 0 0.7478 0 0.036345 -0.3478 0.008352 0.4916458 0.3497936
006 2 15 12 0.036511 0.4 0.00817 0 0.7478 0 0.036511 -0.3478 0.00817 0.4959488 0.3498066
006 2 15 12 0.036672 0.4 0.007987 0 0.7478 0 0.036672 -0.3478 0.007987 0.5000381 0.3498192
006 2 15 12 0.03683 0.4 0.007803 0 0.7478 0 0.03683 -0.3478 0.007803 0.5043945 0.3498316
006 2 15 12 0.036984 0.4 0.007618 0 0.7478 0 0.036984 -0.3478 0.007618 0.5086899 0.3498438
006 2 15 12 0.037135 0.4 0.007433 0 0.7478 0 0.037135 -0.3478 0.007433 0.512825 0.3498558
006 2 15 12 0.037282 0.4 0.007247 0 0.7478 0 0.037282 -0.3478 0.007247 0.5170898 0.3498676
006 2 15 12 0.037425 0.4 0.00706 0 0.7478 0 0.037425 -0.3478 0.00706 0.5215073 0.349879
006 2 15 12 0.037564 0.4 0.006873 0 0.7478 0 0.037564 -0.3478 0.006873 0.5259018 0.3498901
006 2 15 12 0.0377 0.4 0.006685 0 0.7478 0 0.0377 -0.3478 0.006685 0.530159 0.3499011
006 2 15 12 0.037831 0.4 0.006496 0 0.7478 0 0.037831 -0.3478 0.006496 0.534729 0.3499117
006 2 15 12 0.037959 0.4 0.006306 0 0.7478 0 0.037959 -0.3478 0.006306 0.5395584 0.3499221
006 2 15 12 0.038084 0.4 0.006116 0 0.7478 0 0.038084 -0.3478 0.006116 0.5438614 0.3499323
006 2 15 12 0.038204 0.4 0.005926 0 0.7478 0 0.038204 -0.3478 0.005926 0.548027 0.3499421
006 2 15 12 0.038321 0.4 0.005734 0 0.7478 0 0.038321 -0.3478 0.005734 0.5522461 0.3499517
006 2 15 12 0.038433 0.4 0.005542 0 0.7478 0 0.038433 -0.3478 0.005542 0.5568924 0.3499609
006 2 15 12 0.038542 0.4 0.00535 0 0.7478 0 0.038542 -0.3478 0.00535 0.5610275 0.3499699
006 2 15 12 0.038647 0.4 0.005157 0 0.7478 0 0.038647 -0.3478 0.005157 0.5653076 0.3499786
006 2 15 12 0.038749 0.4 0.004964 0 0.7478 0 0.038749 -0.3478 0.004964 0.569664 0.3499871
006 2 15 12 0.038846 0.4 0.00477 0 0.7478 0 0.038846 -0.3478 0.00477 0.5739975 0.3499951
006 2 15 12 0.038939 0.4 0.004575 0 0.7478 0 0.038939 -0.3478 0.004575 0.5782623 0.3500029
006 2 15 12 0.039029 0.4 0.00438 0 0.7478 0 0.039029 -0.3478 0.00438 0.5824051 0.3500104
006 2 15 12 0.039115 0.4 0.004185 0 0.7478 0 0.039115 -0.3478 0.004185 0.5866394 0.3500176
006 2 15 12 0.039196 0.4 0.003989 0 0.7478 0 0.039196 -0.3478 0.003989 0.5910721 0.3500244
006 2 15 12 0.039274 0.4 0.003793 0 0.7478 0 0.039274 -0.3478 0.003793 0.5954437 0.3500309
006 2 15 12 0.039348 0.4 0.003596 0 0.7478 0 0.039348 -0.3478 0.003596 0.599678 0.3500372
006 2 15 12 0.039418 0.4 0.003399 0 0.7478 0 0.039418 -0.3478 0.003399 0.6039581 0.3500431
006 2 15 12 0.039484 0.4 0.003202 0 0.7478 0 0.039484 -0.3478 0.003202 0.6081009 0.3500487
006 2 15 12 0.039546 0.4 0.003005 0 0.7478 0 0.039546 -0.3478 0.003005 0.6123199 0.3500539
006 2 15 12 0.039604 0.4 0.002807 0 0.7478 0 0.039604 -0.3478 0.002807 0.6167068 0.3500588
006 2 15 12 0.039658 0.4 0.002608 0 0.7478 0 0.039658 -0.3478 0.002608 0.6209793 0.3500634
006 2 15 12 0.039709 0.4 0.00241 0 0.7478 0 0.039709 -0.3478 0.00241 0.6251373 0.3500678
006 2 15 12 0.039755 0.4 0.002211 0 0.7478 0 0.039755 -0.3478 0.002211 0.6292267 0.3500717
006 2 15 12 0.039797 0.4 0.002013 0 0.7478 0 0.039797 -0.3478 0.002013 0.6335526 0.3500752
006 2 15 12 0.039835 0.4 0.001813 0 0.7478 0 0.039835 -0.3478 0.001813 0.6380539 0.3500785
006 2 15 12 0.03987 0.4 0.001614 0 0.7478 0 0.03987 -0.3478 0.001614 0.6422729 0.3500815
006 2 15 12 0.0399 0.4 0.001415 0 0.7478 0 0.0399 -0.3478 0.001415 0.6464005 0.350084
006 2 15 12 0.039926 0.4 0.001215 0 0.7478 0 0.039926 -0.3478 0.001215 0.6510468 0.3500863
006 2 15 12 0.039948 0.4 0.001015 0 0.7478 0 0.039948 -0.3478 0.001015 0.6562729 0.3500881
006 2 15 12 0.039967 0.4 0.000816 0 0.7478 0 0.039967 -0.3478 0.000816 0.6607819 0.3500898
006 2 15 12 0.039981 0.4 0.000616 0 0.7478 0 0.039981 -0.3478 0.000616 0.6649551 0.350091
006 2 15 12 0.039991 0.4 0.000416 0 0.7478 0 0.039991 -0.3478 0.000416 0.6691742 0.3500918
006 2 15 12 0.039998 0.4 0.000216 0 0.7478 0 0.039998 -0.3478 0.000216 0.6735535 0.3500924
006 2 15 12 0.04 0.4 1.6E-05 0 0.7478 0 0.04 -0.3478 1.6E-05 0.6778488 0.3500926
006 2 15 12 0.039998 0.4 -0.000184 0 0.7478 0 0.039998 -0.3478 -0.000184 0.6819687 0.3500924
006 2 15 12 0.039993 0.4 -0.000384 0 0.7478 0 0.039993 -0.3478 -0.000384 0.6861496 0.350092
006 2 15 12 0.039983 0.4 -0.000584 0 0.7478 0 0.039983 -0.3478 -0.000584 0.6904984 0.3500911
006 2 15 12 0.039969 0.4 -0.000784 0 0.7478 0 0.039969 -0.3478 -0.000784 0.6947708 0.3500899
006 2 15 12 0.039952 0.4 -0.000984 0 0.7478 0 0.039952 -0.3478 -0.000984 0.6988297 0.3500885
006 2 15 12 0.03993 0.4 -0.001183 0 0.7478 0 0.03993 -0.3478 -0.001183 0.7029877 0.3500866
006 2 15 12 0.039904 0.4 -0.001383 0 0.7478 0 0.039904 -0.3478 -0.001383 0.7076111 0.3500844
006 2 15 12 0.039875 0.4 -0.001582 0 0.7478 0 0.039875 -0.3478 -0.001582 0.7117691 0.3500819
006 2 15 12 0.039841 0.4 -0.001782 0 0.7478 0 0.039841 -0.3478 -0.001782 0.7161179 0.350079
006 2 15 12 0.039803 0.4 -0.001981 0 0.7478 0 0.039803 -0.3478 -0.001981 0.7204285 0.3500758
006 2 15 12 0.039762 0.4 -0.00218 0 0.7478 0 0.039762 -0.3478 -0.00218 0.7247086 0.3500723
006 2 15 12 0.039716 0.4 -0.002378 0 0.7478 0 0.039716 -0.3478 -0.002378 0.7288742 0.3500684
006 2 15 12 0.039667 0.4 -0.002577 0 0.7478 0 0.039667 -0.3478 -0.002577 0.7342148 0.3500642
006 2 15 12 0.039613 0.4 -0.002775 0 0.7478 0 0.039613 -0.3478 -0.002775 0.7388611 0.3500596
006 2 15 12 0.039556 0.4 -0.002973 0 0.7478 0 0.039556 -0.3478 -0.002973 0.7429886 0.3500548
006 2 15 12 0.039494 0.4 -0.003171 0 0.7478 0 0.039494 -0.3478 -0.003171 0.7470551 0.3500495
006 2 15 12 0.039429 0.4 -0.003368 0 0.7478 0 0.039429 -0.3478 -0.003368 0.751152 0.350044
006 2 15 12 0.039359 0.4 -0.003565 0 0.7478 0 0.039359 -0.3478 -0.003565 0.7556381 0.3500381
006 2 15 12 0.039286 0.4 -0.003762 0 0.7478 0 0.039286 -0.3478 -0.003762 0.7598801 0.350032
006 2 15 12 0.039209 0.4 -0.003958 0 0.7478 0 0.039209 -0.3478 -0.003958 0.7640762 0.3500255
006 2 15 12 0.039128 0.4 -0.004154 0 0.7478 0 0.039128 -0.3478 -0.004154 0.7686234 0.3500187
006 2 15 12 0.039043 0.4 -0.004349 0 0.7478 0 0.039043 -0.3478 -0.004349 0.7730179 0.3500116
006 2 15 12 0.038954 0.4 -0.004544 0 0.7478 0 0.038954 -0.3478 -0.004544 0.7773056 0.3500041
006 2 15 12 0.038861 0.4 -0.004739 0 0.7478 0 0.038861 -0.3478 -0.004739 0.7814026 0.3499964
006 2 15 12 0.038764 0.4 -0.004933 0 0.7478 0 0.038764 -0.3478 -0.004933 0.7855682 0.3499883
006 2 15 12 0.038664 0.4 -0.005126 0 0.7478 0 0.038664 -0.3478 -0.005126 0.7899933 0.34998
006 2 15 12 0.038559 0.4 -0.005319 0 0.7478 0 0.038559 -0.3478 -0.005319 0.7944107 0.3499713
006 2 15 12 0.038451 0.4 -0.005512 0 0.7478 0 0.038451 -0.3478 -0.005512 0.7985992 0.3499624
006 2 15 12 0.038339 0.4 -0.005704 0 0.7478 0 0.038339 -0.3478 -0.005704 0.8030014 0.3499532
006 2 15 12 0.038223 0.4 -0.005895 0 0.7478 0 0.038223 -0.3478 -0.005895 0.8074188 0.3499437
006 2 15 12 0.038103 0.4 -0.006086 0 0.7478 0 0.038103 -0.3478 -0.006086 0.8116608 0.3499339
006 2 15 12 0.037979 0.4 -0.006276 0 0.7478 0 0.037979 -0.3478 -0.006276 0.8218307 0.3499237
006 2 15 12 0.037852 0.4 -0.006466 0 0.7478 0 0.037852 -0.3478 -0.006466 0.8268585 0.3499134
006 2 15 12 0.037721 0.4 -0.006655 0 0.7478 0 0.037721 -0.3478 -0.006655 0.8315125 0.3499028
006 2 15 12 0.037586 0.4 -0.006843 0 0.7478 0 0.037586 -0.3478 -0.006843 0.8359146 0.3498919
006 2 15 12 0.037447 0.4 -0.007031 0 0.7478 0 0.037447 -0.3478 -0.007031 0.8403168 0.3498808
006 2 15 12 0.037305 0.4 -0.007217 0 0.7478 0 0.037305 -0.3478 -0.007217 0.8446503 0.3498694
006 2 15 12 0.037158 0.4 -0.007404 0 0.7478 0 0.037158 -0.3478 -0.007404 0.8488007 0.3498576
006 2 15 12 0.037008 0.4 -0.007589 0 0.7478 0 0.037008 -0.3478 -0.007589 0.8529587 0.3498457
006 2 15 12 0.036855 0.4 -0.007774 0 0.7478 0 0.036855 -0.3478 -0.007774 0.857872 0.3498336
006 2 15 12 0.036698 0.4 -0.007958 0 0.7478 0 0.036698 -0.3478 -0.007958 0.8620148 0.3498212
006 2 15 12 0.036537 0.4 -0.008141 0 0.7478 0 0.036537 -0.3478 -0.008141 0.8662491 0.3498086
006 2 15 12 0.036372 0.4 -0.008323 0 0.7478 0 0.036372 -0.3478 -0.008323 0.8704529 0.3497957
006 2 15 12 0.036204 0.4 -0.008504 0 0.7478 0 0.036204 -0.3478 -0.008504 0.8748016 0.3497826
006 2 15 12 0.036032 0.4 -0.008685 0 0.7478 0 0.036032 -0.3478 -0.008685 0.8791046 0.3497693
006 2 15 12 0.035856 0.4 -0.008865 0 0.7478 0 0.035856 -0.3478 -0.008865 0.8835068 0.3497557
006 2 15 12 0.035677 0.4 -0.009044 0 0.7478 0 0.035677 -0.3478 -0.009044 0.8877563 0.349742
006 2 15 12 0.035494 0.4 -0.009221 0 0.7478 0 0.035494 -0.3478 -0.009221 0.8919907 0.349728
006 2 15 12 0.035308 0.4 -0.009398 0 0.7478 0 0.035308 -0.3478 -0.009398 0.896286 0.3497139
006 2 15 12 0.035119 0.4 -0.009575 0 0.7478 0 0.035119 -0.3478 -0.009575 0.9003448 0.3496997
006 2 15 12 0.034925 0.4 -0.00975 0 0.7478 0 0.034925 -0.3478 -0.00975 0.9046631 0.3496851
006 2 15 12 0.034729 0.4 -0.009924 0 0.7478 0 0.034729 -0.3478 -0.009924 0.9088669 0.3496704
006 2 15 12 0.034528 0.4 -0.010097 0 0.7478 0 0.034528 -0.3478 -0.010097 0.9130707 0.3496555
006 2 15 12 0.034325 0.4 -0.010269 0 0.7478 0 0.034325 -0.3478 -0.010269 0.917366 0.3496405
006 2 15 12 0.034118 0.4 -0.01044 0 0.7478 0 0.034118 -0.3478 -0.01044 0.9217224 0.3496253
006 2 15 12 0.033907 0.4 -0.01061 0 0.7478 0 0.033907 -0.3478 -0.01061 0.9259186 0.3496099
006 2 15 12 0.033693 0.4 -0.010779 0 0.7478 0 0.033693 -0.3478 -0.010779 0.930069 0.3495944
006 2 15 12 0.033476 0.4 -0.010947 0 0.7478 0 0.033476 -0.3478 -0.010947 0.9343948 0.3495788
006 2 15 12 0.033255 0.4 -0.011114 0 0.7478 0 0.033255 -0.3478 -0.011114 0.9388351 0.3495629
006 2 15 12 0.033031 0.4 -0.01128 0 0.7478 0 0.033031 -0.3478 -0.01128 0.9429398 0.349547
006 2 15 12 0.032804 0.4 -0.011444 0 0.7478 0 0.032804 -0.3478 -0.011444 0.9474411 0.349531
006 2 15 12 0.032574 0.4 -0.011608 0 0.7478 0 0.032574 -0.3478 -0.011608 0.9515686 0.3495149
006 2 15 12 0.03234 0.4 -0.01177 0 0.7478 0 0.03234 -0.3478 -0.01177 0.956131 0.3494985
006 2 15 12 0.032103 0.4 -0.011931 0 0.7478 0 0.032103 -0.3478 -0.011931 0.9607239 0.3494822
006 2 15 12 0.031863 0.4 -0.012091 0 0.7478 0 0.031863 -0.3478 -0.012091 0.9650345 0.3494657
006 2 15 12 0.031619 0.4 -0.01225 0 0.7478 0 0.031619 -0.3478 -0.01225 0.9693527 0.3494491
006 2 15 12 0.031373 0.4 -0.012407 0 0.7478 0 0.031373 -0.3478 -0.012407 0.9737244 0.3494324
006 2 15 12 0.031123 0.4 -0.012563 0 0.7478 0 0.031123 -0.3478 -0.012563 0.9781723 0.3494157
006 2 15 12 0.03087 0.4 -0.012718 0 0.7478 0 0.03087 -0.3478 -0.012718 0.9823532 0.3493988
006 2 15 12 0.030614 0.4 -0.012872 0 0.7478 0 0.030614 -0.3478 -0.012872 0.9865799 0.3493819
006 2 15 12 0.030355 0.4 -0.013025 0 0.7478 0 0.030355 -0.3478 -0.013025 0.990799 0.349365
006 2 15 12 0.030093 0.4 -0.013176 0 0.7478 0 0.030093 -0.3478 -0.013176 0.9951782 0.349348
006 2 15 12 0.029828 0.4 -0.013326 0 0.7478 0 0.029828 -0.3478 -0.013326 0.9999313 0.349331
006 2 15 12 0.02956 0.4 -0.013474 0 0.7478 0 0.02956 -0.3478 -0.013474 1.004265 0.3493139
006 2 15 12 0.029289 0.4 -0.013621 0 0.7478 0 0.029289 -0.3478 -0.013621 1.00872 0.3492967
006 2 15 12 0.029015 0.4 -0.013767 0 0.7478 0 0.029015 -0.3478 -0.013767 1.012947 0.3492796
006 2 15 12 0.028739 0.4 -0.013911 0 0.7478 0 0.028739 -0.3478 -0.013911 1.017212 0.3492625
006 2 15 12 0.028459 0.4 -0.014054 0 0.7478 0 0.028459 -0.3478 -0.014054 1.021454 0.3492453
006 2 15 12 0.028176 0.4 -0.014196 0 0.7478 0 0.028176 -0.3478 -0.014196 1.025627 0.3492281
006 2 15 12 0.027891 0.4 -0.014336 0 0.7478 0 0.027891 -0.3478 -0.014336 1.029724 0.3492109
006 2 15 12 0.027603 0.4 -0.014475 0 0.7478 0 0.027603 -0.3478 -0.014475 1.033974 0.3491938
006 2 15 12 0.027312 0.4 -0.014612 0 0.7478 0 0.027312 -0.3478 -0.014612 1.038452 0.3491766
006 2 15 12 0.027019 0.4 -0.014748 0 0.7478 0 0.027019 -0.3478 -0.014748 1.042671 0.3491595
006 2 15 12 0.026722 0.4 -0.014882 0 0.7478 0 0.026722 -0.3478 -0.014882 1.046814 0.3491423
006 2 15 12 0.026423 0.4 -0.015015 0 0.7478 0 0.026423 -0.3478 -0.015015 1.050949 0.3491253
006 2 15 12 0.026122 0.4 -0.015146 0 0.7478 0 0.026122 -0.3478 -0.015146 1.055466 0.3491083
006 2 15 12 0.025817 0.4 -0.015276 0 0.7478 0 0.025817 -0.3478 -0.015276 1.059563 0.3490913
006 2 15 12 0.025511 0.4 -0.015405 0 0.7478 0 0.025511 -0.3478 -0.015405 1.063782 0.3490744
006 2 15 12 0.025201 0.4 -0.015531 0 0.7478 0 0.025201 -0.3478 -0.015531 1.067886 0.3490575
006 2 15 12 0.024889 0.4 -0.015657 0 0.7478 0 0.024889 -0.3478 -0.015657 1.072258 0.3490407
006 2 15 12 0.024575 0.4 -0.01578 0 0.7478 0 0.024575 -0.3478 -0.01578 1.0765 0.349024
006 2 15 12 0.024258 0.4 -0.015902 0 0.7478 0 0.024258 -0.3478 -0.015902 1.080627 0.3490074
006 2 15 12 0.023939 0.4 -0.016023 0 0.7478 0 0.023939 -0.3478 -0.016023 1.08477 0.3489909
006 2 15 12 0.023617 0.4 -0.016142 0 0.7478 0 0.023617 -0.3478 -0.016142 1.089188 0.3489744
006 2 15 12 0.023293 0.4 -0.016259 0 0.7478 0 0.023293 -0.3478 -0.016259 1.093399 0.3489581
006 2 15 12 0.022967 0.4 -0.016375 0 0.7478 0 0.022967 -0.3478 -0.016375 1.09771 0.3489419
006 2 15 12 0.022638 0.4 -0.016489 0 0.7478 0 0.022638 -0.3478 -0.016489 1.101852 0.3489258
006 2 15 12 0.022307 0.4 -0.016601 0 0.7478 0 0.022307 -0.3478 -0.016601 1.106514 0.3489098
006 2 15 12 0.021974 0.4 -0.016712 0 0.7478 0 0.021974 -0.3478 -0.016712 1.110756 0.3488939
006 2 15 12 0.021639 0.4 -0.016821 0 0.7478 0 0.021639 -0.3478 -0.016821 1.115303 0.3488782
006 2 15 12 0.021301 0.4 -0.016928 0 0.7478 0 0.021301 -0.3478 -0.016928 1.119537 0.3488626
006 2 15 12 0.020962 0.4 -0.017034 0 0.7478 0 0.020962 -0.3478 -0.017034 1.123741 0.3488472
006 2 15 12 0.02062 0.4 -0.017138 0 0.7478 0 0.02062 -0.3478 -0.017138 1.127846 0.348832
006 2 15 12 0.020276 0.4 -0.01724 0 0.7478 0 0.020276 -0.3478 -0.01724 1.131981 0.3488168
006 2 15 12 0.01993 0.4 -0.017341 0 0.7478 0 0.01993 -0.3478 -0.017341 1.136375 0.3488019
006 2 15 12 0.019583 0.4 -0.017439 0 0.7478 0 0.019583 -0.3478 -0.017439 1.140663 0.3487871
006 2 15 12 0.019233 0.4 -0.017536 0 0.7478 0 0.019233 -0.3478 -0.017536 1.144768 0.3487725
006 2 15 12 0.018881 0.4 -0.017632 0 0.7478 0 0.018881 -0.3478 -0.017632 1.148911 0.3487581
006 2 15 12 0.018528 0.4 -0.017725 0 0.7478 0 0.018528 -0.3478 -0.017725 1.153702 0.3487439
006 2 15 12 0.018172 0.4 -0.017817 0 0.7478 0 0.018172 -0.3478 -0.017817 1.158394 0.3487298
006 2 15 12 0.017815 0.4 -0.017907 0 0.7478 0 0.017815 -0.3478 -0.017907 1.16256 0.348716
006 2 15 12 0.017456 0.4 -0.017995 0 0.7478 0 0.017456 -0.3478 -0.017995 1.16687 0.3487024
006 2 15 12 0.017095 0.4 -0.018081 0 0.7478 0 0.017095 -0.3478 -0.018081 1.171318 0.348689
006 2 15 12 0.016733 0.4 -0.018166 0 0.7478 0 0.016733 -0.3478 -0.018166 1.175606 0.3486758
006 2 15 12 0.016369 0.4 -0.018249 0 0.7478 0 0.016369 -0.3478 -0.018249 1.179764 0.3486629
006 2 15 12 0.016003 0.4 -0.01833 0 0.7478 0 0.016003 -0.3478 -0.01833 1.18409 0.3486501
006 2 15 12 0.015635 0.4 -0.018409 0 0.7478 0 0.015635 -0.3478 -0.018409 1.188385 0.3486376
006 2 15 12 0.015266 0.4 -0.018486 0 0.7478 0 0.015266 -0.3478 -0.018486 1.192604 0.3486253
006 2 15 12 0.014896 0.4 -0.018561 0 0.7478 0 0.014896 -0.3478 -0.018561 1.196877 0.3486133
006 2 15 12 0.014524 0.4 -0.018635 0 0.7478 0 0.014524 -0.3478 -0.018635 1.200989 0.3486015
006 2 15 12 0.014151 0.4 -0.018707 0 0.7478 0 0.014151 -0.3478 -0.018707 1.205414 0.3485901
006 2 15 12 0.013776 0.4 -0.018777 0 0.7478 0 0.013776 -0.3478 -0.018777 1.209785 0.3485788
006 2 15 12 0.0134 0.4 -0.018844 0 0.7478 0 0.0134 -0.3478 -0.018844 1.214218 0.3485678
006 2 15 12 0.013022 0.4 -0.018911 0 0.7478 0 0.013022 -0.3478 -0.018911 1.218544 0.3485571
006 2 15 12 0.012643 0.4 -0.018975 0 0.7478 0 0.012643 -0.3478 -0.018975 1.222923 0.3485466
006 2 15 12 0.012263 0.4 -0.019037 0 0.7478 0 0.012263 -0.3478 -0.019037 1.227135 0.3485364
006 2 15 12 0.011882 0.4 -0.019097 0 0.7478 0 0.011882 -0.3478 -0.019097 1.2314 0.3485265
006 2 15 12 0.011499 0.4 -0.019156 0 0.7478 0 0.011499 -0.3478 -0.019156 1.235847 0.3485169
006 2 15 12 0.011115 0.4 -0.019212 0 0.7478 0 0.011115 -0.3478 -0.019212 1.240158 0.3485075
006 2 15 12 0.010731 0.4 -0.019267 0 0.7478 0 0.010731 -0.3478 -0.019267 1.244522 0.3484985
006 2 15 12 0.010345 0.4 -0.01932 0 0.7478 0 0.010345 -0.3478 -0.01932 1.248718 0.3484898
006 2 15 12 0.009958 0.4 -0.01937 0 0.7478 0 0.009958 -0.3478 -0.01937 1.252953 0.3484813
006 2 15 12 0.00957 0.4 -0.019419 0 0.7478 0 0.00957 -0.3478 -0.019419 1.25737 0.3484731
006 2 15 12 0.009181 0.4 -0.019466 0 0.7478 0 0.009181 -0.3478 -0.019466 1.26152 0.3484653
006 2 15 12 0.008791 0.4 -0.019511 0 0.7478 0 0.008791 -0.3478 -0.019511 1.265778 0.3484577
006 2 15 12 0.008401 0.4 -0.019554 0 0.7478 0 0.008401 -0.3478 -0.019554 1.270042 0.3484505
006 2 15 12 0.008009 0.4 -0.019595 0 0.7478 0 0.008009 -0.3478 -0.019595 1.274475 0.3484436
006 2 15 12 0.007617 0.4 -0.019634 0 0.7478 0 0.007617 -0.3478 -0.019634 1.278603 0.348437
006 2 15 12 0.007224 0.4 -0.019671 0 0.7478 0 0.007224 -0.3478 -0.019671 1.282761 0.3484307
006 2 15 12 0.00683 0.4 -0.019706 0 0.7478 0 0.00683 -0.3478 -0.019706 1.287262 0.3484248
006 2 15 12 0.006436 0.4 -0.019739 0 0.7478 0 0.006436 -0.3478 -0.019739 1.291443 0.3484191
006 2 15 12 0.006041 0.4 -0.019771 0 0.7478 0 0.006041 -0.3478 -0.019771 1.295769 0.3484139
006 2 15 12 0.005645 0.4 -0.0198 0 0.7478 0 0.005645 -0.3478 -0.0198 1.299881 0.3484088
006 2 15 12 0.005249 0.4 -0.019827 0 0.7478 0 0.005249 -0.3478 -0.019827 1.304466 0.3484042
006 2 15 12 0.004852 0.4 -0.019852 0 0.7478 0 0.004852 -0.3478 -0.019852 1.308655 0.3483999
006 2 15 12 0.004454 0.4 -0.019876 0 0.7478 0 0.004454 -0.3478 -0.019876 1.312851 0.3483959
006 2 15 12 0.004057 0.4 -0.019897 0 0.7478 0 0.004057 -0.3478 -0.019897 1.317177 0.3483923
006 2 15 12 0.003659 0.4 -0.019916 0 0.7478 0 0.003659 -0.3478 -0.019916 1.321472 0.348389
006 2 15 12 0.00326 0.4 -0.019933 0 0.7478 0 0.00326 -0.3478 -0.019933 1.325645 0.348386
006 2 15 12 0.002861 0.4 -0.019949 0 0.7478 0 0.002861 -0.3478 -0.019949 1.329788 0.3483834
006 2 15 12 0.002462 0.4 -0.019962 0 0.7478 0 0.002462 -0.3478 -0.019962 1.334 0.3483811
006 2 15 12 0.002063 0.4 -0.019973 0 0.7478 0 0.002063 -0.3478 -0.019973 1.338531 0.3483791
006 2 15 12 0.001663 0.4 -0.019983 0 0.7478 0 0.001663 -0.3478 -0.019983 1.34285 0.3483776
006 2 15 12 0.001263 0.4 -0.01999 0 0.7478 0 0.001263 -0.3478 -0.01999 1.346977 0.3483763
006 2 15 12 0.000864 0.4 -0.019995 0 0.7478 0 0.000864 -0.3478 -0.019995 1.351166 0.3483754
006 2 15 12 0.000464 0.4 -0.019999 0 0.7478 0 0.000464 -0.3478 -0.019999 1.355812 0.3483748
006 2 15 12 6.4E-05 0.4 -0.02 0 0.7478 0 6.4E-05 -0.3478 -0.02 1.359985 0.3483745
006 2 15 12 -0.000336 0.4 -0.019999 0 0.7478 0 -0.000336 -0.3478 -0.019999 1.364174 0.3483747
006 2 15 12 -0.000736 0.4 -0.019997 0 0.7478 0 -0.000736 -0.3478 -0.019997 1.368416 0.3483751
006 2 15 12 -0.001136 0.4 -0.019992 0 0.7478 0 -0.001136 -0.3478 -0.019992 1.372818 0.3483759
006 2 15 12 -0.001536 0.4 -0.019985 0 0.7478 0 -0.001536 -0.3478 -0.019985 1.377098 0.3483771
006 2 15 12 -0.001936 0.4 -0.019977 0 0.7478 0 -0.001936 -0.3478 -0.019977 1.381477 0.3483786
006 2 15 12 -0.002335 0.4 -0.019966 0 0.7478 0 -0.002335 -0.3478 -0.019966 1.38578 0.3483804
006 2 15 12 -0.002734 0.4 -0.019953 0 0.7478 0 -0.002734 -0.3478 -0.019953 1.390305 0.3483826
006 2 15 12 -0.003133 0.4 -0.019939 0 0.7478 0 -0.003133 -0.3478 -0.019939 1.394737 0.3483852
006 2 15 12 -0.003532 0.4 -0.019922 0 0.7478 0 -0.003532 -0.3478 -0.019922 1.398888 0.348388
006 2 15 12 -0.00393 0.4 -0.019903 0 0.7478 0 -0.00393 -0.3478 -0.019903 1.403641 0.3483912
006 2 15 12 -0.004328 0.4 -0.019883 0 0.7478 0 -0.004328 -0.3478 -0.019883 1.407982 0.3483948
006 2 15 12 -0.004725 0.4 -0.01986 0 0.7478 0 -0.004725 -0.3478 -0.01986 1.412323 0.3483986
006 2 15 12 -0.005122 0.4 -0.019835 0 0.7478 0 -0.005122 -0.3478 -0.019835 1.416771 0.3484028
006 2 15 12 -0.005519 0.4 -0.019809 0 0.7478 0 -0.005519 -0.3478 -0.019809 1.421005 0.3484074
006 2 15 12 -0.005915 0.4 -0.01978 0 0.7478 0 -0.005915 -0.3478 -0.01978 1.42527 0.3484122
006 2 15 12 -0.00631 0.4 -0.01975 0 0.7478 0 -0.00631 -0.3478 -0.01975 1.429504 0.3484174
006 2 15 12 -0.006704 0.4 -0.019717 0 0.7478 0 -0.006704 -0.3478 -0.019717 1.433723 0.3484229
006 2 15 12 -0.007098 0.4 -0.019683 0 0.7478 0 -0.007098 -0.3478 -0.019683 1.438263 0.3484288
006 2 15 12 -0.007492 0.4 -0.019646 0 0.7478 0 -0.007492 -0.3478 -0.019646 1.442436 0.348435
006 2 15 12 -0.007884 0.4 -0.019608 0 0.7478 0 -0.007884 -0.3478 -0.019608 1.446556 0.3484415
006 2 15 12 -0.008276 0.4 -0.019567 0 0.7478 0 -0.008276 -0.3478 -0.019567 1.450722 0.3484482
006 2 15 12 -0.008667 0.4 -0.019525 0 0.7478 0 -0.008667 -0.3478 -0.019525 1.455399 0.3484554
006 2 15 12 -0.009057 0.4 -0.019481 0 0.7478 0 -0.009057 -0.3478 -0.019481 1.459671 0.3484628
006 2 15 12 -0.009446 0.4 -0.019434 0 0.7478 0 -0.009446 -0.3478 -0.019434 1.463783 0.3484706
006 2 15 12 -0.009834 0.4 -0.019386 0 0.7478 0 -0.009834 -0.3478 -0.019386 1.467972 0.3484786
006 2 15 12 -0.010222 0.4 -0.019336 0 0.7478 0 -0.010222 -0.3478 -0.019336 1.472351 0.348487
006 2 15 12 -0.010608 0.4 -0.019284 0 0.7478 0 -0.010608 -0.3478 -0.019284 1.476616 0.3484957
006 2 15 12 -0.010993 0.4 -0.01923 0 0.7478 0 -0.010993 -0.3478 -0.01923 1.480766 0.3485046
006 2 15 12 -0.011377 0.4 -0.019174 0 0.7478 0 -0.011377 -0.3478 -0.019174 1.484894 0.3485138
006 2 15 12 -0.01176 0.4 -0.019116 0 0.7478 0 -0.01176 -0.3478 -0.019116 1.489243 0.3485234
006 2 15 12 -0.012142 0.4 -0.019056 0 0.7478 0 -0.012142 -0.3478 -0.019056 1.493454 0.3485332
006 2 15 12 -0.012522 0.4 -0.018995 0 0.7478 0 -0.012522 -0.3478 -0.018995 1.497765 0.3485433
006 2 15 12 -0.012901 0.4 -0.018931 0 0.7478 0 -0.012901 -0.3478 -0.018931 1.501923 0.3485537
006 2 15 12 -0.013279 0.4 -0.018866 0 0.7478 0 -0.013279 -0.3478 -0.018866 1.506195 0.3485643
006 2 15 12 -0.013656 0.4 -0.018798 0 0.7478 0 -0.013656 -0.3478 -0.018798 1.510323 0.3485752
006 2 15 12 -0.014031 0.4 -0.018729 0 0.7478 0 -0.014031 -0.3478 -0.018729 1.514603 0.3485864
006 2 15 12 -0.014405 0.4 -0.018658 0 0.7478 0 -0.014405 -0.3478 -0.018658 1.518715 0.3485978
006 2 15 12 -0.014778 0.4 -0.018585 0 0.7478 0 -0.014778 -0.3478 -0.018585 1.522987 0.3486096
006 2 15 12 -0.015149 0.4 -0.01851 0 0.7478 0 -0.015149 -0.3478 -0.01851 1.527542 0.3486215
006 2 15 12 -0.015518 0.4 -0.018434 0 0.7478 0 -0.015518 -0.3478 -0.018434 1.5317 0.3486337
006 2 15 12 -0.015886 0.4 -0.018355 0 0.7478 0 -0.015886 -0.3478 -0.018355 1.536087 0.3486461
006 2 15 12 -0.016252 0.4 -0.018275 0 0.7478 0 -0.016252 -0.3478 -0.018275 1.540276 0.3486588
006 2 15 12 -0.016617 0.4 -0.018193 0 0.7478 0 -0.016617 -0.3478 -0.018193 1.544411 0.3486717
006 2 15 12 -0.01698 0.4 -0.018109 0 0.7478 0 -0.01698 -0.3478 -0.018109 1.548523 0.3486848
006 2 15 12 -0.017341 0.4 -0.018023 0 0.7478 0 -0.017341 -0.3478 -0.018023 1.552795 0.3486981
006 2 15 12 -0.017701 0.4 -0.017935 0 0.7478 0 -0.017701 -0.3478 -0.017935 1.557098 0.3487117
006 2 15 12 -0.018059 0.4 -0.017846 0 0.7478 0 -0.018059 -0.3478 -0.017846 1.561302 0.3487254
006 2 15 12 -0.018415 0.4 -0.017755 0 0.7478 0 -0.018415 -0.3478 -0.017755 1.565529 0.3487394
006 2 15 12 -0.018769 0.4 -0.017662 0 0.7478 0 -0.018769 -0.3478 -0.017662 1.569916 0.3487536
006 2 15 12 -0.019121 0.4 -0.017567 0 0.7478 0 -0.019121 -0.3478 -0.017567 1.574158 0.3487679
006 2 15 12 -0.019471 0.4 -0.01747 0 0.7478 0 -0.019471 -0.3478 -0.01747 1.578476 0.3487824
006 2 15 12 -0.01982 0.4 -0.017372 0 0.7478 0 -0.01982 -0.3478 -0.017372 1.582588 0.3487971
006 2 15 12 -0.020166 0.4 -0.017272 0 0.7478 0 -0.020166 -0.3478 -0.017272 1.586853 0.348812
006 2 15 12 -0.020511 0.4 -0.017171 0 0.7478 0 -0.020511 -0.3478 -0.017171 1.59108 0.3488271
006 2 15 12 -0.020853 0.4 -0.017067 0 0.7478 0 -0.020853 -0.3478 -0.017067 1.595398 0.3488423
006 2 15 12 -0.021193 0.4 -0.016962 0 0.7478 0 -0.021193 -0.3478 -0.016962 1.599495 0.3488577
006 2 15 12 -0.021532 0.4 -0.016855 0 0.7478 0 -0.021532 -0.3478 -0.016855 1.603729 0.3488733
006 2 15 12 -0.021868 0.4 -0.016747 0 0.7478 0 -0.021868 -0.3478 -0.016747 1.607948 0.348889
006 2 15 12 -0.022201 0.4 -0.016637 0 0.7478 0 -0.022201 -0.3478 -0.016637 1.612137 0.3489047
006 2 15 12 -0.022533 0.4 -0.016525 0 0.7478 0 -0.022533 -0.3478 -0.016525 1.61647 0.3489207
006 2 15 12 -0.022862 0.4 -0.016411 0 0.7478 0 -0.022862 -0.3478 -0.016411 1.620796 0.3489367
006 2 15 12 -0.02319 0.4 -0.016296 0 0.7478 0 -0.02319 -0.3478 -0.016296 1.625206 0.3489529
006 2 15 12 -0.023514 0.4 -0.016179 0 0.7478 0 -0.023514 -0.3478 -0.016179 1.629433 0.3489692
006 2 15 12 -0.023837 0.4 -0.016061 0 0.7478 0 -0.023837 -0.3478 -0.016061 1.633614 0.3489857
006 2 15 12 -0.024157 0.4 -0.015941 0 0.7478 0 -0.024157 -0.3478 -0.015941 1.638153 0.3490022
006 2 15 12 -0.024474 0.4 -0.015819 0 0.7478 0 -0.024474 -0.3478 -0.015819 1.642487 0.3490187
006 2 15 12 -0.024789 0.4 -0.015696 0 0.7478 0 -0.024789 -0.3478 -0.015696 1.646805 0.3490354
006 2 15 12 -0.025102 0.4 -0.015571 0 0.7478 0 -0.025102 -0.3478 -0.015571 1.651329 0.3490521
006 2 15 12 -0.025412 0.4 -0.015445 0 0.7478 0 -0.025412 -0.3478 -0.015445 1.656723 0.349069
006 2 15 12 -0.02572 0.4 -0.015317 0 0.7478 0 -0.02572 -0.3478 -0.015317 1.66169 0.3490859
006 2 15 12 -0.026025 0.4 -0.015188 0 0.7478 0 -0.026025 -0.3478 -0.015188 1.666008 0.3491029
006 2 15 12 -0.026327 0.4 -0.015057 0 0.7478 0 -0.026327 -0.3478 -0.015057 1.670311 0.3491198
006 2 15 12 -0.026627 0.4 -0.014925 0 0.7478 0 -0.026627 -0.3478 -0.014925 1.674713 0.3491369
006 2 15 12 -0.026924 0.4 -0.014791 0 0.7478 0 -0.026924 -0.3478 -0.014791 1.678894 0.349154
006 2 15 12 -0.027219 0.4 -0.014655 0 0.7478 0 -0.027219 -0.3478 -0.014655 1.682999 0.3491711
006 2 15 12 -0.027511 0.4 -0.014519 0 0.7478 0 -0.027511 -0.3478 -0.014519 1.687279 0.3491883
006 2 15 12 -0.0278 0.4 -0.01438 0 0.7478 0 -0.0278 -0.3478 -0.01438 1.691452 0.3492055
006 2 15 12 -0.028086 0.4 -0.014241 0 0.7478 0 -0.028086 -0.3478 -0.014241 1.695717 0.3492227
006 2 15 12 -0.028369 0.4 -0.0141 0 0.7478 0 -0.028369 -0.3478 -0.0141 1.699867 0.3492398
006 2 15 12 -0.02865 0.4 -0.013957 0 0.7478 0 -0.02865 -0.3478 -0.013957 1.704346 0.349257
006 2 15 12 -0.028928 0.4 -0.013813 0 0.7478 0 -0.028928 -0.3478 -0.013813 1.708511 0.3492742
006 2 15 12 -0.029202 0.4 -0.013668 0 0.7478 0 -0.029202 -0.3478 -0.013668 1.712616 0.3492913
006 2 15 12 -0.029474 0.4 -0.013521 0 0.7478 0 -0.029474 -0.3478 -0.013521 1.716927 0.3493084
006 2 15 12 -0.029743 0.4 -0.013373 0 0.7478 0 -0.029743 -0.3478 -0.013373 1.721695 0.3493255
006 2 15 12 -0.030009 0.4 -0.013224 0 0.7478 0 -0.030009 -0.3478 -0.013224 1.725861 0.3493426
006 2 15 12 -0.030272 0.4 -0.013073 0 0.7478 0 -0.030272 -0.3478 -0.013073 1.730476 0.3493596
006 2 15 12 -0.030532 0.4 -0.012921 0 0.7478 0 -0.030532 -0.3478 -0.012921 1.735184 0.3493766
006 2 15 12 -0.030789 0.4 -0.012768 0 0.7478 0 -0.030789 -0.3478 -0.012768 1.739555 0.3493935
006 2 15 12 -0.031043 0.4 -0.012613 0 0.7478 0 -0.031043 -0.3478 -0.012613 1.743721 0.3494103
006 2 15 12 -0.031293 0.4 -0.012457 0 0.7478 0 -0.031293 -0.3478 -0.012457 1.74781 0.349427
006 2 15 12 -0.031541 0.4 -0.0123 0 0.7478 0 -0.031541 -0.3478 -0.0123 1.751907 0.3494438
006 2 15 12 -0.031785 0.4 -0.012142 0 0.7478 0 -0.031785 -0.3478 -0.012142 1.756409 0.3494604
006 2 15 12 -0.032027 0.4 -0.011982 0 0.7478 0 -0.032027 -0.3478 -0.011982 1.760544 0.3494769
006 2 15 12 -0.032265 0.4 -0.011821 0 0.7478 0 -0.032265 -0.3478 -0.011821 1.764702 0.3494934
006 2 15 12 -0.0325 0.4 -0.01166 0 0.7478 0 -0.0325 -0.3478 -0.01166 1.768982 0.3495097
006 2 15 12 -0.032731 0.4 -0.011496 0 0.7478 0 -0.032731 -0.3478 -0.011496 1.773277 0.3495258
006 2 15 12 -0.032959 0.4 -0.011332 0 0.7478 0 -0.032959 -0.3478 -0.011332 1.77774 0.3495419
006 2 15 12 -0.033184 0.4 -0.011167 0 0.7478 0 -0.033184 -0.3478 -0.011167 1.781944 0.3495579
006 2 15 12 -0.033406 0.4 -0.011 0 0.7478 0 -0.033406 -0.3478 -0.011 1.786171 0.3495737
006 2 15 12 -0.033624 0.4 -0.010833 0 0.7478 0 -0.033624 -0.3478 -0.010833 1.790382 0.3495894
006 2 15 12 -0.033839 0.4 -0.010664 0 0.7478 0 -0.033839 -0.3478 -0.010664 1.79509 0.349605
006 2 15 12 -0.034051 0.4 -0.010494 0 0.7478 0 -0.034051 -0.3478 -0.010494 1.799187 0.3496204
006 2 15 12 -0.034259 0.4 -0.010324 0 0.7478 0 -0.034259 -0.3478 -0.010324 1.803528 0.3496357
006 2 15 12 -0.034464 0.4 -0.010152 0 0.7478 0 -0.034464 -0.3478 -0.010152 1.807724 0.3496508
006 2 15 12 -0.034665 0.4 -0.009979 0 0.7478 0 -0.034665 -0.3478 -0.009979 1.81192 0.3496657
006 2 15 12 -0.034863 0.4 -0.009805 0 0.7478 0 -0.034863 -0.3478 -0.009805 1.816231 0.3496804
006 2 15 12 -0.035057 0.4 -0.00963 0 0.7478 0 -0.035057 -0.3478 -0.00963 1.820488 0.3496949
006 2 15 12 -0.035248 0.4 -0.009455 0 0.7478 0 -0.035248 -0.3478 -0.009455 1.824669 0.3497094
006 2 15 12 -0.035436 0.4 -0.009278 0 0.7478 0 -0.035436 -0.3478 -0.009278 1.828773 0.3497236
006 2 15 12 -0.035619 0.4 -0.0091 0 0.7478 0 -0.035619 -0.3478 -0.0091 1.832932 0.3497376
006 2 15 12 -0.0358 0.4 -0.008922 0 0.7478 0 -0.0358 -0.3478 -0.008922 1.837326 0.3497514
006 2 15 12 -0.035976 0.4 -0.008742 0 0.7478 0 -0.035976 -0.3478 -0.008742 1.841438 0.3497649
006 2 15 12 -0.036149 0.4 -0.008562 0 0.7478 0 -0.036149 -0.3478 -0.008562 1.845619 0.3497784
006 2 15 12 -0.036319 0.4 -0.008381 0 0.7478 0 -0.036319 -0.3478 -0.008381 1.849701 0.3497916
006 2 15 12 -0.036484 0.4 -0.008199 0 0.7478 0 -0.036484 -0.3478 -0.008199 1.853928 0.3498044
006 2 15 12 -0.036647 0.4 -0.008016 0 0.7478 0 -0.036647 -0.3478 -0.008016 1.858521 0.3498172
006 2 15 12 -0.036805 0.4 -0.007832 0 0.7478 0 -0.036805 -0.3478 -0.007832 1.862823 0.3498296
006 2 15 12 -0.03696 0.4 -0.007648 0 0.7478 0 -0.03696 -0.3478 -0.007648 1.867088 0.3498419
006 2 15 12 -0.037111 0.4 -0.007463 0 0.7478 0 -0.037111 -0.3478 -0.007463 1.871468 0.3498539
006 2 15 12 -0.037258 0.4 -0.007277 0 0.7478 0 -0.037258 -0.3478 -0.007277 1.875847 0.3498656
006 2 15 12 -0.037402 0.4 -0.00709 0 0.7478 0 -0.037402 -0.3478 -0.00709 1.87999 0.3498771
006 2 15 12 -0.037542 0.4 -0.006903 0 0.7478 0 -0.037542 -0.3478 -0.006903 1.884216 0.3498884
006 2 15 12 -0.037678 0.4 -0.006715 0 0.7478 0 -0.037678 -0.3478 -0.006715 1.88884 0.3498994
006 2 15 12 -0.037811 0.4 -0.006526 0 0.7478 0 -0.037811 -0.3478 -0.006526 1.893021 0.3499101
006 2 15 12 -0.037939 0.4 -0.006337 0 0.7478 0 -0.037939 -0.3478 -0.006337 1.897316 0.3499205
006 2 15 12 -0.038064 0.4 -0.006147 0 0.7478 0 -0.038064 -0.3478 -0.006147 1.901413 0.3499307
006 2 15 12 -0.038185 0.4 -0.005956 0 0.7478 0 -0.038185 -0.3478 -0.005956 1.906105 0.3499406
006 2 15 12 -0.038302 0.4 -0.005765 0 0.7478 0 -0.038302 -0.3478 -0.005765 1.910416 0.3499502
006 2 15 12 -0.038416 0.4 -0.005573 0 0.7478 0 -0.038416 -0.3478 -0.005573 1.914749 0.3499595
006 2 15 12 -0.038525 0.4 -0.005381 0 0.7478 0 -0.038525 -0.3478 -0.005381 1.918854 0.3499685
006 2 15 12 -0.038631 0.4 -0.005188 0 0.7478 0 -0.038631 -0.3478 -0.005188 1.923279 0.3499773
006 2 15 12 -0.038733 0.4 -0.004994 0 0.7478 0 -0.038733 -0.3478 -0.004994 1.927475 0.3499857
006 2 15 12 -0.038831 0.4 -0.0048 0 0.7478 0 -0.038831 -0.3478 -0.0048 1.931648 0.3499939
006 2 15 12 -0.038925 0.4 -0.004606 0 0.7478 0 -0.038925 -0.3478 -0.004606 1.936211 0.3500017
006 2 15 12 -0.039015 0.4 -0.004411 0 0.7478 0 -0.039015 -0.3478 -0.004411 1.940498 0.3500092
006 2 15 12 -0.039101 0.4 -0.004216 0 0.7478 0 -0.039101 -0.3478 -0.004216 1.944687 0.3500164
006 2 15 12 -0.039184 0.4 -0.00402 0 0.7478 0 -0.039184 -0.3478 -0.00402 1.948784 0.3500234
006 2 15 12 -0.039262 0.4 -0.003824 0 0.7478 0 -0.039262 -0.3478 -0.003824 1.953049 0.3500299
006 2 15 12 -0.039337 0.4 -0.003628 0 0.7478 0 -0.039337 -0.3478 -0.003628 1.957436 0.3500363
006 2 15 12 -0.039407 0.4 -0.003431 0 0.7478 0 -0.039407 -0.3478 -0.003431 1.961555 0.3500422
006 2 15 12 -0.039474 0.4 -0.003234 0 0.7478 0 -0.039474 -0.3478 -0.003234 1.965645 0.3500478
006 2 15 12 -0.039536 0.4 -0.003036 0 0.7478 0 -0.039536 -0.3478 -0.003036 1.969971 0.3500531
006 2 15 12 -0.039595 0.4 -0.002838 0 0.7478 0 -0.039595 -0.3478 -0.002838 1.974312 0.350058
006 2 15 12 -0.03965 0.4 -0.00264 0 0.7478 0 -0.03965 -0.3478 -0.00264 1.978607 0.3500627
006 2 15 12 -0.039701 0.4 -0.002442 0 0.7478 0 -0.039701 -0.3478 -0.002442 1.982712 0.3500671
006 2 15 12 -0.039748 0.4 -0.002243 0 0.7478 0 -0.039748 -0.3478 -0.002243 1.986984 0.3500711
006 2 15 12 -0.039791 0.4 -0.002044 0 0.7478 0 -0.039791 -0.3478 -0.002044 1.991249 0.3500748
006 2 15 12 -0.039829 0.4 -0.001845 0 0.7478 0 -0.039829 -0.3478 -0.001845 1.995735 0.350078
006 2 15 12 -0.039864 0.4 -0.001646 0 0.7478 0 -0.039864 -0.3478 -0.001646 2.00061 0.350081
006 2 15 12 -0.039895 0.4 -0.001447 0 0.7478 0 -0.039895 -0.3478 -0.001447 2.004929 0.3500836
006 2 15 12 -0.039922 0.4 -0.001247 0 0.7478 0 -0.039922 -0.3478 -0.001247 2.009155 0.3500859
006 2 15 12 -0.039945 0.4 -0.001047 0 0.7478 0 -0.039945 -0.3478 -0.001047 2.01342 0.3500879
006 2 15 12 -0.039964 0.4 -0.000848 0 0.7478 0 -0.039964 -0.3478 -0.000848 2.017662 0.3500895
006 2 15 12 -0.039979 0.4 -0.000648 0 0.7478 0 -0.039979 -0.3478 -0.000648 2.022026 0.3500908
006 2 15 12 -0.03999 0.4 -0.000448 0 0.7478 0 -0.03999 -0.3478 -0.000448 2.026291 0.3500918
006 2 15 12 -0.039997 0.4 -0.000248 0 0.7478 0 -0.039997 -0.3478 -0.000248 2.030434 0.3500924
006 2 15 12 -0.04 0.4 -4.8E-05 0 0.7478 0 -0.04 -0.3478 -4.8E-05 2.034752 0.3500926
006 2 15 12 -0.039999 0.4 0.000152 0 0.7478 0 -0.039999 -0.3478 0.000152 2.039284 0.3500925
006 2 15 12 -0.039994 0.4 0.000352 0 0.7478 0 -0.039994 -0.3478 0.000352 2.043434 0.3500921
006 2 15 12 -0.039985 0.4 0.000552 0 0.7478 0 -0.039985 -0.3478 0.000552 2.047523 0.3500913
006 2 15 12 -0.039972 0.4 0.000752 0 0.7478 0 -0.039972 -0.3478 0.000752 2.051826 0.3500902
006 2 15 12 -0.039955 0.4 0.000952 0 0.7478 0 -0.039955 -0.3478 0.000952 2.05632 0.3500888
006 2 15 12 -0.039934 0.4 0.001152 0 0.7478 0 -0.039934 -0.3478 0.001152 2.060562 0.350087
006 2 15 12 -0.039909 0.4 0.001351 0 0.7478 0 -0.039909 -0.3478 0.001351 2.064827 0.3500848
006 2 15 12 -0.03988 0.4 0.001551 0 0.7478 0 -0.03988 -0.3478 0.001551 2.069038 0.3500823
006 2 15 12 -0.039847 0.4 0.00175 0 0.7478 0 -0.039847 -0.3478 0.00175 2.073708 0.3500795
006 2 15 12 -0.03981 0.4 0.001949 0 0.7478 0 -0.03981 -0.3478 0.001949 2.078026 0.3500764
006 2 15 12 -0.039769 0.4 0.002148 0 0.7478 0 -0.039769 -0.3478 0.002148 2.082169 0.3500729
006 2 15 12 -0.039724 0.4 0.002347 0 0.7478 0 -0.039724 -0.3478 0.002347 2.086571 0.350069
006 2 15 12 -0.039675 0.4 0.002545 0 0.7478 0 -0.039675 -0.3478 0.002545 2.090813 0.3500649
006 2 15 12 -0.039622 0.4 0.002744 0 0.7478 0 -0.039622 -0.3478 0.002744 2.0951 0.3500604
006 2 15 12 -0.039565 0.4 0.002942 0 0.7478 0 -0.039565 -0.3478 0.002942 2.099281 0.3500555
006 2 15 12 -0.039504 0.4 0.003139 0 0.7478 0 -0.039504 -0.3478 0.003139 2.103645 0.3500504
006 2 15 12 -0.039439 0.4 0.003337 0 0.7478 0 -0.039439 -0.3478 0.003337 2.107872 0.3500448
006 2 15 12 -0.039371 0.4 0.003534 0 0.7478 0 -0.039371 -0.3478 0.003534 2.112259 0.3500391
006 2 15 12 -0.039298 0.4 0.00373 0 0.7478 0 -0.039298 -0.3478 0.00373 2.116554 0.350033
006 2 15 12 -0.039222 0.4 0.003927 0 0.7478 0 -0.039222 -0.3478 0.003927 2.120872 0.3500266
006 2 15 12 -0.039141 0.4 0.004122 0 0.7478 0 -0.039141 -0.3478 0.004122 2.125122 0.3500198
006 2 15 12 -0.039057 0.4 0.004318 0 0.7478 0 -0.039057 -0.3478 0.004318 2.129417 0.3500127
006 2 15 12 -0.038968 0.4 0.004513 0 0.7478 0 -0.038968 -0.3478 0.004513 2.13369 0.3500053
006 2 15 12 -0.038876 0.4 0.004708 0 0.7478 0 -0.038876 -0.3478 0.004708 2.138283 0.3499976
006 2 15 12 -0.03878 0.4 0.004902 0 0.7478 0 -0.03878 -0.3478 0.004902 2.142761 0.3499896
006 2 15 12 -0.03868 0.4 0.005095 0 0.7478 0 -0.03868 -0.3478 0.005095 2.146927 0.3499813
006 2 15 12 -0.038576 0.4 0.005289 0 0.7478 0 -0.038576 -0.3478 0.005289 2.151283 0.3499727
006 2 15 12 -0.038469 0.4 0.005481 0 0.7478 0 -0.038469 -0.3478 0.005481 2.156136 0.3499639
006 2 15 12 -0.038357 0.4 0.005673 0 0.7478 0 -0.038357 -0.3478 0.005673 2.160583 0.3499547
006 2 15 12 -0.038242 0.4 0.005865 0 0.7478 0 -0.038242 -0.3478 0.005865 2.16478 0.3499452
006 2 15 12 -0.038122 0.4 0.006056 0 0.7478 0 -0.038122 -0.3478 0.006056 2.168999 0.3499354
006 2 15 12 -0.037999 0.4 0.006246 0 0.7478 0 -0.037999 -0.3478 0.006246 2.17347 0.3499254
006 2 15 12 -0.037873 0.4 0.006436 0 0.7478 0 -0.037873 -0.3478 0.006436 2.177856 0.3499151
006 2 15 12 -0.037742 0.4 0.006625 0 0.7478 0 -0.037742 -0.3478 0.006625 2.181992 0.3499045
006 2 15 12 -0.037608 0.4 0.006813 0 0.7478 0 -0.037608 -0.3478 0.006813 2.186234 0.3498937
006 2 15 12 -0.037469 0.4 0.007001 0 0.7478 0 -0.037469 -0.3478 0.007001 2.190651 0.3498825
006 2 15 12 -0.037328 0.4 0.007188 0 0.7478 0 -0.037328 -0.3478 0.007188 2.195305 0.3498712
006 2 15 12 -0.037182 0.4 0.007374 0 0.7478 0 -0.037182 -0.3478 0.007374 2.199501 0.3498596
006 2 15 12 -0.037033 0.4 0.00756 0 0.7478 0 -0.037033 -0.3478 0.00756 2.203796 0.3498477
006 2 15 12 -0.03688 0.4 0.007744 0 0.7478 0 -0.03688 -0.3478 0.007744 2.208 0.3498356
006 2 15 12 -0.036723 0.4 0.007928 0 0.7478 0 -0.036723 -0.3478 0.007928 2.212219 0.3498232
006 2 15 12 -0.036562 0.4 0.008112 0 0.7478 0 -0.036562 -0.3478 0.008112 2.216492 0.3498105
006 2 15 12 -0.036398 0.4 0.008294 0 0.7478 0 -0.036398 -0.3478 0.008294 2.220726 0.3497977
006 2 15 12 -0.036231 0.4 0.008476 0 0.7478 0 -0.036231 -0.3478 0.008476 2.224876 0.3497847
006 2 15 12 -0.036059 0.4 0.008656 0 0.7478 0 -0.036059 -0.3478 0.008656 2.229019 0.3497714
006 2 15 12 -0.035884 0.4 0.008836 0 0.7478 0 -0.035884 -0.3478 0.008836 2.233253 0.3497579
006 2 15 12 -0.035706 0.4 0.009015 0 0.7478 0 -0.035706 -0.3478 0.009015 2.237686 0.3497442
006 2 15 12 -0.035524 0.4 0.009193 0 0.7478 0 -0.035524 -0.3478 0.009193 2.241882 0.3497303
006 2 15 12 -0.035338 0.4 0.00937 0 0.7478 0 -0.035338 -0.3478 0.00937 2.245979 0.3497162
006 2 15 12 -0.035149 0.4 0.009547 0 0.7478 0 -0.035149 -0.3478 0.009547 2.250298 0.3497019
006 2 15 12 -0.034956 0.4 0.009722 0 0.7478 0 -0.034956 -0.3478 0.009722 2.254768 0.3496874
006 2 15 12 -0.03476 0.4 0.009896 0 0.7478 0 -0.03476 -0.3478 0.009896 2.258873 0.3496727
006 2 15 12 -0.03456 0.4 0.010069 0 0.7478 0 -0.03456 -0.3478 0.010069 2.263031 0.3496578
006 2 15 12 -0.034357 0.4 0.010242 0 0.7478 0 -0.034357 -0.3478 0.010242 2.267204 0.3496429
006 2 15 12 -0.034151 0.4 0.010413 0 0.7478 0 -0.034151 -0.3478 0.010413 2.271523 0.3496277
006 2 15 12 -0.033941 0.4 0.010583 0 0.7478 0 -0.033941 -0.3478 0.010583 2.275795 0.3496124
006 2 15 12 -0.033728 0.4 0.010752 0 0.7478 0 -0.033728 -0.3478 0.010752 2.27993 0.3495969
006 2 15 12 -0.033511 0.4 0.01092 0 0.7478 0 -0.033511 -0.3478 0.01092 2.284096 0.3495813
006 2 15 12 -0.033291 0.4 0.011087 0 0.7478 0 -0.033291 -0.3478 0.011087 2.294441 0.3495655
006 2 15 12 -0.033067 0.4 0.011253 0 0.7478 0 -0.033067 -0.3478 0.011253 2.299438 0.3495496
006 2 15 12 -0.032841 0.4 0.011418 0 0.7478 0 -0.032841 -0.3478 0.011418 2.303856 0.3495336
006 2 15 12 -0.032611 0.4 0.011582 0 0.7478 0 -0.032611 -0.3478 0.011582 2.30806 0.3495175
006 2 15 12 -0.032377 0.4 0.011744 0 0.7478 0 -0.032377 -0.3478 0.011744 2.312263 0.3495011
006 2 15 12 -0.032141 0.4 0.011906 0 0.7478 0 -0.032141 -0.3478 0.011906 2.316559 0.3494848
006 2 15 12 -0.031901 0.4 0.012066 0 0.7478 0 -0.031901 -0.3478 0.012066 2.320801 0.3494683
006 2 15 12 -0.031658 0.4 0.012225 0 0.7478 0 -0.031658 -0.3478 0.012225 2.32515 0.3494517
006 2 15 12 -0.031412 0.4 0.012382 0 0.7478 0 -0.031412 -0.3478 0.012382 2.329369 0.3494351
006 2 15 12 -0.031163 0.4 0.012539 0 0.7478 0 -0.031163 -0.3478 0.012539 2.333466 0.3494184
006 2 15 12 -0.030911 0.4 0.012694 0 0.7478 0 -0.030911 -0.3478 0.012694 2.337852 0.3494016
006 2 15 12 -0.030655 0.4 0.012848 0 0.7478 0 -0.030655 -0.3478 0.012848 2.342018 0.3493847
006 2 15 12 -0.030397 0.4 0.013 0 0.7478 0 -0.030397 -0.3478 0.013 2.346199 0.3493677
006 2 15 12 -0.030135 0.4 0.013152 0 0.7478 0 -0.030135 -0.3478 0.013152 2.350342 0.3493507
006 2 15 12 -0.029871 0.4 0.013302 0 0.7478 0 -0.029871 -0.3478 0.013302 2.354767 0.3493337
006 2 15 12 -0.029603 0.4 0.01345 0 0.7478 0 -0.029603 -0.3478 0.01345 2.358894 0.3493166
006 2 15 12 -0.029333 0.4 0.013598 0 0.7478 0 -0.029333 -0.3478 0.013598 2.363136 0.3492995
006 2 15 12 -0.029059 0.4 0.013744 0 0.7478 0 -0.029059 -0.3478 0.013744 2.36721 0.3492824
006 2 15 12 -0.028783 0.4 0.013888 0 0.7478 0 -0.028783 -0.3478 0.013888 2.371552 0.3492652
006 2 15 12 -0.028504 0.4 0.014032 0 0.7478 0 -0.028504 -0.3478 0.014032 2.375893 0.3492481
006 2 15 12 -0.028222 0.4 0.014173 0 0.7478 0 -0.028222 -0.3478 0.014173 2.380188 0.3492309
006 2 15 12 -0.027937 0.4 0.014314 0 0.7478 0 -0.027937 -0.3478 0.014314 2.384491 0.3492137
006 2 15 12 -0.027649 0.4 0.014453 0 0.7478 0 -0.027649 -0.3478 0.014453 2.388908 0.3491965
006 2 15 12 -0.027359 0.4 0.01459 0 0.7478 0 -0.027359 -0.3478 0.01459 2.393158 0.3491793
006 2 15 12 -0.027065 0.4 0.014726 0 0.7478 0 -0.027065 -0.3478 0.014726 2.397415 0.3491621
006 2 15 12 -0.02677 0.4 0.014861 0 0.7478 0 -0.02677 -0.3478 0.014861 2.401581 0.3491451
006 2 15 12 -0.026471 0.4 0.014994 0 0.7478 0 -0.026471 -0.3478 0.014994 2.405907 0.349128
006 2 15 12 -0.02617 0.4 0.015126 0 0.7478 0 -0.02617 -0.3478 0.015126 2.410049 0.349111
006 2 15 12 -0.025866 0.4 0.015256 0 0.7478 0 -0.025866 -0.3478 0.015256 2.414383 0.349094
006 2 15 12 -0.02556 0.4 0.015384 0 0.7478 0 -0.02556 -0.3478 0.015384 2.418556 0.3490771
006 2 15 12 -0.025251 0.4 0.015511 0 0.7478 0 -0.025251 -0.3478 0.015511 2.42289 0.3490602
006 2 15 12 -0.024939 0.4 0.015637 0 0.7478 0 -0.024939 -0.3478 0.015637 2.427078 0.3490434
006 2 15 12 -0.024625 0.4 0.015761 0 0.7478 0 -0.024625 -0.3478 0.015761 2.431282 0.3490267
006 2 15 12 -0.024309 0.4 0.015883 0 0.7478 0 -0.024309 -0.3478 0.015883 2.435555 0.3490101
006 2 15 12 -0.02399 0.4 0.016004 0 0.7478 0 -0.02399 -0.3478 0.016004 2.440048 0.3489935
006 2 15 12 -0.023669 0.4 0.016123 0 0.7478 0 -0.023669 -0.3478 0.016123 2.444191 0.3489771
006 2 15 12 -0.023345 0.4 0.01624 0 0.7478 0 -0.023345 -0.3478 0.01624 2.448334 0.3489607
006 2 15 12 -0.023019 0.4 0.016356 0 0.7478 0 -0.023019 -0.3478 0.016356 2.452469 0.3489445
006 2 15 12 -0.022691 0.4 0.016471 0 0.7478 0 -0.022691 -0.3478 0.016471 2.456978 0.3489284
006 2 15 12 -0.02236 0.4 0.016583 0 0.7478 0 -0.02236 -0.3478 0.016583 2.461288 0.3489123
006 2 15 12 -0.022027 0.4 0.016694 0 0.7478 0 -0.022027 -0.3478 0.016694 2.465462 0.3488964
006 2 15 12 -0.021692 0.4 0.016804 0 0.7478 0 -0.021692 -0.3478 0.016804 2.469833 0.3488807
006 2 15 12 -0.021355 0.4 0.016911 0 0.7478 0 -0.021355 -0.3478 0.016911 2.474281 0.3488651
006 2 15 12 -0.021016 0.4 0.017017 0 0.7478 0 -0.021016 -0.3478 0.017017 2.478622 0.3488497
006 2 15 12 -0.020675 0.4 0.017121 0 0.7478 0 -0.020675 -0.3478 0.017121 2.482849 0.3488344
006 2 15 12 -0.020331 0.4 0.017224 0 0.7478 0 -0.020331 -0.3478 0.017224 2.487167 0.3488192
006 2 15 12 -0.019986 0.4 0.017325 0 0.7478 0 -0.019986 -0.3478 0.017325 2.491447 0.3488043
006 2 15 12 -0.019638 0.4 0.017424 0 0.7478 0 -0.019638 -0.3478 0.017424 2.495773 0.3487895
006 2 15 12 -0.019289 0.4 0.017521 0 0.7478 0 -0.019289 -0.3478 0.017521 2.499916 0.3487748
006 2 15 12 -0.018937 0.4 0.017617 0 0.7478 0 -0.018937 -0.3478 0.017617 2.50415 0.3487604
006 2 15 12 -0.018584 0.4 0.01771 0 0.7478 0 -0.018584 -0.3478 0.01771 2.508331 0.3487461
006 2 15 12 -0.018229 0.4 0.017802 0 0.7478 0 -0.018229 -0.3478 0.017802 2.512505 0.3487321
006 2 15 12 -0.017872 0.4 0.017893 0 0.7478 0 -0.017872 -0.3478 0.017893 2.516754 0.3487182
006 2 15 12 -0.017513 0.4 0.017981 0 0.7478 0 -0.017513 -0.3478 0.017981 2.520958 0.3487045
006 2 15 12 -0.017153 0.4 0.018068 0 0.7478 0 -0.017153 -0.3478 0.018068 2.525185 0.3486911
006 2 15 12 -0.016791 0.4 0.018153 0 0.7478 0 -0.016791 -0.3478 0.018153 2.529785 0.3486779
006 2 15 12 -0.016427 0.4 0.018236 0 0.7478 0 -0.016427 -0.3478 0.018236 2.533997 0.3486649
006 2 15 12 -0.016061 0.4 0.018317 0 0.7478 0 -0.016061 -0.3478 0.018317 2.538551 0.3486521
006 2 15 12 -0.015694 0.4 0.018396 0 0.7478 0 -0.015694 -0.3478 0.018396 2.542732 0.3486396
006 2 15 12 -0.015325 0.4 0.018474 0 0.7478 0 -0.015325 -0.3478 0.018474 2.546967 0.3486273
006 2 15 12 -0.014955 0.4 0.01855 0 0.7478 0 -0.014955 -0.3478 0.01855 2.551048 0.3486152
006 2 15 12 -0.014583 0.4 0.018623 0 0.7478 0 -0.014583 -0.3478 0.018623 2.555542 0.3486034
006 2 15 12 -0.01421 0.4 0.018695 0 0.7478 0 -0.01421 -0.3478 0.018695 2.559631 0.3485918
006 2 15 12 -0.013836 0.4 0.018766 0 0.7478 0 -0.013836 -0.3478 0.018766 2.563774 0.3485806
006 2 15 12 -0.01346 0.4 0.018834 0 0.7478 0 -0.01346 -0.3478 0.018834 2.568001 0.3485695
006 2 15 12 -0.013082 0.4 0.0189 0 0.7478 0 -0.013082 -0.3478 0.0189 2.572334 0.3485587
006 2 15 12 -0.012704 0.4 0.018965 0 0.7478 0 -0.012704 -0.3478 0.018965 2.576607 0.3485483
006 2 15 12 -0.012324 0.4 0.019027 0 0.7478 0 -0.012324 -0.3478 0.019027 2.580734 0.348538
006 2 15 12 -0.011942 0.4 0.019088 0 0.7478 0 -0.011942 -0.3478 0.019088 2.584915 0.348528
006 2 15 12 -0.01156 0.4 0.019147 0 0.7478 0 -0.01156 -0.3478 0.019147 2.589378 0.3485184
006 2 15 12 -0.011177 0.4 0.019203 0 0.7478 0 -0.011177 -0.3478 0.019203 2.593681 0.348509
006 2 15 12 -0.010792 0.4 0.019258 0 0.7478 0 -0.010792 -0.3478 0.019258 2.598022 0.3484999
006 2 15 12 -0.010406 0.4 0.019311 0 0.7478 0 -0.010406 -0.3478 0.019311 2.602219 0.3484911
006 2 15 12 -0.01002 0.4 0.019362 0 0.7478 0 -0.01002 -0.3478 0.019362 2.606667 0.3484826
006 2 15 12 -0.009632 0.4 0.019412 0 0.7478 0 -0.009632 -0.3478 0.019412 2.610847 0.3484744
006 2 15 12 -0.009243 0.4 0.019459 0 0.7478 0 -0.009243 -0.3478 0.019459 2.615211 0.3484665
006 2 15 12 -0.008853 0.4 0.019504 0 0.7478 0 -0.008853 -0.3478 0.019504 2.619507 0.3484589
006 2 15 12 -0.008463 0.4 0.019547 0 0.7478 0 -0.008463 -0.3478 0.019547 2.62394 0.3484516
006 2 15 12 -0.008072 0.4 0.019589 0 0.7478 0 -0.008072 -0.3478 0.019589 2.628082 0.3484447
006 2 15 12 -0.007679 0.4 0.019628 0 0.7478 0 -0.007679 -0.3478 0.019628 2.632362 0.348438
006 2 15 12 -0.007287 0.4 0.019665 0 0.7478 0 -0.007287 -0.3478 0.019665 2.636986 0.3484317
006 2 15 12 -0.006893 0.4 0.019701 0 0.7478 0 -0.006893 -0.3478 0.019701 2.641373 0.3484257
006 2 15 12 -0.006498 0.4 0.019734 0 0.7478 0 -0.006498 -0.3478 0.019734 2.645561 0.34842
006 2 15 12 -0.006103 0.4 0.019766 0 0.7478 0 -0.006103 -0.3478 0.019766 2.649963 0.3484147
006 2 15 12 -0.005708 0.4 0.019795 0 0.7478 0 -0.005708 -0.3478 0.019795 2.654869 0.3484096
006 2 15 12 -0.005312 0.4 0.019823 0 0.7478 0 -0.005312 -0.3478 0.019823 2.659271 0.3484049
006 2 15 12 -0.004915 0.4 0.019848 0 0.7478 0 -0.004915 -0.3478 0.019848 2.663483 0.3484005
006 2 15 12 -0.004518 0.4 0.019872 0 0.7478 0 -0.004518 -0.3478 0.019872 2.667641 0.3483965
006 2 15 12 -0.00412 0.4 0.019894 0 0.7478 0 -0.00412 -0.3478 0.019894 2.671944 0.3483928
006 2 15 12 -0.003722 0.4 0.019913 0 0.7478 0 -0.003722 -0.3478 0.019913 2.676285 0.3483894
006 2 15 12 -0.003324 0.4 0.019931 0 0.7478 0 -0.003324 -0.3478 0.019931 2.680344 0.3483865
006 2 15 12 -0.002925 0.4 0.019946 0 0.7478 0 -0.002925 -0.3478 0.019946 2.684563 0.3483838
006 2 15 12 -0.002526 0.4 0.01996 0 0.7478 0 -0.002526 -0.3478 0.01996 2.689125 0.3483814
006 2 15 12 -0.002126 0.4 0.019972 0 0.7478 0 -0.002126 -0.3478 0.019972 2.693344 0.3483794
006 2 15 12 -0.001727 0.4 0.019981 0 0.7478 0 -0.001727 -0.3478 0.019981 2.697594 0.3483777
006 2 15 12 -0.001327 0.4 0.019989 0 0.7478 0 -0.001327 -0.3478 0.019989 2.701683 0.3483765
006 2 15 12 -0.000927 0.4 0.019995 0 0.7478 0 -0.000927 -0.3478 0.019995 2.706047 0.3483755
006 2 15 12 -0.000527 0.4 0.019998 0 0.7478 0 -0.000527 -0.3478 0.019998 2.710205 0.3483748
006 2 15 12 -0.000127 0.4 0.02 0 0.7478 0 -0.000127 -0.3478 0.02 2.714569 0.3483746
006 2 15 12 0 0.4 0.02 0 0.7478 0 0 -0.3478 0.02 2.718681 0.3483745
