006 2 36 17 0 0.42 0 0 0.7478 0 0 -0.3278 0 0 0.3278
006 2 36 17 0 0.419999 0.0006 0 0.7478 0 0 -0.327801 0.0006 0.004180908 0.3278015
006 2 36 17 0 0.419996 0.0012 0 0.7478 0 0 -0.327804 0.0012 0.008865356 0.3278062
006 2 36 17 0 0.419991 0.0018 0 0.7478 0 0 -0.327809 0.0018 0.01309204 0.3278139
006 2 36 17 0 0.419984 0.002399 0 0.7478 0 0 -0.327816 0.002399 0.01727295 0.3278248
006 2 36 17 0 0.419975 0.002999 0 0.7478 0 0 -0.327825 0.002999 0.02146912 0.3278387
006 2 36 17 0 0.419964 0.003598 0 0.7478 0 0 -0.327836 0.003598 0.02571106 0.3278557
006 2 36 17 0 0.419951 0.004197 0 0.7478 0 0 -0.327849 0.004197 0.0300293 0.3278758
006 2 36 17 0 0.419936 0.004795 0 0.7478 0 0 -0.327864 0.004795 0.03411865 0.327899
006 2 36 17 0 0.419919 0.005393 0 0.7478 0 0 -0.327881 0.005393 0.03825378 0.3279253
006 2 36 17 0 0.4199 0.00599 0 0.7478 0 0 -0.3279 0.00599 0.04264832 0.3279547
006 2 36 17 0 0.419879 0.006587 0 0.7478 0 0 -0.327921 0.006587 0.04702759 0.3279871
006 2 36 17 0 0.419856 0.007183 0 0.7478 0 0 -0.327944 0.007183 0.05126953 0.3280226
006 2 36 17 0 0.419831 0.007778 0 0.7478 0 0 -0.327969 0.007778 0.05548096 0.3280612
006 2 36 17 0 0.419804 0.008373 0 0.7478 0 0 -0.327996 0.008373 0.05967712 0.3281028
006 2 36 17 0 0.419775 0.008966 0 0.7478 0 0 -0.328025 0.008966 0.06390381 0.3281475
006 2 36 17 0 0.419745 0.009559 0 0.7478 0 0 -0.328055 0.009559 0.06829834 0.3281942
006 2 36 17 0 0.419712 0.010151 0 0.7478 0 0 -0.328088 0.010151 0.07850647 0.328245
006 2 36 17 0 0.419677 0.010742 0 0.7478 0 0 -0.328123 0.010742 0.08322144 0.3282987
006 2 36 17 0 0.41964 0.011332 0 0.7478 0 0 -0.32816 0.011332 0.08753967 0.3283556
006 2 36 17 0 0.419601 0.01192 0 0.7478 0 0 -0.328199 0.01192 0.09176636 0.3284154
006 2 36 17 0 0.419561 0.012508 0 0.7478 0 0 -0.328239 0.012508 0.09603882 0.3284772
006 2 36 17 0 0.419518 0.013094 0 0.7478 0 0 -0.328282 0.013094 0.1001434 0.328543
006 2 36 17 0 0.419473 0.013679 0 0.7478 0 0 -0.328327 0.013679 0.1043243 0.3286118
006 2 36 17 0 0.419427 0.014262 0 0.7478 0 0 -0.328373 0.014262 0.1087036 0.3286825
006 2 36 17 0 0.419378 0.014844 0 0.7478 0 0 -0.328422 0.014844 0.1129608 0.3287573
006 2 36 17 0 0.419328 0.015425 0 0.7478 0 0 -0.328472 0.015425 0.117218 0.328834
006 2 36 17 0 0.419275 0.016004 0 0.7478 0 0 -0.328525 0.016004 0.1215515 0.3289146
006 2 36 17 0 0.419221 0.016581 0 0.7478 0 0 -0.328579 0.016581 0.1263885 0.3289971
006 2 36 17 0 0.419165 0.017157 0 0.7478 0 0 -0.328635 0.017157 0.1315002 0.3290825
006 2 36 17 0 0.419107 0.017731 0 0.7478 0 0 -0.328693 0.017731 0.1358948 0.3291709
006 2 36 17 0 0.419047 0.018304 0 0.7478 0 0 -0.328753 0.018304 0.1409454 0.3292622
006 2 36 17 0 0.418985 0.018874 0 0.7478 0 0 -0.328815 0.018874 0.1457977 0.3293562
006 2 36 17 0 0.418921 0.019443 0 0.7478 0 0 -0.328879 0.019443 0.1502075 0.3294532
006 2 36 17 0 0.418855 0.020009 0 0.7478 0 0 -0.328945 0.020009 0.1542969 0.329553
006 2 36 17 0 0.418787 0.020574 0 0.7478 0 0 -0.329013 0.020574 0.1585846 0.3296556
006 2 36 17 0 0.418718 0.021136 0 0.7478 0 0 -0.329082 0.021136 0.162796 0.32976
006 2 36 17 0 0.418647 0.021697 0 0.7478 0 0 -0.329153 0.021697 0.1670227 0.3298673
006 2 36 17 0 0.418573 0.022255 0 0.7478 0 0 -0.329227 0.022255 0.1713715 0.3299783
006 2 36 17 0 0.418498 0.022811 0 0.7478 0 0 -0.329302 0.022811 0.175705 0.3300911
006 2 36 17 0 0.418421 0.023365 0 0.7478 0 0 -0.329379 0.023365 0.1799011 0.3302067
006 2 36 17 0 0.418342 0.023917 0 0.7478 0 0 -0.329458 0.023917 0.1840668 0.330325
006 2 36 17 0 0.418262 0.024466 0 0.7478 0 0 -0.329538 0.024466 0.1883545 0.330445
006 2 36 17 0 0.418179 0.025012 0 0.7478 0 0 -0.329621 0.025012 0.1925507 0.3305686
006 2 36 17 0 0.418095 0.025556 0 0.7478 0 0 -0.329705 0.025556 0.1967163 0.330694
006 2 36 17 0 0.418009 0.026098 0 0.7478 0 0 -0.329791 0.026098 0.200882 0.330822
006 2 36 17 0 0.417921 0.026637 0 0.7478 0 0 -0.329879 0.026637 0.2050171 0.3309527
006 2 36 17 0 0.417831 0.027173 0 0.7478 0 0 -0.329969 0.027173 0.2094879 0.331086
006 2 36 17 0 0.41774 0.027707 0 0.7478 0 0 -0.33006 0.027707 0.2137604 0.3312209
006 2 36 17 0 0.417647 0.028238 0 0.7478 0 0 -0.330153 0.028238 0.2179413 0.3313584
006 2 36 17 0 0.417552 0.028766 0 0.7478 0 0 -0.330248 0.028766 0.2220306 0.3314984
006 2 36 17 0 0.417455 0.029291 0 0.7478 0 0 -0.330345 0.029291 0.2264252 0.331641
006 2 36 17 0 0.417356 0.029813 0 0.7478 0 0 -0.330444 0.029813 0.2306671 0.3317861
006 2 36 17 0 0.417256 0.030332 0 0.7478 0 0 -0.330544 0.030332 0.2348175 0.3319328
006 2 36 17 0 0.417154 0.030848 0 0.7478 0 0 -0.330646 0.030848 0.2389069 0.3320819
006 2 36 17 0 0.41705 0.031361 0 0.7478 0 0 -0.33075 0.031361 0.2432709 0.3322335
006 2 36 17 0 0.416945 0.031871 0 0.7478 0 0 -0.330855 0.031871 0.2476044 0.3323865
006 2 36 17 0 0.416838 0.032378 0 0.7478 0 0 -0.330962 0.032378 0.251709 0.332542
006 2 36 17 0 0.416729 0.032881 0 0.7478 0 0 -0.331071 0.032881 0.2558594 0.3326998
006 2 36 17 0 0.416619 0.033382 0 0.7478 0 0 -0.331181 0.033382 0.2601776 0.3328591
006 2 36 17 0 0.416507 0.033879 0 0.7478 0 0 -0.331293 0.033879 0.2643738 0.3330208
006 2 36 17 0 0.416393 0.034372 0 0.7478 0 0 -0.331407 0.034372 0.2686005 0.3331847
006 2 36 17 0 0.416278 0.034862 0 0.7478 0 0 -0.331522 0.034862 0.2726898 0.3333499
006 2 36 17 0 0.416161 0.035349 0 0.7478 0 0 -0.331639 0.035349 0.2771759 0.3335176
006 2 36 17 0 0.416042 0.035832 0 0.7478 0 0 -0.331758 0.035832 0.281311 0.3336874
006 2 36 17 0 0.415922 0.036311 0 0.7478 0 0 -0.331878 0.036311 0.2854462 0.3338585
006 2 36 17 0 0.4158 0.036787 0 0.7478 0 0 -0.332 0.036787 0.2898254 0.3340319
006 2 36 17 0 0.415676 0.037259 0 0.7478 0 0 -0.332124 0.037259 0.2944946 0.3342074
006 2 36 17 0 0.415551 0.037728 0 0.7478 0 0 -0.332249 0.037728 0.2986755 0.3343842
006 2 36 17 0 0.415425 0.038192 0 0.7478 0 0 -0.332375 0.038192 0.3030396 0.334562
006 2 36 17 0 0.415297 0.038653 0 0.7478 0 0 -0.332503 0.038653 0.307373 0.3347421
006 2 36 17 0 0.415167 0.03911 0 0.7478 0 0 -0.332633 0.03911 0.3116913 0.3349243
006 2 36 17 0 0.415036 0.039563 0 0.7478 0 0 -0.332764 0.039563 0.3158569 0.3351076
006 2 36 17 0 0.414903 0.040012 0 0.7478 0 0 -0.332897 0.040012 0.319931 0.3352929
006 2 36 17 0 0.414769 0.040457 0 0.7478 0 0 -0.333031 0.040457 0.3239899 0.3354794
006 2 36 17 0 0.414634 0.040898 0 0.7478 0 0 -0.333166 0.040898 0.3284454 0.3356668
006 2 36 17 0 0.414497 0.041335 0 0.7478 0 0 -0.333303 0.041335 0.3325653 0.3358563
006 2 36 17 0 0.414358 0.041768 0 0.7478 0 0 -0.333442 0.041768 0.336731 0.3360478
006 2 36 17 0 0.414218 0.042197 0 0.7478 0 0 -0.333582 0.042197 0.3409576 0.3362403
006 2 36 17 0 0.414077 0.042621 0 0.7478 0 0 -0.333723 0.042621 0.3454742 0.3364336
006 2 36 17 0 0.413934 0.043041 0 0.7478 0 0 -0.333866 0.043041 0.3497925 0.3366289
006 2 36 17 0 0.41379 0.043457 0 0.7478 0 0 -0.33401 0.043457 0.3539429 0.3368251
006 2 36 17 0 0.413644 0.043869 0 0.7478 0 0 -0.334156 0.043869 0.3583221 0.3370233
006 2 36 17 0 0.413498 0.044276 0 0.7478 0 0 -0.334302 0.044276 0.3625031 0.3372213
006 2 36 17 0 0.413349 0.044679 0 0.7478 0 0 -0.334451 0.044679 0.3666382 0.3374221
006 2 36 17 0 0.4132 0.045077 0 0.7478 0 0 -0.3346 0.045077 0.3708954 0.3376227
006 2 36 17 0 0.413049 0.045471 0 0.7478 0 0 -0.334751 0.045471 0.3750916 0.3378251
006 2 36 17 0 0.412897 0.04586 0 0.7478 0 0 -0.334903 0.04586 0.3792572 0.3380283
006 2 36 17 0 0.412743 0.046244 0 0.7478 0 0 -0.335057 0.046244 0.3834839 0.3382332
006 2 36 17 0 0.412588 0.046624 0 0.7478 0 0 -0.335212 0.046624 0.3881073 0.3384389
006 2 36 17 0 0.412432 0.047 0 0.7478 0 0 -0.335368 0.047 0.3923645 0.3386454
006 2 36 17 0 0.412275 0.04737 0 0.7478 0 0 -0.335525 0.04737 0.3965607 0.3388524
006 2 36 17 0 0.412116 0.047736 0 0.7478 0 0 -0.335684 0.047736 0.4006958 0.3390612
006 2 36 17 0 0.411957 0.048097 0 0.7478 0 0 -0.335843 0.048097 0.4048309 0.3392696
006 2 36 17 0 0.411796 0.048453 0 0.7478 0 0 -0.336004 0.048453 0.4093628 0.3394796
006 2 36 17 0 0.411634 0.048805 0 0.7478 0 0 -0.336166 0.048805 0.4136047 0.3396903
006 2 36 17 0 0.41147 0.049151 0 0.7478 0 0 -0.33633 0.049151 0.4177246 0.3399025
006 2 36 17 0 0.411306 0.049493 0 0.7478 0 0 -0.336494 0.049493 0.4218445 0.3401144
006 2 36 17 0 0.41114 0.04983 0 0.7478 0 0 -0.33666 0.04983 0.426178 0.3403278
006 2 36 17 0 0.410974 0.050162 0 0.7478 0 0 -0.336826 0.050162 0.430481 0.3405407
006 2 36 17 0 0.410806 0.050488 0 0.7478 0 0 -0.336994 0.050488 0.4345703 0.340755
006 2 36 17 0 0.410637 0.05081 0 0.7478 0 0 -0.337163 0.05081 0.4386597 0.34097
006 2 36 17 0 0.410467 0.051126 0 0.7478 0 0 -0.337333 0.051126 0.4428711 0.3411853
006 2 36 17 0 0.410296 0.051438 0 0.7478 0 0 -0.337504 0.051438 0.4472351 0.3414012
006 2 36 17 0 0.410124 0.051744 0 0.7478 0 0 -0.337676 0.051744 0.4514008 0.3416175
006 2 36 17 0 0.409951 0.052045 0 0.7478 0 0 -0.337849 0.052045 0.4557343 0.3418342
006 2 36 17 0 0.409777 0.052341 0 0.7478 0 0 -0.338023 0.052341 0.4601593 0.3420513
006 2 36 17 0 0.409602 0.052632 0 0.7478 0 0 -0.338198 0.052632 0.4644012 0.3422689
006 2 36 17 0 0.409427 0.052917 0 0.7478 0 0 -0.338373 0.052917 0.46875 0.3424857
006 2 36 17 0 0.40925 0.053198 0 0.7478 0 0 -0.33855 0.053198 0.4728241 0.3427041
006 2 36 17 0 0.409072 0.053472 0 0.7478 0 0 -0.338728 0.053472 0.4771576 0.3429226
006 2 36 17 0 0.408893 0.053742 0 0.7478 0 0 -0.338907 0.053742 0.4812622 0.3431416
006 2 36 17 0 0.408714 0.054006 0 0.7478 0 0 -0.339086 0.054006 0.4854431 0.3433598
006 2 36 17 0 0.408533 0.054265 0 0.7478 0 0 -0.339267 0.054265 0.489624 0.3435794
006 2 36 17 0 0.408352 0.054518 0 0.7478 0 0 -0.339448 0.054518 0.4941864 0.3437981
006 2 36 17 0 0.40817 0.054766 0 0.7478 0 0 -0.33963 0.054766 0.4983673 0.3440172
006 2 36 17 0 0.407987 0.055008 0 0.7478 0 0 -0.339813 0.055008 0.5024719 0.3442365
006 2 36 17 0 0.407803 0.055245 0 0.7478 0 0 -0.339997 0.055245 0.5067749 0.344456
006 2 36 17 0 0.407618 0.055476 0 0.7478 0 0 -0.340182 0.055476 0.5114441 0.3446757
006 2 36 17 0 0.407433 0.055702 0 0.7478 0 0 -0.340367 0.055702 0.515625 0.3448948
006 2 36 17 0 0.407247 0.055922 0 0.7478 0 0 -0.340553 0.055922 0.5198669 0.3451139
006 2 36 17 0 0.40706 0.056137 0 0.7478 0 0 -0.34074 0.056137 0.5240936 0.3453333
006 2 36 17 0 0.406873 0.056346 0 0.7478 0 0 -0.340927 0.056346 0.5286713 0.3455518
006 2 36 17 0 0.406685 0.056549 0 0.7478 0 0 -0.341115 0.056549 0.5328064 0.3457705
006 2 36 17 0 0.406496 0.056747 0 0.7478 0 0 -0.341304 0.056747 0.5369873 0.3459893
006 2 36 17 0 0.406306 0.056939 0 0.7478 0 0 -0.341494 0.056939 0.5413208 0.3462083
006 2 36 17 0 0.406116 0.057125 0 0.7478 0 0 -0.341684 0.057125 0.5456696 0.3464263
006 2 36 17 0 0.405926 0.057306 0 0.7478 0 0 -0.341874 0.057306 0.5499725 0.3466436
006 2 36 17 0 0.405734 0.057481 0 0.7478 0 0 -0.342066 0.057481 0.5541382 0.3468619
006 2 36 17 0 0.405542 0.05765 0 0.7478 0 0 -0.342258 0.05765 0.5583801 0.3470793
006 2 36 17 0 0.40535 0.057813 0 0.7478 0 0 -0.34245 0.057813 0.5626373 0.3472958
006 2 36 17 0 0.405157 0.057971 0 0.7478 0 0 -0.342643 0.057971 0.5668335 0.3475124
006 2 36 17 0 0.404964 0.058123 0 0.7478 0 0 -0.342836 0.058123 0.571106 0.347728
006 2 36 17 0 0.40477 0.058269 0 0.7478 0 0 -0.34303 0.058269 0.5756531 0.3479437
006 2 36 17 0 0.404575 0.058409 0 0.7478 0 0 -0.343225 0.058409 0.5799713 0.3481594
006 2 36 17 0 0.40438 0.058543 0 0.7478 0 0 -0.34342 0.058543 0.584198 0.3483742
006 2 36 17 0 0.404185 0.058672 0 0.7478 0 0 -0.343615 0.058672 0.5885315 0.3485881
006 2 36 17 0 0.403989 0.058794 0 0.7478 0 0 -0.343811 0.058794 0.5930481 0.3488018
006 2 36 17 0 0.403793 0.058911 0 0.7478 0 0 -0.344007 0.058911 0.5974884 0.3490148
006 2 36 17 0 0.403596 0.059022 0 0.7478 0 0 -0.344204 0.059022 0.6016998 0.3492277
006 2 36 17 0 0.403399 0.059127 0 0.7478 0 0 -0.344401 0.059127 0.605896 0.3494396
006 2 36 17 0 0.403202 0.059226 0 0.7478 0 0 -0.344598 0.059226 0.6103668 0.3496505
006 2 36 17 0 0.403005 0.059319 0 0.7478 0 0 -0.344795 0.059319 0.6145477 0.3498604
006 2 36 17 0 0.402807 0.059406 0 0.7478 0 0 -0.344993 0.059406 0.6188202 0.3500703
006 2 36 17 0 0.402608 0.059488 0 0.7478 0 0 -0.345192 0.059488 0.6232147 0.3502803
006 2 36 17 0 0.40241 0.059563 0 0.7478 0 0 -0.34539 0.059563 0.6281128 0.3504882
006 2 36 17 0 0.402211 0.059632 0 0.7478 0 0 -0.345589 0.059632 0.6324005 0.3506961
006 2 36 17 0 0.402013 0.059695 0 0.7478 0 0 -0.345787 0.059695 0.6365967 0.3509019
006 2 36 17 0 0.401813 0.059753 0 0.7478 0 0 -0.345987 0.059753 0.6409302 0.3511088
006 2 36 17 0 0.401614 0.059804 0 0.7478 0 0 -0.346186 0.059804 0.6453552 0.3513136
006 2 36 17 0 0.401415 0.05985 0 0.7478 0 0 -0.346385 0.05985 0.6496582 0.3515175
006 2 36 17 0 0.401215 0.059889 0 0.7478 0 0 -0.346585 0.059889 0.6537628 0.3517213
006 2 36 17 0 0.401015 0.059923 0 0.7478 0 0 -0.346785 0.059923 0.6580505 0.3519241
006 2 36 17 0 0.400816 0.05995 0 0.7478 0 0 -0.346984 0.05995 0.6622772 0.3521248
006 2 36 17 0 0.400616 0.059972 0 0.7478 0 0 -0.347184 0.059972 0.6664734 0.3523256
006 2 36 17 0 0.400416 0.059987 0 0.7478 0 0 -0.347384 0.059987 0.6706848 0.3525253
006 2 36 17 0 0.400216 0.059997 0 0.7478 0 0 -0.347584 0.059997 0.6750031 0.3527241
006 2 36 17 0 0.400016 0.06 0 0.7478 0 0 -0.347784 0.06 0.679245 0.3529217
006 2 36 17 0 0.399816 0.059997 0 0.7478 0 0 -0.347984 0.059997 0.6833344 0.3531182
006 2 36 17 0 0.399616 0.059989 0 0.7478 0 0 -0.348184 0.059989 0.6876068 0.353314
006 2 36 17 0 0.399416 0.059974 0 0.7478 0 0 -0.348384 0.059974 0.6918335 0.3535085
006 2 36 17 0 0.399216 0.059954 0 0.7478 0 0 -0.348584 0.059954 0.696167 0.3537023
006 2 36 17 0 0.399016 0.059927 0 0.7478 0 0 -0.348784 0.059927 0.7002563 0.3538948
006 2 36 17 0 0.398817 0.059895 0 0.7478 0 0 -0.348983 0.059895 0.7050476 0.3540855
006 2 36 17 0 0.398617 0.059856 0 0.7478 0 0 -0.349183 0.059856 0.7100067 0.354276
006 2 36 17 0 0.398418 0.059812 0 0.7478 0 0 -0.349382 0.059812 0.7142181 0.3544647
006 2 36 17 0 0.398218 0.059761 0 0.7478 0 0 -0.349582 0.059761 0.7183533 0.3546533
006 2 36 17 0 0.398019 0.059705 0 0.7478 0 0 -0.349781 0.059705 0.72258 0.35484
006 2 36 17 0 0.39782 0.059643 0 0.7478 0 0 -0.34998 0.059643 0.7268524 0.3550258
006 2 36 17 0 0.397622 0.059574 0 0.7478 0 0 -0.350178 0.059574 0.7311096 0.3552094
006 2 36 17 0 0.397423 0.0595 0 0.7478 0 0 -0.350377 0.0595 0.73526 0.3553931
006 2 36 17 0 0.397225 0.05942 0 0.7478 0 0 -0.350575 0.05942 0.7393494 0.355575
006 2 36 17 0 0.397027 0.059333 0 0.7478 0 0 -0.350773 0.059333 0.7437286 0.3557557
006 2 36 17 0 0.396829 0.059241 0 0.7478 0 0 -0.350971 0.059241 0.7480621 0.3559356
006 2 36 17 0 0.396632 0.059143 0 0.7478 0 0 -0.351168 0.059143 0.7524872 0.3561135
006 2 36 17 0 0.396435 0.059039 0 0.7478 0 0 -0.351365 0.059039 0.757309 0.3562905
006 2 36 17 0 0.396238 0.058929 0 0.7478 0 0 -0.351562 0.058929 0.761673 0.3564666
006 2 36 17 0 0.396042 0.058813 0 0.7478 0 0 -0.351758 0.058813 0.7658386 0.3566408
006 2 36 17 0 0.395846 0.058692 0 0.7478 0 0 -0.351954 0.058692 0.770401 0.3568142
006 2 36 17 0 0.395651 0.058564 0 0.7478 0 0 -0.352149 0.058564 0.7747498 0.3569855
006 2 36 17 0 0.395456 0.058431 0 0.7478 0 0 -0.352344 0.058431 0.7789764 0.3571561
006 2 36 17 0 0.395261 0.058292 0 0.7478 0 0 -0.352539 0.058292 0.7830811 0.3573257
006 2 36 17 0 0.395067 0.058147 0 0.7478 0 0 -0.352733 0.058147 0.787384 0.3574935
006 2 36 17 0 0.394874 0.057996 0 0.7478 0 0 -0.352926 0.057996 0.7916107 0.3576595
006 2 36 17 0 0.394681 0.057839 0 0.7478 0 0 -0.353119 0.057839 0.7957916 0.3578245
006 2 36 17 0 0.394488 0.057677 0 0.7478 0 0 -0.353312 0.057677 0.7999268 0.3579888
006 2 36 17 0 0.394296 0.057508 0 0.7478 0 0 -0.353504 0.057508 0.8041229 0.3581511
006 2 36 17 0 0.394105 0.057334 0 0.7478 0 0 -0.353695 0.057334 0.8088837 0.3583118
006 2 36 17 0 0.393914 0.057155 0 0.7478 0 0 -0.353886 0.057155 0.8130798 0.3584717
006 2 36 17 0 0.393724 0.056969 0 0.7478 0 0 -0.354076 0.056969 0.8173828 0.3586297
006 2 36 17 0 0.393534 0.056778 0 0.7478 0 0 -0.354266 0.056778 0.8215027 0.358787
006 2 36 17 0 0.393345 0.056581 0 0.7478 0 0 -0.354455 0.056581 0.8257904 0.3589425
006 2 36 17 0 0.393157 0.056379 0 0.7478 0 0 -0.354643 0.056379 0.8303986 0.3590964
006 2 36 17 0 0.392969 0.056171 0 0.7478 0 0 -0.354831 0.056171 0.834549 0.3592495
006 2 36 17 0 0.392783 0.055957 0 0.7478 0 0 -0.355017 0.055957 0.8386993 0.3593998
006 2 36 17 0 0.392596 0.055738 0 0.7478 0 0 -0.355204 0.055738 0.8428955 0.3595506
006 2 36 17 0 0.392411 0.055513 0 0.7478 0 0 -0.355389 0.055513 0.8472443 0.3596985
006 2 36 17 0 0.392226 0.055282 0 0.7478 0 0 -0.355574 0.055282 0.8513336 0.3598458
006 2 36 17 0 0.392042 0.055046 0 0.7478 0 0 -0.355758 0.055046 0.8553772 0.3599914
006 2 36 17 0 0.391859 0.054805 0 0.7478 0 0 -0.355941 0.054805 0.8596344 0.3601355
006 2 36 17 0 0.391677 0.054558 0 0.7478 0 0 -0.356123 0.054558 0.8637238 0.3602779
006 2 36 17 0 0.391496 0.054305 0 0.7478 0 0 -0.356304 0.054305 0.8680115 0.3604186
006 2 36 17 0 0.391315 0.054048 0 0.7478 0 0 -0.356485 0.054048 0.8721619 0.3605589
006 2 36 17 0 0.391135 0.053784 0 0.7478 0 0 -0.356665 0.053784 0.8764648 0.3606974
006 2 36 17 0 0.390956 0.053516 0 0.7478 0 0 -0.356844 0.053516 0.880661 0.3608346
006 2 36 17 0 0.390779 0.053242 0 0.7478 0 0 -0.357021 0.053242 0.8847656 0.3609691
006 2 36 17 0 0.390602 0.052962 0 0.7478 0 0 -0.357198 0.052962 0.8890686 0.361103
006 2 36 17 0 0.390425 0.052678 0 0.7478 0 0 -0.357375 0.052678 0.8933258 0.3612366
006 2 36 17 0 0.39025 0.052388 0 0.7478 0 0 -0.35755 0.052388 0.8976135 0.3613676
006 2 36 17 0 0.390076 0.052093 0 0.7478 0 0 -0.357724 0.052093 0.9018555 0.3614971
006 2 36 17 0 0.389903 0.051793 0 0.7478 0 0 -0.357897 0.051793 0.9060974 0.3616252
006 2 36 17 0 0.389731 0.051487 0 0.7478 0 0 -0.358069 0.051487 0.9108887 0.3617517
006 2 36 17 0 0.38956 0.051176 0 0.7478 0 0 -0.35824 0.051176 0.9150238 0.3618768
006 2 36 17 0 0.38939 0.050861 0 0.7478 0 0 -0.35841 0.050861 0.9191437 0.3620008
006 2 36 17 0 0.389221 0.05054 0 0.7478 0 0 -0.358579 0.05054 0.9232941 0.3621232
006 2 36 17 0 0.389053 0.050214 0 0.7478 0 0 -0.358747 0.050214 0.9277954 0.3622442
006 2 36 17 0 0.388886 0.049883 0 0.7478 0 0 -0.358914 0.049883 0.9319458 0.3623638
006 2 36 17 0 0.38872 0.049547 0 0.7478 0 0 -0.35908 0.049547 0.9360504 0.3624822
006 2 36 17 0 0.388556 0.049206 0 0.7478 0 0 -0.359244 0.049206 0.9402924 0.3625982
006 2 36 17 0 0.388392 0.04886 0 0.7478 0 0 -0.359408 0.04886 0.9446106 0.3627139
006 2 36 17 0 0.38823 0.04851 0 0.7478 0 0 -0.35957 0.04851 0.9489136 0.3628275
006 2 36 17 0 0.388069 0.048154 0 0.7478 0 0 -0.359731 0.048154 0.9530334 0.3629397
006 2 36 17 0 0.387909 0.047794 0 0.7478 0 0 -0.359891 0.047794 0.9574432 0.3630507
006 2 36 17 0 0.38775 0.047429 0 0.7478 0 0 -0.36005 0.047429 0.9618225 0.3631605
006 2 36 17 0 0.387593 0.047059 0 0.7478 0 0 -0.360207 0.047059 0.9660187 0.363268
006 2 36 17 0 0.387437 0.046684 0 0.7478 0 0 -0.360363 0.046684 0.9703217 0.3633743
006 2 36 17 0 0.387282 0.046305 0 0.7478 0 0 -0.360518 0.046305 0.9745178 0.3634795
006 2 36 17 0 0.387128 0.045921 0 0.7478 0 0 -0.360672 0.045921 0.9787292 0.3635836
006 2 36 17 0 0.386975 0.045533 0 0.7478 0 0 -0.360825 0.045533 0.9828339 0.3636866
006 2 36 17 0 0.386824 0.04514 0 0.7478 0 0 -0.360976 0.04514 0.9871368 0.3637874
006 2 36 17 0 0.386674 0.044742 0 0.7478 0 0 -0.361126 0.044742 0.9915161 0.3638871
006 2 36 17 0 0.386526 0.04434 0 0.7478 0 0 -0.361274 0.04434 0.9957581 0.3639848
006 2 36 17 0 0.386379 0.043934 0 0.7478 0 0 -0.361421 0.043934 0.9998932 0.3640815
006 2 36 17 0 0.386233 0.043523 0 0.7478 0 0 -0.361567 0.043523 1.003952 0.3641771
006 2 36 17 0 0.386089 0.043108 0 0.7478 0 0 -0.361711 0.043108 1.00827 0.3642707
006 2 36 17 0 0.385946 0.042688 0 0.7478 0 0 -0.361854 0.042688 1.01239 0.3643633
006 2 36 17 0 0.385804 0.042265 0 0.7478 0 0 -0.361996 0.042265 1.016632 0.364455
006 2 36 17 0 0.385664 0.041837 0 0.7478 0 0 -0.362136 0.041837 1.020782 0.3645447
006 2 36 17 0 0.385525 0.041404 0 0.7478 0 0 -0.362275 0.041404 1.024994 0.3646333
006 2 36 17 0 0.385388 0.040968 0 0.7478 0 0 -0.362412 0.040968 1.029282 0.3647202
006 2 36 17 0 0.385252 0.040528 0 0.7478 0 0 -0.362548 0.040528 1.033371 0.3648062
006 2 36 17 0 0.385118 0.040083 0 0.7478 0 0 -0.362682 0.040083 1.037491 0.3648902
006 2 36 17 0 0.384985 0.039635 0 0.7478 0 0 -0.362815 0.039635 1.041794 0.3649735
006 2 36 17 0 0.384854 0.039182 0 0.7478 0 0 -0.362946 0.039182 1.04599 0.3650548
006 2 36 17 0 0.384724 0.038726 0 0.7478 0 0 -0.363076 0.038726 1.050293 0.3651354
006 2 36 17 0 0.384595 0.038266 0 0.7478 0 0 -0.363205 0.038266 1.054428 0.3652152
006 2 36 17 0 0.384469 0.037802 0 0.7478 0 0 -0.363331 0.037802 1.058777 0.3652922
006 2 36 17 0 0.384343 0.037334 0 0.7478 0 0 -0.363457 0.037334 1.06311 0.3653694
006 2 36 17 0 0.38422 0.036862 0 0.7478 0 0 -0.36358 0.036862 1.067535 0.3654439
006 2 36 17 0 0.384098 0.036387 0 0.7478 0 0 -0.363702 0.036387 1.071762 0.3655176
006 2 36 17 0 0.383977 0.035908 0 0.7478 0 0 -0.363823 0.035908 1.076004 0.3655907
006 2 36 17 0 0.383858 0.035426 0 0.7478 0 0 -0.363942 0.035426 1.08017 0.3656621
006 2 36 17 0 0.383741 0.03494 0 0.7478 0 0 -0.364059 0.03494 1.084244 0.3657318
006 2 36 17 0 0.383625 0.03445 0 0.7478 0 0 -0.364175 0.03445 1.088516 0.3658008
006 2 36 17 0 0.383511 0.033957 0 0.7478 0 0 -0.364289 0.033957 1.092789 0.3658682
006 2 36 17 0 0.383399 0.033461 0 0.7478 0 0 -0.364401 0.033461 1.096985 0.365934
006 2 36 17 0 0.383288 0.032961 0 0.7478 0 0 -0.364512 0.032961 1.101334 0.3659992
006 2 36 17 0 0.383179 0.032458 0 0.7478 0 0 -0.364621 0.032458 1.105484 0.3660628
006 2 36 17 0 0.383072 0.031952 0 0.7478 0 0 -0.364728 0.031952 1.110214 0.3661249
006 2 36 17 0 0.382966 0.031443 0 0.7478 0 0 -0.364834 0.031443 1.11438 0.3661864
006 2 36 17 0 0.382862 0.03093 0 0.7478 0 0 -0.364938 0.03093 1.11853 0.3662464
006 2 36 17 0 0.38276 0.030414 0 0.7478 0 0 -0.36504 0.030414 1.122696 0.3663048
006 2 36 17 0 0.382659 0.029896 0 0.7478 0 0 -0.365141 0.029896 1.127609 0.3663628
006 2 36 17 0 0.382561 0.029374 0 0.7478 0 0 -0.365239 0.029374 1.132599 0.3664183
006 2 36 17 0 0.382464 0.028849 0 0.7478 0 0 -0.365336 0.028849 1.136948 0.3664733
006 2 36 17 0 0.382368 0.028322 0 0.7478 0 0 -0.365432 0.028322 1.141174 0.3665279
006 2 36 17 0 0.382275 0.027791 0 0.7478 0 0 -0.365525 0.027791 1.145432 0.3665799
006 2 36 17 0 0.382183 0.027258 0 0.7478 0 0 -0.365617 0.027258 1.149826 0.3666317
006 2 36 17 0 0.382093 0.026722 0 0.7478 0 0 -0.365707 0.026722 1.153961 0.366682
006 2 36 17 0 0.382005 0.026184 0 0.7478 0 0 -0.365795 0.026184 1.158356 0.3667309
006 2 36 17 0 0.381919 0.025643 0 0.7478 0 0 -0.365881 0.025643 1.162582 0.3667785
006 2 36 17 0 0.381834 0.025099 0 0.7478 0 0 -0.365966 0.025099 1.166779 0.3668257
006 2 36 17 0 0.381751 0.024553 0 0.7478 0 0 -0.366049 0.024553 1.171097 0.3668715
006 2 36 17 0 0.38167 0.024004 0 0.7478 0 0 -0.36613 0.024004 1.175522 0.366916
006 2 36 17 0 0.381591 0.023453 0 0.7478 0 0 -0.366209 0.023453 1.179718 0.3669592
006 2 36 17 0 0.381514 0.0229 0 0.7478 0 0 -0.366286 0.0229 1.183807 0.3670011
006 2 36 17 0 0.381439 0.022344 0 0.7478 0 0 -0.366361 0.022344 1.188263 0.3670417
006 2 36 17 0 0.381365 0.021786 0 0.7478 0 0 -0.366435 0.021786 1.19249 0.3670821
006 2 36 17 0 0.381293 0.021226 0 0.7478 0 0 -0.366507 0.021226 1.196823 0.3671211
006 2 36 17 0 0.381223 0.020664 0 0.7478 0 0 -0.366577 0.020664 1.200912 0.3671589
006 2 36 17 0 0.381156 0.020099 0 0.7478 0 0 -0.366644 0.020099 1.205109 0.3671945
006 2 36 17 0 0.381089 0.019533 0 0.7478 0 0 -0.366711 0.019533 1.209595 0.3672308
006 2 36 17 0 0.381025 0.018965 0 0.7478 0 0 -0.366775 0.018965 1.213867 0.367265
006 2 36 17 0 0.380963 0.018394 0 0.7478 0 0 -0.366837 0.018394 1.218048 0.3672979
006 2 36 17 0 0.380903 0.017822 0 0.7478 0 0 -0.366897 0.017822 1.222275 0.3673296
006 2 36 17 0 0.380844 0.017249 0 0.7478 0 0 -0.366956 0.017249 1.226608 0.3673612
006 2 36 17 0 0.380788 0.016673 0 0.7478 0 0 -0.367012 0.016673 1.231018 0.3673905
006 2 36 17 0 0.380733 0.016096 0 0.7478 0 0 -0.367067 0.016096 1.235092 0.3674197
006 2 36 17 0 0.38068 0.015517 0 0.7478 0 0 -0.36712 0.015517 1.239243 0.3674478
006 2 36 17 0 0.38063 0.014937 0 0.7478 0 0 -0.36717 0.014937 1.243515 0.3674737
006 2 36 17 0 0.380581 0.014355 0 0.7478 0 0 -0.367219 0.014355 1.247818 0.3674994
006 2 36 17 0 0.380534 0.013772 0 0.7478 0 0 -0.367266 0.013772 1.251892 0.3675241
006 2 36 17 0 0.380489 0.013187 0 0.7478 0 0 -0.367311 0.013187 1.256012 0.3675477
006 2 36 17 0 0.380446 0.012601 0 0.7478 0 0 -0.367354 0.012601 1.260345 0.36757
006 2 36 17 0 0.380405 0.012014 0 0.7478 0 0 -0.367395 0.012014 1.264526 0.3675914
006 2 36 17 0 0.380366 0.011425 0 0.7478 0 0 -0.367434 0.011425 1.268936 0.3676116
006 2 36 17 0 0.380329 0.010836 0 0.7478 0 0 -0.367471 0.010836 1.273056 0.3676307
006 2 36 17 0 0.380294 0.010245 0 0.7478 0 0 -0.367506 0.010245 1.277481 0.3676488
006 2 36 17 0 0.380261 0.009653 0 0.7478 0 0 -0.367539 0.009653 1.281677 0.3676657
006 2 36 17 0 0.380229 0.009061 0 0.7478 0 0 -0.367571 0.009061 1.285858 0.3676826
006 2 36 17 0 0.3802 0.008467 0 0.7478 0 0 -0.3676 0.008467 1.290115 0.3676975
006 2 36 17 0 0.380173 0.007873 0 0.7478 0 0 -0.367627 0.007873 1.294388 0.3677113
006 2 36 17 0 0.380148 0.007278 0 0.7478 0 0 -0.367652 0.007278 1.298492 0.367724
006 2 36 17 0 0.380124 0.006682 0 0.7478 0 0 -0.367676 0.006682 1.302612 0.3677367
006 2 36 17 0 0.380103 0.006085 0 0.7478 0 0 -0.367697 0.006085 1.306732 0.3677473
006 2 36 17 0 0.380084 0.005488 0 0.7478 0 0 -0.367716 0.005488 1.31134 0.3677569
006 2 36 17 0 0.380067 0.00489 0 0.7478 0 0 -0.367733 0.00489 1.315491 0.3677655
006 2 36 17 0 0.380051 0.004292 0 0.7478 0 0 -0.367749 0.004292 1.319687 0.367774
006 2 36 17 0 0.380038 0.003693 0 0.7478 0 0 -0.367762 0.003693 1.323792 0.3677805
006 2 36 17 0 0.380027 0.003094 0 0.7478 0 0 -0.367773 0.003094 1.328491 0.367786
006 2 36 17 0 0.380017 0.002495 0 0.7478 0 0 -0.367783 0.002495 1.332718 0.3677914
006 2 36 17 0 0.38001 0.001895 0 0.7478 0 0 -0.36779 0.001895 1.336853 0.3677949
006 2 36 17 0 0.380005 0.001295 0 0.7478 0 0 -0.367795 0.001295 1.341187 0.3677973
006 2 36 17 0 0.380001 0.000696 0 0.7478 0 0 -0.367799 0.000696 1.345383 0.3677996
006 2 36 17 0 0.38 9.6E-05 0 0.7478 0 0 -0.3678 9.6E-05 1.34967 0.3678
006 2 36 17 0 0.380001 -0.000504 0 0.7478 0 0 -0.367799 -0.000504 1.354172 0.3677993
006 2 36 17 0 0.380003 -0.001104 0 0.7478 0 0 -0.367797 -0.001104 1.358353 0.3677987
006 2 36 17 0 0.380008 -0.001704 0 0.7478 0 0 -0.367792 -0.001704 1.362579 0.3677959
006 2 36 17 0 0.380015 -0.002304 0 0.7478 0 0 -0.367785 -0.002304 1.366821 0.3677922
006 2 36 17 0 0.380023 -0.002903 0 0.7478 0 0 -0.367777 -0.002903 1.371124 0.3677885
006 2 36 17 0 0.380034 -0.003502 0 0.7478 0 0 -0.367766 -0.003502 1.375504 0.3677827
006 2 36 17 0 0.380047 -0.004101 0 0.7478 0 0 -0.367753 -0.004101 1.3797 0.3677759
006 2 36 17 0 0.380061 -0.0047 0 0.7478 0 0 -0.367739 -0.0047 1.383804 0.367769
006 2 36 17 0 0.380078 -0.005298 0 0.7478 0 0 -0.367722 -0.005298 1.388153 0.3677601
006 2 36 17 0 0.380097 -0.005895 0 0.7478 0 0 -0.367703 -0.005895 1.392395 0.3677503
006 2 36 17 0 0.380117 -0.006492 0 0.7478 0 0 -0.367683 -0.006492 1.396576 0.3677403
006 2 36 17 0 0.38014 -0.007088 0 0.7478 0 0 -0.36766 -0.007088 1.400925 0.3677283
006 2 36 17 0 0.380165 -0.007683 0 0.7478 0 0 -0.367635 -0.007683 1.40538 0.3677152
006 2 36 17 0 0.380191 -0.008278 0 0.7478 0 0 -0.367609 -0.008278 1.409821 0.3677022
006 2 36 17 0 0.38022 -0.008872 0 0.7478 0 0 -0.36758 -0.008872 1.41391 0.367687
006 2 36 17 0 0.38025 -0.009465 0 0.7478 0 0 -0.36755 -0.009465 1.418167 0.3676718
006 2 36 17 0 0.380283 -0.010057 0 0.7478 0 0 -0.367517 -0.010057 1.422379 0.3676546
006 2 36 17 0 0.380317 -0.010648 0 0.7478 0 0 -0.367483 -0.010648 1.42662 0.3676372
006 2 36 17 0 0.380354 -0.011238 0 0.7478 0 0 -0.367446 -0.011238 1.430954 0.3676178
006 2 36 17 0 0.380392 -0.011826 0 0.7478 0 0 -0.367408 -0.011826 1.435196 0.3675983
006 2 36 17 0 0.380433 -0.012414 0 0.7478 0 0 -0.367367 -0.012414 1.439316 0.3675767
006 2 36 17 0 0.380475 -0.013001 0 0.7478 0 0 -0.367325 -0.013001 1.443649 0.367555
006 2 36 17 0 0.380519 -0.013586 0 0.7478 0 0 -0.367281 -0.013586 1.448029 0.3675322
006 2 36 17 0 0.380566 -0.014169 0 0.7478 0 0 -0.367234 -0.014169 1.452209 0.3675072
006 2 36 17 0 0.380614 -0.014752 0 0.7478 0 0 -0.367186 -0.014752 1.456558 0.3674822
006 2 36 17 0 0.380664 -0.015332 0 0.7478 0 0 -0.367136 -0.015332 1.460968 0.367456
006 2 36 17 0 0.380716 -0.015912 0 0.7478 0 0 -0.367084 -0.015912 1.465332 0.3674287
006 2 36 17 0 0.38077 -0.016489 0 0.7478 0 0 -0.36703 -0.016489 1.469635 0.3674002
006 2 36 17 0 0.380826 -0.017066 0 0.7478 0 0 -0.366974 -0.017066 1.473831 0.3673706
006 2 36 17 0 0.380884 -0.01764 0 0.7478 0 0 -0.366916 -0.01764 1.478287 0.3673398
006 2 36 17 0 0.380944 -0.018212 0 0.7478 0 0 -0.366856 -0.018212 1.482407 0.3673078
006 2 36 17 0 0.381005 -0.018783 0 0.7478 0 0 -0.366795 -0.018783 1.486679 0.3672756
006 2 36 17 0 0.381069 -0.019352 0 0.7478 0 0 -0.366731 -0.019352 1.49144 0.3672412
006 2 36 17 0 0.381134 -0.019919 0 0.7478 0 0 -0.366666 -0.019919 1.495728 0.3672066
006 2 36 17 0 0.381202 -0.020484 0 0.7478 0 0 -0.366598 -0.020484 1.499939 0.3671698
006 2 36 17 0 0.381271 -0.021047 0 0.7478 0 0 -0.366529 -0.021047 1.50415 0.3671328
006 2 36 17 0 0.381342 -0.021608 0 0.7478 0 0 -0.366458 -0.021608 1.50853 0.3670945
006 2 36 17 0 0.381415 -0.022166 0 0.7478 0 0 -0.366385 -0.022166 1.512756 0.3670549
006 2 36 17 0 0.38149 -0.022723 0 0.7478 0 0 -0.36631 -0.022723 1.517044 0.3670141
006 2 36 17 0 0.381566 -0.023277 0 0.7478 0 0 -0.366234 -0.023277 1.52121 0.366973
006 2 36 17 0 0.381645 -0.023829 0 0.7478 0 0 -0.366155 -0.023829 1.525391 0.3669296
006 2 36 17 0 0.381725 -0.024378 0 0.7478 0 0 -0.366075 -0.024378 1.529724 0.3668858
006 2 36 17 0 0.381807 -0.024925 0 0.7478 0 0 -0.365993 -0.024925 1.533813 0.3668407
006 2 36 17 0 0.381891 -0.02547 0 0.7478 0 0 -0.365909 -0.02547 1.53804 0.3667943
006 2 36 17 0 0.381977 -0.026012 0 0.7478 0 0 -0.365823 -0.026012 1.542343 0.3667466
006 2 36 17 0 0.382065 -0.026551 0 0.7478 0 0 -0.365735 -0.026551 1.552704 0.3666975
006 2 36 17 0 0.382154 -0.027088 0 0.7478 0 0 -0.365646 -0.027088 1.558029 0.366648
006 2 36 17 0 0.382245 -0.027622 0 0.7478 0 0 -0.365555 -0.027622 1.562637 0.3665971
006 2 36 17 0 0.382338 -0.028153 0 0.7478 0 0 -0.365462 -0.028153 1.566833 0.3665448
006 2 36 17 0 0.382433 -0.028682 0 0.7478 0 0 -0.365367 -0.028682 1.571167 0.366491
006 2 36 17 0 0.38253 -0.029207 0 0.7478 0 0 -0.36527 -0.029207 1.5755 0.3664358
006 2 36 17 0 0.382628 -0.02973 0 0.7478 0 0 -0.365172 -0.02973 1.579681 0.3663802
006 2 36 17 0 0.382728 -0.03025 0 0.7478 0 0 -0.365072 -0.03025 1.583847 0.3663231
006 2 36 17 0 0.382829 -0.030766 0 0.7478 0 0 -0.364971 -0.030766 1.588196 0.3662654
006 2 36 17 0 0.382933 -0.03128 0 0.7478 0 0 -0.364867 -0.03128 1.592346 0.3662053
006 2 36 17 0 0.383038 -0.03179 0 0.7478 0 0 -0.364762 -0.03179 1.596573 0.3661447
006 2 36 17 0 0.383145 -0.032297 0 0.7478 0 0 -0.364655 -0.032297 1.600662 0.3660824
006 2 36 17 0 0.383253 -0.032801 0 0.7478 0 0 -0.364547 -0.032801 1.604721 0.3660197
006 2 36 17 0 0.383363 -0.033302 0 0.7478 0 0 -0.364437 -0.033302 1.609253 0.3659554
006 2 36 17 0 0.383475 -0.0338 0 0.7478 0 0 -0.364325 -0.0338 1.613617 0.3658895
006 2 36 17 0 0.383589 -0.034294 0 0.7478 0 0 -0.364211 -0.034294 1.61853 0.365822
006 2 36 17 0 0.383704 -0.034784 0 0.7478 0 0 -0.364096 -0.034784 1.622894 0.3657538
006 2 36 17 0 0.383821 -0.035271 0 0.7478 0 0 -0.363979 -0.035271 1.628525 0.3656839
006 2 36 17 0 0.383939 -0.035755 0 0.7478 0 0 -0.363861 -0.035755 1.633453 0.3656135
006 2 36 17 0 0.384059 -0.036235 0 0.7478 0 0 -0.363741 -0.036235 1.637604 0.3655413
006 2 36 17 0 0.384181 -0.036711 0 0.7478 0 0 -0.363619 -0.036711 1.641937 0.3654675
006 2 36 17 0 0.384304 -0.037184 0 0.7478 0 0 -0.363496 -0.037184 1.646179 0.3653929
006 2 36 17 0 0.384429 -0.037653 0 0.7478 0 0 -0.363371 -0.037653 1.650528 0.3653166
006 2 36 17 0 0.384555 -0.038118 0 0.7478 0 0 -0.363245 -0.038118 1.654663 0.3652395
006 2 36 17 0 0.384683 -0.03858 0 0.7478 0 0 -0.363117 -0.03858 1.659134 0.3651607
006 2 36 17 0 0.384812 -0.039038 0 0.7478 0 0 -0.362988 -0.039038 1.663422 0.3650812
006 2 36 17 0 0.384943 -0.039491 0 0.7478 0 0 -0.362857 -0.039491 1.667801 0.3649996
006 2 36 17 0 0.385075 -0.039941 0 0.7478 0 0 -0.362725 -0.039941 1.672028 0.3649174
006 2 36 17 0 0.385209 -0.040387 0 0.7478 0 0 -0.362591 -0.040387 1.676529 0.3648333
006 2 36 17 0 0.385345 -0.040828 0 0.7478 0 0 -0.362455 -0.040828 1.68071 0.3647472
006 2 36 17 0 0.385481 -0.041266 0 0.7478 0 0 -0.362319 -0.041266 1.68483 0.3646614
006 2 36 17 0 0.38562 -0.041699 0 0.7478 0 0 -0.36218 -0.041699 1.689178 0.3645726
006 2 36 17 0 0.385759 -0.042129 0 0.7478 0 0 -0.362041 -0.042129 1.69368 0.3644839
006 2 36 17 0 0.3859 -0.042554 0 0.7478 0 0 -0.3619 -0.042554 1.697906 0.3643932
006 2 36 17 0 0.386043 -0.042975 0 0.7478 0 0 -0.361757 -0.042975 1.702026 0.3643006
006 2 36 17 0 0.386187 -0.043391 0 0.7478 0 0 -0.361613 -0.043391 1.707413 0.364207
006 2 36 17 0 0.386332 -0.043804 0 0.7478 0 0 -0.361468 -0.043804 1.712067 0.3641125
006 2 36 17 0 0.386479 -0.044211 0 0.7478 0 0 -0.361321 -0.044211 1.716324 0.3640157
006 2 36 17 0 0.386627 -0.044615 0 0.7478 0 0 -0.361173 -0.044615 1.720596 0.3639181
006 2 36 17 0 0.386776 -0.045014 0 0.7478 0 0 -0.361024 -0.045014 1.724945 0.3638195
006 2 36 17 0 0.386927 -0.045408 0 0.7478 0 0 -0.360873 -0.045408 1.729248 0.3637186
006 2 36 17 0 0.387079 -0.045798 0 0.7478 0 0 -0.360721 -0.045798 1.733398 0.3636167
006 2 36 17 0 0.387232 -0.046183 0 0.7478 0 0 -0.360568 -0.046183 1.737518 0.3635136
006 2 36 17 0 0.387387 -0.046564 0 0.7478 0 0 -0.360413 -0.046564 1.741776 0.3634085
006 2 36 17 0 0.387543 -0.04694 0 0.7478 0 0 -0.360257 -0.04694 1.745987 0.3633022
006 2 36 17 0 0.3877 -0.047312 0 0.7478 0 0 -0.3601 -0.047312 1.750336 0.3631947
006 2 36 17 0 0.387858 -0.047678 0 0.7478 0 0 -0.359942 -0.047678 1.75473 0.363086
006 2 36 17 0 0.388018 -0.04804 0 0.7478 0 0 -0.359782 -0.04804 1.759033 0.3629751
006 2 36 17 0 0.388179 -0.048397 0 0.7478 0 0 -0.359621 -0.048397 1.763611 0.3628629
006 2 36 17 0 0.38834 -0.048749 0 0.7478 0 0 -0.35946 -0.048749 1.768555 0.3627505
006 2 36 17 0 0.388504 -0.049097 0 0.7478 0 0 -0.359296 -0.049097 1.772873 0.362635
006 2 36 17 0 0.388668 -0.049439 0 0.7478 0 0 -0.359132 -0.049439 1.777267 0.362519
006 2 36 17 0 0.388833 -0.049777 0 0.7478 0 0 -0.358967 -0.049777 1.781403 0.3624018
006 2 36 17 0 0.389 -0.050109 0 0.7478 0 0 -0.3588 -0.050109 1.785599 0.3622822
006 2 36 17 0 0.389167 -0.050437 0 0.7478 0 0 -0.358633 -0.050437 1.79007 0.3621623
006 2 36 17 0 0.389336 -0.050759 0 0.7478 0 0 -0.358464 -0.050759 1.794556 0.3620399
006 2 36 17 0 0.389506 -0.051076 0 0.7478 0 0 -0.358294 -0.051076 1.79895 0.3619162
006 2 36 17 0 0.389676 -0.051389 0 0.7478 0 0 -0.358124 -0.051389 1.803528 0.3617922
006 2 36 17 0 0.389848 -0.051696 0 0.7478 0 0 -0.357952 -0.051696 1.807922 0.3616658
006 2 36 17 0 0.390021 -0.051998 0 0.7478 0 0 -0.357779 -0.051998 1.812393 0.3615378
006 2 36 17 0 0.390195 -0.052295 0 0.7478 0 0 -0.357605 -0.052295 1.81662 0.3614085
006 2 36 17 0 0.39037 -0.052586 0 0.7478 0 0 -0.35743 -0.052586 1.820908 0.3612776
006 2 36 17 0 0.390545 -0.052872 0 0.7478 0 0 -0.357255 -0.052872 1.82518 0.3611462
006 2 36 17 0 0.390722 -0.053153 0 0.7478 0 0 -0.357078 -0.053153 1.829483 0.3610124
006 2 36 17 0 0.3909 -0.053429 0 0.7478 0 0 -0.3569 -0.053429 1.833542 0.360877
006 2 36 17 0 0.391078 -0.053699 0 0.7478 0 0 -0.356722 -0.053699 1.837631 0.3607411
006 2 36 17 0 0.391258 -0.053964 0 0.7478 0 0 -0.356542 -0.053964 1.841888 0.3606027
006 2 36 17 0 0.391438 -0.054224 0 0.7478 0 0 -0.356362 -0.054224 1.846115 0.3604637
006 2 36 17 0 0.391619 -0.054478 0 0.7478 0 0 -0.356181 -0.054478 1.850464 0.3603231
006 2 36 17 0 0.391801 -0.054727 0 0.7478 0 0 -0.355999 -0.054727 1.854675 0.360181
006 2 36 17 0 0.391984 -0.05497 0 0.7478 0 0 -0.355816 -0.05497 1.859024 0.3600371
006 2 36 17 0 0.392168 -0.055208 0 0.7478 0 0 -0.355632 -0.055208 1.863281 0.3598917
006 2 36 17 0 0.392352 -0.05544 0 0.7478 0 0 -0.355448 -0.05544 1.867554 0.3597455
006 2 36 17 0 0.392537 -0.055667 0 0.7478 0 0 -0.355263 -0.055667 1.87175 0.3595978
006 2 36 17 0 0.392723 -0.055888 0 0.7478 0 0 -0.355077 -0.055888 1.875961 0.3594484
006 2 36 17 0 0.39291 -0.056103 0 0.7478 0 0 -0.35489 -0.056103 1.880219 0.3592972
006 2 36 17 0 0.393097 -0.056313 0 0.7478 0 0 -0.354703 -0.056313 1.884628 0.3591453
006 2 36 17 0 0.393285 -0.056517 0 0.7478 0 0 -0.354515 -0.056517 1.889069 0.3589917
006 2 36 17 0 0.393474 -0.056716 0 0.7478 0 0 -0.354326 -0.056716 1.893311 0.3588364
006 2 36 17 0 0.393663 -0.056909 0 0.7478 0 0 -0.354137 -0.056909 1.897461 0.3586804
006 2 36 17 0 0.393853 -0.057096 0 0.7478 0 0 -0.353947 -0.057096 1.901627 0.3585225
006 2 36 17 0 0.394044 -0.057278 0 0.7478 0 0 -0.353756 -0.057278 1.905762 0.358363
006 2 36 17 0 0.394235 -0.057453 0 0.7478 0 0 -0.353565 -0.057453 1.910416 0.3582025
006 2 36 17 0 0.394427 -0.057624 0 0.7478 0 0 -0.353373 -0.057624 1.914658 0.3580405
006 2 36 17 0 0.394619 -0.057788 0 0.7478 0 0 -0.353181 -0.057788 1.918823 0.3578774
006 2 36 17 0 0.394812 -0.057946 0 0.7478 0 0 -0.352988 -0.057946 1.922897 0.3577125
006 2 36 17 0 0.395006 -0.058099 0 0.7478 0 0 -0.352794 -0.058099 1.927505 0.3575459
006 2 36 17 0 0.3952 -0.058246 0 0.7478 0 0 -0.3526 -0.058246 1.931641 0.3573784
006 2 36 17 0 0.395394 -0.058387 0 0.7478 0 0 -0.352406 -0.058387 1.935959 0.3572101
006 2 36 17 0 0.395589 -0.058522 0 0.7478 0 0 -0.352211 -0.058522 1.940323 0.3570398
006 2 36 17 0 0.395784 -0.058652 0 0.7478 0 0 -0.352016 -0.058652 1.944611 0.3568687
006 2 36 17 0 0.39598 -0.058775 0 0.7478 0 0 -0.35182 -0.058775 1.948898 0.3566957
006 2 36 17 0 0.396176 -0.058893 0 0.7478 0 0 -0.351624 -0.058893 1.953018 0.3565218
006 2 36 17 0 0.396372 -0.059005 0 0.7478 0 0 -0.351428 -0.059005 1.957336 0.356347
006 2 36 17 0 0.396569 -0.059111 0 0.7478 0 0 -0.351231 -0.059111 1.962051 0.3561703
006 2 36 17 0 0.396766 -0.059211 0 0.7478 0 0 -0.351034 -0.059211 1.966263 0.3559927
006 2 36 17 0 0.396964 -0.059305 0 0.7478 0 0 -0.350836 -0.059305 1.970581 0.3558131
006 2 36 17 0 0.397162 -0.059393 0 0.7478 0 0 -0.350638 -0.059393 1.975006 0.3556325
006 2 36 17 0 0.39736 -0.059475 0 0.7478 0 0 -0.35044 -0.059475 1.979187 0.3554511
006 2 36 17 0 0.397558 -0.059551 0 0.7478 0 0 -0.350242 -0.059551 1.983444 0.3552686
006 2 36 17 0 0.397757 -0.059621 0 0.7478 0 0 -0.350043 -0.059621 1.987747 0.3550842
006 2 36 17 0 0.397956 -0.059686 0 0.7478 0 0 -0.349844 -0.059686 1.991898 0.3548989
006 2 36 17 0 0.398155 -0.059744 0 0.7478 0 0 -0.349645 -0.059744 1.996048 0.3547125
006 2 36 17 0 0.398354 -0.059796 0 0.7478 0 0 -0.349446 -0.059796 2.000244 0.3545251
006 2 36 17 0 0.398553 -0.059843 0 0.7478 0 0 -0.349247 -0.059843 2.004425 0.3543369
006 2 36 17 0 0.398753 -0.059883 0 0.7478 0 0 -0.349047 -0.059883 2.008774 0.3541465
006 2 36 17 0 0.398953 -0.059918 0 0.7478 0 0 -0.348847 -0.059918 2.013123 0.3539553
006 2 36 17 0 0.399152 -0.059946 0 0.7478 0 0 -0.348648 -0.059946 2.017273 0.353764
006 2 36 17 0 0.399352 -0.059969 0 0.7478 0 0 -0.348448 -0.059969 2.021423 0.3535708
006 2 36 17 0 0.399552 -0.059985 0 0.7478 0 0 -0.348248 -0.059985 2.02565 0.3533764
006 2 36 17 0 0.399752 -0.059995 0 0.7478 0 0 -0.348048 -0.059995 2.029953 0.353181
006 2 36 17 0 0.399952 -0.06 0 0.7478 0 0 -0.347848 -0.06 2.034164 0.3529847
006 2 36 17 0 0.400152 -0.059998 0 0.7478 0 0 -0.347648 -0.059998 2.038269 0.3527873
006 2 36 17 0 0.400352 -0.059991 0 0.7478 0 0 -0.347448 -0.059991 2.042526 0.352589
006 2 36 17 0 0.400552 -0.059977 0 0.7478 0 0 -0.347248 -0.059977 2.046951 0.3523896
006 2 36 17 0 0.400752 -0.059958 0 0.7478 0 0 -0.347048 -0.059958 2.05127 0.3521892
006 2 36 17 0 0.400952 -0.059932 0 0.7478 0 0 -0.346848 -0.059932 2.055405 0.3519877
006 2 36 17 0 0.401152 -0.0599 0 0.7478 0 0 -0.346648 -0.0599 2.059784 0.3517852
006 2 36 17 0 0.401351 -0.059863 0 0.7478 0 0 -0.346449 -0.059863 2.064056 0.3515828
006 2 36 17 0 0.401551 -0.059819 0 0.7478 0 0 -0.346249 -0.059819 2.068405 0.3513782
006 2 36 17 0 0.40175 -0.05977 0 0.7478 0 0 -0.34605 -0.05977 2.072556 0.3511738
006 2 36 17 0 0.401949 -0.059714 0 0.7478 0 0 -0.345851 -0.059714 2.076935 0.3509682
006 2 36 17 0 0.402148 -0.059653 0 0.7478 0 0 -0.345652 -0.059653 2.08107 0.3507617
006 2 36 17 0 0.402347 -0.059586 0 0.7478 0 0 -0.345453 -0.059586 2.085358 0.3505542
006 2 36 17 0 0.402545 -0.059512 0 0.7478 0 0 -0.345255 -0.059512 2.0896 0.3503465
006 2 36 17 0 0.402744 -0.059433 0 0.7478 0 0 -0.345056 -0.059433 2.094269 0.350137
006 2 36 17 0 0.402942 -0.059348 0 0.7478 0 0 -0.344858 -0.059348 2.098404 0.3499275
006 2 36 17 0 0.403139 -0.059256 0 0.7478 0 0 -0.344661 -0.059256 2.102539 0.3497177
006 2 36 17 0 0.403337 -0.059159 0 0.7478 0 0 -0.344463 -0.059159 2.106689 0.3495061
006 2 36 17 0 0.403534 -0.059056 0 0.7478 0 0 -0.344266 -0.059056 2.111237 0.3492945
006 2 36 17 0 0.40373 -0.058947 0 0.7478 0 0 -0.34407 -0.058947 2.115601 0.3490829
006 2 36 17 0 0.403927 -0.058832 0 0.7478 0 0 -0.343873 -0.058832 2.119736 0.3488694
006 2 36 17 0 0.404122 -0.058712 0 0.7478 0 0 -0.343678 -0.058712 2.124069 0.348657
006 2 36 17 0 0.404318 -0.058585 0 0.7478 0 0 -0.343482 -0.058585 2.129425 0.3484423
006 2 36 17 0 0.404513 -0.058452 0 0.7478 0 0 -0.343287 -0.058452 2.133698 0.3482278
006 2 36 17 0 0.404708 -0.058314 0 0.7478 0 0 -0.343092 -0.058314 2.137939 0.3480124
006 2 36 17 0 0.404902 -0.05817 0 0.7478 0 0 -0.342898 -0.05817 2.142197 0.347797
006 2 36 17 0 0.405095 -0.05802 0 0.7478 0 0 -0.342705 -0.05802 2.146545 0.3475817
006 2 36 17 0 0.405289 -0.057864 0 0.7478 0 0 -0.342511 -0.057864 2.150909 0.3473644
006 2 36 17 0 0.405481 -0.057703 0 0.7478 0 0 -0.342319 -0.057703 2.155228 0.3471483
006 2 36 17 0 0.405673 -0.057535 0 0.7478 0 0 -0.342127 -0.057535 2.159515 0.346931
006 2 36 17 0 0.405865 -0.057362 0 0.7478 0 0 -0.341935 -0.057362 2.163651 0.346713
006 2 36 17 0 0.406056 -0.057184 0 0.7478 0 0 -0.341744 -0.057184 2.167969 0.3464952
006 2 36 17 0 0.406246 -0.056999 0 0.7478 0 0 -0.341554 -0.056999 2.17215 0.3462774
006 2 36 17 0 0.406436 -0.056809 0 0.7478 0 0 -0.341364 -0.056809 2.176544 0.3460587
006 2 36 17 0 0.406625 -0.056613 0 0.7478 0 0 -0.341175 -0.056613 2.180664 0.3458402
006 2 36 17 0 0.406813 -0.056411 0 0.7478 0 0 -0.340987 -0.056411 2.184753 0.3456216
006 2 36 17 0 0.407001 -0.056204 0 0.7478 0 0 -0.340799 -0.056204 2.189056 0.3454024
006 2 36 17 0 0.407188 -0.055991 0 0.7478 0 0 -0.340612 -0.055991 2.193588 0.3451833
006 2 36 17 0 0.407374 -0.055773 0 0.7478 0 0 -0.340426 -0.055773 2.197922 0.3449645
006 2 36 17 0 0.40756 -0.055549 0 0.7478 0 0 -0.34024 -0.055549 2.202057 0.3447448
006 2 36 17 0 0.407744 -0.055319 0 0.7478 0 0 -0.340056 -0.055319 2.206253 0.3445261
006 2 36 17 0 0.407928 -0.055084 0 0.7478 0 0 -0.339872 -0.055084 2.210846 0.3443069
006 2 36 17 0 0.408112 -0.054844 0 0.7478 0 0 -0.339688 -0.054844 2.214966 0.3440869
006 2 36 17 0 0.408294 -0.054598 0 0.7478 0 0 -0.339506 -0.054598 2.219437 0.3438681
006 2 36 17 0 0.408476 -0.054346 0 0.7478 0 0 -0.339324 -0.054346 2.223679 0.3436485
006 2 36 17 0 0.408656 -0.054089 0 0.7478 0 0 -0.339144 -0.054089 2.228333 0.3434302
006 2 36 17 0 0.408836 -0.053827 0 0.7478 0 0 -0.338964 -0.053827 2.232681 0.3432112
006 2 36 17 0 0.409015 -0.053559 0 0.7478 0 0 -0.338785 -0.053559 2.236832 0.3429925
006 2 36 17 0 0.409193 -0.053286 0 0.7478 0 0 -0.338607 -0.053286 2.241043 0.3427741
006 2 36 17 0 0.40937 -0.053007 0 0.7478 0 0 -0.33843 -0.053007 2.245331 0.342556
006 2 36 17 0 0.409547 -0.052724 0 0.7478 0 0 -0.338253 -0.052724 2.249573 0.3423374
006 2 36 17 0 0.409722 -0.052434 0 0.7478 0 0 -0.338078 -0.052434 2.253723 0.3421199
006 2 36 17 0 0.409896 -0.05214 0 0.7478 0 0 -0.337904 -0.05214 2.257965 0.341903
006 2 36 17 0 0.410069 -0.051841 0 0.7478 0 0 -0.337731 -0.051841 2.262238 0.3416865
006 2 36 17 0 0.410242 -0.051536 0 0.7478 0 0 -0.337558 -0.051536 2.266571 0.3414694
006 2 36 17 0 0.410413 -0.051226 0 0.7478 0 0 -0.337387 -0.051226 2.270828 0.3412537
006 2 36 17 0 0.410583 -0.050911 0 0.7478 0 0 -0.337217 -0.050911 2.275238 0.3410384
006 2 36 17 0 0.410752 -0.050591 0 0.7478 0 0 -0.337048 -0.050591 2.279495 0.3408237
006 2 36 17 0 0.41092 -0.050266 0 0.7478 0 0 -0.33688 -0.050266 2.2836 0.3406095
006 2 36 17 0 0.411087 -0.049936 0 0.7478 0 0 -0.336713 -0.049936 2.287994 0.3403957
006 2 36 17 0 0.411253 -0.049601 0 0.7478 0 0 -0.336547 -0.049601 2.292252 0.3401825
006 2 36 17 0 0.411418 -0.049261 0 0.7478 0 0 -0.336382 -0.049261 2.296631 0.3399698
006 2 36 17 0 0.411582 -0.048916 0 0.7478 0 0 -0.336218 -0.048916 2.300797 0.3397577
006 2 36 17 0 0.411744 -0.048566 0 0.7478 0 0 -0.336056 -0.048566 2.305023 0.3395472
006 2 36 17 0 0.411906 -0.048211 0 0.7478 0 0 -0.335894 -0.048211 2.309708 0.3393362
006 2 36 17 0 0.412066 -0.047852 0 0.7478 0 0 -0.335734 -0.047852 2.313828 0.339127
006 2 36 17 0 0.412225 -0.047487 0 0.7478 0 0 -0.335575 -0.047487 2.318024 0.3389183
006 2 36 17 0 0.412382 -0.047118 0 0.7478 0 0 -0.335418 -0.047118 2.322159 0.3387113
006 2 36 17 0 0.412539 -0.046744 0 0.7478 0 0 -0.335261 -0.046744 2.326797 0.338504
006 2 36 17 0 0.412694 -0.046366 0 0.7478 0 0 -0.335106 -0.046366 2.3311 0.3382984
006 2 36 17 0 0.412848 -0.045983 0 0.7478 0 0 -0.334952 -0.045983 2.335373 0.3380936
006 2 36 17 0 0.413 -0.045595 0 0.7478 0 0 -0.3348 -0.045595 2.339523 0.3378904
006 2 36 17 0 0.413152 -0.045203 0 0.7478 0 0 -0.334648 -0.045203 2.343842 0.3376871
006 2 36 17 0 0.413302 -0.044806 0 0.7478 0 0 -0.334498 -0.044806 2.348175 0.3374855
006 2 36 17 0 0.41345 -0.044405 0 0.7478 0 0 -0.33435 -0.044405 2.35231 0.3372858
006 2 36 17 0 0.413598 -0.043999 0 0.7478 0 0 -0.334202 -0.043999 2.35643 0.3370859
006 2 36 17 0 0.413744 -0.043589 0 0.7478 0 0 -0.334056 -0.043589 2.360916 0.3368878
006 2 36 17 0 0.413888 -0.043174 0 0.7478 0 0 -0.333912 -0.043174 2.365158 0.3366916
006 2 36 17 0 0.414032 -0.042755 0 0.7478 0 0 -0.333768 -0.042755 2.369415 0.3364953
006 2 36 17 0 0.414173 -0.042332 0 0.7478 0 0 -0.333627 -0.042332 2.373535 0.3363019
006 2 36 17 0 0.414314 -0.041905 0 0.7478 0 0 -0.333486 -0.041905 2.377914 0.3361085
006 2 36 17 0 0.414453 -0.041474 0 0.7478 0 0 -0.333347 -0.041474 2.382187 0.3359171
006 2 36 17 0 0.41459 -0.041038 0 0.7478 0 0 -0.33321 -0.041038 2.386414 0.3357276
006 2 36 17 0 0.414726 -0.040598 0 0.7478 0 0 -0.333074 -0.040598 2.390762 0.3355391
006 2 36 17 0 0.414861 -0.040154 0 0.7478 0 0 -0.332939 -0.040154 2.395126 0.3353516
006 2 36 17 0 0.414994 -0.039707 0 0.7478 0 0 -0.332806 -0.039707 2.399353 0.3351663
006 2 36 17 0 0.415126 -0.039255 0 0.7478 0 0 -0.332674 -0.039255 2.40358 0.334982
006 2 36 17 0 0.415256 -0.038799 0 0.7478 0 0 -0.332544 -0.038799 2.408356 0.3347997
006 2 36 17 0 0.415384 -0.038339 0 0.7478 0 0 -0.332416 -0.038339 2.412491 0.3346196
006 2 36 17 0 0.415511 -0.037876 0 0.7478 0 0 -0.332289 -0.037876 2.41658 0.3344407
006 2 36 17 0 0.415637 -0.037409 0 0.7478 0 0 -0.332163 -0.037409 2.420746 0.3342629
006 2 36 17 0 0.415761 -0.036938 0 0.7478 0 0 -0.332039 -0.036938 2.424973 0.3340873
006 2 36 17 0 0.415883 -0.036463 0 0.7478 0 0 -0.331917 -0.036463 2.429291 0.3339138
006 2 36 17 0 0.416004 -0.035985 0 0.7478 0 0 -0.331796 -0.035985 2.433701 0.3337417
006 2 36 17 0 0.416123 -0.035503 0 0.7478 0 0 -0.331677 -0.035503 2.437775 0.3335717
006 2 36 17 0 0.41624 -0.035017 0 0.7478 0 0 -0.33156 -0.035017 2.442017 0.333404
006 2 36 17 0 0.416356 -0.034529 0 0.7478 0 0 -0.331444 -0.034529 2.446396 0.3332377
006 2 36 17 0 0.416471 -0.034036 0 0.7478 0 0 -0.331329 -0.034036 2.450638 0.3330726
006 2 36 17 0 0.416583 -0.03354 0 0.7478 0 0 -0.331217 -0.03354 2.454727 0.3329108
006 2 36 17 0 0.416694 -0.033041 0 0.7478 0 0 -0.331106 -0.033041 2.459229 0.3327505
006 2 36 17 0 0.416804 -0.032539 0 0.7478 0 0 -0.330996 -0.032539 2.463989 0.3325915
006 2 36 17 0 0.416911 -0.032033 0 0.7478 0 0 -0.330889 -0.032033 2.468292 0.3324359
006 2 36 17 0 0.417017 -0.031524 0 0.7478 0 0 -0.330783 -0.031524 2.472855 0.3322817
006 2 36 17 0 0.417121 -0.031012 0 0.7478 0 0 -0.330679 -0.031012 2.477631 0.33213
006 2 36 17 0 0.417224 -0.030497 0 0.7478 0 0 -0.330576 -0.030497 2.481827 0.3319797
006 2 36 17 0 0.417325 -0.029979 0 0.7478 0 0 -0.330475 -0.029979 2.485962 0.331832
006 2 36 17 0 0.417424 -0.029457 0 0.7478 0 0 -0.330376 -0.029457 2.490295 0.3316866
006 2 36 17 0 0.417521 -0.028933 0 0.7478 0 0 -0.330279 -0.028933 2.494827 0.3315439
006 2 36 17 0 0.417617 -0.028406 0 0.7478 0 0 -0.330183 -0.028406 2.499023 0.3314026
006 2 36 17 0 0.41771 -0.027876 0 0.7478 0 0 -0.33009 -0.027876 2.503174 0.331265
006 2 36 17 0 0.417802 -0.027343 0 0.7478 0 0 -0.329998 -0.027343 2.507538 0.3311288
006 2 36 17 0 0.417893 -0.026808 0 0.7478 0 0 -0.329907 -0.026808 2.511856 0.3309944
006 2 36 17 0 0.417981 -0.02627 0 0.7478 0 0 -0.329819 -0.02627 2.516022 0.3308635
006 2 36 17 0 0.418068 -0.025729 0 0.7478 0 0 -0.329732 -0.025729 2.520157 0.3307343
006 2 36 17 0 0.418153 -0.025186 0 0.7478 0 0 -0.329647 -0.025186 2.524551 0.3306077
006 2 36 17 0 0.418236 -0.02464 0 0.7478 0 0 -0.329564 -0.02464 2.528931 0.3304838
006 2 36 17 0 0.418317 -0.024092 0 0.7478 0 0 -0.329483 -0.024092 2.533096 0.3303626
006 2 36 17 0 0.418396 -0.023541 0 0.7478 0 0 -0.329404 -0.023541 2.53746 0.3302441
006 2 36 17 0 0.418474 -0.022988 0 0.7478 0 0 -0.329326 -0.022988 2.541977 0.3301273
006 2 36 17 0 0.41855 -0.022433 0 0.7478 0 0 -0.32925 -0.022433 2.546112 0.3300133
006 2 36 17 0 0.418623 -0.021875 0 0.7478 0 0 -0.329177 -0.021875 2.550385 0.329903
006 2 36 17 0 0.418695 -0.021315 0 0.7478 0 0 -0.329105 -0.021315 2.55452 0.3297945
006 2 36 17 0 0.418766 -0.020753 0 0.7478 0 0 -0.329034 -0.020753 2.558884 0.3296878
006 2 36 17 0 0.418834 -0.020189 0 0.7478 0 0 -0.328966 -0.020189 2.56308 0.3295849
006 2 36 17 0 0.4189 -0.019623 0 0.7478 0 0 -0.3289 -0.019623 2.567474 0.3294848
006 2 36 17 0 0.418965 -0.019055 0 0.7478 0 0 -0.328835 -0.019055 2.571716 0.3293866
006 2 36 17 0 0.419027 -0.018485 0 0.7478 0 0 -0.328773 -0.018485 2.576019 0.3292922
006 2 36 17 0 0.419088 -0.017914 0 0.7478 0 0 -0.328712 -0.017914 2.580292 0.3291998
006 2 36 17 0 0.419147 -0.01734 0 0.7478 0 0 -0.328653 -0.01734 2.584503 0.3291101
006 2 36 17 0 0.419203 -0.016765 0 0.7478 0 0 -0.328597 -0.016765 2.588791 0.3290244
006 2 36 17 0 0.419258 -0.016188 0 0.7478 0 0 -0.328542 -0.016188 2.593063 0.3289406
006 2 36 17 0 0.419311 -0.015609 0 0.7478 0 0 -0.328489 -0.015609 2.597549 0.3288596
006 2 36 17 0 0.419362 -0.015029 0 0.7478 0 0 -0.328438 -0.015029 2.6017 0.3287817
006 2 36 17 0 0.419412 -0.014448 0 0.7478 0 0 -0.328388 -0.014448 2.605881 0.3287057
006 2 36 17 0 0.419459 -0.013865 0 0.7478 0 0 -0.328341 -0.013865 2.610275 0.3286336
006 2 36 17 0 0.419504 -0.01328 0 0.7478 0 0 -0.328296 -0.01328 2.614395 0.3285645
006 2 36 17 0 0.419547 -0.012694 0 0.7478 0 0 -0.328253 -0.012694 2.618591 0.3284983
006 2 36 17 0 0.419589 -0.012107 0 0.7478 0 0 -0.328211 -0.012107 2.623398 0.3284342
006 2 36 17 0 0.419628 -0.011519 0 0.7478 0 0 -0.328172 -0.011519 2.62854 0.3283741
006 2 36 17 0 0.419665 -0.01093 0 0.7478 0 0 -0.328135 -0.01093 2.63324 0.328317
006 2 36 17 0 0.419701 -0.010339 0 0.7478 0 0 -0.328099 -0.010339 2.637848 0.3282619
006 2 36 17 0 0.419734 -0.009748 0 0.7478 0 0 -0.328066 -0.009748 2.642319 0.3282108
006 2 36 17 0 0.419766 -0.009155 0 0.7478 0 0 -0.328034 -0.009155 2.646759 0.3281617
006 2 36 17 0 0.419795 -0.008562 0 0.7478 0 0 -0.328005 -0.008562 2.651276 0.3281167
006 2 36 17 0 0.419823 -0.007968 0 0.7478 0 0 -0.327977 -0.007968 2.655502 0.3280738
006 2 36 17 0 0.419848 -0.007372 0 0.7478 0 0 -0.327952 -0.007372 2.65979 0.3280348
006 2 36 17 0 0.419872 -0.006777 0 0.7478 0 0 -0.327928 -0.006777 2.664093 0.327998
006 2 36 17 0 0.419894 -0.00618 0 0.7478 0 0 -0.327906 -0.00618 2.668427 0.3279642
006 2 36 17 0 0.419913 -0.005583 0 0.7478 0 0 -0.327887 -0.005583 2.672516 0.3279345
006 2 36 17 0 0.419931 -0.004985 0 0.7478 0 0 -0.327869 -0.004985 2.676834 0.3279069
006 2 36 17 0 0.419946 -0.004387 0 0.7478 0 0 -0.327854 -0.004387 2.681 0.3278833
006 2 36 17 0 0.41996 -0.003789 0 0.7478 0 0 -0.32784 -0.003789 2.685196 0.3278619
006 2 36 17 0 0.419972 -0.00319 0 0.7478 0 0 -0.327828 -0.00319 2.689484 0.3278435
006 2 36 17 0 0.419981 -0.00259 0 0.7478 0 0 -0.327819 -0.00259 2.693787 0.3278292
006 2 36 17 0 0.419989 -0.001991 0 0.7478 0 0 -0.327811 -0.001991 2.697937 0.327817
006 2 36 17 0 0.419995 -0.001391 0 0.7478 0 0 -0.327805 -0.001391 2.702271 0.3278079
006 2 36 17 0 0.419998 -0.000791 0 0.7478 0 0 -0.327802 -0.000791 2.706909 0.327803
006 2 36 17 0 0.42 -0.000191 0 0.7478 0 0 -0.3278 -0.000191 2.711395 0.3278
006 2 36 17 0 0.42 0 0 0.7478 0 0 -0.3278 0 2.715485 0.3278
