006 2 3 18 0 0.4 0.02 0 0.7478 0 0 -0.3478 0.02 0 0.3483745
006 2 3 18 0.0006 0.4 0.019999 0 0.7478 0 0.0006 -0.3478 0.019999 0.004623413 0.348375
006 2 3 18 0.0012 0.4 0.019996 0 0.7478 0 0.0012 -0.3478 0.019996 0.01015854 0.3483764
006 2 3 18 0.0018 0.4 0.019991 0 0.7478 0 0.0018 -0.3478 0.019991 0.01486969 0.3483787
006 2 3 18 0.002399 0.4 0.019984 0 0.7478 0 0.002399 -0.3478 0.019984 0.01905823 0.3483819
006 2 3 18 0.002999 0.4 0.019975 0 0.7478 0 0.002999 -0.3478 0.019975 0.02334023 0.348386
006 2 3 18 0.003598 0.4 0.019964 0 0.7478 0 0.003598 -0.3478 0.019964 0.0274353 0.3483911
006 2 3 18 0.004197 0.4 0.019951 0 0.7478 0 0.004197 -0.3478 0.019951 0.0315361 0.348397
006 2 3 18 0.004795 0.4 0.019936 0 0.7478 0 0.004795 -0.3478 0.019936 0.03585243 0.3484039
006 2 3 18 0.005393 0.4 0.019919 0 0.7478 0 0.005393 -0.3478 0.019919 0.0405407 0.3484116
006 2 3 18 0.00599 0.4 0.0199 0 0.7478 0 0.00599 -0.3478 0.0199 0.04496384 0.3484203
006 2 3 18 0.006587 0.4 0.019879 0 0.7478 0 0.006587 -0.3478 0.019879 0.04918671 0.3484299
006 2 3 18 0.007183 0.4 0.019856 0 0.7478 0 0.007183 -0.3478 0.019856 0.05363655 0.3484404
006 2 3 18 0.007778 0.4 0.019831 0 0.7478 0 0.007778 -0.3478 0.019831 0.057827 0.3484517
006 2 3 18 0.008373 0.4 0.019804 0 0.7478 0 0.008373 -0.3478 0.019804 0.06218529 0.348464
006 2 3 18 0.008966 0.4 0.019775 0 0.7478 0 0.008966 -0.3478 0.019775 0.06653404 0.3484771
006 2 3 18 0.009559 0.4 0.019745 0 0.7478 0 0.009559 -0.3478 0.019745 0.07088661 0.3484911
006 2 3 18 0.010151 0.4 0.019712 0 0.7478 0 0.010151 -0.3478 0.019712 0.07503319 0.348506
006 2 3 18 0.010742 0.4 0.019677 0 0.7478 0 0.010742 -0.3478 0.019677 0.07929802 0.3485217
006 2 3 18 0.011332 0.4 0.01964 0 0.7478 0 0.011332 -0.3478 0.01964 0.08362198 0.3485383
006 2 3 18 0.01192 0.4 0.019601 0 0.7478 0 0.01192 -0.3478 0.019601 0.08786774 0.3485558
006 2 3 18 0.012508 0.4 0.019561 0 0.7478 0 0.012508 -0.3478 0.019561 0.09212685 0.3485741
006 2 3 18 0.013094 0.4 0.019518 0 0.7478 0 0.013094 -0.3478 0.019518 0.09635925 0.3485932
006 2 3 18 0.013679 0.4 0.019473 0 0.7478 0 0.013679 -0.3478 0.019473 0.1005936 0.3486132
006 2 3 18 0.014262 0.4 0.019427 0 0.7478 0 0.014262 -0.3478 0.019427 0.1051235 0.348634
006 2 3 18 0.014844 0.4 0.019378 0 0.7478 0 0.014844 -0.3478 0.019378 0.1092854 0.3486556
006 2 3 18 0.015425 0.4 0.019328 0 0.7478 0 0.015425 -0.3478 0.019328 0.1134148 0.348678
006 2 3 18 0.016004 0.4 0.019275 0 0.7478 0 0.016004 -0.3478 0.019275 0.1178837 0.3487011
006 2 3 18 0.016581 0.4 0.019221 0 0.7478 0 0.016581 -0.3478 0.019221 0.1222839 0.3487251
006 2 3 18 0.017157 0.4 0.019165 0 0.7478 0 0.017157 -0.3478 0.019165 0.1265335 0.3487499
006 2 3 18 0.017731 0.4 0.019107 0 0.7478 0 0.017731 -0.3478 0.019107 0.1308041 0.3487754
006 2 3 18 0.018304 0.4 0.019047 0 0.7478 0 0.018304 -0.3478 0.019047 0.1350365 0.3488017
006 2 3 18 0.018874 0.4 0.018985 0 0.7478 0 0.018874 -0.3478 0.018985 0.1394482 0.3488287
006 2 3 18 0.019443 0.4 0.018921 0 0.7478 0 0.019443 -0.3478 0.018921 0.1437397 0.3488565
006 2 3 18 0.020009 0.4 0.018855 0 0.7478 0 0.020009 -0.3478 0.018855 0.14781 0.3488849
006 2 3 18 0.020574 0.4 0.018787 0 0.7478 0 0.020574 -0.3478 0.018787 0.1520443 0.3489141
006 2 3 18 0.021136 0.4 0.018718 0 0.7478 0 0.021136 -0.3478 0.018718 0.1561508 0.348944
006 2 3 18 0.021697 0.4 0.018647 0 0.7478 0 0.021697 -0.3478 0.018647 0.1603718 0.3489746
006 2 3 18 0.022255 0.4 0.018573 0 0.7478 0 0.022255 -0.3478 0.018573 0.1646423 0.3490058
006 2 3 18 0.022811 0.4 0.018498 0 0.7478 0 0.022811 -0.3478 0.018498 0.1690006 0.3490377
006 2 3 18 0.023365 0.4 0.018421 0 0.7478 0 0.023365 -0.3478 0.018421 0.1731815 0.3490703
006 2 3 18 0.023917 0.4 0.018342 0 0.7478 0 0.023917 -0.3478 0.018342 0.17733 0.3491035
006 2 3 18 0.024466 0.4 0.018262 0 0.7478 0 0.024466 -0.3478 0.018262 0.181675 0.3491374
006 2 3 18 0.025012 0.4 0.018179 0 0.7478 0 0.025012 -0.3478 0.018179 0.1859951 0.3491718
006 2 3 18 0.025556 0.4 0.018095 0 0.7478 0 0.025556 -0.3478 0.018095 0.1902256 0.3492068
006 2 3 18 0.026098 0.4 0.018009 0 0.7478 0 0.026098 -0.3478 0.018009 0.194603 0.3492424
006 2 3 18 0.026637 0.4 0.017921 0 0.7478 0 0.026637 -0.3478 0.017921 0.1991806 0.3492786
006 2 3 18 0.027173 0.4 0.017831 0 0.7478 0 0.027173 -0.3478 0.017831 0.2045975 0.3493153
006 2 3 18 0.027707 0.4 0.01774 0 0.7478 0 0.027707 -0.3478 0.01774 0.2093086 0.3493526
006 2 3 18 0.028238 0.4 0.017647 0 0.7478 0 0.028238 -0.3478 0.017647 0.2136135 0.3493904
006 2 3 18 0.028766 0.4 0.017552 0 0.7478 0 0.028766 -0.3478 0.017552 0.2179146 0.3494287
006 2 3 18 0.029291 0.4 0.017455 0 0.7478 0 0.029291 -0.3478 0.017455 0.2223186 0.3494674
006 2 3 18 0.029813 0.4 0.017356 0 0.7478 0 0.029813 -0.3478 0.017356 0.2265186 0.3495066
006 2 3 18 0.030332 0.4 0.017256 0 0.7478 0 0.030332 -0.3478 0.017256 0.2307472 0.3495463
006 2 3 18 0.030848 0.4 0.017154 0 0.7478 0 0.030848 -0.3478 0.017154 0.2350273 0.3495865
006 2 3 18 0.031361 0.4 0.01705 0 0.7478 0 0.031361 -0.3478 0.01705 0.239296 0.349627
006 2 3 18 0.031871 0.4 0.016945 0 0.7478 0 0.031871 -0.3478 0.016945 0.2437363 0.349668
006 2 3 18 0.032378 0.4 0.016838 0 0.7478 0 0.032378 -0.3478 0.016838 0.2478695 0.3497094
006 2 3 18 0.032881 0.4 0.016729 0 0.7478 0 0.032881 -0.3478 0.016729 0.252243 0.3497511
006 2 3 18 0.033382 0.4 0.016619 0 0.7478 0 0.033382 -0.3478 0.016619 0.2565098 0.3497933
006 2 3 18 0.033879 0.4 0.016507 0 0.7478 0 0.033879 -0.3478 0.016507 0.2607117 0.3498358
006 2 3 18 0.034372 0.4 0.016393 0 0.7478 0 0.034372 -0.3478 0.016393 0.2650223 0.3498785
006 2 3 18 0.034862 0.4 0.016278 0 0.7478 0 0.034862 -0.3478 0.016278 0.2693367 0.3499216
006 2 3 18 0.035349 0.4 0.016161 0 0.7478 0 0.035349 -0.3478 0.016161 0.2735577 0.3499651
006 2 3 18 0.035832 0.4 0.016042 0 0.7478 0 0.035832 -0.3478 0.016042 0.2782288 0.3500087
006 2 3 18 0.036311 0.4 0.015922 0 0.7478 0 0.036311 -0.3478 0.015922 0.2826481 0.3500526
006 2 3 18 0.036787 0.4 0.0158 0 0.7478 0 0.036787 -0.3478 0.0158 0.2870121 0.3500968
006 2 3 18 0.037259 0.4 0.015676 0 0.7478 0 0.037259 -0.3478 0.015676 0.2911835 0.3501411
006 2 3 18 0.037728 0.4 0.015551 0 0.7478 0 0.037728 -0.3478 0.015551 0.2953777 0.3501858
006 2 3 18 0.038192 0.4 0.015425 0 0.7478 0 0.038192 -0.3478 0.015425 0.2996178 0.3502305
006 2 3 18 0.038653 0.4 0.015297 0 0.7478 0 0.038653 -0.3478 0.015297 0.3041134 0.3502754
006 2 3 18 0.03911 0.4 0.015167 0 0.7478 0 0.03911 -0.3478 0.015167 0.3083 0.3503205
006 2 3 18 0.039563 0.4 0.015036 0 0.7478 0 0.039563 -0.3478 0.015036 0.3125267 0.3503657
006 2 3 18 0.040012 0.4 0.014903 0 0.7478 0 0.040012 -0.3478 0.014903 0.3167152 0.350411
006 2 3 18 0.040457 0.4 0.014769 0 0.7478 0 0.040457 -0.3478 0.014769 0.3214207 0.3504564
006 2 3 18 0.040898 0.4 0.014634 0 0.7478 0 0.040898 -0.3478 0.014634 0.3257122 0.350502
006 2 3 18 0.041335 0.4 0.014497 0 0.7478 0 0.041335 -0.3478 0.014497 0.329874 0.3505475
006 2 3 18 0.041768 0.4 0.014358 0 0.7478 0 0.041768 -0.3478 0.014358 0.3340874 0.3505931
006 2 3 18 0.042197 0.4 0.014218 0 0.7478 0 0.042197 -0.3478 0.014218 0.3382626 0.3506388
006 2 3 18 0.042621 0.4 0.014077 0 0.7478 0 0.042621 -0.3478 0.014077 0.3425217 0.3506844
006 2 3 18 0.043041 0.4 0.013934 0 0.7478 0 0.043041 -0.3478 0.013934 0.3470097 0.35073
006 2 3 18 0.043457 0.4 0.01379 0 0.7478 0 0.043457 -0.3478 0.01379 0.3513317 0.3507756
006 2 3 18 0.043869 0.4 0.013644 0 0.7478 0 0.043869 -0.3478 0.013644 0.3555031 0.3508211
006 2 3 18 0.044276 0.4 0.013498 0 0.7478 0 0.044276 -0.3478 0.013498 0.359724 0.3508666
006 2 3 18 0.044679 0.4 0.013349 0 0.7478 0 0.044679 -0.3478 0.013349 0.3641529 0.350912
006 2 3 18 0.045077 0.4 0.0132 0 0.7478 0 0.045077 -0.3478 0.0132 0.368576 0.3509573
006 2 3 18 0.045471 0.4 0.013049 0 0.7478 0 0.045471 -0.3478 0.013049 0.3729534 0.3510025
006 2 3 18 0.04586 0.4 0.012897 0 0.7478 0 0.04586 -0.3478 0.012897 0.3773689 0.3510474
006 2 3 18 0.046244 0.4 0.012743 0 0.7478 0 0.046244 -0.3478 0.012743 0.3816738 0.3510922
006 2 3 18 0.046624 0.4 0.012588 0 0.7478 0 0.046624 -0.3478 0.012588 0.3859119 0.3511369
006 2 3 18 0.047 0.4 0.012432 0 0.7478 0 0.047 -0.3478 0.012432 0.3900414 0.3511814
006 2 3 18 0.04737 0.4 0.012275 0 0.7478 0 0.04737 -0.3478 0.012275 0.3941727 0.3512256
006 2 3 18 0.047736 0.4 0.012116 0 0.7478 0 0.047736 -0.3478 0.012116 0.3982468 0.3512696
006 2 3 18 0.048097 0.4 0.011957 0 0.7478 0 0.048097 -0.3478 0.011957 0.402792 0.3513134
006 2 3 18 0.048453 0.4 0.011796 0 0.7478 0 0.048453 -0.3478 0.011796 0.4069347 0.3513569
006 2 3 18 0.048805 0.4 0.011634 0 0.7478 0 0.048805 -0.3478 0.011634 0.4111195 0.3514002
006 2 3 18 0.049151 0.4 0.01147 0 0.7478 0 0.049151 -0.3478 0.01147 0.4153042 0.3514431
006 2 3 18 0.049493 0.4 0.011306 0 0.7478 0 0.049493 -0.3478 0.011306 0.4197197 0.3514857
006 2 3 18 0.04983 0.4 0.01114 0 0.7478 0 0.04983 -0.3478 0.01114 0.4240341 0.351528
006 2 3 18 0.050162 0.4 0.010974 0 0.7478 0 0.050162 -0.3478 0.010974 0.4282036 0.35157
006 2 3 18 0.050488 0.4 0.010806 0 0.7478 0 0.050488 -0.3478 0.010806 0.4327965 0.3516115
006 2 3 18 0.05081 0.4 0.010637 0 0.7478 0 0.05081 -0.3478 0.010637 0.4371395 0.3516527
006 2 3 18 0.051126 0.4 0.010467 0 0.7478 0 0.051126 -0.3478 0.010467 0.4414196 0.3516934
006 2 3 18 0.051438 0.4 0.010296 0 0.7478 0 0.051438 -0.3478 0.010296 0.4455395 0.3517339
006 2 3 18 0.051744 0.4 0.010124 0 0.7478 0 0.051744 -0.3478 0.010124 0.4497242 0.3517737
006 2 3 18 0.052045 0.4 0.009951 0 0.7478 0 0.052045 -0.3478 0.009951 0.4541664 0.3518132
006 2 3 18 0.052341 0.4 0.009777 0 0.7478 0 0.052341 -0.3478 0.009777 0.4583759 0.3518522
006 2 3 18 0.052632 0.4 0.009602 0 0.7478 0 0.052632 -0.3478 0.009602 0.462822 0.3518908
006 2 3 18 0.052917 0.4 0.009427 0 0.7478 0 0.052917 -0.3478 0.009427 0.4672451 0.3519288
006 2 3 18 0.053198 0.4 0.00925 0 0.7478 0 0.053198 -0.3478 0.00925 0.4715672 0.3519665
006 2 3 18 0.053472 0.4 0.009072 0 0.7478 0 0.053472 -0.3478 0.009072 0.4757233 0.3520034
006 2 3 18 0.053742 0.4 0.008893 0 0.7478 0 0.053742 -0.3478 0.008893 0.4799042 0.3520399
006 2 3 18 0.054006 0.4 0.008714 0 0.7478 0 0.054006 -0.3478 0.008714 0.4843884 0.3520758
006 2 3 18 0.054265 0.4 0.008533 0 0.7478 0 0.054265 -0.3478 0.008533 0.4886684 0.3521113
006 2 3 18 0.054518 0.4 0.008352 0 0.7478 0 0.054518 -0.3478 0.008352 0.4927731 0.352146
006 2 3 18 0.054766 0.4 0.00817 0 0.7478 0 0.054766 -0.3478 0.00817 0.4969425 0.3521802
006 2 3 18 0.055008 0.4 0.007987 0 0.7478 0 0.055008 -0.3478 0.007987 0.5013123 0.3522137
006 2 3 18 0.055245 0.4 0.007803 0 0.7478 0 0.055245 -0.3478 0.007803 0.5054855 0.3522467
006 2 3 18 0.055476 0.4 0.007618 0 0.7478 0 0.055476 -0.3478 0.007618 0.5096569 0.3522789
006 2 3 18 0.055702 0.4 0.007433 0 0.7478 0 0.055702 -0.3478 0.007433 0.513834 0.3523107
006 2 3 18 0.055922 0.4 0.007247 0 0.7478 0 0.055922 -0.3478 0.007247 0.5181122 0.3523416
006 2 3 18 0.056137 0.4 0.00706 0 0.7478 0 0.056137 -0.3478 0.00706 0.5223942 0.352372
006 2 3 18 0.056346 0.4 0.006873 0 0.7478 0 0.056346 -0.3478 0.006873 0.5266056 0.3524017
006 2 3 18 0.056549 0.4 0.006685 0 0.7478 0 0.056549 -0.3478 0.006685 0.531004 0.3524306
006 2 3 18 0.056747 0.4 0.006496 0 0.7478 0 0.056747 -0.3478 0.006496 0.535305 0.3524589
006 2 3 18 0.056939 0.4 0.006306 0 0.7478 0 0.056939 -0.3478 0.006306 0.5397282 0.3524864
006 2 3 18 0.057125 0.4 0.006116 0 0.7478 0 0.057125 -0.3478 0.006116 0.5440998 0.3525131
006 2 3 18 0.057306 0.4 0.005926 0 0.7478 0 0.057306 -0.3478 0.005926 0.5482864 0.3525392
006 2 3 18 0.057481 0.4 0.005734 0 0.7478 0 0.057481 -0.3478 0.005734 0.5528183 0.3525646
006 2 3 18 0.05765 0.4 0.005542 0 0.7478 0 0.05765 -0.3478 0.005542 0.557003 0.3525891
006 2 3 18 0.057813 0.4 0.00535 0 0.7478 0 0.057813 -0.3478 0.00535 0.5613079 0.3526128
006 2 3 18 0.057971 0.4 0.005157 0 0.7478 0 0.057971 -0.3478 0.005157 0.5655727 0.3526359
006 2 3 18 0.058123 0.4 0.004964 0 0.7478 0 0.058123 -0.3478 0.004964 0.5701408 0.3526581
006 2 3 18 0.058269 0.4 0.00477 0 0.7478 0 0.058269 -0.3478 0.00477 0.5742531 0.3526796
006 2 3 18 0.058409 0.4 0.004575 0 0.7478 0 0.058409 -0.3478 0.004575 0.578476 0.3527001
006 2 3 18 0.058543 0.4 0.00438 0 0.7478 0 0.058543 -0.3478 0.00438 0.5827084 0.3527199
006 2 3 18 0.058672 0.4 0.004185 0 0.7478 0 0.058672 -0.3478 0.004185 0.5869751 0.3527389
006 2 3 18 0.058794 0.4 0.003989 0 0.7478 0 0.058794 -0.3478 0.003989 0.5912819 0.3527569
006 2 3 18 0.058911 0.4 0.003793 0 0.7478 0 0.058911 -0.3478 0.003793 0.5955429 0.3527743
006 2 3 18 0.059022 0.4 0.003596 0 0.7478 0 0.059022 -0.3478 0.003596 0.5997124 0.3527908
006 2 3 18 0.059127 0.4 0.003399 0 0.7478 0 0.059127 -0.3478 0.003399 0.6043358 0.3528064
006 2 3 18 0.059226 0.4 0.003202 0 0.7478 0 0.059226 -0.3478 0.003202 0.60853 0.3528212
006 2 3 18 0.059319 0.4 0.003005 0 0.7478 0 0.059319 -0.3478 0.003005 0.6129017 0.3528351
006 2 3 18 0.059406 0.4 0.002807 0 0.7478 0 0.059406 -0.3478 0.002807 0.6170807 0.3528481
006 2 3 18 0.059488 0.4 0.002608 0 0.7478 0 0.059488 -0.3478 0.002608 0.6214352 0.3528604
006 2 3 18 0.059563 0.4 0.00241 0 0.7478 0 0.059563 -0.3478 0.00241 0.6255913 0.3528716
006 2 3 18 0.059632 0.4 0.002211 0 0.7478 0 0.059632 -0.3478 0.002211 0.6297188 0.352882
006 2 3 18 0.059695 0.4 0.002013 0 0.7478 0 0.059695 -0.3478 0.002013 0.633976 0.3528914
006 2 3 18 0.059753 0.4 0.001813 0 0.7478 0 0.059753 -0.3478 0.001813 0.6381779 0.3529002
006 2 3 18 0.059804 0.4 0.001614 0 0.7478 0 0.059804 -0.3478 0.001614 0.6424427 0.3529079
006 2 3 18 0.05985 0.4 0.001415 0 0.7478 0 0.05985 -0.3478 0.001415 0.6465168 0.3529148
006 2 3 18 0.059889 0.4 0.001215 0 0.7478 0 0.059889 -0.3478 0.001215 0.6507511 0.3529207
006 2 3 18 0.059923 0.4 0.001015 0 0.7478 0 0.059923 -0.3478 0.001015 0.6548786 0.3529258
006 2 3 18 0.05995 0.4 0.000816 0 0.7478 0 0.05995 -0.3478 0.000816 0.6591301 0.3529299
006 2 3 18 0.059972 0.4 0.000616 0 0.7478 0 0.059972 -0.3478 0.000616 0.663723 0.3529332
006 2 3 18 0.059987 0.4 0.000416 0 0.7478 0 0.059987 -0.3478 0.000416 0.6680126 0.3529355
006 2 3 18 0.059997 0.4 0.000216 0 0.7478 0 0.059997 -0.3478 0.000216 0.672266 0.352937
006 2 3 18 0.06 0.4 1.6E-05 0 0.7478 0 0.06 -0.3478 1.6E-05 0.6764774 0.3529374
006 2 3 18 0.059997 0.4 -0.000184 0 0.7478 0 0.059997 -0.3478 -0.000184 0.6805973 0.352937
006 2 3 18 0.059989 0.4 -0.000384 0 0.7478 0 0.059989 -0.3478 -0.000384 0.6849556 0.3529358
006 2 3 18 0.059974 0.4 -0.000584 0 0.7478 0 0.059974 -0.3478 -0.000584 0.6892719 0.3529335
006 2 3 18 0.059954 0.4 -0.000784 0 0.7478 0 0.059954 -0.3478 -0.000784 0.6935253 0.3529305
006 2 3 18 0.059927 0.4 -0.000984 0 0.7478 0 0.059927 -0.3478 -0.000984 0.697813 0.3529264
006 2 3 18 0.059895 0.4 -0.001183 0 0.7478 0 0.059895 -0.3478 -0.001183 0.7031288 0.3529216
006 2 3 18 0.059856 0.4 -0.001383 0 0.7478 0 0.059856 -0.3478 -0.001383 0.7139664 0.3529157
006 2 3 18 0.059812 0.4 -0.001582 0 0.7478 0 0.059812 -0.3478 -0.001582 0.7193661 0.3529091
006 2 3 18 0.059761 0.4 -0.001782 0 0.7478 0 0.059761 -0.3478 -0.001782 0.7237072 0.3529014
006 2 3 18 0.059705 0.4 -0.001981 0 0.7478 0 0.059705 -0.3478 -0.001981 0.7278271 0.352893
006 2 3 18 0.059643 0.4 -0.00218 0 0.7478 0 0.059643 -0.3478 -0.00218 0.732069 0.3528837
006 2 3 18 0.059574 0.4 -0.002378 0 0.7478 0 0.059574 -0.3478 -0.002378 0.7365303 0.3528733
006 2 3 18 0.0595 0.4 -0.002577 0 0.7478 0 0.0595 -0.3478 -0.002577 0.7407398 0.3528622
006 2 3 18 0.05942 0.4 -0.002775 0 0.7478 0 0.05942 -0.3478 -0.002775 0.7450237 0.3528502
006 2 3 18 0.059333 0.4 -0.002973 0 0.7478 0 0.059333 -0.3478 -0.002973 0.7494202 0.3528372
006 2 3 18 0.059241 0.4 -0.003171 0 0.7478 0 0.059241 -0.3478 -0.003171 0.7537441 0.3528234
006 2 3 18 0.059143 0.4 -0.003368 0 0.7478 0 0.059143 -0.3478 -0.003368 0.7577801 0.3528088
006 2 3 18 0.059039 0.4 -0.003565 0 0.7478 0 0.059039 -0.3478 -0.003565 0.7620716 0.3527933
006 2 3 18 0.058929 0.4 -0.003762 0 0.7478 0 0.058929 -0.3478 -0.003762 0.7662926 0.352777
006 2 3 18 0.058813 0.4 -0.003958 0 0.7478 0 0.058813 -0.3478 -0.003958 0.7705956 0.3527598
006 2 3 18 0.058692 0.4 -0.004154 0 0.7478 0 0.058692 -0.3478 -0.004154 0.7748318 0.3527419
006 2 3 18 0.058564 0.4 -0.004349 0 0.7478 0 0.058564 -0.3478 -0.004349 0.7792816 0.3527229
006 2 3 18 0.058431 0.4 -0.004544 0 0.7478 0 0.058431 -0.3478 -0.004544 0.7838726 0.3527034
006 2 3 18 0.058292 0.4 -0.004739 0 0.7478 0 0.058292 -0.3478 -0.004739 0.7881336 0.3526829
006 2 3 18 0.058147 0.4 -0.004933 0 0.7478 0 0.058147 -0.3478 -0.004933 0.7923126 0.3526616
006 2 3 18 0.057996 0.4 -0.005126 0 0.7478 0 0.057996 -0.3478 -0.005126 0.7964649 0.3526395
006 2 3 18 0.057839 0.4 -0.005319 0 0.7478 0 0.057839 -0.3478 -0.005319 0.8007374 0.3526166
006 2 3 18 0.057677 0.4 -0.005512 0 0.7478 0 0.057677 -0.3478 -0.005512 0.805069 0.352593
006 2 3 18 0.057508 0.4 -0.005704 0 0.7478 0 0.057508 -0.3478 -0.005704 0.8091946 0.3525685
006 2 3 18 0.057334 0.4 -0.005895 0 0.7478 0 0.057334 -0.3478 -0.005895 0.8133259 0.3525433
006 2 3 18 0.057155 0.4 -0.006086 0 0.7478 0 0.057155 -0.3478 -0.006086 0.8179207 0.3525175
006 2 3 18 0.056969 0.4 -0.006276 0 0.7478 0 0.056969 -0.3478 -0.006276 0.8222485 0.3524907
006 2 3 18 0.056778 0.4 -0.006466 0 0.7478 0 0.056778 -0.3478 -0.006466 0.826313 0.3524633
006 2 3 18 0.056581 0.4 -0.006655 0 0.7478 0 0.056581 -0.3478 -0.006655 0.8304882 0.3524351
006 2 3 18 0.056379 0.4 -0.006843 0 0.7478 0 0.056379 -0.3478 -0.006843 0.834795 0.3524064
006 2 3 18 0.056171 0.4 -0.007031 0 0.7478 0 0.056171 -0.3478 -0.007031 0.8392334 0.3523768
006 2 3 18 0.055957 0.4 -0.007217 0 0.7478 0 0.055957 -0.3478 -0.007217 0.8434849 0.3523466
006 2 3 18 0.055738 0.4 -0.007404 0 0.7478 0 0.055738 -0.3478 -0.007404 0.8476219 0.3523157
006 2 3 18 0.055513 0.4 -0.007589 0 0.7478 0 0.055513 -0.3478 -0.007589 0.8520184 0.3522841
006 2 3 18 0.055282 0.4 -0.007774 0 0.7478 0 0.055282 -0.3478 -0.007774 0.8561974 0.3522519
006 2 3 18 0.055046 0.4 -0.007958 0 0.7478 0 0.055046 -0.3478 -0.007958 0.8603783 0.352219
006 2 3 18 0.054805 0.4 -0.008141 0 0.7478 0 0.054805 -0.3478 -0.008141 0.8646698 0.3521856
006 2 3 18 0.054558 0.4 -0.008323 0 0.7478 0 0.054558 -0.3478 -0.008323 0.8690128 0.3521515
006 2 3 18 0.054305 0.4 -0.008504 0 0.7478 0 0.054305 -0.3478 -0.008504 0.8731937 0.3521167
006 2 3 18 0.054048 0.4 -0.008685 0 0.7478 0 0.054048 -0.3478 -0.008685 0.8772545 0.3520816
006 2 3 18 0.053784 0.4 -0.008865 0 0.7478 0 0.053784 -0.3478 -0.008865 0.8814793 0.3520457
006 2 3 18 0.053516 0.4 -0.009044 0 0.7478 0 0.053516 -0.3478 -0.009044 0.885746 0.3520094
006 2 3 18 0.053242 0.4 -0.009221 0 0.7478 0 0.053242 -0.3478 -0.009221 0.8900909 0.3519724
006 2 3 18 0.052962 0.4 -0.009398 0 0.7478 0 0.052962 -0.3478 -0.009398 0.8944626 0.3519348
006 2 3 18 0.052678 0.4 -0.009575 0 0.7478 0 0.052678 -0.3478 -0.009575 0.8987236 0.351897
006 2 3 18 0.052388 0.4 -0.00975 0 0.7478 0 0.052388 -0.3478 -0.00975 0.9031868 0.3518585
006 2 3 18 0.052093 0.4 -0.009924 0 0.7478 0 0.052093 -0.3478 -0.009924 0.9074612 0.3518195
006 2 3 18 0.051793 0.4 -0.010097 0 0.7478 0 0.051793 -0.3478 -0.010097 0.9116001 0.3517802
006 2 3 18 0.051487 0.4 -0.010269 0 0.7478 0 0.051487 -0.3478 -0.010269 0.9159565 0.3517402
006 2 3 18 0.051176 0.4 -0.01044 0 0.7478 0 0.051176 -0.3478 -0.01044 0.9206715 0.3516999
006 2 3 18 0.050861 0.4 -0.01061 0 0.7478 0 0.050861 -0.3478 -0.01061 0.9255543 0.3516593
006 2 3 18 0.05054 0.4 -0.010779 0 0.7478 0 0.05054 -0.3478 -0.010779 0.9296589 0.3516181
006 2 3 18 0.050214 0.4 -0.010947 0 0.7478 0 0.050214 -0.3478 -0.010947 0.9338455 0.3515766
006 2 3 18 0.049883 0.4 -0.011114 0 0.7478 0 0.049883 -0.3478 -0.011114 0.938097 0.3515347
006 2 3 18 0.049547 0.4 -0.01128 0 0.7478 0 0.049547 -0.3478 -0.01128 0.9423714 0.3514925
006 2 3 18 0.049206 0.4 -0.011444 0 0.7478 0 0.049206 -0.3478 -0.011444 0.9466133 0.3514499
006 2 3 18 0.04886 0.4 -0.011608 0 0.7478 0 0.04886 -0.3478 -0.011608 0.9509468 0.351407
006 2 3 18 0.04851 0.4 -0.01177 0 0.7478 0 0.04851 -0.3478 -0.01177 0.9551277 0.3513639
006 2 3 18 0.048154 0.4 -0.011931 0 0.7478 0 0.048154 -0.3478 -0.011931 0.9592457 0.3513204
006 2 3 18 0.047794 0.4 -0.012091 0 0.7478 0 0.047794 -0.3478 -0.012091 0.9635448 0.3512767
006 2 3 18 0.047429 0.4 -0.01225 0 0.7478 0 0.047429 -0.3478 -0.01225 0.967844 0.3512327
006 2 3 18 0.047059 0.4 -0.012407 0 0.7478 0 0.047059 -0.3478 -0.012407 0.9721146 0.3511884
006 2 3 18 0.046684 0.4 -0.012563 0 0.7478 0 0.046684 -0.3478 -0.012563 0.9762917 0.3511439
006 2 3 18 0.046305 0.4 -0.012718 0 0.7478 0 0.046305 -0.3478 -0.012718 0.9804649 0.3510993
006 2 3 18 0.045921 0.4 -0.012872 0 0.7478 0 0.045921 -0.3478 -0.012872 0.9848442 0.3510545
006 2 3 18 0.045533 0.4 -0.013025 0 0.7478 0 0.045533 -0.3478 -0.013025 0.9890537 0.3510096
006 2 3 18 0.04514 0.4 -0.013176 0 0.7478 0 0.04514 -0.3478 -0.013176 0.9932117 0.3509645
006 2 3 18 0.044742 0.4 -0.013326 0 0.7478 0 0.044742 -0.3478 -0.013326 0.997303 0.3509192
006 2 3 18 0.04434 0.4 -0.013474 0 0.7478 0 0.04434 -0.3478 -0.013474 1.001759 0.3508738
006 2 3 18 0.043934 0.4 -0.013621 0 0.7478 0 0.043934 -0.3478 -0.013621 1.006115 0.3508284
006 2 3 18 0.043523 0.4 -0.013767 0 0.7478 0 0.043523 -0.3478 -0.013767 1.010271 0.3507828
006 2 3 18 0.043108 0.4 -0.013911 0 0.7478 0 0.043108 -0.3478 -0.013911 1.014441 0.3507373
006 2 3 18 0.042688 0.4 -0.014054 0 0.7478 0 0.042688 -0.3478 -0.014054 1.018642 0.3506916
006 2 3 18 0.042265 0.4 -0.014196 0 0.7478 0 0.042265 -0.3478 -0.014196 1.022959 0.3506461
006 2 3 18 0.041837 0.4 -0.014336 0 0.7478 0 0.041837 -0.3478 -0.014336 1.027384 0.3506005
006 2 3 18 0.041404 0.4 -0.014475 0 0.7478 0 0.041404 -0.3478 -0.014475 1.031654 0.3505548
006 2 3 18 0.040968 0.4 -0.014612 0 0.7478 0 0.040968 -0.3478 -0.014612 1.036037 0.3505092
006 2 3 18 0.040528 0.4 -0.014748 0 0.7478 0 0.040528 -0.3478 -0.014748 1.040197 0.3504638
006 2 3 18 0.040083 0.4 -0.014882 0 0.7478 0 0.040083 -0.3478 -0.014882 1.044577 0.3504182
006 2 3 18 0.039635 0.4 -0.015015 0 0.7478 0 0.039635 -0.3478 -0.015015 1.048714 0.350373
006 2 3 18 0.039182 0.4 -0.015146 0 0.7478 0 0.039182 -0.3478 -0.015146 1.053139 0.3503276
006 2 3 18 0.038726 0.4 -0.015276 0 0.7478 0 0.038726 -0.3478 -0.015276 1.05724 0.3502826
006 2 3 18 0.038266 0.4 -0.015405 0 0.7478 0 0.038266 -0.3478 -0.015405 1.061541 0.3502377
006 2 3 18 0.037802 0.4 -0.015531 0 0.7478 0 0.037802 -0.3478 -0.015531 1.065649 0.3501928
006 2 3 18 0.037334 0.4 -0.015657 0 0.7478 0 0.037334 -0.3478 -0.015657 1.070114 0.3501483
006 2 3 18 0.036862 0.4 -0.01578 0 0.7478 0 0.036862 -0.3478 -0.01578 1.074331 0.3501038
006 2 3 18 0.036387 0.4 -0.015902 0 0.7478 0 0.036387 -0.3478 -0.015902 1.078445 0.3500596
006 2 3 18 0.035908 0.4 -0.016023 0 0.7478 0 0.035908 -0.3478 -0.016023 1.082722 0.3500156
006 2 3 18 0.035426 0.4 -0.016142 0 0.7478 0 0.035426 -0.3478 -0.016142 1.087076 0.349972
006 2 3 18 0.03494 0.4 -0.016259 0 0.7478 0 0.03494 -0.3478 -0.016259 1.091404 0.3499286
006 2 3 18 0.03445 0.4 -0.016375 0 0.7478 0 0.03445 -0.3478 -0.016375 1.095703 0.3498854
006 2 3 18 0.033957 0.4 -0.016489 0 0.7478 0 0.033957 -0.3478 -0.016489 1.09985 0.3498425
006 2 3 18 0.033461 0.4 -0.016601 0 0.7478 0 0.033461 -0.3478 -0.016601 1.104446 0.3498001
006 2 3 18 0.032961 0.4 -0.016712 0 0.7478 0 0.032961 -0.3478 -0.016712 1.108721 0.3497579
006 2 3 18 0.032458 0.4 -0.016821 0 0.7478 0 0.032458 -0.3478 -0.016821 1.11282 0.349716
006 2 3 18 0.031952 0.4 -0.016928 0 0.7478 0 0.031952 -0.3478 -0.016928 1.116917 0.3496746
006 2 3 18 0.031443 0.4 -0.017034 0 0.7478 0 0.031443 -0.3478 -0.017034 1.121374 0.3496336
006 2 3 18 0.03093 0.4 -0.017138 0 0.7478 0 0.03093 -0.3478 -0.017138 1.1255 0.3495929
006 2 3 18 0.030414 0.4 -0.01724 0 0.7478 0 0.030414 -0.3478 -0.01724 1.129614 0.3495527
006 2 3 18 0.029896 0.4 -0.017341 0 0.7478 0 0.029896 -0.3478 -0.017341 1.133823 0.349513
006 2 3 18 0.029374 0.4 -0.017439 0 0.7478 0 0.029374 -0.3478 -0.017439 1.138107 0.3494736
006 2 3 18 0.028849 0.4 -0.017536 0 0.7478 0 0.028849 -0.3478 -0.017536 1.14238 0.3494347
006 2 3 18 0.028322 0.4 -0.017632 0 0.7478 0 0.028322 -0.3478 -0.017632 1.14642 0.3493964
006 2 3 18 0.027791 0.4 -0.017725 0 0.7478 0 0.027791 -0.3478 -0.017725 1.150684 0.3493585
006 2 3 18 0.027258 0.4 -0.017817 0 0.7478 0 0.027258 -0.3478 -0.017817 1.154831 0.3493212
006 2 3 18 0.026722 0.4 -0.017907 0 0.7478 0 0.026722 -0.3478 -0.017907 1.159071 0.3492844
006 2 3 18 0.026184 0.4 -0.017995 0 0.7478 0 0.026184 -0.3478 -0.017995 1.163366 0.3492481
006 2 3 18 0.025643 0.4 -0.018081 0 0.7478 0 0.025643 -0.3478 -0.018081 1.167543 0.3492124
006 2 3 18 0.025099 0.4 -0.018166 0 0.7478 0 0.025099 -0.3478 -0.018166 1.173597 0.3491773
006 2 3 18 0.024553 0.4 -0.018249 0 0.7478 0 0.024553 -0.3478 -0.018249 1.178335 0.3491428
006 2 3 18 0.024004 0.4 -0.01833 0 0.7478 0 0.024004 -0.3478 -0.01833 1.182734 0.3491089
006 2 3 18 0.023453 0.4 -0.018409 0 0.7478 0 0.023453 -0.3478 -0.018409 1.18733 0.3490756
006 2 3 18 0.0229 0.4 -0.018486 0 0.7478 0 0.0229 -0.3478 -0.018486 1.191545 0.3490429
006 2 3 18 0.022344 0.4 -0.018561 0 0.7478 0 0.022344 -0.3478 -0.018561 1.19577 0.3490109
006 2 3 18 0.021786 0.4 -0.018635 0 0.7478 0 0.021786 -0.3478 -0.018635 1.200823 0.3489795
006 2 3 18 0.021226 0.4 -0.018707 0 0.7478 0 0.021226 -0.3478 -0.018707 1.206041 0.3489489
006 2 3 18 0.020664 0.4 -0.018777 0 0.7478 0 0.020664 -0.3478 -0.018777 1.210423 0.3489189
006 2 3 18 0.020099 0.4 -0.018844 0 0.7478 0 0.020099 -0.3478 -0.018844 1.214624 0.3488895
006 2 3 18 0.019533 0.4 -0.018911 0 0.7478 0 0.019533 -0.3478 -0.018911 1.218962 0.348861
006 2 3 18 0.018965 0.4 -0.018975 0 0.7478 0 0.018965 -0.3478 -0.018975 1.223259 0.3488331
006 2 3 18 0.018394 0.4 -0.019037 0 0.7478 0 0.018394 -0.3478 -0.019037 1.227446 0.3488059
006 2 3 18 0.017822 0.4 -0.019097 0 0.7478 0 0.017822 -0.3478 -0.019097 1.231613 0.3487795
006 2 3 18 0.017249 0.4 -0.019156 0 0.7478 0 0.017249 -0.3478 -0.019156 1.236084 0.3487539
006 2 3 18 0.016673 0.4 -0.019212 0 0.7478 0 0.016673 -0.3478 -0.019212 1.24032 0.348729
006 2 3 18 0.016096 0.4 -0.019267 0 0.7478 0 0.016096 -0.3478 -0.019267 1.244604 0.3487049
006 2 3 18 0.015517 0.4 -0.01932 0 0.7478 0 0.015517 -0.3478 -0.01932 1.24868 0.3486816
006 2 3 18 0.014937 0.4 -0.01937 0 0.7478 0 0.014937 -0.3478 -0.01937 1.253036 0.3486591
006 2 3 18 0.014355 0.4 -0.019419 0 0.7478 0 0.014355 -0.3478 -0.019419 1.257175 0.3486373
006 2 3 18 0.013772 0.4 -0.019466 0 0.7478 0 0.013772 -0.3478 -0.019466 1.261511 0.3486165
006 2 3 18 0.013187 0.4 -0.019511 0 0.7478 0 0.013187 -0.3478 -0.019511 1.265705 0.3485963
006 2 3 18 0.012601 0.4 -0.019554 0 0.7478 0 0.012601 -0.3478 -0.019554 1.270155 0.3485771
006 2 3 18 0.012014 0.4 -0.019595 0 0.7478 0 0.012014 -0.3478 -0.019595 1.27433 0.3485586
006 2 3 18 0.011425 0.4 -0.019634 0 0.7478 0 0.011425 -0.3478 -0.019634 1.279114 0.348541
006 2 3 18 0.010836 0.4 -0.019671 0 0.7478 0 0.010836 -0.3478 -0.019671 1.283663 0.3485243
006 2 3 18 0.010245 0.4 -0.019706 0 0.7478 0 0.010245 -0.3478 -0.019706 1.288513 0.3485084
006 2 3 18 0.009653 0.4 -0.019739 0 0.7478 0 0.009653 -0.3478 -0.019739 1.292749 0.3484934
006 2 3 18 0.009061 0.4 -0.019771 0 0.7478 0 0.009061 -0.3478 -0.019771 1.297071 0.3484793
006 2 3 18 0.008467 0.4 -0.0198 0 0.7478 0 0.008467 -0.3478 -0.0198 1.301718 0.348466
006 2 3 18 0.007873 0.4 -0.019827 0 0.7478 0 0.007873 -0.3478 -0.019827 1.305979 0.3484536
006 2 3 18 0.007278 0.4 -0.019852 0 0.7478 0 0.007278 -0.3478 -0.019852 1.310163 0.3484421
006 2 3 18 0.006682 0.4 -0.019876 0 0.7478 0 0.006682 -0.3478 -0.019876 1.314371 0.3484315
006 2 3 18 0.006085 0.4 -0.019897 0 0.7478 0 0.006085 -0.3478 -0.019897 1.318708 0.3484218
006 2 3 18 0.005488 0.4 -0.019916 0 0.7478 0 0.005488 -0.3478 -0.019916 1.323128 0.348413
006 2 3 18 0.00489 0.4 -0.019933 0 0.7478 0 0.00489 -0.3478 -0.019933 1.32724 0.348405
006 2 3 18 0.004292 0.4 -0.019949 0 0.7478 0 0.004292 -0.3478 -0.019949 1.331425 0.3483981
006 2 3 18 0.003693 0.4 -0.019962 0 0.7478 0 0.003693 -0.3478 -0.019962 1.33576 0.348392
006 2 3 18 0.003094 0.4 -0.019973 0 0.7478 0 0.003094 -0.3478 -0.019973 1.339987 0.3483867
006 2 3 18 0.002495 0.4 -0.019983 0 0.7478 0 0.002495 -0.3478 -0.019983 1.344301 0.3483825
006 2 3 18 0.001895 0.4 -0.01999 0 0.7478 0 0.001895 -0.3478 -0.01999 1.348736 0.3483791
006 2 3 18 0.001295 0.4 -0.019995 0 0.7478 0 0.001295 -0.3478 -0.019995 1.35321 0.3483767
006 2 3 18 0.000696 0.4 -0.019999 0 0.7478 0 0.000696 -0.3478 -0.019999 1.357391 0.3483752
006 2 3 18 9.6E-05 0.4 -0.02 0 0.7478 0 9.6E-05 -0.3478 -0.02 1.361704 0.3483746
006 2 3 18 -0.000504 0.4 -0.019999 0 0.7478 0 -0.000504 -0.3478 -0.019999 1.365862 0.3483749
006 2 3 18 -0.001104 0.4 -0.019997 0 0.7478 0 -0.001104 -0.3478 -0.019997 1.370247 0.3483761
006 2 3 18 -0.001704 0.4 -0.019992 0 0.7478 0 -0.001704 -0.3478 -0.019992 1.374426 0.3483783
006 2 3 18 -0.002304 0.4 -0.019985 0 0.7478 0 -0.002304 -0.3478 -0.019985 1.378786 0.3483813
006 2 3 18 -0.002903 0.4 -0.019977 0 0.7478 0 -0.002903 -0.3478 -0.019977 1.383165 0.3483853
006 2 3 18 -0.003502 0.4 -0.019966 0 0.7478 0 -0.003502 -0.3478 -0.019966 1.387825 0.3483902
006 2 3 18 -0.004101 0.4 -0.019953 0 0.7478 0 -0.004101 -0.3478 -0.019953 1.392155 0.348396
006 2 3 18 -0.0047 0.4 -0.019939 0 0.7478 0 -0.0047 -0.3478 -0.019939 1.396334 0.3484028
006 2 3 18 -0.005298 0.4 -0.019922 0 0.7478 0 -0.005298 -0.3478 -0.019922 1.400654 0.3484104
006 2 3 18 -0.005895 0.4 -0.019903 0 0.7478 0 -0.005895 -0.3478 -0.019903 1.405178 0.3484189
006 2 3 18 -0.006492 0.4 -0.019883 0 0.7478 0 -0.006492 -0.3478 -0.019883 1.40937 0.3484283
006 2 3 18 -0.007088 0.4 -0.01986 0 0.7478 0 -0.007088 -0.3478 -0.01986 1.413528 0.3484387
006 2 3 18 -0.007683 0.4 -0.019835 0 0.7478 0 -0.007683 -0.3478 -0.019835 1.417725 0.3484498
006 2 3 18 -0.008278 0.4 -0.019809 0 0.7478 0 -0.008278 -0.3478 -0.019809 1.422043 0.348462
006 2 3 18 -0.008872 0.4 -0.01978 0 0.7478 0 -0.008872 -0.3478 -0.01978 1.426167 0.3484749
006 2 3 18 -0.009465 0.4 -0.01975 0 0.7478 0 -0.009465 -0.3478 -0.01975 1.430597 0.3484888
006 2 3 18 -0.010057 0.4 -0.019717 0 0.7478 0 -0.010057 -0.3478 -0.019717 1.434872 0.3485036
006 2 3 18 -0.010648 0.4 -0.019683 0 0.7478 0 -0.010648 -0.3478 -0.019683 1.439148 0.3485192
006 2 3 18 -0.011238 0.4 -0.019646 0 0.7478 0 -0.011238 -0.3478 -0.019646 1.443417 0.3485356
006 2 3 18 -0.011826 0.4 -0.019608 0 0.7478 0 -0.011826 -0.3478 -0.019608 1.447598 0.3485529
006 2 3 18 -0.012414 0.4 -0.019567 0 0.7478 0 -0.012414 -0.3478 -0.019567 1.451864 0.3485711
006 2 3 18 -0.013001 0.4 -0.019525 0 0.7478 0 -0.013001 -0.3478 -0.019525 1.456057 0.3485901
006 2 3 18 -0.013586 0.4 -0.019481 0 0.7478 0 -0.013586 -0.3478 -0.019481 1.460209 0.34861
006 2 3 18 -0.014169 0.4 -0.019434 0 0.7478 0 -0.014169 -0.3478 -0.019434 1.464697 0.3486306
006 2 3 18 -0.014752 0.4 -0.019386 0 0.7478 0 -0.014752 -0.3478 -0.019386 1.469027 0.3486521
006 2 3 18 -0.015332 0.4 -0.019336 0 0.7478 0 -0.015332 -0.3478 -0.019336 1.473223 0.3486743
006 2 3 18 -0.015912 0.4 -0.019284 0 0.7478 0 -0.015912 -0.3478 -0.019284 1.477509 0.3486974
006 2 3 18 -0.016489 0.4 -0.01923 0 0.7478 0 -0.016489 -0.3478 -0.01923 1.48184 0.3487213
006 2 3 18 -0.017066 0.4 -0.019174 0 0.7478 0 -0.017066 -0.3478 -0.019174 1.48624 0.3487459
006 2 3 18 -0.01764 0.4 -0.019116 0 0.7478 0 -0.01764 -0.3478 -0.019116 1.490526 0.3487713
006 2 3 18 -0.018212 0.4 -0.019056 0 0.7478 0 -0.018212 -0.3478 -0.019056 1.494678 0.3487974
006 2 3 18 -0.018783 0.4 -0.018995 0 0.7478 0 -0.018783 -0.3478 -0.018995 1.498779 0.3488244
006 2 3 18 -0.019352 0.4 -0.018931 0 0.7478 0 -0.019352 -0.3478 -0.018931 1.503553 0.348852
006 2 3 18 -0.019919 0.4 -0.018866 0 0.7478 0 -0.019919 -0.3478 -0.018866 1.507753 0.3488804
006 2 3 18 -0.020484 0.4 -0.018798 0 0.7478 0 -0.020484 -0.3478 -0.018798 1.511976 0.3489094
006 2 3 18 -0.021047 0.4 -0.018729 0 0.7478 0 -0.021047 -0.3478 -0.018729 1.51606 0.3489392
006 2 3 18 -0.021608 0.4 -0.018658 0 0.7478 0 -0.021608 -0.3478 -0.018658 1.520655 0.3489697
006 2 3 18 -0.022166 0.4 -0.018585 0 0.7478 0 -0.022166 -0.3478 -0.018585 1.525023 0.3490008
006 2 3 18 -0.022723 0.4 -0.01851 0 0.7478 0 -0.022723 -0.3478 -0.01851 1.529284 0.3490326
006 2 3 18 -0.023277 0.4 -0.018434 0 0.7478 0 -0.023277 -0.3478 -0.018434 1.533609 0.3490651
006 2 3 18 -0.023829 0.4 -0.018355 0 0.7478 0 -0.023829 -0.3478 -0.018355 1.538126 0.3490982
006 2 3 18 -0.024378 0.4 -0.018275 0 0.7478 0 -0.024378 -0.3478 -0.018275 1.542662 0.3491319
006 2 3 18 -0.024925 0.4 -0.018193 0 0.7478 0 -0.024925 -0.3478 -0.018193 1.546885 0.3491662
006 2 3 18 -0.02547 0.4 -0.018109 0 0.7478 0 -0.02547 -0.3478 -0.018109 1.551239 0.3492012
006 2 3 18 -0.026012 0.4 -0.018023 0 0.7478 0 -0.026012 -0.3478 -0.018023 1.555391 0.3492367
006 2 3 18 -0.026551 0.4 -0.017935 0 0.7478 0 -0.026551 -0.3478 -0.017935 1.559553 0.3492727
006 2 3 18 -0.027088 0.4 -0.017846 0 0.7478 0 -0.027088 -0.3478 -0.017846 1.563829 0.3493094
006 2 3 18 -0.027622 0.4 -0.017755 0 0.7478 0 -0.027622 -0.3478 -0.017755 1.568119 0.3493466
006 2 3 18 -0.028153 0.4 -0.017662 0 0.7478 0 -0.028153 -0.3478 -0.017662 1.572313 0.3493843
006 2 3 18 -0.028682 0.4 -0.017567 0 0.7478 0 -0.028682 -0.3478 -0.017567 1.576414 0.3494225
006 2 3 18 -0.029207 0.4 -0.01747 0 0.7478 0 -0.029207 -0.3478 -0.01747 1.580654 0.3494611
006 2 3 18 -0.02973 0.4 -0.017372 0 0.7478 0 -0.02973 -0.3478 -0.017372 1.585016 0.3495003
006 2 3 18 -0.03025 0.4 -0.017272 0 0.7478 0 -0.03025 -0.3478 -0.017272 1.589205 0.34954
006 2 3 18 -0.030766 0.4 -0.017171 0 0.7478 0 -0.030766 -0.3478 -0.017171 1.593336 0.34958
006 2 3 18 -0.03128 0.4 -0.017067 0 0.7478 0 -0.03128 -0.3478 -0.017067 1.597513 0.3496206
006 2 3 18 -0.03179 0.4 -0.016962 0 0.7478 0 -0.03179 -0.3478 -0.016962 1.601906 0.3496615
006 2 3 18 -0.032297 0.4 -0.016855 0 0.7478 0 -0.032297 -0.3478 -0.016855 1.60611 0.3497027
006 2 3 18 -0.032801 0.4 -0.016747 0 0.7478 0 -0.032801 -0.3478 -0.016747 1.610382 0.3497445
006 2 3 18 -0.033302 0.4 -0.016637 0 0.7478 0 -0.033302 -0.3478 -0.016637 1.614485 0.3497865
006 2 3 18 -0.0338 0.4 -0.016525 0 0.7478 0 -0.0338 -0.3478 -0.016525 1.6187 0.349829
006 2 3 18 -0.034294 0.4 -0.016411 0 0.7478 0 -0.034294 -0.3478 -0.016411 1.623106 0.3498717
006 2 3 18 -0.034784 0.4 -0.016296 0 0.7478 0 -0.034784 -0.3478 -0.016296 1.627205 0.3499147
006 2 3 18 -0.035271 0.4 -0.016179 0 0.7478 0 -0.035271 -0.3478 -0.016179 1.631411 0.349958
006 2 3 18 -0.035755 0.4 -0.016061 0 0.7478 0 -0.035755 -0.3478 -0.016061 1.635708 0.3500017
006 2 3 18 -0.036235 0.4 -0.015941 0 0.7478 0 -0.036235 -0.3478 -0.015941 1.639959 0.3500456
006 2 3 18 -0.036711 0.4 -0.015819 0 0.7478 0 -0.036711 -0.3478 -0.015819 1.644232 0.3500897
006 2 3 18 -0.037184 0.4 -0.015696 0 0.7478 0 -0.037184 -0.3478 -0.015696 1.648434 0.350134
006 2 3 18 -0.037653 0.4 -0.015571 0 0.7478 0 -0.037653 -0.3478 -0.015571 1.652697 0.3501786
006 2 3 18 -0.038118 0.4 -0.015445 0 0.7478 0 -0.038118 -0.3478 -0.015445 1.656847 0.3502233
006 2 3 18 -0.03858 0.4 -0.015317 0 0.7478 0 -0.03858 -0.3478 -0.015317 1.661158 0.3502683
006 2 3 18 -0.039038 0.4 -0.015188 0 0.7478 0 -0.039038 -0.3478 -0.015188 1.665281 0.3503134
006 2 3 18 -0.039491 0.4 -0.015057 0 0.7478 0 -0.039491 -0.3478 -0.015057 1.669641 0.3503585
006 2 3 18 -0.039941 0.4 -0.014925 0 0.7478 0 -0.039941 -0.3478 -0.014925 1.673836 0.3504039
006 2 3 18 -0.040387 0.4 -0.014791 0 0.7478 0 -0.040387 -0.3478 -0.014791 1.677904 0.3504493
006 2 3 18 -0.040828 0.4 -0.014655 0 0.7478 0 -0.040828 -0.3478 -0.014655 1.682383 0.3504947
006 2 3 18 -0.041266 0.4 -0.014519 0 0.7478 0 -0.041266 -0.3478 -0.014519 1.686924 0.3505403
006 2 3 18 -0.041699 0.4 -0.01438 0 0.7478 0 -0.041699 -0.3478 -0.01438 1.691147 0.3505858
006 2 3 18 -0.042129 0.4 -0.014241 0 0.7478 0 -0.042129 -0.3478 -0.014241 1.695383 0.3506316
006 2 3 18 -0.042554 0.4 -0.0141 0 0.7478 0 -0.042554 -0.3478 -0.0141 1.700369 0.3506772
006 2 3 18 -0.042975 0.4 -0.013957 0 0.7478 0 -0.042975 -0.3478 -0.013957 1.705458 0.3507228
006 2 3 18 -0.043391 0.4 -0.013813 0 0.7478 0 -0.043391 -0.3478 -0.013813 1.709692 0.3507683
006 2 3 18 -0.043804 0.4 -0.013668 0 0.7478 0 -0.043804 -0.3478 -0.013668 1.714067 0.350814
006 2 3 18 -0.044211 0.4 -0.013521 0 0.7478 0 -0.044211 -0.3478 -0.013521 1.71834 0.3508593
006 2 3 18 -0.044615 0.4 -0.013373 0 0.7478 0 -0.044615 -0.3478 -0.013373 1.722635 0.3509048
006 2 3 18 -0.045014 0.4 -0.013224 0 0.7478 0 -0.045014 -0.3478 -0.013224 1.726803 0.3509501
006 2 3 18 -0.045408 0.4 -0.013073 0 0.7478 0 -0.045408 -0.3478 -0.013073 1.731007 0.3509952
006 2 3 18 -0.045798 0.4 -0.012921 0 0.7478 0 -0.045798 -0.3478 -0.012921 1.735237 0.3510402
006 2 3 18 -0.046183 0.4 -0.012768 0 0.7478 0 -0.046183 -0.3478 -0.012768 1.739424 0.3510851
006 2 3 18 -0.046564 0.4 -0.012613 0 0.7478 0 -0.046564 -0.3478 -0.012613 1.743752 0.3511298
006 2 3 18 -0.04694 0.4 -0.012457 0 0.7478 0 -0.04694 -0.3478 -0.012457 1.747887 0.3511743
006 2 3 18 -0.047312 0.4 -0.0123 0 0.7478 0 -0.047312 -0.3478 -0.0123 1.752214 0.3512187
006 2 3 18 -0.047678 0.4 -0.012142 0 0.7478 0 -0.047678 -0.3478 -0.012142 1.756687 0.3512627
006 2 3 18 -0.04804 0.4 -0.011982 0 0.7478 0 -0.04804 -0.3478 -0.011982 1.760927 0.3513065
006 2 3 18 -0.048397 0.4 -0.011821 0 0.7478 0 -0.048397 -0.3478 -0.011821 1.765215 0.35135
006 2 3 18 -0.048749 0.4 -0.01166 0 0.7478 0 -0.048749 -0.3478 -0.01166 1.769583 0.3513933
006 2 3 18 -0.049097 0.4 -0.011496 0 0.7478 0 -0.049097 -0.3478 -0.011496 1.773729 0.3514363
006 2 3 18 -0.049439 0.4 -0.011332 0 0.7478 0 -0.049439 -0.3478 -0.011332 1.777822 0.351479
006 2 3 18 -0.049777 0.4 -0.011167 0 0.7478 0 -0.049777 -0.3478 -0.011167 1.782471 0.3515214
006 2 3 18 -0.050109 0.4 -0.011 0 0.7478 0 -0.050109 -0.3478 -0.011 1.786983 0.3515633
006 2 3 18 -0.050437 0.4 -0.010833 0 0.7478 0 -0.050437 -0.3478 -0.010833 1.791164 0.351605
006 2 3 18 -0.050759 0.4 -0.010664 0 0.7478 0 -0.050759 -0.3478 -0.010664 1.795271 0.3516462
006 2 3 18 -0.051076 0.4 -0.010494 0 0.7478 0 -0.051076 -0.3478 -0.010494 1.799561 0.351687
006 2 3 18 -0.051389 0.4 -0.010324 0 0.7478 0 -0.051389 -0.3478 -0.010324 1.804186 0.3517275
006 2 3 18 -0.051696 0.4 -0.010152 0 0.7478 0 -0.051696 -0.3478 -0.010152 1.808519 0.3517675
006 2 3 18 -0.051998 0.4 -0.009979 0 0.7478 0 -0.051998 -0.3478 -0.009979 1.812889 0.3518071
006 2 3 18 -0.052295 0.4 -0.009805 0 0.7478 0 -0.052295 -0.3478 -0.009805 1.817263 0.3518462
006 2 3 18 -0.052586 0.4 -0.00963 0 0.7478 0 -0.052586 -0.3478 -0.00963 1.821712 0.3518847
006 2 3 18 -0.052872 0.4 -0.009455 0 0.7478 0 -0.052872 -0.3478 -0.009455 1.825882 0.3519228
006 2 3 18 -0.053153 0.4 -0.009278 0 0.7478 0 -0.053153 -0.3478 -0.009278 1.830441 0.3519605
006 2 3 18 -0.053429 0.4 -0.0091 0 0.7478 0 -0.053429 -0.3478 -0.0091 1.835054 0.3519976
006 2 3 18 -0.053699 0.4 -0.008922 0 0.7478 0 -0.053699 -0.3478 -0.008922 1.839355 0.3520341
006 2 3 18 -0.053964 0.4 -0.008742 0 0.7478 0 -0.053964 -0.3478 -0.008742 1.843626 0.3520701
006 2 3 18 -0.054224 0.4 -0.008562 0 0.7478 0 -0.054224 -0.3478 -0.008562 1.847826 0.3521056
006 2 3 18 -0.054478 0.4 -0.008381 0 0.7478 0 -0.054478 -0.3478 -0.008381 1.852283 0.3521405
006 2 3 18 -0.054727 0.4 -0.008199 0 0.7478 0 -0.054727 -0.3478 -0.008199 1.856436 0.3521748
006 2 3 18 -0.05497 0.4 -0.008016 0 0.7478 0 -0.05497 -0.3478 -0.008016 1.860651 0.3522084
006 2 3 18 -0.055208 0.4 -0.007832 0 0.7478 0 -0.055208 -0.3478 -0.007832 1.86499 0.3522415
006 2 3 18 -0.05544 0.4 -0.007648 0 0.7478 0 -0.05544 -0.3478 -0.007648 1.869314 0.3522739
006 2 3 18 -0.055667 0.4 -0.007463 0 0.7478 0 -0.055667 -0.3478 -0.007463 1.873413 0.3523057
006 2 3 18 -0.055888 0.4 -0.007277 0 0.7478 0 -0.055888 -0.3478 -0.007277 1.87756 0.3523369
006 2 3 18 -0.056103 0.4 -0.00709 0 0.7478 0 -0.056103 -0.3478 -0.00709 1.881903 0.3523672
006 2 3 18 -0.056313 0.4 -0.006903 0 0.7478 0 -0.056313 -0.3478 -0.006903 1.886309 0.352397
006 2 3 18 -0.056517 0.4 -0.006715 0 0.7478 0 -0.056517 -0.3478 -0.006715 1.890469 0.352426
006 2 3 18 -0.056716 0.4 -0.006526 0 0.7478 0 -0.056716 -0.3478 -0.006526 1.895224 0.3524544
006 2 3 18 -0.056909 0.4 -0.006337 0 0.7478 0 -0.056909 -0.3478 -0.006337 1.899345 0.3524821
006 2 3 18 -0.057096 0.4 -0.006147 0 0.7478 0 -0.057096 -0.3478 -0.006147 1.904154 0.352509
006 2 3 18 -0.057278 0.4 -0.005956 0 0.7478 0 -0.057278 -0.3478 -0.005956 1.90834 0.3525352
006 2 3 18 -0.057453 0.4 -0.005765 0 0.7478 0 -0.057453 -0.3478 -0.005765 1.912477 0.3525605
006 2 3 18 -0.057624 0.4 -0.005573 0 0.7478 0 -0.057624 -0.3478 -0.005573 1.916641 0.3525853
006 2 3 18 -0.057788 0.4 -0.005381 0 0.7478 0 -0.057788 -0.3478 -0.005381 1.921013 0.3526092
006 2 3 18 -0.057946 0.4 -0.005188 0 0.7478 0 -0.057946 -0.3478 -0.005188 1.925327 0.3526322
006 2 3 18 -0.058099 0.4 -0.004994 0 0.7478 0 -0.058099 -0.3478 -0.004994 1.929571 0.3526546
006 2 3 18 -0.058246 0.4 -0.0048 0 0.7478 0 -0.058246 -0.3478 -0.0048 1.933815 0.3526762
006 2 3 18 -0.058387 0.4 -0.004606 0 0.7478 0 -0.058387 -0.3478 -0.004606 1.937986 0.3526969
006 2 3 18 -0.058522 0.4 -0.004411 0 0.7478 0 -0.058522 -0.3478 -0.004411 1.942417 0.3527167
006 2 3 18 -0.058652 0.4 -0.004216 0 0.7478 0 -0.058652 -0.3478 -0.004216 1.946646 0.352736
006 2 3 18 -0.058775 0.4 -0.00402 0 0.7478 0 -0.058775 -0.3478 -0.00402 1.950928 0.3527541
006 2 3 18 -0.058893 0.4 -0.003824 0 0.7478 0 -0.058893 -0.3478 -0.003824 1.955177 0.3527716
006 2 3 18 -0.059005 0.4 -0.003628 0 0.7478 0 -0.059005 -0.3478 -0.003628 1.959332 0.3527883
006 2 3 18 -0.059111 0.4 -0.003431 0 0.7478 0 -0.059111 -0.3478 -0.003431 1.96357 0.3528041
006 2 3 18 -0.059211 0.4 -0.003234 0 0.7478 0 -0.059211 -0.3478 -0.003234 1.967936 0.352819
006 2 3 18 -0.059305 0.4 -0.003036 0 0.7478 0 -0.059305 -0.3478 -0.003036 1.972254 0.352833
006 2 3 18 -0.059393 0.4 -0.002838 0 0.7478 0 -0.059393 -0.3478 -0.002838 1.976791 0.3528462
006 2 3 18 -0.059475 0.4 -0.00264 0 0.7478 0 -0.059475 -0.3478 -0.00264 1.981731 0.3528584
006 2 3 18 -0.059551 0.4 -0.002442 0 0.7478 0 -0.059551 -0.3478 -0.002442 1.986197 0.3528698
006 2 3 18 -0.059621 0.4 -0.002243 0 0.7478 0 -0.059621 -0.3478 -0.002243 1.990543 0.3528803
006 2 3 18 -0.059686 0.4 -0.002044 0 0.7478 0 -0.059686 -0.3478 -0.002044 1.99482 0.3528901
006 2 3 18 -0.059744 0.4 -0.001845 0 0.7478 0 -0.059744 -0.3478 -0.001845 1.998974 0.3528988
006 2 3 18 -0.059796 0.4 -0.001646 0 0.7478 0 -0.059796 -0.3478 -0.001646 2.003645 0.3529066
006 2 3 18 -0.059843 0.4 -0.001447 0 0.7478 0 -0.059843 -0.3478 -0.001447 2.007772 0.3529137
006 2 3 18 -0.059883 0.4 -0.001247 0 0.7478 0 -0.059883 -0.3478 -0.001247 2.012003 0.3529198
006 2 3 18 -0.059918 0.4 -0.001047 0 0.7478 0 -0.059918 -0.3478 -0.001047 2.016109 0.3529251
006 2 3 18 -0.059946 0.4 -0.000848 0 0.7478 0 -0.059946 -0.3478 -0.000848 2.020559 0.3529293
006 2 3 18 -0.059969 0.4 -0.000648 0 0.7478 0 -0.059969 -0.3478 -0.000648 2.024805 0.3529328
006 2 3 18 -0.059985 0.4 -0.000448 0 0.7478 0 -0.059985 -0.3478 -0.000448 2.028919 0.3529352
006 2 3 18 -0.059995 0.4 -0.000248 0 0.7478 0 -0.059995 -0.3478 -0.000248 2.03303 0.3529367
006 2 3 18 -0.06 0.4 -4.8E-05 0 0.7478 0 -0.06 -0.3478 -4.8E-05 2.037374 0.3529374
006 2 3 18 -0.059998 0.4 0.000152 0 0.7478 0 -0.059998 -0.3478 0.000152 2.041882 0.3529371
006 2 3 18 -0.059991 0.4 0.000352 0 0.7478 0 -0.059991 -0.3478 0.000352 2.046061 0.3529361
006 2 3 18 -0.059977 0.4 0.000552 0 0.7478 0 -0.059977 -0.3478 0.000552 2.050285 0.3529339
006 2 3 18 -0.059958 0.4 0.000752 0 0.7478 0 -0.059958 -0.3478 0.000752 2.054527 0.3529311
006 2 3 18 -0.059932 0.4 0.000952 0 0.7478 0 -0.059932 -0.3478 0.000952 2.058689 0.3529272
006 2 3 18 -0.0599 0.4 0.001152 0 0.7478 0 -0.0599 -0.3478 0.001152 2.063063 0.3529223
006 2 3 18 -0.059863 0.4 0.001351 0 0.7478 0 -0.059863 -0.3478 0.001351 2.06732 0.3529167
006 2 3 18 -0.059819 0.4 0.001551 0 0.7478 0 -0.059819 -0.3478 0.001551 2.071751 0.3529101
006 2 3 18 -0.05977 0.4 0.00175 0 0.7478 0 -0.05977 -0.3478 0.00175 2.075893 0.3529027
006 2 3 18 -0.059714 0.4 0.001949 0 0.7478 0 -0.059714 -0.3478 0.001949 2.080082 0.3528943
006 2 3 18 -0.059653 0.4 0.002148 0 0.7478 0 -0.059653 -0.3478 0.002148 2.084448 0.3528852
006 2 3 18 -0.059586 0.4 0.002347 0 0.7478 0 -0.059586 -0.3478 0.002347 2.088762 0.3528751
006 2 3 18 -0.059512 0.4 0.002545 0 0.7478 0 -0.059512 -0.3478 0.002545 2.093126 0.352864
006 2 3 18 -0.059433 0.4 0.002744 0 0.7478 0 -0.059433 -0.3478 0.002744 2.097231 0.3528522
006 2 3 18 -0.059348 0.4 0.002942 0 0.7478 0 -0.059348 -0.3478 0.002942 2.101618 0.3528394
006 2 3 18 -0.059256 0.4 0.003139 0 0.7478 0 -0.059256 -0.3478 0.003139 2.105831 0.3528257
006 2 3 18 -0.059159 0.4 0.003337 0 0.7478 0 -0.059159 -0.3478 0.003337 2.110062 0.3528112
006 2 3 18 -0.059056 0.4 0.003534 0 0.7478 0 -0.059056 -0.3478 0.003534 2.114244 0.3527959
006 2 3 18 -0.058947 0.4 0.00373 0 0.7478 0 -0.058947 -0.3478 0.00373 2.118525 0.3527797
006 2 3 18 -0.058832 0.4 0.003927 0 0.7478 0 -0.058832 -0.3478 0.003927 2.122873 0.3527626
006 2 3 18 -0.058712 0.4 0.004122 0 0.7478 0 -0.058712 -0.3478 0.004122 2.126972 0.3527448
006 2 3 18 -0.058585 0.4 0.004318 0 0.7478 0 -0.058585 -0.3478 0.004318 2.131588 0.3527261
006 2 3 18 -0.058452 0.4 0.004513 0 0.7478 0 -0.058452 -0.3478 0.004513 2.135918 0.3527064
006 2 3 18 -0.058314 0.4 0.004708 0 0.7478 0 -0.058314 -0.3478 0.004708 2.140192 0.3526861
006 2 3 18 -0.05817 0.4 0.004902 0 0.7478 0 -0.05817 -0.3478 0.004902 2.144451 0.352665
006 2 3 18 -0.05802 0.4 0.005095 0 0.7478 0 -0.05802 -0.3478 0.005095 2.148563 0.352643
006 2 3 18 -0.057864 0.4 0.005289 0 0.7478 0 -0.057864 -0.3478 0.005289 2.152929 0.3526203
006 2 3 18 -0.057703 0.4 0.005481 0 0.7478 0 -0.057703 -0.3478 0.005481 2.157059 0.3525968
006 2 3 18 -0.057535 0.4 0.005673 0 0.7478 0 -0.057535 -0.3478 0.005673 2.161415 0.3525724
006 2 3 18 -0.057362 0.4 0.005865 0 0.7478 0 -0.057362 -0.3478 0.005865 2.165504 0.3525473
006 2 3 18 -0.057184 0.4 0.006056 0 0.7478 0 -0.057184 -0.3478 0.006056 2.170034 0.3525217
006 2 3 18 -0.056999 0.4 0.006246 0 0.7478 0 -0.056999 -0.3478 0.006246 2.181078 0.352495
006 2 3 18 -0.056809 0.4 0.006436 0 0.7478 0 -0.056809 -0.3478 0.006436 2.186119 0.3524677
006 2 3 18 -0.056613 0.4 0.006625 0 0.7478 0 -0.056613 -0.3478 0.006625 2.190994 0.3524397
006 2 3 18 -0.056411 0.4 0.006813 0 0.7478 0 -0.056411 -0.3478 0.006813 2.195211 0.3524109
006 2 3 18 -0.056204 0.4 0.007001 0 0.7478 0 -0.056204 -0.3478 0.007001 2.200552 0.3523815
006 2 3 18 -0.055991 0.4 0.007188 0 0.7478 0 -0.055991 -0.3478 0.007188 2.205269 0.3523514
006 2 3 18 -0.055773 0.4 0.007374 0 0.7478 0 -0.055773 -0.3478 0.007374 2.209496 0.3523206
006 2 3 18 -0.055549 0.4 0.00756 0 0.7478 0 -0.055549 -0.3478 0.00756 2.21373 0.3522892
006 2 3 18 -0.055319 0.4 0.007744 0 0.7478 0 -0.055319 -0.3478 0.007744 2.217943 0.352257
006 2 3 18 -0.055084 0.4 0.007928 0 0.7478 0 -0.055084 -0.3478 0.007928 2.222372 0.3522243
006 2 3 18 -0.054844 0.4 0.008112 0 0.7478 0 -0.054844 -0.3478 0.008112 2.226444 0.352191
006 2 3 18 -0.054598 0.4 0.008294 0 0.7478 0 -0.054598 -0.3478 0.008294 2.230616 0.352157
006 2 3 18 -0.054346 0.4 0.008476 0 0.7478 0 -0.054346 -0.3478 0.008476 2.234848 0.3521224
006 2 3 18 -0.054089 0.4 0.008656 0 0.7478 0 -0.054089 -0.3478 0.008656 2.239029 0.3520872
006 2 3 18 -0.053827 0.4 0.008836 0 0.7478 0 -0.053827 -0.3478 0.008836 2.243355 0.3520515
006 2 3 18 -0.053559 0.4 0.009015 0 0.7478 0 -0.053559 -0.3478 0.009015 2.247524 0.3520151
006 2 3 18 -0.053286 0.4 0.009193 0 0.7478 0 -0.053286 -0.3478 0.009193 2.252058 0.3519783
006 2 3 18 -0.053007 0.4 0.00937 0 0.7478 0 -0.053007 -0.3478 0.00937 2.256241 0.3519409
006 2 3 18 -0.052724 0.4 0.009547 0 0.7478 0 -0.052724 -0.3478 0.009547 2.260502 0.3519031
006 2 3 18 -0.052434 0.4 0.009722 0 0.7478 0 -0.052434 -0.3478 0.009722 2.264826 0.3518646
006 2 3 18 -0.05214 0.4 0.009896 0 0.7478 0 -0.05214 -0.3478 0.009896 2.269217 0.3518257
006 2 3 18 -0.051841 0.4 0.010069 0 0.7478 0 -0.051841 -0.3478 0.010069 2.273388 0.3517864
006 2 3 18 -0.051536 0.4 0.010242 0 0.7478 0 -0.051536 -0.3478 0.010242 2.277813 0.3517466
006 2 3 18 -0.051226 0.4 0.010413 0 0.7478 0 -0.051226 -0.3478 0.010413 2.282757 0.3517064
006 2 3 18 -0.050911 0.4 0.010583 0 0.7478 0 -0.050911 -0.3478 0.010583 2.287628 0.3516657
006 2 3 18 -0.050591 0.4 0.010752 0 0.7478 0 -0.050591 -0.3478 0.010752 2.291927 0.3516246
006 2 3 18 -0.050266 0.4 0.01092 0 0.7478 0 -0.050266 -0.3478 0.01092 2.296093 0.3515832
006 2 3 18 -0.049936 0.4 0.011087 0 0.7478 0 -0.049936 -0.3478 0.011087 2.300516 0.3515414
006 2 3 18 -0.049601 0.4 0.011253 0 0.7478 0 -0.049601 -0.3478 0.011253 2.304909 0.3514992
006 2 3 18 -0.049261 0.4 0.011418 0 0.7478 0 -0.049261 -0.3478 0.011418 2.309053 0.3514568
006 2 3 18 -0.048916 0.4 0.011582 0 0.7478 0 -0.048916 -0.3478 0.011582 2.31321 0.3514139
006 2 3 18 -0.048566 0.4 0.011744 0 0.7478 0 -0.048566 -0.3478 0.011744 2.317663 0.3513708
006 2 3 18 -0.048211 0.4 0.011906 0 0.7478 0 -0.048211 -0.3478 0.011906 2.321987 0.3513273
006 2 3 18 -0.047852 0.4 0.012066 0 0.7478 0 -0.047852 -0.3478 0.012066 2.326122 0.3512837
006 2 3 18 -0.047487 0.4 0.012225 0 0.7478 0 -0.047487 -0.3478 0.012225 2.330263 0.3512397
006 2 3 18 -0.047118 0.4 0.012382 0 0.7478 0 -0.047118 -0.3478 0.012382 2.334631 0.3511955
006 2 3 18 -0.046744 0.4 0.012539 0 0.7478 0 -0.046744 -0.3478 0.012539 2.338881 0.351151
006 2 3 18 -0.046366 0.4 0.012694 0 0.7478 0 -0.046366 -0.3478 0.012694 2.343121 0.3511065
006 2 3 18 -0.045983 0.4 0.012848 0 0.7478 0 -0.045983 -0.3478 0.012848 2.347536 0.3510617
006 2 3 18 -0.045595 0.4 0.013 0 0.7478 0 -0.045595 -0.3478 0.013 2.351919 0.3510167
006 2 3 18 -0.045203 0.4 0.013152 0 0.7478 0 -0.045203 -0.3478 0.013152 2.356302 0.3509717
006 2 3 18 -0.044806 0.4 0.013302 0 0.7478 0 -0.044806 -0.3478 0.013302 2.360542 0.3509264
006 2 3 18 -0.044405 0.4 0.01345 0 0.7478 0 -0.044405 -0.3478 0.01345 2.364977 0.3508811
006 2 3 18 -0.043999 0.4 0.013598 0 0.7478 0 -0.043999 -0.3478 0.013598 2.369406 0.3508357
006 2 3 18 -0.043589 0.4 0.013744 0 0.7478 0 -0.043589 -0.3478 0.013744 2.373526 0.3507901
006 2 3 18 -0.043174 0.4 0.013888 0 0.7478 0 -0.043174 -0.3478 0.013888 2.377583 0.3507445
006 2 3 18 -0.042755 0.4 0.014032 0 0.7478 0 -0.042755 -0.3478 0.014032 2.381857 0.3506989
006 2 3 18 -0.042332 0.4 0.014173 0 0.7478 0 -0.042332 -0.3478 0.014173 2.386312 0.3506533
006 2 3 18 -0.041905 0.4 0.014314 0 0.7478 0 -0.041905 -0.3478 0.014314 2.390533 0.3506077
006 2 3 18 -0.041474 0.4 0.014453 0 0.7478 0 -0.041474 -0.3478 0.014453 2.394661 0.3505621
006 2 3 18 -0.041038 0.4 0.01459 0 0.7478 0 -0.041038 -0.3478 0.01459 2.398779 0.3505165
006 2 3 18 -0.040598 0.4 0.014726 0 0.7478 0 -0.040598 -0.3478 0.014726 2.403379 0.350471
006 2 3 18 -0.040154 0.4 0.014861 0 0.7478 0 -0.040154 -0.3478 0.014861 2.40769 0.3504255
006 2 3 18 -0.039707 0.4 0.014994 0 0.7478 0 -0.039707 -0.3478 0.014994 2.411892 0.3503802
006 2 3 18 -0.039255 0.4 0.015126 0 0.7478 0 -0.039255 -0.3478 0.015126 2.416101 0.350335
006 2 3 18 -0.038799 0.4 0.015256 0 0.7478 0 -0.038799 -0.3478 0.015256 2.420494 0.3502898
006 2 3 18 -0.038339 0.4 0.015384 0 0.7478 0 -0.038339 -0.3478 0.015384 2.424786 0.3502447
006 2 3 18 -0.037876 0.4 0.015511 0 0.7478 0 -0.037876 -0.3478 0.015511 2.428978 0.3502
006 2 3 18 -0.037409 0.4 0.015637 0 0.7478 0 -0.037409 -0.3478 0.015637 2.433138 0.3501554
006 2 3 18 -0.036938 0.4 0.015761 0 0.7478 0 -0.036938 -0.3478 0.015761 2.437431 0.3501109
006 2 3 18 -0.036463 0.4 0.015883 0 0.7478 0 -0.036463 -0.3478 0.015883 2.441757 0.3500666
006 2 3 18 -0.035985 0.4 0.016004 0 0.7478 0 -0.035985 -0.3478 0.016004 2.446131 0.3500227
006 2 3 18 -0.035503 0.4 0.016123 0 0.7478 0 -0.035503 -0.3478 0.016123 2.450375 0.3499789
006 2 3 18 -0.035017 0.4 0.01624 0 0.7478 0 -0.035017 -0.3478 0.01624 2.454729 0.3499354
006 2 3 18 -0.034529 0.4 0.016356 0 0.7478 0 -0.034529 -0.3478 0.016356 2.458885 0.3498923
006 2 3 18 -0.034036 0.4 0.016471 0 0.7478 0 -0.034036 -0.3478 0.016471 2.463219 0.3498494
006 2 3 18 -0.03354 0.4 0.016583 0 0.7478 0 -0.03354 -0.3478 0.016583 2.467709 0.3498068
006 2 3 18 -0.033041 0.4 0.016694 0 0.7478 0 -0.033041 -0.3478 0.016694 2.472105 0.3497645
006 2 3 18 -0.032539 0.4 0.016804 0 0.7478 0 -0.032539 -0.3478 0.016804 2.476231 0.3497227
006 2 3 18 -0.032033 0.4 0.016911 0 0.7478 0 -0.032033 -0.3478 0.016911 2.480366 0.3496812
006 2 3 18 -0.031524 0.4 0.017017 0 0.7478 0 -0.031524 -0.3478 0.017017 2.48477 0.3496401
006 2 3 18 -0.031012 0.4 0.017121 0 0.7478 0 -0.031012 -0.3478 0.017121 2.489023 0.3495994
006 2 3 18 -0.030497 0.4 0.017224 0 0.7478 0 -0.030497 -0.3478 0.017224 2.493185 0.3495591
006 2 3 18 -0.029979 0.4 0.017325 0 0.7478 0 -0.029979 -0.3478 0.017325 2.497276 0.3495193
006 2 3 18 -0.029457 0.4 0.017424 0 0.7478 0 -0.029457 -0.3478 0.017424 2.50169 0.3494798
006 2 3 18 -0.028933 0.4 0.017521 0 0.7478 0 -0.028933 -0.3478 0.017521 2.505905 0.3494409
006 2 3 18 -0.028406 0.4 0.017617 0 0.7478 0 -0.028406 -0.3478 0.017617 2.510094 0.3494025
006 2 3 18 -0.027876 0.4 0.01771 0 0.7478 0 -0.027876 -0.3478 0.01771 2.514454 0.3493645
006 2 3 18 -0.027343 0.4 0.017802 0 0.7478 0 -0.027343 -0.3478 0.017802 2.518755 0.349327
006 2 3 18 -0.026808 0.4 0.017893 0 0.7478 0 -0.026808 -0.3478 0.017893 2.523136 0.3492902
006 2 3 18 -0.02627 0.4 0.017981 0 0.7478 0 -0.02627 -0.3478 0.017981 2.527283 0.3492539
006 2 3 18 -0.025729 0.4 0.018068 0 0.7478 0 -0.025729 -0.3478 0.018068 2.531458 0.3492181
006 2 3 18 -0.025186 0.4 0.018153 0 0.7478 0 -0.025186 -0.3478 0.018153 2.535715 0.3491829
006 2 3 18 -0.02464 0.4 0.018236 0 0.7478 0 -0.02464 -0.3478 0.018236 2.539961 0.3491483
006 2 3 18 -0.024092 0.4 0.018317 0 0.7478 0 -0.024092 -0.3478 0.018317 2.544329 0.3491143
006 2 3 18 -0.023541 0.4 0.018396 0 0.7478 0 -0.023541 -0.3478 0.018396 2.548492 0.3490808
006 2 3 18 -0.022988 0.4 0.018474 0 0.7478 0 -0.022988 -0.3478 0.018474 2.55328 0.3490481
006 2 3 18 -0.022433 0.4 0.01855 0 0.7478 0 -0.022433 -0.3478 0.01855 2.557407 0.349016
006 2 3 18 -0.021875 0.4 0.018623 0 0.7478 0 -0.021875 -0.3478 0.018623 2.561728 0.3489845
006 2 3 18 -0.021315 0.4 0.018695 0 0.7478 0 -0.021315 -0.3478 0.018695 2.565811 0.3489537
006 2 3 18 -0.020753 0.4 0.018766 0 0.7478 0 -0.020753 -0.3478 0.018766 2.57023 0.3489236
006 2 3 18 -0.020189 0.4 0.018834 0 0.7478 0 -0.020189 -0.3478 0.018834 2.574621 0.3488942
006 2 3 18 -0.019623 0.4 0.0189 0 0.7478 0 -0.019623 -0.3478 0.0189 2.578939 0.3488654
006 2 3 18 -0.019055 0.4 0.018965 0 0.7478 0 -0.019055 -0.3478 0.018965 2.583441 0.3488375
006 2 3 18 -0.018485 0.4 0.019027 0 0.7478 0 -0.018485 -0.3478 0.019027 2.587719 0.3488102
006 2 3 18 -0.017914 0.4 0.019088 0 0.7478 0 -0.017914 -0.3478 0.019088 2.591902 0.3487837
006 2 3 18 -0.01734 0.4 0.019147 0 0.7478 0 -0.01734 -0.3478 0.019147 2.596148 0.348758
006 2 3 18 -0.016765 0.4 0.019203 0 0.7478 0 -0.016765 -0.3478 0.019203 2.600548 0.3487329
006 2 3 18 -0.016188 0.4 0.019258 0 0.7478 0 -0.016188 -0.3478 0.019258 2.604904 0.3487087
006 2 3 18 -0.015609 0.4 0.019311 0 0.7478 0 -0.015609 -0.3478 0.019311 2.609043 0.3486852
006 2 3 18 -0.015029 0.4 0.019362 0 0.7478 0 -0.015029 -0.3478 0.019362 2.613508 0.3486626
006 2 3 18 -0.014448 0.4 0.019412 0 0.7478 0 -0.014448 -0.3478 0.019412 2.61768 0.3486408
006 2 3 18 -0.013865 0.4 0.019459 0 0.7478 0 -0.013865 -0.3478 0.019459 2.622063 0.3486197
006 2 3 18 -0.01328 0.4 0.019504 0 0.7478 0 -0.01328 -0.3478 0.019504 2.626291 0.3485995
006 2 3 18 -0.012694 0.4 0.019547 0 0.7478 0 -0.012694 -0.3478 0.019547 2.630453 0.3485801
006 2 3 18 -0.012107 0.4 0.019589 0 0.7478 0 -0.012107 -0.3478 0.019589 2.634674 0.3485615
006 2 3 18 -0.011519 0.4 0.019628 0 0.7478 0 -0.011519 -0.3478 0.019628 2.638973 0.3485438
006 2 3 18 -0.01093 0.4 0.019665 0 0.7478 0 -0.01093 -0.3478 0.019665 2.643333 0.3485269
006 2 3 18 -0.010339 0.4 0.019701 0 0.7478 0 -0.010339 -0.3478 0.019701 2.647507 0.3485109
006 2 3 18 -0.009748 0.4 0.019734 0 0.7478 0 -0.009748 -0.3478 0.019734 2.651733 0.3484958
006 2 3 18 -0.009155 0.4 0.019766 0 0.7478 0 -0.009155 -0.3478 0.019766 2.655951 0.3484815
006 2 3 18 -0.008562 0.4 0.019795 0 0.7478 0 -0.008562 -0.3478 0.019795 2.660187 0.348468
006 2 3 18 -0.007968 0.4 0.019823 0 0.7478 0 -0.007968 -0.3478 0.019823 2.664516 0.3484555
006 2 3 18 -0.007372 0.4 0.019848 0 0.7478 0 -0.007372 -0.3478 0.019848 2.668808 0.3484439
006 2 3 18 -0.006777 0.4 0.019872 0 0.7478 0 -0.006777 -0.3478 0.019872 2.673027 0.3484331
006 2 3 18 -0.00618 0.4 0.019894 0 0.7478 0 -0.00618 -0.3478 0.019894 2.677187 0.3484233
006 2 3 18 -0.005583 0.4 0.019913 0 0.7478 0 -0.005583 -0.3478 0.019913 2.681517 0.3484143
006 2 3 18 -0.004985 0.4 0.019931 0 0.7478 0 -0.004985 -0.3478 0.019931 2.685806 0.3484063
006 2 3 18 -0.004387 0.4 0.019946 0 0.7478 0 -0.004387 -0.3478 0.019946 2.690022 0.3483991
006 2 3 18 -0.003789 0.4 0.01996 0 0.7478 0 -0.003789 -0.3478 0.01996 2.694176 0.3483929
006 2 3 18 -0.00319 0.4 0.019972 0 0.7478 0 -0.00319 -0.3478 0.019972 2.698643 0.3483875
006 2 3 18 -0.00259 0.4 0.019981 0 0.7478 0 -0.00259 -0.3478 0.019981 2.704126 0.3483831
006 2 3 18 -0.001991 0.4 0.019989 0 0.7478 0 -0.001991 -0.3478 0.019989 2.709333 0.3483796
006 2 3 18 -0.001391 0.4 0.019995 0 0.7478 0 -0.001391 -0.3478 0.019995 2.71401 0.348377
006 2 3 18 -0.000791 0.4 0.019998 0 0.7478 0 -0.000791 -0.3478 0.019998 2.718878 0.3483754
006 2 3 18 -0.000191 0.4 0.02 0 0.7478 0 -0.000191 -0.3478 0.02 2.72323 0.3483746
006 2 3 18 0 0.4 0.02 0 0.7478 0 0 -0.3478 0.02 2.727583 0.3483745
