006 2 7 11 0 0.42 0 0 0.7478 0 0 -0.3278 0 0 0.3278
006 2 7 11 0 0.419999 0.0004 0 0.7478 0 0 -0.327801 0.0004 0.004211426 0.3278012
006 2 7 11 0 0.419996 0.0008 0 0.7478 0 0 -0.327804 0.0008 0.008937836 0.327805
006 2 7 11 0 0.419991 0.0012 0 0.7478 0 0 -0.327809 0.0012 0.01393127 0.3278112
006 2 7 11 0 0.419984 0.0016 0 0.7478 0 0 -0.327816 0.0016 0.01826859 0.3278199
006 2 7 11 0 0.419975 0.001999 0 0.7478 0 0 -0.327825 0.001999 0.02256775 0.3278311
006 2 7 11 0 0.419964 0.002399 0 0.7478 0 0 -0.327836 0.002399 0.02682877 0.3278447
006 2 7 11 0 0.419951 0.002798 0 0.7478 0 0 -0.327849 0.002798 0.03132248 0.3278609
006 2 7 11 0 0.419936 0.003197 0 0.7478 0 0 -0.327864 0.003197 0.03565979 0.3278796
006 2 7 11 0 0.419919 0.003595 0 0.7478 0 0 -0.327881 0.003595 0.04001617 0.3279007
006 2 7 11 0 0.4199 0.003993 0 0.7478 0 0 -0.3279 0.003993 0.04424667 0.3279243
006 2 7 11 0 0.419879 0.004391 0 0.7478 0 0 -0.327921 0.004391 0.04886627 0.3279504
006 2 7 11 0 0.419856 0.004788 0 0.7478 0 0 -0.327944 0.004788 0.0531044 0.3279789
006 2 7 11 0 0.419831 0.005185 0 0.7478 0 0 -0.327969 0.005185 0.05740356 0.32801
006 2 7 11 0 0.419804 0.005582 0 0.7478 0 0 -0.327996 0.005582 0.06160736 0.3280435
006 2 7 11 0 0.419775 0.005978 0 0.7478 0 0 -0.328025 0.005978 0.06602097 0.3280795
006 2 7 11 0 0.419745 0.006373 0 0.7478 0 0 -0.328055 0.006373 0.07129288 0.3281169
006 2 7 11 0 0.419712 0.006767 0 0.7478 0 0 -0.328088 0.006767 0.07600403 0.3281578
006 2 7 11 0 0.419677 0.007161 0 0.7478 0 0 -0.328123 0.007161 0.08126068 0.3282011
006 2 7 11 0 0.41964 0.007554 0 0.7478 0 0 -0.32816 0.007554 0.08646393 0.3282469
006 2 7 11 0 0.419601 0.007947 0 0.7478 0 0 -0.328199 0.007947 0.09080887 0.3282952
006 2 7 11 0 0.419561 0.008338 0 0.7478 0 0 -0.328239 0.008338 0.09500504 0.3283449
006 2 7 11 0 0.419518 0.008729 0 0.7478 0 0 -0.328282 0.008729 0.09988403 0.328398
006 2 7 11 0 0.419473 0.009119 0 0.7478 0 0 -0.328327 0.009119 0.1042557 0.3284536
006 2 7 11 0 0.419427 0.009508 0 0.7478 0 0 -0.328373 0.009508 0.1085815 0.3285106
006 2 7 11 0 0.419378 0.009896 0 0.7478 0 0 -0.328422 0.009896 0.1132278 0.3285711
006 2 7 11 0 0.419328 0.010283 0 0.7478 0 0 -0.328472 0.010283 0.1176186 0.3286329
006 2 7 11 0 0.419275 0.010669 0 0.7478 0 0 -0.328525 0.010669 0.1218681 0.3286982
006 2 7 11 0 0.419221 0.011054 0 0.7478 0 0 -0.328579 0.011054 0.1261063 0.3287649
006 2 7 11 0 0.419165 0.011438 0 0.7478 0 0 -0.328635 0.011438 0.1304932 0.328834
006 2 7 11 0 0.419107 0.011821 0 0.7478 0 0 -0.328693 0.011821 0.1347466 0.3289055
006 2 7 11 0 0.419047 0.012202 0 0.7478 0 0 -0.328753 0.012202 0.138958 0.3289793
006 2 7 11 0 0.418985 0.012583 0 0.7478 0 0 -0.328815 0.012583 0.1432152 0.3290557
006 2 7 11 0 0.418921 0.012962 0 0.7478 0 0 -0.328879 0.012962 0.1477203 0.3291343
006 2 7 11 0 0.418855 0.013339 0 0.7478 0 0 -0.328945 0.013339 0.151989 0.3292153
006 2 7 11 0 0.418787 0.013716 0 0.7478 0 0 -0.329013 0.013716 0.1561852 0.3292988
006 2 7 11 0 0.418718 0.014091 0 0.7478 0 0 -0.329082 0.014091 0.161335 0.3293835
006 2 7 11 0 0.418647 0.014465 0 0.7478 0 0 -0.329153 0.014465 0.1658211 0.3294707
006 2 7 11 0 0.418573 0.014837 0 0.7478 0 0 -0.329227 0.014837 0.1706924 0.3295611
006 2 7 11 0 0.418498 0.015208 0 0.7478 0 0 -0.329302 0.015208 0.1749611 0.329653
006 2 7 11 0 0.418421 0.015577 0 0.7478 0 0 -0.329379 0.015577 0.1792068 0.3297471
006 2 7 11 0 0.418342 0.015944 0 0.7478 0 0 -0.329458 0.015944 0.1836243 0.3298436
006 2 7 11 0 0.418262 0.01631 0 0.7478 0 0 -0.329538 0.01631 0.1879616 0.3299414
006 2 7 11 0 0.418179 0.016675 0 0.7478 0 0 -0.329621 0.016675 0.1921654 0.3300425
006 2 7 11 0 0.418095 0.017038 0 0.7478 0 0 -0.329705 0.017038 0.1965714 0.3301449
006 2 7 11 0 0.418009 0.017399 0 0.7478 0 0 -0.329791 0.017399 0.2007828 0.3302496
006 2 7 11 0 0.417921 0.017758 0 0.7478 0 0 -0.329879 0.017758 0.2049332 0.3303566
006 2 7 11 0 0.417831 0.018115 0 0.7478 0 0 -0.329969 0.018115 0.2092476 0.3304659
006 2 7 11 0 0.41774 0.018471 0 0.7478 0 0 -0.33006 0.018471 0.2145386 0.3305764
006 2 7 11 0 0.417647 0.018825 0 0.7478 0 0 -0.330153 0.018825 0.2189751 0.3306893
006 2 7 11 0 0.417552 0.019177 0 0.7478 0 0 -0.330248 0.019177 0.2231483 0.3308043
006 2 7 11 0 0.417455 0.019527 0 0.7478 0 0 -0.330345 0.019527 0.2274399 0.3309216
006 2 7 11 0 0.417356 0.019875 0 0.7478 0 0 -0.330444 0.019875 0.2319832 0.3310411
006 2 7 11 0 0.417256 0.020221 0 0.7478 0 0 -0.330544 0.020221 0.2363434 0.3311619
006 2 7 11 0 0.417154 0.020565 0 0.7478 0 0 -0.330646 0.020565 0.2405548 0.3312849
006 2 7 11 0 0.41705 0.020907 0 0.7478 0 0 -0.33075 0.020907 0.2448616 0.3314101
006 2 7 11 0 0.416945 0.021247 0 0.7478 0 0 -0.330855 0.021247 0.2494392 0.3315365
006 2 7 11 0 0.416838 0.021585 0 0.7478 0 0 -0.330962 0.021585 0.2537117 0.3316651
006 2 7 11 0 0.416729 0.021921 0 0.7478 0 0 -0.331071 0.021921 0.2579727 0.3317959
006 2 7 11 0 0.416619 0.022254 0 0.7478 0 0 -0.331181 0.022254 0.2622414 0.3319278
006 2 7 11 0 0.416507 0.022586 0 0.7478 0 0 -0.331293 0.022586 0.2668648 0.332062
006 2 7 11 0 0.416393 0.022915 0 0.7478 0 0 -0.331407 0.022915 0.2711372 0.3321983
006 2 7 11 0 0.416278 0.023241 0 0.7478 0 0 -0.331522 0.023241 0.2759933 0.3323356
006 2 7 11 0 0.416161 0.023566 0 0.7478 0 0 -0.331639 0.023566 0.2802734 0.3324752
006 2 7 11 0 0.416042 0.023888 0 0.7478 0 0 -0.331758 0.023888 0.2845345 0.3326169
006 2 7 11 0 0.415922 0.024207 0 0.7478 0 0 -0.331878 0.024207 0.288887 0.3327596
006 2 7 11 0 0.4158 0.024525 0 0.7478 0 0 -0.332 0.024525 0.2931023 0.3329046
006 2 7 11 0 0.415676 0.024839 0 0.7478 0 0 -0.332124 0.024839 0.2977219 0.3330515
006 2 7 11 0 0.415551 0.025152 0 0.7478 0 0 -0.332249 0.025152 0.3022118 0.3331997
006 2 7 11 0 0.415425 0.025461 0 0.7478 0 0 -0.332375 0.025461 0.3064384 0.3333488
006 2 7 11 0 0.415297 0.025769 0 0.7478 0 0 -0.332503 0.025769 0.3108139 0.3335001
006 2 7 11 0 0.415167 0.026073 0 0.7478 0 0 -0.332633 0.026073 0.3152962 0.3336533
006 2 7 11 0 0.415036 0.026375 0 0.7478 0 0 -0.332764 0.026375 0.3195992 0.3338076
006 2 7 11 0 0.414903 0.026675 0 0.7478 0 0 -0.332897 0.026675 0.3237877 0.333964
006 2 7 11 0 0.414769 0.026972 0 0.7478 0 0 -0.333031 0.026972 0.3281326 0.3341214
006 2 7 11 0 0.414634 0.027266 0 0.7478 0 0 -0.333166 0.027266 0.3333549 0.3342798
006 2 7 11 0 0.414497 0.027557 0 0.7478 0 0 -0.333303 0.027557 0.337635 0.3344402
006 2 7 11 0 0.414358 0.027845 0 0.7478 0 0 -0.333442 0.027845 0.3418846 0.3346026
006 2 7 11 0 0.414218 0.028131 0 0.7478 0 0 -0.333582 0.028131 0.3469353 0.334766
006 2 7 11 0 0.414077 0.028414 0 0.7478 0 0 -0.333723 0.028414 0.3519325 0.3349304
006 2 7 11 0 0.413934 0.028694 0 0.7478 0 0 -0.333866 0.028694 0.356205 0.3350968
006 2 7 11 0 0.41379 0.028971 0 0.7478 0 0 -0.33401 0.028971 0.360405 0.3352641
006 2 7 11 0 0.413644 0.029246 0 0.7478 0 0 -0.334156 0.029246 0.3647308 0.3354334
006 2 7 11 0 0.413498 0.029517 0 0.7478 0 0 -0.334302 0.029517 0.369175 0.3356026
006 2 7 11 0 0.413349 0.029786 0 0.7478 0 0 -0.334451 0.029786 0.3736153 0.3357747
006 2 7 11 0 0.4132 0.030051 0 0.7478 0 0 -0.3346 0.030051 0.3784409 0.3359467
006 2 7 11 0 0.413049 0.030314 0 0.7478 0 0 -0.334751 0.030314 0.3828545 0.3361208
006 2 7 11 0 0.412897 0.030573 0 0.7478 0 0 -0.334903 0.030573 0.3870583 0.3362956
006 2 7 11 0 0.412743 0.03083 0 0.7478 0 0 -0.335057 0.03083 0.3914719 0.3364724
006 2 7 11 0 0.412588 0.031083 0 0.7478 0 0 -0.335212 0.031083 0.3957176 0.33665
006 2 7 11 0 0.412432 0.031333 0 0.7478 0 0 -0.335368 0.031333 0.4000092 0.3368285
006 2 7 11 0 0.412275 0.03158 0 0.7478 0 0 -0.335525 0.03158 0.4042435 0.3370079
006 2 7 11 0 0.412116 0.031824 0 0.7478 0 0 -0.335684 0.031824 0.408638 0.3371891
006 2 7 11 0 0.411957 0.032065 0 0.7478 0 0 -0.335843 0.032065 0.4130096 0.3373702
006 2 7 11 0 0.411796 0.032302 0 0.7478 0 0 -0.336004 0.032302 0.4174652 0.3375531
006 2 7 11 0 0.411634 0.032537 0 0.7478 0 0 -0.336166 0.032537 0.4217339 0.3377369
006 2 7 11 0 0.41147 0.032768 0 0.7478 0 0 -0.33633 0.032768 0.4267387 0.3379225
006 2 7 11 0 0.411306 0.032995 0 0.7478 0 0 -0.336494 0.032995 0.4312401 0.3381078
006 2 7 11 0 0.41114 0.03322 0 0.7478 0 0 -0.33666 0.03322 0.4358559 0.338295
006 2 7 11 0 0.410974 0.033441 0 0.7478 0 0 -0.336826 0.033441 0.4400864 0.338482
006 2 7 11 0 0.410806 0.033659 0 0.7478 0 0 -0.336994 0.033659 0.444458 0.3386708
006 2 7 11 0 0.410637 0.033873 0 0.7478 0 0 -0.337163 0.033873 0.4488831 0.3388602
006 2 7 11 0 0.410467 0.034084 0 0.7478 0 0 -0.337333 0.034084 0.4531708 0.3390505
006 2 7 11 0 0.410296 0.034292 0 0.7478 0 0 -0.337504 0.034292 0.4575005 0.3392417
006 2 7 11 0 0.410124 0.034496 0 0.7478 0 0 -0.337676 0.034496 0.4617844 0.3394334
006 2 7 11 0 0.409951 0.034697 0 0.7478 0 0 -0.337849 0.034697 0.4663429 0.339626
006 2 7 11 0 0.409777 0.034894 0 0.7478 0 0 -0.338023 0.034894 0.4707756 0.3398193
006 2 7 11 0 0.409602 0.035088 0 0.7478 0 0 -0.338198 0.035088 0.4750061 0.3400133
006 2 7 11 0 0.409427 0.035278 0 0.7478 0 0 -0.338373 0.035278 0.4791946 0.340207
006 2 7 11 0 0.40925 0.035465 0 0.7478 0 0 -0.33855 0.035465 0.4835587 0.3404025
006 2 7 11 0 0.409072 0.035648 0 0.7478 0 0 -0.338728 0.035648 0.4883766 0.3405986
006 2 7 11 0 0.408893 0.035828 0 0.7478 0 0 -0.338907 0.035828 0.4929886 0.3407955
006 2 7 11 0 0.408714 0.036004 0 0.7478 0 0 -0.339086 0.036004 0.4976082 0.3409921
006 2 7 11 0 0.408533 0.036176 0 0.7478 0 0 -0.339267 0.036176 0.5023766 0.3411902
006 2 7 11 0 0.408352 0.036345 0 0.7478 0 0 -0.339448 0.036345 0.5070038 0.3413882
006 2 7 11 0 0.40817 0.036511 0 0.7478 0 0 -0.33963 0.036511 0.5114059 0.3415869
006 2 7 11 0 0.407987 0.036672 0 0.7478 0 0 -0.339813 0.036672 0.5161629 0.3417861
006 2 7 11 0 0.407803 0.03683 0 0.7478 0 0 -0.339997 0.03683 0.5204124 0.341986
006 2 7 11 0 0.407618 0.036984 0 0.7478 0 0 -0.340182 0.036984 0.524704 0.3421865
006 2 7 11 0 0.407433 0.037135 0 0.7478 0 0 -0.340367 0.037135 0.5291519 0.3423868
006 2 7 11 0 0.407247 0.037282 0 0.7478 0 0 -0.340553 0.037282 0.5340195 0.3425876
006 2 7 11 0 0.40706 0.037425 0 0.7478 0 0 -0.34074 0.037425 0.5384026 0.3427891
006 2 7 11 0 0.406873 0.037564 0 0.7478 0 0 -0.340927 0.037564 0.5425758 0.3429902
006 2 7 11 0 0.406685 0.0377 0 0.7478 0 0 -0.341115 0.0377 0.5469627 0.343192
006 2 7 11 0 0.406496 0.037831 0 0.7478 0 0 -0.341304 0.037831 0.5519409 0.3433942
006 2 7 11 0 0.406306 0.037959 0 0.7478 0 0 -0.341494 0.037959 0.5563049 0.3435972
006 2 7 11 0 0.406116 0.038084 0 0.7478 0 0 -0.341684 0.038084 0.5604858 0.3437999
006 2 7 11 0 0.405926 0.038204 0 0.7478 0 0 -0.341874 0.038204 0.5648155 0.344002
006 2 7 11 0 0.405734 0.038321 0 0.7478 0 0 -0.342066 0.038321 0.569397 0.3442058
006 2 7 11 0 0.405542 0.038433 0 0.7478 0 0 -0.342258 0.038433 0.5739784 0.3444091
006 2 7 11 0 0.40535 0.038542 0 0.7478 0 0 -0.34245 0.038542 0.5781822 0.3446121
006 2 7 11 0 0.405157 0.038647 0 0.7478 0 0 -0.342643 0.038647 0.5825233 0.3448156
006 2 7 11 0 0.404964 0.038749 0 0.7478 0 0 -0.342836 0.038749 0.5873604 0.3450188
006 2 7 11 0 0.40477 0.038846 0 0.7478 0 0 -0.34303 0.038846 0.5916595 0.3452225
006 2 7 11 0 0.404575 0.038939 0 0.7478 0 0 -0.343225 0.038939 0.5959206 0.3454267
006 2 7 11 0 0.40438 0.039029 0 0.7478 0 0 -0.34342 0.039029 0.6002922 0.3456307
006 2 7 11 0 0.404185 0.039115 0 0.7478 0 0 -0.343615 0.039115 0.6046371 0.3458341
006 2 7 11 0 0.403989 0.039196 0 0.7478 0 0 -0.343811 0.039196 0.608963 0.346038
006 2 7 11 0 0.403793 0.039274 0 0.7478 0 0 -0.344007 0.039274 0.6133499 0.3462416
006 2 7 11 0 0.403596 0.039348 0 0.7478 0 0 -0.344204 0.039348 0.6179657 0.3464457
006 2 7 11 0 0.403399 0.039418 0 0.7478 0 0 -0.344401 0.039418 0.6221924 0.3466494
006 2 7 11 0 0.403202 0.039484 0 0.7478 0 0 -0.344598 0.039484 0.626442 0.3468527
006 2 7 11 0 0.403005 0.039546 0 0.7478 0 0 -0.344795 0.039546 0.6309929 0.3470554
006 2 7 11 0 0.402807 0.039604 0 0.7478 0 0 -0.344993 0.039604 0.6352654 0.3472587
006 2 7 11 0 0.402608 0.039658 0 0.7478 0 0 -0.345192 0.039658 0.6395988 0.3474626
006 2 7 11 0 0.40241 0.039709 0 0.7478 0 0 -0.34539 0.039709 0.644577 0.3476651
006 2 7 11 0 0.402211 0.039755 0 0.7478 0 0 -0.345589 0.039755 0.6491852 0.3478681
006 2 7 11 0 0.402013 0.039797 0 0.7478 0 0 -0.345787 0.039797 0.6534081 0.3480696
006 2 7 11 0 0.401813 0.039835 0 0.7478 0 0 -0.345987 0.039835 0.6577339 0.3482726
006 2 7 11 0 0.401614 0.03987 0 0.7478 0 0 -0.346186 0.03987 0.6620407 0.3484743
006 2 7 11 0 0.401415 0.0399 0 0.7478 0 0 -0.346385 0.0399 0.6664734 0.3486754
006 2 7 11 0 0.401215 0.039926 0 0.7478 0 0 -0.346585 0.039926 0.6710739 0.3488771
006 2 7 11 0 0.401015 0.039948 0 0.7478 0 0 -0.346785 0.039948 0.6753883 0.3490783
006 2 7 11 0 0.400816 0.039967 0 0.7478 0 0 -0.346984 0.039967 0.6799812 0.3492782
006 2 7 11 0 0.400616 0.039981 0 0.7478 0 0 -0.347184 0.039981 0.6842804 0.3494785
006 2 7 11 0 0.400416 0.039991 0 0.7478 0 0 -0.347384 0.039991 0.6886368 0.3496783
006 2 7 11 0 0.400216 0.039998 0 0.7478 0 0 -0.347584 0.039998 0.6928101 0.3498778
006 2 7 11 0 0.400016 0.04 0 0.7478 0 0 -0.347784 0.04 0.6979446 0.3500767
006 2 7 11 0 0.399816 0.039998 0 0.7478 0 0 -0.347984 0.039998 0.7022476 0.3502752
006 2 7 11 0 0.399616 0.039993 0 0.7478 0 0 -0.348184 0.039993 0.70644 0.3504733
006 2 7 11 0 0.399416 0.039983 0 0.7478 0 0 -0.348384 0.039983 0.7107735 0.3506708
006 2 7 11 0 0.399216 0.039969 0 0.7478 0 0 -0.348584 0.039969 0.7151642 0.350868
006 2 7 11 0 0.399016 0.039952 0 0.7478 0 0 -0.348784 0.039952 0.7194099 0.3510647
006 2 7 11 0 0.398817 0.03993 0 0.7478 0 0 -0.348983 0.03993 0.7236443 0.3512599
006 2 7 11 0 0.398617 0.039904 0 0.7478 0 0 -0.349183 0.039904 0.728054 0.3514557
006 2 7 11 0 0.398418 0.039875 0 0.7478 0 0 -0.349382 0.039875 0.7324638 0.3516501
006 2 7 11 0 0.398218 0.039841 0 0.7478 0 0 -0.349582 0.039841 0.7369308 0.3518449
006 2 7 11 0 0.398019 0.039803 0 0.7478 0 0 -0.349781 0.039803 0.7411728 0.3520384
006 2 7 11 0 0.39782 0.039762 0 0.7478 0 0 -0.34998 0.039762 0.7454453 0.3522315
006 2 7 11 0 0.397622 0.039716 0 0.7478 0 0 -0.350178 0.039716 0.7499771 0.352423
006 2 7 11 0 0.397423 0.039667 0 0.7478 0 0 -0.350377 0.039667 0.754364 0.3526152
006 2 7 11 0 0.397225 0.039613 0 0.7478 0 0 -0.350575 0.039613 0.7593918 0.3528059
006 2 7 11 0 0.397027 0.039556 0 0.7478 0 0 -0.350773 0.039556 0.7636986 0.3529963
006 2 7 11 0 0.396829 0.039494 0 0.7478 0 0 -0.350971 0.039494 0.7683067 0.3531861
006 2 7 11 0 0.396632 0.039429 0 0.7478 0 0 -0.351168 0.039429 0.7726059 0.3533746
006 2 7 11 0 0.396435 0.039359 0 0.7478 0 0 -0.351365 0.039359 0.776844 0.3535626
006 2 7 11 0 0.396238 0.039286 0 0.7478 0 0 -0.351562 0.039286 0.7810974 0.3537502
006 2 7 11 0 0.396042 0.039209 0 0.7478 0 0 -0.351758 0.039209 0.78545 0.3539365
006 2 7 11 0 0.395846 0.039128 0 0.7478 0 0 -0.351954 0.039128 0.7898216 0.3541223
006 2 7 11 0 0.395651 0.039043 0 0.7478 0 0 -0.352149 0.039043 0.7940521 0.3543067
006 2 7 11 0 0.395456 0.038954 0 0.7478 0 0 -0.352344 0.038954 0.7984772 0.3544908
006 2 7 11 0 0.395261 0.038861 0 0.7478 0 0 -0.352539 0.038861 0.8027382 0.3546744
006 2 7 11 0 0.395067 0.038764 0 0.7478 0 0 -0.352733 0.038764 0.8071632 0.3548566
006 2 7 11 0 0.394874 0.038664 0 0.7478 0 0 -0.352926 0.038664 0.8115616 0.3550375
006 2 7 11 0 0.394681 0.038559 0 0.7478 0 0 -0.353119 0.038559 0.8161011 0.355218
006 2 7 11 0 0.394488 0.038451 0 0.7478 0 0 -0.353312 0.038451 0.8205872 0.3553981
006 2 7 11 0 0.394296 0.038339 0 0.7478 0 0 -0.353504 0.038339 0.8248482 0.3555769
006 2 7 11 0 0.394105 0.038223 0 0.7478 0 0 -0.353695 0.038223 0.8359108 0.3557543
006 2 7 11 0 0.393914 0.038103 0 0.7478 0 0 -0.353886 0.038103 0.8407478 0.3559313
006 2 7 11 0 0.393724 0.037979 0 0.7478 0 0 -0.354076 0.037979 0.8453865 0.356107
006 2 7 11 0 0.393534 0.037852 0 0.7478 0 0 -0.354266 0.037852 0.8512497 0.3562824
006 2 7 11 0 0.393345 0.037721 0 0.7478 0 0 -0.354455 0.037721 0.8556747 0.3564565
006 2 7 11 0 0.393157 0.037586 0 0.7478 0 0 -0.354643 0.037586 0.8599472 0.3566292
006 2 7 11 0 0.392969 0.037447 0 0.7478 0 0 -0.354831 0.037447 0.8643532 0.3568015
006 2 7 11 0 0.392783 0.037305 0 0.7478 0 0 -0.355017 0.037305 0.868824 0.3569716
006 2 7 11 0 0.392596 0.037158 0 0.7478 0 0 -0.355204 0.037158 0.8731384 0.3571422
006 2 7 11 0 0.392411 0.037008 0 0.7478 0 0 -0.355389 0.037008 0.8781281 0.3573107
006 2 7 11 0 0.392226 0.036855 0 0.7478 0 0 -0.355574 0.036855 0.8826599 0.3574789
006 2 7 11 0 0.392042 0.036698 0 0.7478 0 0 -0.355758 0.036698 0.8869286 0.3576458
006 2 7 11 0 0.391859 0.036537 0 0.7478 0 0 -0.355941 0.036537 0.8912735 0.3578113
006 2 7 11 0 0.391677 0.036372 0 0.7478 0 0 -0.356123 0.036372 0.8955154 0.3579756
006 2 7 11 0 0.391496 0.036204 0 0.7478 0 0 -0.356304 0.036204 0.8998184 0.3581386
006 2 7 11 0 0.391315 0.036032 0 0.7478 0 0 -0.356485 0.036032 0.9039993 0.3583013
006 2 7 11 0 0.391135 0.035856 0 0.7478 0 0 -0.356665 0.035856 0.9083519 0.3584628
006 2 7 11 0 0.390956 0.035677 0 0.7478 0 0 -0.356844 0.035677 0.9125061 0.358623
006 2 7 11 0 0.390779 0.035494 0 0.7478 0 0 -0.357021 0.035494 0.9169273 0.358781
006 2 7 11 0 0.390602 0.035308 0 0.7478 0 0 -0.357198 0.035308 0.9211769 0.3589388
006 2 7 11 0 0.390425 0.035119 0 0.7478 0 0 -0.357375 0.035119 0.9254608 0.3590964
006 2 7 11 0 0.39025 0.034925 0 0.7478 0 0 -0.35755 0.034925 0.930233 0.3592517
006 2 7 11 0 0.390076 0.034729 0 0.7478 0 0 -0.357724 0.034729 0.9345856 0.3594058
006 2 7 11 0 0.389903 0.034528 0 0.7478 0 0 -0.357897 0.034528 0.9389153 0.3595587
006 2 7 11 0 0.389731 0.034325 0 0.7478 0 0 -0.358069 0.034325 0.9435234 0.3597104
006 2 7 11 0 0.38956 0.034118 0 0.7478 0 0 -0.35824 0.034118 0.9480133 0.359861
006 2 7 11 0 0.38939 0.033907 0 0.7478 0 0 -0.35841 0.033907 0.9522858 0.3600103
006 2 7 11 0 0.389221 0.033693 0 0.7478 0 0 -0.358579 0.033693 0.9565849 0.3601584
006 2 7 11 0 0.389053 0.033476 0 0.7478 0 0 -0.358747 0.033476 0.9609909 0.3603055
006 2 7 11 0 0.388886 0.033255 0 0.7478 0 0 -0.358914 0.033255 0.9653587 0.3604513
006 2 7 11 0 0.38872 0.033031 0 0.7478 0 0 -0.35908 0.033031 0.9697227 0.360596
006 2 7 11 0 0.388556 0.032804 0 0.7478 0 0 -0.359244 0.032804 0.9739723 0.3607386
006 2 7 11 0 0.388392 0.032574 0 0.7478 0 0 -0.359408 0.032574 0.978344 0.3608811
006 2 7 11 0 0.38823 0.03234 0 0.7478 0 0 -0.35957 0.03234 0.9829903 0.3610214
006 2 7 11 0 0.388069 0.032103 0 0.7478 0 0 -0.359731 0.032103 0.9873161 0.3611606
006 2 7 11 0 0.387909 0.031863 0 0.7478 0 0 -0.359891 0.031863 0.9917183 0.3612987
006 2 7 11 0 0.38775 0.031619 0 0.7478 0 0 -0.36005 0.031619 0.9961395 0.3614357
006 2 7 11 0 0.387593 0.031373 0 0.7478 0 0 -0.360207 0.031373 1.000916 0.3615707
006 2 7 11 0 0.387437 0.031123 0 0.7478 0 0 -0.360363 0.031123 1.005108 0.3617044
006 2 7 11 0 0.387282 0.03087 0 0.7478 0 0 -0.360518 0.03087 1.009472 0.3618372
006 2 7 11 0 0.387128 0.030614 0 0.7478 0 0 -0.360672 0.030614 1.013786 0.3619689
006 2 7 11 0 0.386975 0.030355 0 0.7478 0 0 -0.360825 0.030355 1.018108 0.3620996
006 2 7 11 0 0.386824 0.030093 0 0.7478 0 0 -0.360976 0.030093 1.022434 0.3622282
006 2 7 11 0 0.386674 0.029828 0 0.7478 0 0 -0.361126 0.029828 1.026684 0.3623557
006 2 7 11 0 0.386526 0.02956 0 0.7478 0 0 -0.361274 0.02956 1.031116 0.3624813
006 2 7 11 0 0.386379 0.029289 0 0.7478 0 0 -0.361421 0.029289 1.035404 0.3626058
006 2 7 11 0 0.386233 0.029015 0 0.7478 0 0 -0.361567 0.029015 1.039715 0.3627293
006 2 7 11 0 0.386089 0.028739 0 0.7478 0 0 -0.361711 0.028739 1.043903 0.3628509
006 2 7 11 0 0.385946 0.028459 0 0.7478 0 0 -0.361854 0.028459 1.04845 0.3629714
006 2 7 11 0 0.385804 0.028176 0 0.7478 0 0 -0.361996 0.028176 1.052799 0.3630909
006 2 7 11 0 0.385664 0.027891 0 0.7478 0 0 -0.362136 0.027891 1.057117 0.3632084
006 2 7 11 0 0.385525 0.027603 0 0.7478 0 0 -0.362275 0.027603 1.061398 0.363325
006 2 7 11 0 0.385388 0.027312 0 0.7478 0 0 -0.362412 0.027312 1.066525 0.3634397
006 2 7 11 0 0.385252 0.027019 0 0.7478 0 0 -0.362548 0.027019 1.070892 0.3635534
006 2 7 11 0 0.385118 0.026722 0 0.7478 0 0 -0.362682 0.026722 1.075058 0.3636651
006 2 7 11 0 0.384985 0.026423 0 0.7478 0 0 -0.362815 0.026423 1.079285 0.3637759
006 2 7 11 0 0.384854 0.026122 0 0.7478 0 0 -0.362946 0.026122 1.083607 0.3638848
006 2 7 11 0 0.384724 0.025817 0 0.7478 0 0 -0.363076 0.025817 1.088333 0.3639927
006 2 7 11 0 0.384595 0.025511 0 0.7478 0 0 -0.363205 0.025511 1.092552 0.3640998
006 2 7 11 0 0.384469 0.025201 0 0.7478 0 0 -0.363331 0.025201 1.096916 0.3642039
006 2 7 11 0 0.384343 0.024889 0 0.7478 0 0 -0.363457 0.024889 1.101192 0.3643082
006 2 7 11 0 0.38422 0.024575 0 0.7478 0 0 -0.36358 0.024575 1.105724 0.3644096
006 2 7 11 0 0.384098 0.024258 0 0.7478 0 0 -0.363702 0.024258 1.110111 0.3645101
006 2 7 11 0 0.383977 0.023939 0 0.7478 0 0 -0.363823 0.023939 1.11478 0.3646097
006 2 7 11 0 0.383858 0.023617 0 0.7478 0 0 -0.363942 0.023617 1.11908 0.3647075
006 2 7 11 0 0.383741 0.023293 0 0.7478 0 0 -0.364059 0.023293 1.123718 0.3648034
006 2 7 11 0 0.383625 0.022967 0 0.7478 0 0 -0.364175 0.022967 1.128151 0.3648985
006 2 7 11 0 0.383511 0.022638 0 0.7478 0 0 -0.364289 0.022638 1.13253 0.3649917
006 2 7 11 0 0.383399 0.022307 0 0.7478 0 0 -0.364401 0.022307 1.136772 0.3650831
006 2 7 11 0 0.383288 0.021974 0 0.7478 0 0 -0.364512 0.021974 1.141083 0.3651737
006 2 7 11 0 0.383179 0.021639 0 0.7478 0 0 -0.364621 0.021639 1.145313 0.3652625
006 2 7 11 0 0.383072 0.021301 0 0.7478 0 0 -0.364728 0.021301 1.149887 0.3653494
006 2 7 11 0 0.382966 0.020962 0 0.7478 0 0 -0.364834 0.020962 1.154099 0.3654357
006 2 7 11 0 0.382862 0.02062 0 0.7478 0 0 -0.364938 0.02062 1.158463 0.3655201
006 2 7 11 0 0.38276 0.020276 0 0.7478 0 0 -0.36504 0.020276 1.162712 0.3656026
006 2 7 11 0 0.382659 0.01993 0 0.7478 0 0 -0.365141 0.01993 1.167088 0.3656845
006 2 7 11 0 0.382561 0.019583 0 0.7478 0 0 -0.365239 0.019583 1.171444 0.3657636
006 2 7 11 0 0.382464 0.019233 0 0.7478 0 0 -0.365336 0.019233 1.175735 0.3658419
006 2 7 11 0 0.382368 0.018881 0 0.7478 0 0 -0.365432 0.018881 1.180046 0.3659194
006 2 7 11 0 0.382275 0.018528 0 0.7478 0 0 -0.365525 0.018528 1.184475 0.3659942
006 2 7 11 0 0.382183 0.018172 0 0.7478 0 0 -0.365617 0.018172 1.189369 0.3660683
006 2 7 11 0 0.382093 0.017815 0 0.7478 0 0 -0.365707 0.017815 1.193951 0.3661406
006 2 7 11 0 0.382005 0.017456 0 0.7478 0 0 -0.365795 0.017456 1.19854 0.3662113
006 2 7 11 0 0.381919 0.017095 0 0.7478 0 0 -0.365881 0.017095 1.2029 0.3662801
006 2 7 11 0 0.381834 0.016733 0 0.7478 0 0 -0.365966 0.016733 1.207294 0.3663484
006 2 7 11 0 0.381751 0.016369 0 0.7478 0 0 -0.366049 0.016369 1.211655 0.3664148
006 2 7 11 0 0.38167 0.016003 0 0.7478 0 0 -0.36613 0.016003 1.216202 0.3664795
006 2 7 11 0 0.381591 0.015635 0 0.7478 0 0 -0.366209 0.015635 1.220787 0.3665426
006 2 7 11 0 0.381514 0.015266 0 0.7478 0 0 -0.366286 0.015266 1.225044 0.366604
006 2 7 11 0 0.381439 0.014896 0 0.7478 0 0 -0.366361 0.014896 1.229553 0.3666637
006 2 7 11 0 0.381365 0.014524 0 0.7478 0 0 -0.366435 0.014524 1.234428 0.3667227
006 2 7 11 0 0.381293 0.014151 0 0.7478 0 0 -0.366507 0.014151 1.23867 0.3667801
006 2 7 11 0 0.381223 0.013776 0 0.7478 0 0 -0.366577 0.013776 1.243004 0.3668357
006 2 7 11 0 0.381156 0.0134 0 0.7478 0 0 -0.366644 0.0134 1.247406 0.3668888
006 2 7 11 0 0.381089 0.013022 0 0.7478 0 0 -0.366711 0.013022 1.25177 0.3669421
006 2 7 11 0 0.381025 0.012643 0 0.7478 0 0 -0.366775 0.012643 1.255985 0.3669928
006 2 7 11 0 0.380963 0.012263 0 0.7478 0 0 -0.366837 0.012263 1.260197 0.3670419
006 2 7 11 0 0.380903 0.011882 0 0.7478 0 0 -0.366897 0.011882 1.264496 0.3670893
006 2 7 11 0 0.380844 0.011499 0 0.7478 0 0 -0.366956 0.011499 1.269089 0.3671361
006 2 7 11 0 0.380788 0.011115 0 0.7478 0 0 -0.367012 0.011115 1.273403 0.3671803
006 2 7 11 0 0.380733 0.010731 0 0.7478 0 0 -0.367067 0.010731 1.277603 0.3672238
006 2 7 11 0 0.38068 0.010345 0 0.7478 0 0 -0.36712 0.010345 1.282108 0.3672657
006 2 7 11 0 0.38063 0.009958 0 0.7478 0 0 -0.36717 0.009958 1.286518 0.367305
006 2 7 11 0 0.380581 0.00957 0 0.7478 0 0 -0.367219 0.00957 1.290916 0.3673436
006 2 7 11 0 0.380534 0.009181 0 0.7478 0 0 -0.367266 0.009181 1.295834 0.3673807
006 2 7 11 0 0.380489 0.008791 0 0.7478 0 0 -0.367311 0.008791 1.300369 0.3674162
006 2 7 11 0 0.380446 0.008401 0 0.7478 0 0 -0.367354 0.008401 1.304611 0.36745
006 2 7 11 0 0.380405 0.008009 0 0.7478 0 0 -0.367395 0.008009 1.309044 0.3674823
006 2 7 11 0 0.380366 0.007617 0 0.7478 0 0 -0.367434 0.007617 1.313557 0.3675129
006 2 7 11 0 0.380329 0.007224 0 0.7478 0 0 -0.367471 0.007224 1.31794 0.367542
006 2 7 11 0 0.380294 0.00683 0 0.7478 0 0 -0.367506 0.00683 1.322166 0.3675694
006 2 7 11 0 0.380261 0.006436 0 0.7478 0 0 -0.367539 0.006436 1.326328 0.3675953
006 2 7 11 0 0.380229 0.006041 0 0.7478 0 0 -0.367571 0.006041 1.330803 0.3676206
006 2 7 11 0 0.3802 0.005645 0 0.7478 0 0 -0.3676 0.005645 1.335049 0.3676433
006 2 7 11 0 0.380173 0.005249 0 0.7478 0 0 -0.367627 0.005249 1.339321 0.3676645
006 2 7 11 0 0.380148 0.004852 0 0.7478 0 0 -0.367652 0.004852 1.343708 0.367684
006 2 7 11 0 0.380124 0.004454 0 0.7478 0 0 -0.367676 0.004454 1.34869 0.367703
006 2 7 11 0 0.380103 0.004057 0 0.7478 0 0 -0.367697 0.004057 1.3535 0.3677194
006 2 7 11 0 0.380084 0.003659 0 0.7478 0 0 -0.367716 0.003659 1.35775 0.3677342
006 2 7 11 0 0.380067 0.00326 0 0.7478 0 0 -0.367733 0.00326 1.361969 0.3677475
006 2 7 11 0 0.380051 0.002861 0 0.7478 0 0 -0.367749 0.002861 1.366478 0.3677601
006 2 7 11 0 0.380038 0.002462 0 0.7478 0 0 -0.367762 0.002462 1.37101 0.3677703
006 2 7 11 0 0.380027 0.002063 0 0.7478 0 0 -0.367773 0.002063 1.375221 0.3677788
006 2 7 11 0 0.380017 0.001663 0 0.7478 0 0 -0.367783 0.001663 1.379879 0.3677867
006 2 7 11 0 0.38001 0.001263 0 0.7478 0 0 -0.36779 0.001263 1.384182 0.3677922
006 2 7 11 0 0.380005 0.000864 0 0.7478 0 0 -0.367795 0.000864 1.388657 0.367796
006 2 7 11 0 0.380001 0.000464 0 0.7478 0 0 -0.367799 0.000464 1.393028 0.3677993
006 2 7 11 0 0.38 6.4E-05 0 0.7478 0 0 -0.3678 6.4E-05 1.397446 0.3678
006 2 7 11 0 0.380001 -0.000336 0 0.7478 0 0 -0.367799 -0.000336 1.40279 0.3677991
006 2 7 11 0 0.380003 -0.000736 0 0.7478 0 0 -0.367797 -0.000736 1.407166 0.3677977
006 2 7 11 0 0.380008 -0.001136 0 0.7478 0 0 -0.367792 -0.001136 1.411564 0.3677937
006 2 7 11 0 0.380015 -0.001536 0 0.7478 0 0 -0.367785 -0.001536 1.416332 0.3677882
006 2 7 11 0 0.380023 -0.001936 0 0.7478 0 0 -0.367777 -0.001936 1.420609 0.3677821
006 2 7 11 0 0.380034 -0.002335 0 0.7478 0 0 -0.367766 -0.002335 1.425419 0.3677734
006 2 7 11 0 0.380047 -0.002734 0 0.7478 0 0 -0.367753 -0.002734 1.43008 0.3677632
006 2 7 11 0 0.380061 -0.003133 0 0.7478 0 0 -0.367739 -0.003133 1.434669 0.3677523
006 2 7 11 0 0.380078 -0.003532 0 0.7478 0 0 -0.367722 -0.003532 1.439129 0.3677389
006 2 7 11 0 0.380097 -0.00393 0 0.7478 0 0 -0.367703 -0.00393 1.443394 0.367724
006 2 7 11 0 0.380117 -0.004328 0 0.7478 0 0 -0.367683 -0.004328 1.448151 0.3677085
006 2 7 11 0 0.38014 -0.004725 0 0.7478 0 0 -0.36766 -0.004725 1.452362 0.3676904
006 2 7 11 0 0.380165 -0.005122 0 0.7478 0 0 -0.367635 -0.005122 1.456558 0.3676707
006 2 7 11 0 0.380191 -0.005519 0 0.7478 0 0 -0.367609 -0.005519 1.460693 0.3676504
006 2 7 11 0 0.38022 -0.005915 0 0.7478 0 0 -0.36758 -0.005915 1.464981 0.3676276
006 2 7 11 0 0.38025 -0.00631 0 0.7478 0 0 -0.36755 -0.00631 1.469475 0.3676041
006 2 7 11 0 0.380283 -0.006704 0 0.7478 0 0 -0.367517 -0.006704 1.473675 0.3675781
006 2 7 11 0 0.380317 -0.007098 0 0.7478 0 0 -0.367483 -0.007098 1.478016 0.3675515
006 2 7 11 0 0.380354 -0.007492 0 0.7478 0 0 -0.367446 -0.007492 1.482578 0.3675224
006 2 7 11 0 0.380392 -0.007884 0 0.7478 0 0 -0.367408 -0.007884 1.486916 0.3674926
006 2 7 11 0 0.380433 -0.008276 0 0.7478 0 0 -0.367367 -0.008276 1.491291 0.3674602
006 2 7 11 0 0.380475 -0.008667 0 0.7478 0 0 -0.367325 -0.008667 1.495499 0.3674272
006 2 7 11 0 0.380519 -0.009057 0 0.7478 0 0 -0.367281 -0.009057 1.500694 0.3673927
006 2 7 11 0 0.380566 -0.009446 0 0.7478 0 0 -0.367234 -0.009446 1.504932 0.3673554
006 2 7 11 0 0.380614 -0.009834 0 0.7478 0 0 -0.367186 -0.009834 1.509274 0.3673176
006 2 7 11 0 0.380664 -0.010222 0 0.7478 0 0 -0.367136 -0.010222 1.513542 0.3672783
006 2 7 11 0 0.380716 -0.010608 0 0.7478 0 0 -0.367084 -0.010608 1.518272 0.3672372
006 2 7 11 0 0.38077 -0.010993 0 0.7478 0 0 -0.36703 -0.010993 1.522507 0.3671946
006 2 7 11 0 0.380826 -0.011377 0 0.7478 0 0 -0.366974 -0.011377 1.526897 0.3671503
006 2 7 11 0 0.380884 -0.01176 0 0.7478 0 0 -0.366916 -0.01176 1.531322 0.3671044
006 2 7 11 0 0.380944 -0.012142 0 0.7478 0 0 -0.366856 -0.012142 1.535599 0.3670569
006 2 7 11 0 0.381005 -0.012522 0 0.7478 0 0 -0.366795 -0.012522 1.539833 0.3670087
006 2 7 11 0 0.381069 -0.012901 0 0.7478 0 0 -0.366731 -0.012901 1.54401 0.3669578
006 2 7 11 0 0.381134 -0.013279 0 0.7478 0 0 -0.366666 -0.013279 1.548565 0.3669064
006 2 7 11 0 0.381202 -0.013656 0 0.7478 0 0 -0.366598 -0.013656 1.552841 0.3668523
006 2 7 11 0 0.381271 -0.014031 0 0.7478 0 0 -0.366529 -0.014031 1.557087 0.3667974
006 2 7 11 0 0.381342 -0.014405 0 0.7478 0 0 -0.366458 -0.014405 1.561947 0.366741
006 2 7 11 0 0.381415 -0.014778 0 0.7478 0 0 -0.366385 -0.014778 1.56654 0.3666829
006 2 7 11 0 0.38149 -0.015149 0 0.7478 0 0 -0.36631 -0.015149 1.570911 0.3666231
006 2 7 11 0 0.381566 -0.015518 0 0.7478 0 0 -0.366234 -0.015518 1.575233 0.3665626
006 2 7 11 0 0.381645 -0.015886 0 0.7478 0 0 -0.366155 -0.015886 1.579464 0.3664995
006 2 7 11 0 0.381725 -0.016252 0 0.7478 0 0 -0.366075 -0.016252 1.583862 0.3664356
006 2 7 11 0 0.381807 -0.016617 0 0.7478 0 0 -0.365993 -0.016617 1.588299 0.36637
006 2 7 11 0 0.381891 -0.01698 0 0.7478 0 0 -0.365909 -0.01698 1.592735 0.3663027
006 2 7 11 0 0.381977 -0.017341 0 0.7478 0 0 -0.365823 -0.017341 1.597595 0.3662337
006 2 7 11 0 0.382065 -0.017701 0 0.7478 0 0 -0.365735 -0.017701 1.60236 0.3661631
006 2 7 11 0 0.382154 -0.018059 0 0.7478 0 0 -0.365646 -0.018059 1.607254 0.3660917
006 2 7 11 0 0.382245 -0.018415 0 0.7478 0 0 -0.365555 -0.018415 1.611664 0.3660185
006 2 7 11 0 0.382338 -0.018769 0 0.7478 0 0 -0.365462 -0.018769 1.616215 0.3659436
006 2 7 11 0 0.382433 -0.019121 0 0.7478 0 0 -0.365367 -0.019121 1.620583 0.365867
006 2 7 11 0 0.38253 -0.019471 0 0.7478 0 0 -0.36527 -0.019471 1.624947 0.3657886
006 2 7 11 0 0.382628 -0.01982 0 0.7478 0 0 -0.365172 -0.01982 1.629391 0.3657095
006 2 7 11 0 0.382728 -0.020166 0 0.7478 0 0 -0.365072 -0.020166 1.633728 0.3656285
006 2 7 11 0 0.382829 -0.020511 0 0.7478 0 0 -0.364971 -0.020511 1.637974 0.3655469
006 2 7 11 0 0.382933 -0.020853 0 0.7478 0 0 -0.364867 -0.020853 1.642487 0.3654624
006 2 7 11 0 0.383038 -0.021193 0 0.7478 0 0 -0.364762 -0.021193 1.647007 0.3653771
006 2 7 11 0 0.383145 -0.021532 0 0.7478 0 0 -0.364655 -0.021532 1.651772 0.3652901
006 2 7 11 0 0.383253 -0.021868 0 0.7478 0 0 -0.364547 -0.021868 1.65609 0.3652023
006 2 7 11 0 0.383363 -0.022201 0 0.7478 0 0 -0.364437 -0.022201 1.660408 0.3651126
006 2 7 11 0 0.383475 -0.022533 0 0.7478 0 0 -0.364325 -0.022533 1.664665 0.3650211
006 2 7 11 0 0.383589 -0.022862 0 0.7478 0 0 -0.364211 -0.022862 1.669064 0.3649278
006 2 7 11 0 0.383704 -0.02319 0 0.7478 0 0 -0.364096 -0.02319 1.673256 0.3648337
006 2 7 11 0 0.383821 -0.023514 0 0.7478 0 0 -0.363979 -0.023514 1.677475 0.3647377
006 2 7 11 0 0.383939 -0.023837 0 0.7478 0 0 -0.363861 -0.023837 1.6819 0.364641
006 2 7 11 0 0.384059 -0.024157 0 0.7478 0 0 -0.363741 -0.024157 1.68615 0.3645422
006 2 7 11 0 0.384181 -0.024474 0 0.7478 0 0 -0.363619 -0.024474 1.690468 0.3644417
006 2 7 11 0 0.384304 -0.024789 0 0.7478 0 0 -0.363496 -0.024789 1.694653 0.3643402
006 2 7 11 0 0.384429 -0.025102 0 0.7478 0 0 -0.363371 -0.025102 1.699154 0.364237
006 2 7 11 0 0.384555 -0.025412 0 0.7478 0 0 -0.363245 -0.025412 1.703384 0.3641328
006 2 7 11 0 0.384683 -0.02572 0 0.7478 0 0 -0.363117 -0.02572 1.707916 0.3640267
006 2 7 11 0 0.384812 -0.026025 0 0.7478 0 0 -0.362988 -0.026025 1.712364 0.3639198
006 2 7 11 0 0.384943 -0.026327 0 0.7478 0 0 -0.362857 -0.026327 1.716961 0.3638108
006 2 7 11 0 0.385075 -0.026627 0 0.7478 0 0 -0.362725 -0.026627 1.72121 0.363701
006 2 7 11 0 0.385209 -0.026924 0 0.7478 0 0 -0.362591 -0.026924 1.725872 0.3635892
006 2 7 11 0 0.385345 -0.027219 0 0.7478 0 0 -0.362455 -0.027219 1.730404 0.3634756
006 2 7 11 0 0.385481 -0.027511 0 0.7478 0 0 -0.362319 -0.027511 1.734688 0.363362
006 2 7 11 0 0.38562 -0.0278 0 0.7478 0 0 -0.36218 -0.0278 1.739136 0.3632454
006 2 7 11 0 0.385759 -0.028086 0 0.7478 0 0 -0.362041 -0.028086 1.743469 0.3631288
006 2 7 11 0 0.3859 -0.028369 0 0.7478 0 0 -0.3619 -0.028369 1.747948 0.3630102
006 2 7 11 0 0.386043 -0.02865 0 0.7478 0 0 -0.361757 -0.02865 1.752777 0.3628897
006 2 7 11 0 0.386187 -0.028928 0 0.7478 0 0 -0.361613 -0.028928 1.757164 0.3627682
006 2 7 11 0 0.386332 -0.029202 0 0.7478 0 0 -0.361468 -0.029202 1.761452 0.3626457
006 2 7 11 0 0.386479 -0.029474 0 0.7478 0 0 -0.361321 -0.029474 1.766041 0.3625211
006 2 7 11 0 0.386627 -0.029743 0 0.7478 0 0 -0.361173 -0.029743 1.770893 0.3623956
006 2 7 11 0 0.386776 -0.030009 0 0.7478 0 0 -0.361024 -0.030009 1.775364 0.362269
006 2 7 11 0 0.386927 -0.030272 0 0.7478 0 0 -0.360873 -0.030272 1.779606 0.3621404
006 2 7 11 0 0.387079 -0.030532 0 0.7478 0 0 -0.360721 -0.030532 1.784004 0.3620108
006 2 7 11 0 0.387232 -0.030789 0 0.7478 0 0 -0.360568 -0.030789 1.788464 0.3618801
006 2 7 11 0 0.387387 -0.031043 0 0.7478 0 0 -0.360413 -0.031043 1.792686 0.3617474
006 2 7 11 0 0.387543 -0.031293 0 0.7478 0 0 -0.360257 -0.031293 1.797161 0.3616136
006 2 7 11 0 0.3877 -0.031541 0 0.7478 0 0 -0.3601 -0.031541 1.801483 0.3614787
006 2 7 11 0 0.387858 -0.031785 0 0.7478 0 0 -0.359942 -0.031785 1.80579 0.3613427
006 2 7 11 0 0.388018 -0.032027 0 0.7478 0 0 -0.359782 -0.032027 1.810173 0.3612047
006 2 7 11 0 0.388179 -0.032265 0 0.7478 0 0 -0.359621 -0.032265 1.814514 0.3610655
006 2 7 11 0 0.38834 -0.0325 0 0.7478 0 0 -0.35946 -0.0325 1.818733 0.3609262
006 2 7 11 0 0.388504 -0.032731 0 0.7478 0 0 -0.359296 -0.032731 1.822906 0.3607838
006 2 7 11 0 0.388668 -0.032959 0 0.7478 0 0 -0.359132 -0.032959 1.828175 0.3606412
006 2 7 11 0 0.388833 -0.033184 0 0.7478 0 0 -0.358967 -0.033184 1.832848 0.3604975
006 2 7 11 0 0.389 -0.033406 0 0.7478 0 0 -0.3588 -0.033406 1.837208 0.3603518
006 2 7 11 0 0.389167 -0.033624 0 0.7478 0 0 -0.358633 -0.033624 1.841469 0.3602058
006 2 7 11 0 0.389336 -0.033839 0 0.7478 0 0 -0.358464 -0.033839 1.846279 0.3600577
006 2 7 11 0 0.389506 -0.034051 0 0.7478 0 0 -0.358294 -0.034051 1.851917 0.3599084
006 2 7 11 0 0.389676 -0.034259 0 0.7478 0 0 -0.358124 -0.034259 1.856274 0.3597589
006 2 7 11 0 0.389848 -0.034464 0 0.7478 0 0 -0.357952 -0.034464 1.860569 0.3596073
006 2 7 11 0 0.390021 -0.034665 0 0.7478 0 0 -0.357779 -0.034665 1.865334 0.3594544
006 2 7 11 0 0.390195 -0.034863 0 0.7478 0 0 -0.357605 -0.034863 1.86972 0.3593003
006 2 7 11 0 0.39037 -0.035057 0 0.7478 0 0 -0.35743 -0.035057 1.873928 0.3591451
006 2 7 11 0 0.390545 -0.035248 0 0.7478 0 0 -0.357255 -0.035248 1.878231 0.3589896
006 2 7 11 0 0.390722 -0.035436 0 0.7478 0 0 -0.357078 -0.035436 1.882805 0.358832
006 2 7 11 0 0.3909 -0.035619 0 0.7478 0 0 -0.3569 -0.035619 1.887096 0.358673
006 2 7 11 0 0.391078 -0.0358 0 0.7478 0 0 -0.356722 -0.0358 1.891418 0.3585139
006 2 7 11 0 0.391258 -0.035976 0 0.7478 0 0 -0.356542 -0.035976 1.89566 0.3583524
006 2 7 11 0 0.391438 -0.036149 0 0.7478 0 0 -0.356362 -0.036149 1.900166 0.3581907
006 2 7 11 0 0.391619 -0.036319 0 0.7478 0 0 -0.356181 -0.036319 1.904579 0.3580279
006 2 7 11 0 0.391801 -0.036484 0 0.7478 0 0 -0.355999 -0.036484 1.90897 0.3578636
006 2 7 11 0 0.391984 -0.036647 0 0.7478 0 0 -0.355816 -0.036647 1.913273 0.3576982
006 2 7 11 0 0.392168 -0.036805 0 0.7478 0 0 -0.355632 -0.036805 1.918575 0.3575314
006 2 7 11 0 0.392352 -0.03696 0 0.7478 0 0 -0.355448 -0.03696 1.922867 0.3573644
006 2 7 11 0 0.392537 -0.037111 0 0.7478 0 0 -0.355263 -0.037111 1.927166 0.3571961
006 2 7 11 0 0.392723 -0.037258 0 0.7478 0 0 -0.355077 -0.037258 1.931686 0.3570264
006 2 7 11 0 0.39291 -0.037402 0 0.7478 0 0 -0.35489 -0.037402 1.935966 0.3568555
006 2 7 11 0 0.393097 -0.037542 0 0.7478 0 0 -0.354703 -0.037542 1.940212 0.3566842
006 2 7 11 0 0.393285 -0.037678 0 0.7478 0 0 -0.354515 -0.037678 1.944416 0.3565116
006 2 7 11 0 0.393474 -0.037811 0 0.7478 0 0 -0.354326 -0.037811 1.949013 0.3563377
006 2 7 11 0 0.393663 -0.037939 0 0.7478 0 0 -0.354137 -0.037939 1.953243 0.3561634
006 2 7 11 0 0.393853 -0.038064 0 0.7478 0 0 -0.353947 -0.038064 1.957535 0.3559878
006 2 7 11 0 0.394044 -0.038185 0 0.7478 0 0 -0.353756 -0.038185 1.961754 0.3558109
006 2 7 11 0 0.394235 -0.038302 0 0.7478 0 0 -0.353565 -0.038302 1.966297 0.3556336
006 2 7 11 0 0.394427 -0.038416 0 0.7478 0 0 -0.353373 -0.038416 1.970734 0.355455
006 2 7 11 0 0.394619 -0.038525 0 0.7478 0 0 -0.353181 -0.038525 1.97506 0.3552759
006 2 7 11 0 0.394812 -0.038631 0 0.7478 0 0 -0.352988 -0.038631 1.9799 0.3550956
006 2 7 11 0 0.395006 -0.038733 0 0.7478 0 0 -0.352794 -0.038733 1.9842 0.3549139
006 2 7 11 0 0.3952 -0.038831 0 0.7478 0 0 -0.3526 -0.038831 1.988613 0.3547317
006 2 7 11 0 0.395394 -0.038925 0 0.7478 0 0 -0.352406 -0.038925 1.992786 0.3545492
006 2 7 11 0 0.395589 -0.039015 0 0.7478 0 0 -0.352211 -0.039015 1.997051 0.3543653
006 2 7 11 0 0.395784 -0.039101 0 0.7478 0 0 -0.352016 -0.039101 2.001247 0.3541809
006 2 7 11 0 0.39598 -0.039184 0 0.7478 0 0 -0.35182 -0.039184 2.005753 0.3539953
006 2 7 11 0 0.396176 -0.039262 0 0.7478 0 0 -0.351624 -0.039262 2.010101 0.3538092
006 2 7 11 0 0.396372 -0.039337 0 0.7478 0 0 -0.351428 -0.039337 2.014446 0.3536227
006 2 7 11 0 0.396569 -0.039407 0 0.7478 0 0 -0.351231 -0.039407 2.018665 0.3534347
006 2 7 11 0 0.396766 -0.039474 0 0.7478 0 0 -0.351034 -0.039474 2.022827 0.3532465
006 2 7 11 0 0.396964 -0.039536 0 0.7478 0 0 -0.350836 -0.039536 2.027248 0.3530566
006 2 7 11 0 0.397162 -0.039595 0 0.7478 0 0 -0.350638 -0.039595 2.031879 0.3528665
006 2 7 11 0 0.39736 -0.03965 0 0.7478 0 0 -0.35044 -0.03965 2.036167 0.3526759
006 2 7 11 0 0.397558 -0.039701 0 0.7478 0 0 -0.350242 -0.039701 2.040386 0.3524849
006 2 7 11 0 0.397757 -0.039748 0 0.7478 0 0 -0.350043 -0.039748 2.045319 0.3522925
006 2 7 11 0 0.397956 -0.039791 0 0.7478 0 0 -0.349844 -0.039791 2.049908 0.3520996
006 2 7 11 0 0.398155 -0.039829 0 0.7478 0 0 -0.349645 -0.039829 2.054108 0.3519062
006 2 7 11 0 0.398354 -0.039864 0 0.7478 0 0 -0.349446 -0.039864 2.058502 0.3517124
006 2 7 11 0 0.398553 -0.039895 0 0.7478 0 0 -0.349247 -0.039895 2.062683 0.3515182
006 2 7 11 0 0.398753 -0.039922 0 0.7478 0 0 -0.349047 -0.039922 2.067257 0.3513226
006 2 7 11 0 0.398953 -0.039945 0 0.7478 0 0 -0.348847 -0.039945 2.071785 0.3511265
006 2 7 11 0 0.399152 -0.039964 0 0.7478 0 0 -0.348648 -0.039964 2.076012 0.350931
006 2 7 11 0 0.399352 -0.039979 0 0.7478 0 0 -0.348448 -0.039979 2.080383 0.350734
006 2 7 11 0 0.399552 -0.03999 0 0.7478 0 0 -0.348248 -0.03999 2.084709 0.3505365
006 2 7 11 0 0.399752 -0.039997 0 0.7478 0 0 -0.348048 -0.039997 2.089085 0.3503386
006 2 7 11 0 0.399952 -0.04 0 0.7478 0 0 -0.347848 -0.04 2.093353 0.3501403
006 2 7 11 0 0.400152 -0.039999 0 0.7478 0 0 -0.347648 -0.039999 2.097755 0.3499415
006 2 7 11 0 0.400352 -0.039994 0 0.7478 0 0 -0.347448 -0.039994 2.102665 0.3497422
006 2 7 11 0 0.400552 -0.039985 0 0.7478 0 0 -0.347248 -0.039985 2.107006 0.3495425
006 2 7 11 0 0.400752 -0.039972 0 0.7478 0 0 -0.347048 -0.039972 2.111389 0.3493423
006 2 7 11 0 0.400952 -0.039955 0 0.7478 0 0 -0.346848 -0.039955 2.115929 0.3491417
006 2 7 11 0 0.401152 -0.039934 0 0.7478 0 0 -0.346648 -0.039934 2.120602 0.3489406
006 2 7 11 0 0.401351 -0.039909 0 0.7478 0 0 -0.346449 -0.039909 2.124844 0.3487401
006 2 7 11 0 0.401551 -0.03988 0 0.7478 0 0 -0.346249 -0.03988 2.129238 0.348538
006 2 7 11 0 0.40175 -0.039847 0 0.7478 0 0 -0.34605 -0.039847 2.133598 0.3483366
006 2 7 11 0 0.401949 -0.03981 0 0.7478 0 0 -0.345851 -0.03981 2.137814 0.3481346
006 2 7 11 0 0.402148 -0.039769 0 0.7478 0 0 -0.345652 -0.039769 2.14204 0.3479323
006 2 7 11 0 0.402347 -0.039724 0 0.7478 0 0 -0.345453 -0.039724 2.146297 0.3477294
006 2 7 11 0 0.402545 -0.039675 0 0.7478 0 0 -0.345255 -0.039675 2.150856 0.3475271
006 2 7 11 0 0.402744 -0.039622 0 0.7478 0 0 -0.345056 -0.039622 2.15527 0.3473234
006 2 7 11 0 0.402942 -0.039565 0 0.7478 0 0 -0.344858 -0.039565 2.160027 0.3471202
006 2 7 11 0 0.403139 -0.039504 0 0.7478 0 0 -0.344661 -0.039504 2.164593 0.3469175
006 2 7 11 0 0.403337 -0.039439 0 0.7478 0 0 -0.344463 -0.039439 2.168972 0.3467134
006 2 7 11 0 0.403534 -0.039371 0 0.7478 0 0 -0.344266 -0.039371 2.173298 0.34651
006 2 7 11 0 0.40373 -0.039298 0 0.7478 0 0 -0.34407 -0.039298 2.177551 0.3463069
006 2 7 11 0 0.403927 -0.039222 0 0.7478 0 0 -0.343873 -0.039222 2.181984 0.3461026
006 2 7 11 0 0.404122 -0.039141 0 0.7478 0 0 -0.343678 -0.039141 2.186222 0.3458997
006 2 7 11 0 0.404318 -0.039057 0 0.7478 0 0 -0.343482 -0.039057 2.190495 0.3456954
006 2 7 11 0 0.404513 -0.038968 0 0.7478 0 0 -0.343287 -0.038968 2.194782 0.3454916
006 2 7 11 0 0.404708 -0.038876 0 0.7478 0 0 -0.343092 -0.038876 2.199238 0.3452875
006 2 7 11 0 0.404902 -0.03878 0 0.7478 0 0 -0.342898 -0.03878 2.203506 0.3450839
006 2 7 11 0 0.405095 -0.03868 0 0.7478 0 0 -0.342705 -0.03868 2.207886 0.3448809
006 2 7 11 0 0.405289 -0.038576 0 0.7478 0 0 -0.342511 -0.038576 2.21228 0.3446765
006 2 7 11 0 0.405481 -0.038469 0 0.7478 0 0 -0.342319 -0.038469 2.216724 0.3444737
006 2 7 11 0 0.405673 -0.038357 0 0.7478 0 0 -0.342127 -0.038357 2.221455 0.3442704
006 2 7 11 0 0.405865 -0.038242 0 0.7478 0 0 -0.341935 -0.038242 2.225662 0.3440668
006 2 7 11 0 0.406056 -0.038122 0 0.7478 0 0 -0.341744 -0.038122 2.230492 0.3438637
006 2 7 11 0 0.406246 -0.037999 0 0.7478 0 0 -0.341554 -0.037999 2.234756 0.3436612
006 2 7 11 0 0.406436 -0.037873 0 0.7478 0 0 -0.341364 -0.037873 2.239002 0.3434585
006 2 7 11 0 0.406625 -0.037742 0 0.7478 0 0 -0.341175 -0.037742 2.243431 0.3432562
006 2 7 11 0 0.406813 -0.037608 0 0.7478 0 0 -0.340987 -0.037608 2.247929 0.3430547
006 2 7 11 0 0.407001 -0.037469 0 0.7478 0 0 -0.340799 -0.037469 2.252197 0.3428526
006 2 7 11 0 0.407188 -0.037328 0 0.7478 0 0 -0.340612 -0.037328 2.256531 0.3426513
006 2 7 11 0 0.407374 -0.037182 0 0.7478 0 0 -0.340426 -0.037182 2.260685 0.3424505
006 2 7 11 0 0.40756 -0.037033 0 0.7478 0 0 -0.34024 -0.037033 2.265381 0.3422495
006 2 7 11 0 0.407744 -0.03688 0 0.7478 0 0 -0.340056 -0.03688 2.269718 0.34205
006 2 7 11 0 0.407928 -0.036723 0 0.7478 0 0 -0.339872 -0.036723 2.273956 0.3418502
006 2 7 11 0 0.408112 -0.036562 0 0.7478 0 0 -0.339688 -0.036562 2.278782 0.34165
006 2 7 11 0 0.408294 -0.036398 0 0.7478 0 0 -0.339506 -0.036398 2.283146 0.3414515
006 2 7 11 0 0.408476 -0.036231 0 0.7478 0 0 -0.339324 -0.036231 2.293312 0.3412528
006 2 7 11 0 0.408656 -0.036059 0 0.7478 0 0 -0.339144 -0.036059 2.297981 0.3410556
006 2 7 11 0 0.408836 -0.035884 0 0.7478 0 0 -0.338964 -0.035884 2.30228 0.3408581
006 2 7 11 0 0.409015 -0.035706 0 0.7478 0 0 -0.338785 -0.035706 2.306641 0.3406614
006 2 7 11 0 0.409193 -0.035524 0 0.7478 0 0 -0.338607 -0.035524 2.311543 0.3404653
006 2 7 11 0 0.40937 -0.035338 0 0.7478 0 0 -0.33843 -0.035338 2.317513 0.34027
006 2 7 11 0 0.409547 -0.035149 0 0.7478 0 0 -0.338253 -0.035149 2.322407 0.3400743
006 2 7 11 0 0.409722 -0.034956 0 0.7478 0 0 -0.338078 -0.034956 2.326965 0.3398803
006 2 7 11 0 0.409896 -0.03476 0 0.7478 0 0 -0.337904 -0.03476 2.331562 0.3396871
006 2 7 11 0 0.410069 -0.03456 0 0.7478 0 0 -0.337731 -0.03456 2.336098 0.3394946
006 2 7 11 0 0.410242 -0.034357 0 0.7478 0 0 -0.337558 -0.034357 2.340298 0.3393019
006 2 7 11 0 0.410413 -0.034151 0 0.7478 0 0 -0.337387 -0.034151 2.345074 0.339111
006 2 7 11 0 0.410583 -0.033941 0 0.7478 0 0 -0.337217 -0.033941 2.350628 0.3389207
006 2 7 11 0 0.410752 -0.033728 0 0.7478 0 0 -0.337048 -0.033728 2.354992 0.3387313
006 2 7 11 0 0.41092 -0.033511 0 0.7478 0 0 -0.33688 -0.033511 2.359249 0.3385426
006 2 7 11 0 0.411087 -0.033291 0 0.7478 0 0 -0.336713 -0.033291 2.363647 0.3383547
006 2 7 11 0 0.411253 -0.033067 0 0.7478 0 0 -0.336547 -0.033067 2.368217 0.3381675
006 2 7 11 0 0.411418 -0.032841 0 0.7478 0 0 -0.336382 -0.032841 2.372974 0.3379813
006 2 7 11 0 0.411582 -0.032611 0 0.7478 0 0 -0.336218 -0.032611 2.377159 0.3377958
006 2 7 11 0 0.411744 -0.032377 0 0.7478 0 0 -0.336056 -0.032377 2.381664 0.3376121
006 2 7 11 0 0.411906 -0.032141 0 0.7478 0 0 -0.335894 -0.032141 2.38604 0.3374282
006 2 7 11 0 0.412066 -0.031901 0 0.7478 0 0 -0.335734 -0.031901 2.390408 0.3372461
006 2 7 11 0 0.412225 -0.031658 0 0.7478 0 0 -0.335575 -0.031658 2.394634 0.337065
006 2 7 11 0 0.412382 -0.031412 0 0.7478 0 0 -0.335418 -0.031412 2.398991 0.3368856
006 2 7 11 0 0.412539 -0.031163 0 0.7478 0 0 -0.335261 -0.031163 2.403156 0.3367062
006 2 7 11 0 0.412694 -0.030911 0 0.7478 0 0 -0.335106 -0.030911 2.407413 0.3365286
006 2 7 11 0 0.412848 -0.030655 0 0.7478 0 0 -0.334952 -0.030655 2.4118 0.3363518
006 2 7 11 0 0.413 -0.030397 0 0.7478 0 0 -0.3348 -0.030397 2.416401 0.3361771
006 2 7 11 0 0.413152 -0.030135 0 0.7478 0 0 -0.334648 -0.030135 2.420914 0.3360021
006 2 7 11 0 0.413302 -0.029871 0 0.7478 0 0 -0.334498 -0.029871 2.426365 0.3358291
006 2 7 11 0 0.41345 -0.029603 0 0.7478 0 0 -0.33435 -0.029603 2.432682 0.335658
006 2 7 11 0 0.413598 -0.029333 0 0.7478 0 0 -0.334202 -0.029333 2.43803 0.3354868
006 2 7 11 0 0.413744 -0.029059 0 0.7478 0 0 -0.334056 -0.029059 2.443073 0.3353175
006 2 7 11 0 0.413888 -0.028783 0 0.7478 0 0 -0.333912 -0.028783 2.44828 0.3351502
006 2 7 11 0 0.414032 -0.028504 0 0.7478 0 0 -0.333768 -0.028504 2.453793 0.3349829
006 2 7 11 0 0.414173 -0.028222 0 0.7478 0 0 -0.333627 -0.028222 2.458977 0.3348185
006 2 7 11 0 0.414314 -0.027937 0 0.7478 0 0 -0.333486 -0.027937 2.46434 0.3346541
006 2 7 11 0 0.414453 -0.027649 0 0.7478 0 0 -0.333347 -0.027649 2.469986 0.3344917
006 2 7 11 0 0.41459 -0.027359 0 0.7478 0 0 -0.33321 -0.027359 2.475117 0.3343313
006 2 7 11 0 0.414726 -0.027065 0 0.7478 0 0 -0.333074 -0.027065 2.482277 0.3341718
006 2 7 11 0 0.414861 -0.02677 0 0.7478 0 0 -0.332939 -0.02677 2.490284 0.3340135
006 2 7 11 0 0.414994 -0.026471 0 0.7478 0 0 -0.332806 -0.026471 2.495224 0.3338571
006 2 7 11 0 0.415126 -0.02617 0 0.7478 0 0 -0.332674 -0.02617 2.49971 0.3337018
006 2 7 11 0 0.415256 -0.025866 0 0.7478 0 0 -0.332544 -0.025866 2.504234 0.3335484
006 2 7 11 0 0.415384 -0.02556 0 0.7478 0 0 -0.332416 -0.02556 2.508652 0.3333972
006 2 7 11 0 0.415511 -0.025251 0 0.7478 0 0 -0.332289 -0.025251 2.512985 0.333247
006 2 7 11 0 0.415637 -0.024939 0 0.7478 0 0 -0.332163 -0.024939 2.517738 0.3330979
006 2 7 11 0 0.415761 -0.024625 0 0.7478 0 0 -0.332039 -0.024625 2.521938 0.3329509
006 2 7 11 0 0.415883 -0.024309 0 0.7478 0 0 -0.331917 -0.024309 2.526295 0.332806
006 2 7 11 0 0.416004 -0.02399 0 0.7478 0 0 -0.331796 -0.02399 2.531143 0.3326621
006 2 7 11 0 0.416123 -0.023669 0 0.7478 0 0 -0.331677 -0.023669 2.535446 0.3325205
006 2 7 11 0 0.41624 -0.023345 0 0.7478 0 0 -0.33156 -0.023345 2.539631 0.3323808
006 2 7 11 0 0.416356 -0.023019 0 0.7478 0 0 -0.331444 -0.023019 2.543835 0.3322424
006 2 7 11 0 0.416471 -0.022691 0 0.7478 0 0 -0.331329 -0.022691 2.548439 0.3321051
006 2 7 11 0 0.416583 -0.02236 0 0.7478 0 0 -0.331217 -0.02236 2.5532 0.3319709
006 2 7 11 0 0.416694 -0.022027 0 0.7478 0 0 -0.331106 -0.022027 2.557461 0.3318378
006 2 7 11 0 0.416804 -0.021692 0 0.7478 0 0 -0.330996 -0.021692 2.561642 0.331706
006 2 7 11 0 0.416911 -0.021355 0 0.7478 0 0 -0.330889 -0.021355 2.56609 0.3315774
006 2 7 11 0 0.417017 -0.021016 0 0.7478 0 0 -0.330783 -0.021016 2.570415 0.3314499
006 2 7 11 0 0.417121 -0.020675 0 0.7478 0 0 -0.330679 -0.020675 2.574642 0.3313247
006 2 7 11 0 0.417224 -0.020331 0 0.7478 0 0 -0.330576 -0.020331 2.578838 0.3312006
006 2 7 11 0 0.417325 -0.019986 0 0.7478 0 0 -0.330475 -0.019986 2.58326 0.3310788
006 2 7 11 0 0.417424 -0.019638 0 0.7478 0 0 -0.330376 -0.019638 2.587566 0.3309591
006 2 7 11 0 0.417521 -0.019289 0 0.7478 0 0 -0.330279 -0.019289 2.591778 0.3308418
006 2 7 11 0 0.417617 -0.018937 0 0.7478 0 0 -0.330183 -0.018937 2.596035 0.3307256
006 2 7 11 0 0.41771 -0.018584 0 0.7478 0 0 -0.33009 -0.018584 2.600456 0.3306127
006 2 7 11 0 0.417802 -0.018229 0 0.7478 0 0 -0.329998 -0.018229 2.604683 0.3305011
006 2 7 11 0 0.417893 -0.017872 0 0.7478 0 0 -0.329907 -0.017872 2.609028 0.3303908
006 2 7 11 0 0.417981 -0.017513 0 0.7478 0 0 -0.329819 -0.017513 2.613209 0.3302836
006 2 7 11 0 0.418068 -0.017153 0 0.7478 0 0 -0.329732 -0.017153 2.617683 0.3301778
006 2 7 11 0 0.418153 -0.016791 0 0.7478 0 0 -0.329647 -0.016791 2.621891 0.3300743
006 2 7 11 0 0.418236 -0.016427 0 0.7478 0 0 -0.329564 -0.016427 2.626884 0.3299731
006 2 7 11 0 0.418317 -0.016061 0 0.7478 0 0 -0.329483 -0.016061 2.631668 0.3298742
006 2 7 11 0 0.418396 -0.015694 0 0.7478 0 0 -0.329404 -0.015694 2.635849 0.3297776
006 2 7 11 0 0.418474 -0.015325 0 0.7478 0 0 -0.329326 -0.015325 2.640091 0.3296824
006 2 7 11 0 0.41855 -0.014955 0 0.7478 0 0 -0.32925 -0.014955 2.644211 0.3295894
006 2 7 11 0 0.418623 -0.014583 0 0.7478 0 0 -0.329177 -0.014583 2.648682 0.3294999
006 2 7 11 0 0.418695 -0.01421 0 0.7478 0 0 -0.329105 -0.01421 2.652931 0.3294116
006 2 7 11 0 0.418766 -0.013836 0 0.7478 0 0 -0.329034 -0.013836 2.657135 0.3293248
006 2 7 11 0 0.418834 -0.01346 0 0.7478 0 0 -0.328966 -0.01346 2.661507 0.3292412
006 2 7 11 0 0.4189 -0.013082 0 0.7478 0 0 -0.3289 -0.013082 2.665871 0.32916
006 2 7 11 0 0.418965 -0.012704 0 0.7478 0 0 -0.328835 -0.012704 2.670464 0.3290803
006 2 7 11 0 0.419027 -0.012324 0 0.7478 0 0 -0.328773 -0.012324 2.674782 0.3290039
006 2 7 11 0 0.419088 -0.011942 0 0.7478 0 0 -0.328712 -0.011942 2.679062 0.3289288
006 2 7 11 0 0.419147 -0.01156 0 0.7478 0 0 -0.328653 -0.01156 2.683567 0.3288562
006 2 7 11 0 0.419203 -0.011177 0 0.7478 0 0 -0.328597 -0.011177 2.688381 0.328787
006 2 7 11 0 0.419258 -0.010792 0 0.7478 0 0 -0.328542 -0.010792 2.692638 0.3287192
006 2 7 11 0 0.419311 -0.010406 0 0.7478 0 0 -0.328489 -0.010406 2.697132 0.3286538
006 2 7 11 0 0.419362 -0.01002 0 0.7478 0 0 -0.328438 -0.01002 2.701359 0.3285908
006 2 7 11 0 0.419412 -0.009632 0 0.7478 0 0 -0.328388 -0.009632 2.705635 0.3285292
006 2 7 11 0 0.419459 -0.009243 0 0.7478 0 0 -0.328341 -0.009243 2.709919 0.328471
006 2 7 11 0 0.419504 -0.008853 0 0.7478 0 0 -0.328296 -0.008853 2.714142 0.3284153
006 2 7 11 0 0.419547 -0.008463 0 0.7478 0 0 -0.328253 -0.008463 2.718464 0.328362
006 2 7 11 0 0.419589 -0.008072 0 0.7478 0 0 -0.328211 -0.008072 2.722683 0.3283102
006 2 7 11 0 0.419628 -0.007679 0 0.7478 0 0 -0.328172 -0.007679 2.726887 0.3282618
006 2 7 11 0 0.419665 -0.007287 0 0.7478 0 0 -0.328135 -0.007287 2.731323 0.3282159
006 2 7 11 0 0.419701 -0.006893 0 0.7478 0 0 -0.328099 -0.006893 2.735683 0.3281714
006 2 7 11 0 0.419734 -0.006498 0 0.7478 0 0 -0.328066 -0.006498 2.73991 0.3281303
006 2 7 11 0 0.419766 -0.006103 0 0.7478 0 0 -0.328034 -0.006103 2.744087 0.3280908
006 2 7 11 0 0.419795 -0.005708 0 0.7478 0 0 -0.328005 -0.005708 2.748737 0.3280546
006 2 7 11 0 0.419823 -0.005312 0 0.7478 0 0 -0.327977 -0.005312 2.753082 0.32802
006 2 7 11 0 0.419848 -0.004915 0 0.7478 0 0 -0.327952 -0.004915 2.757431 0.3279888
006 2 7 11 0 0.419872 -0.004518 0 0.7478 0 0 -0.327928 -0.004518 2.762032 0.3279591
006 2 7 11 0 0.419894 -0.00412 0 0.7478 0 0 -0.327906 -0.00412 2.766426 0.3279319
006 2 7 11 0 0.419913 -0.003722 0 0.7478 0 0 -0.327887 -0.003722 2.770721 0.3279081
006 2 7 11 0 0.419931 -0.003324 0 0.7478 0 0 -0.327869 -0.003324 2.77494 0.3278858
006 2 7 11 0 0.419946 -0.002925 0 0.7478 0 0 -0.327854 -0.002925 2.77914 0.327867
006 2 7 11 0 0.41996 -0.002526 0 0.7478 0 0 -0.32784 -0.002526 2.783562 0.3278497
006 2 7 11 0 0.419972 -0.002126 0 0.7478 0 0 -0.327828 -0.002126 2.788086 0.3278349
006 2 7 11 0 0.419981 -0.001727 0 0.7478 0 0 -0.327819 -0.001727 2.792374 0.3278235
006 2 7 11 0 0.419989 -0.001327 0 0.7478 0 0 -0.327811 -0.001327 2.796764 0.3278137
006 2 7 11 0 0.419995 -0.000927 0 0.7478 0 0 -0.327805 -0.000927 2.801006 0.3278063
006 2 7 11 0 0.419998 -0.000527 0 0.7478 0 0 -0.327802 -0.000527 2.805183 0.3278024
006 2 7 11 0 0.42 -0.000127 0 0.7478 0 0 -0.3278 -0.000127 2.809547 0.3278
006 2 7 11 0 0.42 0 0 0.7478 0 0 -0.3278 0 2.813885 0.3278
