006 2 21 9 0 0.4 0.02 0 0.7478 0 0 -0.3478 0.02 0 0.3483745
006 2 21 9 0.0006 0.4 0.019997 0 0.7478 0 0.0006 -0.3478 0.019997 0.004226685 0.3483749
006 2 21 9 0.0012 0.4 0.019988 0 0.7478 0 0.0012 -0.3478 0.019988 0.008804321 0.3483759
006 2 21 9 0.0018 0.4 0.019973 0 0.7478 0 0.0018 -0.3478 0.019973 0.01315308 0.3483776
006 2 21 9 0.002399 0.4 0.019952 0 0.7478 0 0.002399 -0.3478 0.019952 0.01737976 0.3483801
006 2 21 9 0.002999 0.4 0.019925 0 0.7478 0 0.002999 -0.3478 0.019925 0.0215683 0.3483832
006 2 21 9 0.003598 0.4 0.019892 0 0.7478 0 0.003598 -0.3478 0.019892 0.02584076 0.3483869
006 2 21 9 0.004197 0.4 0.019853 0 0.7478 0 0.004197 -0.3478 0.019853 0.030159 0.3483914
006 2 21 9 0.004795 0.4 0.019808 0 0.7478 0 0.004795 -0.3478 0.019808 0.03443146 0.3483966
006 2 21 9 0.005393 0.4 0.019757 0 0.7478 0 0.005393 -0.3478 0.019757 0.03851318 0.3484024
006 2 21 9 0.00599 0.4 0.0197 0 0.7478 0 0.00599 -0.3478 0.0197 0.04283142 0.348409
006 2 21 9 0.006587 0.4 0.019637 0 0.7478 0 0.006587 -0.3478 0.019637 0.04696655 0.3484162
006 2 21 9 0.007183 0.4 0.019569 0 0.7478 0 0.007183 -0.3478 0.019569 0.05110931 0.3484241
006 2 21 9 0.007778 0.4 0.019494 0 0.7478 0 0.007778 -0.3478 0.019494 0.05541992 0.3484327
006 2 21 9 0.008373 0.4 0.019413 0 0.7478 0 0.008373 -0.3478 0.019413 0.05979919 0.348442
006 2 21 9 0.008966 0.4 0.019326 0 0.7478 0 0.008966 -0.3478 0.019326 0.06393433 0.3484519
006 2 21 9 0.009559 0.4 0.019234 0 0.7478 0 0.009559 -0.3478 0.019234 0.06806183 0.3484626
006 2 21 9 0.010151 0.4 0.019135 0 0.7478 0 0.010151 -0.3478 0.019135 0.07241058 0.3484738
006 2 21 9 0.010742 0.4 0.019031 0 0.7478 0 0.010742 -0.3478 0.019031 0.0767746 0.3484859
006 2 21 9 0.011332 0.4 0.01892 0 0.7478 0 0.011332 -0.3478 0.01892 0.08100128 0.3484985
006 2 21 9 0.01192 0.4 0.018804 0 0.7478 0 0.01192 -0.3478 0.018804 0.08507538 0.3485118
006 2 21 9 0.012508 0.4 0.018682 0 0.7478 0 0.012508 -0.3478 0.018682 0.08937836 0.3485259
006 2 21 9 0.013094 0.4 0.018554 0 0.7478 0 0.013094 -0.3478 0.018554 0.09391022 0.3485406
006 2 21 9 0.013679 0.4 0.01842 0 0.7478 0 0.013679 -0.3478 0.01842 0.09799194 0.3485559
006 2 21 9 0.014262 0.4 0.01828 0 0.7478 0 0.014262 -0.3478 0.01828 0.10215 0.3485719
006 2 21 9 0.014844 0.4 0.018135 0 0.7478 0 0.014844 -0.3478 0.018135 0.1061783 0.3485886
006 2 21 9 0.015425 0.4 0.017983 0 0.7478 0 0.015425 -0.3478 0.017983 0.1105118 0.348606
006 2 21 9 0.016004 0.4 0.017826 0 0.7478 0 0.016004 -0.3478 0.017826 0.1147766 0.3486241
006 2 21 9 0.016581 0.4 0.017663 0 0.7478 0 0.016581 -0.3478 0.017663 0.1189728 0.3486427
006 2 21 9 0.017157 0.4 0.017495 0 0.7478 0 0.017157 -0.3478 0.017495 0.12323 0.3486621
006 2 21 9 0.017731 0.4 0.01732 0 0.7478 0 0.017731 -0.3478 0.01732 0.1276245 0.3486821
006 2 21 9 0.018304 0.4 0.01714 0 0.7478 0 0.018304 -0.3478 0.01714 0.1319733 0.3487028
006 2 21 9 0.018874 0.4 0.016954 0 0.7478 0 0.018874 -0.3478 0.016954 0.1362839 0.3487241
006 2 21 9 0.019443 0.4 0.016763 0 0.7478 0 0.019443 -0.3478 0.016763 0.1407089 0.3487461
006 2 21 9 0.020009 0.4 0.016565 0 0.7478 0 0.020009 -0.3478 0.016565 0.1457672 0.3487687
006 2 21 9 0.020574 0.4 0.016362 0 0.7478 0 0.020574 -0.3478 0.016362 0.1506958 0.348792
006 2 21 9 0.021136 0.4 0.016154 0 0.7478 0 0.021136 -0.3478 0.016154 0.1549377 0.3488159
006 2 21 9 0.021697 0.4 0.01594 0 0.7478 0 0.021697 -0.3478 0.01594 0.1593704 0.3488405
006 2 21 9 0.022255 0.4 0.01572 0 0.7478 0 0.022255 -0.3478 0.01572 0.1635437 0.3488656
006 2 21 9 0.022811 0.4 0.015495 0 0.7478 0 0.022811 -0.3478 0.015495 0.1678009 0.3488915
006 2 21 9 0.023365 0.4 0.015264 0 0.7478 0 0.023365 -0.3478 0.015264 0.1722336 0.348918
006 2 21 9 0.023917 0.4 0.015027 0 0.7478 0 0.023917 -0.3478 0.015027 0.1767197 0.3489451
006 2 21 9 0.024466 0.4 0.014785 0 0.7478 0 0.024466 -0.3478 0.014785 0.1808548 0.3489728
006 2 21 9 0.025012 0.4 0.014538 0 0.7478 0 0.025012 -0.3478 0.014538 0.1851044 0.3490011
006 2 21 9 0.025556 0.4 0.014285 0 0.7478 0 0.025556 -0.3478 0.014285 0.1892548 0.3490301
006 2 21 9 0.026098 0.4 0.014027 0 0.7478 0 0.026098 -0.3478 0.014027 0.1938629 0.3490597
006 2 21 9 0.026637 0.4 0.013763 0 0.7478 0 0.026637 -0.3478 0.013763 0.1979752 0.3490899
006 2 21 9 0.027173 0.4 0.013494 0 0.7478 0 0.027173 -0.3478 0.013494 0.2021179 0.3491207
006 2 21 9 0.027707 0.4 0.01322 0 0.7478 0 0.027707 -0.3478 0.01322 0.2062531 0.3491522
006 2 21 9 0.028238 0.4 0.01294 0 0.7478 0 0.028238 -0.3478 0.01294 0.2105713 0.3491843
006 2 21 9 0.028766 0.4 0.012655 0 0.7478 0 0.028766 -0.3478 0.012655 0.2148056 0.3492169
006 2 21 9 0.029291 0.4 0.012365 0 0.7478 0 0.029291 -0.3478 0.012365 0.2189789 0.3492502
006 2 21 9 0.029813 0.4 0.012069 0 0.7478 0 0.029813 -0.3478 0.012069 0.223175 0.349284
006 2 21 9 0.030332 0.4 0.011768 0 0.7478 0 0.030332 -0.3478 0.011768 0.2274475 0.3493184
006 2 21 9 0.030848 0.4 0.011463 0 0.7478 0 0.030848 -0.3478 0.011463 0.2315521 0.3493534
006 2 21 9 0.031361 0.4 0.011151 0 0.7478 0 0.031361 -0.3478 0.011151 0.2359085 0.349389
006 2 21 9 0.031871 0.4 0.010835 0 0.7478 0 0.031871 -0.3478 0.010835 0.2400894 0.3494252
006 2 21 9 0.032378 0.4 0.010514 0 0.7478 0 0.032378 -0.3478 0.010514 0.2443466 0.349462
006 2 21 9 0.032881 0.4 0.010188 0 0.7478 0 0.032881 -0.3478 0.010188 0.2485809 0.3494993
006 2 21 9 0.033382 0.4 0.009856 0 0.7478 0 0.033382 -0.3478 0.009856 0.2530289 0.3495373
006 2 21 9 0.033879 0.4 0.00952 0 0.7478 0 0.033879 -0.3478 0.00952 0.2573624 0.3495758
006 2 21 9 0.034372 0.4 0.009179 0 0.7478 0 0.034372 -0.3478 0.009179 0.261879 0.3496148
006 2 21 9 0.034862 0.4 0.008833 0 0.7478 0 0.034862 -0.3478 0.008833 0.2666321 0.3496544
006 2 21 9 0.035349 0.4 0.008482 0 0.7478 0 0.035349 -0.3478 0.008482 0.2709351 0.3496946
006 2 21 9 0.035832 0.4 0.008126 0 0.7478 0 0.035832 -0.3478 0.008126 0.2754745 0.3497353
006 2 21 9 0.036311 0.4 0.007765 0 0.7478 0 0.036311 -0.3478 0.007765 0.2796173 0.3497765
006 2 21 9 0.036787 0.4 0.0074 0 0.7478 0 0.036787 -0.3478 0.0074 0.2836685 0.3498183
006 2 21 9 0.037259 0.4 0.007029 0 0.7478 0 0.037259 -0.3478 0.007029 0.2878418 0.3498606
006 2 21 9 0.037728 0.4 0.006654 0 0.7478 0 0.037728 -0.3478 0.006654 0.2925186 0.3499036
006 2 21 9 0.038192 0.4 0.006275 0 0.7478 0 0.038192 -0.3478 0.006275 0.2966919 0.3499469
006 2 21 9 0.038653 0.4 0.005891 0 0.7478 0 0.038653 -0.3478 0.005891 0.3012314 0.3499908
006 2 21 9 0.03911 0.4 0.005502 0 0.7478 0 0.03911 -0.3478 0.005502 0.3053818 0.3500353
006 2 21 9 0.039563 0.4 0.005108 0 0.7478 0 0.039563 -0.3478 0.005108 0.3100586 0.3500802
006 2 21 9 0.040012 0.4 0.00471 0 0.7478 0 0.040012 -0.3478 0.00471 0.3143921 0.3501256
006 2 21 9 0.040457 0.4 0.004308 0 0.7478 0 0.040457 -0.3478 0.004308 0.3186569 0.3501716
006 2 21 9 0.040898 0.4 0.003901 0 0.7478 0 0.040898 -0.3478 0.003901 0.3228912 0.3502181
006 2 21 9 0.041335 0.4 0.00349 0 0.7478 0 0.041335 -0.3478 0.00349 0.3272552 0.350265
006 2 21 9 0.041768 0.4 0.003075 0 0.7478 0 0.041768 -0.3478 0.003075 0.3313904 0.3503125
006 2 21 9 0.042197 0.4 0.002655 0 0.7478 0 0.042197 -0.3478 0.002655 0.33564 0.3503605
006 2 21 9 0.042621 0.4 0.002231 0 0.7478 0 0.042621 -0.3478 0.002231 0.3398361 0.3504089
006 2 21 9 0.043041 0.4 0.001802 0 0.7478 0 0.043041 -0.3478 0.001802 0.3442612 0.3504577
006 2 21 9 0.043457 0.4 0.00137 0 0.7478 0 0.043457 -0.3478 0.00137 0.3484039 0.3505071
006 2 21 9 0.043869 0.4 0.000933 0 0.7478 0 0.043869 -0.3478 0.000933 0.3526993 0.350557
006 2 21 9 0.044276 0.4 0.000493 0 0.7478 0 0.044276 -0.3478 0.000493 0.356926 0.3506072
006 2 21 9 0.044679 0.4 4.8E-05 0 0.7478 0 0.044679 -0.3478 4.8E-05 0.3611526 0.350658
006 2 21 9 0.045077 0.4 -0.000401 0 0.7478 0 0.045077 -0.3478 -0.000401 0.3654556 0.3507092
006 2 21 9 0.045471 0.4 -0.000854 0 0.7478 0 0.045471 -0.3478 -0.000854 0.3696518 0.3507608
006 2 21 9 0.04586 0.4 -0.00131 0 0.7478 0 0.04586 -0.3478 -0.00131 0.3740387 0.3508129
006 2 21 9 0.046244 0.4 -0.001771 0 0.7478 0 0.046244 -0.3478 -0.001771 0.3783722 0.3508653
006 2 21 9 0.046624 0.4 -0.002235 0 0.7478 0 0.046624 -0.3478 -0.002235 0.3826065 0.3509183
006 2 21 9 0.047 0.4 -0.002703 0 0.7478 0 0.047 -0.3478 -0.002703 0.3869705 0.3509717
006 2 21 9 0.04737 0.4 -0.003175 0 0.7478 0 0.04737 -0.3478 -0.003175 0.3914032 0.3510254
006 2 21 9 0.047736 0.4 -0.003651 0 0.7478 0 0.047736 -0.3478 -0.003651 0.3957977 0.3510796
006 2 21 9 0.048097 0.4 -0.00413 0 0.7478 0 0.048097 -0.3478 -0.00413 0.3999481 0.3511342
006 2 21 9 0.048453 0.4 -0.004613 0 0.7478 0 0.048453 -0.3478 -0.004613 0.4042664 0.3511891
006 2 21 9 0.048805 0.4 -0.005099 0 0.7478 0 0.048805 -0.3478 -0.005099 0.4087219 0.3512446
006 2 21 9 0.049151 0.4 -0.005589 0 0.7478 0 0.049151 -0.3478 -0.005589 0.4131165 0.3513003
006 2 21 9 0.049493 0.4 -0.006082 0 0.7478 0 0.049493 -0.3478 -0.006082 0.4172516 0.3513565
006 2 21 9 0.04983 0.4 -0.006579 0 0.7478 0 0.04983 -0.3478 -0.006579 0.4214325 0.3514131
006 2 21 9 0.050162 0.4 -0.007079 0 0.7478 0 0.050162 -0.3478 -0.007079 0.4258118 0.35147
006 2 21 9 0.050488 0.4 -0.007582 0 0.7478 0 0.050488 -0.3478 -0.007582 0.430069 0.3515272
006 2 21 9 0.05081 0.4 -0.008088 0 0.7478 0 0.05081 -0.3478 -0.008088 0.4342804 0.3515849
006 2 21 9 0.051126 0.4 -0.008598 0 0.7478 0 0.051126 -0.3478 -0.008598 0.4382935 0.3516428
006 2 21 9 0.051438 0.4 -0.009111 0 0.7478 0 0.051438 -0.3478 -0.009111 0.4429474 0.3517012
006 2 21 9 0.051744 0.4 -0.009627 0 0.7478 0 0.051744 -0.3478 -0.009627 0.4472504 0.3517598
006 2 21 9 0.052045 0.4 -0.010146 0 0.7478 0 0.052045 -0.3478 -0.010146 0.4514313 0.3518188
006 2 21 9 0.052341 0.4 -0.010668 0 0.7478 0 0.052341 -0.3478 -0.010668 0.4559631 0.3518781
006 2 21 9 0.052632 0.4 -0.011193 0 0.7478 0 0.052632 -0.3478 -0.011193 0.4606171 0.3519378
006 2 21 9 0.052917 0.4 -0.01172 0 0.7478 0 0.052917 -0.3478 -0.01172 0.4648743 0.3519977
006 2 21 9 0.053198 0.4 -0.012251 0 0.7478 0 0.053198 -0.3478 -0.012251 0.4690399 0.3520581
006 2 21 9 0.053472 0.4 -0.012784 0 0.7478 0 0.053472 -0.3478 -0.012784 0.4734344 0.3521186
006 2 21 9 0.053742 0.4 -0.01332 0 0.7478 0 0.053742 -0.3478 -0.01332 0.4777374 0.3521796
006 2 21 9 0.054006 0.4 -0.013859 0 0.7478 0 0.054006 -0.3478 -0.013859 0.4819489 0.3522407
006 2 21 9 0.054265 0.4 -0.0144 0 0.7478 0 0.054265 -0.3478 -0.0144 0.486145 0.3523023
006 2 21 9 0.054518 0.4 -0.014944 0 0.7478 0 0.054518 -0.3478 -0.014944 0.4913635 0.352364
006 2 21 9 0.054766 0.4 -0.015491 0 0.7478 0 0.054766 -0.3478 -0.015491 0.4966278 0.3524261
006 2 21 9 0.055008 0.4 -0.01604 0 0.7478 0 0.055008 -0.3478 -0.01604 0.5007324 0.3524883
006 2 21 9 0.055245 0.4 -0.016591 0 0.7478 0 0.055245 -0.3478 -0.016591 0.504837 0.3525509
006 2 21 9 0.055476 0.4 -0.017145 0 0.7478 0 0.055476 -0.3478 -0.017145 0.5091095 0.3526136
006 2 21 9 0.055702 0.4 -0.0177 0 0.7478 0 0.055702 -0.3478 -0.0177 0.5134583 0.3526767
006 2 21 9 0.055922 0.4 -0.018259 0 0.7478 0 0.055922 -0.3478 -0.018259 0.5177765 0.35274
006 2 21 9 0.056137 0.4 -0.018819 0 0.7478 0 0.056137 -0.3478 -0.018819 0.5219574 0.3528036
006 2 21 9 0.056346 0.4 -0.019381 0 0.7478 0 0.056346 -0.3478 -0.019381 0.5262909 0.3528673
006 2 21 9 0.056549 0.4 -0.019946 0 0.7478 0 0.056549 -0.3478 -0.019946 0.5306091 0.3529312
006 2 21 9 0.056747 0.4 -0.020512 0 0.7478 0 0.056747 -0.3478 -0.020512 0.5348816 0.3529955
006 2 21 9 0.056939 0.4 -0.021081 0 0.7478 0 0.056939 -0.3478 -0.021081 0.5389404 0.3530599
006 2 21 9 0.057125 0.4 -0.021651 0 0.7478 0 0.057125 -0.3478 -0.021651 0.5435486 0.3531244
006 2 21 9 0.057306 0.4 -0.022223 0 0.7478 0 0.057306 -0.3478 -0.022223 0.5477142 0.3531893
006 2 21 9 0.057481 0.4 -0.022797 0 0.7478 0 0.057481 -0.3478 -0.022797 0.5582581 0.3532543
006 2 21 9 0.05765 0.4 -0.023373 0 0.7478 0 0.05765 -0.3478 -0.023373 0.563736 0.3533195
006 2 21 9 0.057813 0.4 -0.02395 0 0.7478 0 0.057813 -0.3478 -0.02395 0.5686188 0.3533847
006 2 21 9 0.057971 0.4 -0.024529 0 0.7478 0 0.057971 -0.3478 -0.024529 0.5741577 0.3534503
006 2 21 9 0.058123 0.4 -0.025109 0 0.7478 0 0.058123 -0.3478 -0.025109 0.5786591 0.353516
006 2 21 9 0.058269 0.4 -0.025691 0 0.7478 0 0.058269 -0.3478 -0.025691 0.5828705 0.3535818
006 2 21 9 0.058409 0.4 -0.026275 0 0.7478 0 0.058409 -0.3478 -0.026275 0.5871277 0.3536479
006 2 21 9 0.058543 0.4 -0.02686 0 0.7478 0 0.058543 -0.3478 -0.02686 0.5915833 0.353714
006 2 21 9 0.058672 0.4 -0.027446 0 0.7478 0 0.058672 -0.3478 -0.027446 0.5960846 0.3537803
006 2 21 9 0.058794 0.4 -0.028033 0 0.7478 0 0.058794 -0.3478 -0.028033 0.600235 0.3538466
006 2 21 9 0.058911 0.4 -0.028622 0 0.7478 0 0.058911 -0.3478 -0.028622 0.6045227 0.3539132
006 2 21 9 0.059022 0.4 -0.029211 0 0.7478 0 0.059022 -0.3478 -0.029211 0.6087799 0.3539798
006 2 21 9 0.059127 0.4 -0.029802 0 0.7478 0 0.059127 -0.3478 -0.029802 0.6130981 0.3540466
006 2 21 9 0.059226 0.4 -0.030394 0 0.7478 0 0.059226 -0.3478 -0.030394 0.6172638 0.3541135
006 2 21 9 0.059319 0.4 -0.030986 0 0.7478 0 0.059319 -0.3478 -0.030986 0.6216431 0.3541803
006 2 21 9 0.059406 0.4 -0.03158 0 0.7478 0 0.059406 -0.3478 -0.03158 0.6260071 0.3542474
006 2 21 9 0.059488 0.4 -0.032175 0 0.7478 0 0.059488 -0.3478 -0.032175 0.6302795 0.3543147
006 2 21 9 0.059563 0.4 -0.03277 0 0.7478 0 0.059563 -0.3478 -0.03277 0.6345367 0.3543818
006 2 21 9 0.059632 0.4 -0.033366 0 0.7478 0 0.059632 -0.3478 -0.033366 0.6386566 0.354449
006 2 21 9 0.059695 0.4 -0.033962 0 0.7478 0 0.059695 -0.3478 -0.033962 0.6432037 0.3545162
006 2 21 9 0.059753 0.4 -0.03456 0 0.7478 0 0.059753 -0.3478 -0.03456 0.6477051 0.3545838
006 2 21 9 0.059804 0.4 -0.035157 0 0.7478 0 0.059804 -0.3478 -0.035157 0.652298 0.354651
006 2 21 9 0.05985 0.4 -0.035756 0 0.7478 0 0.05985 -0.3478 -0.035756 0.6567383 0.3547187
006 2 21 9 0.059889 0.4 -0.036354 0 0.7478 0 0.059889 -0.3478 -0.036354 0.6611023 0.354786
006 2 21 9 0.059923 0.4 -0.036954 0 0.7478 0 0.059923 -0.3478 -0.036954 0.6653748 0.3548537
006 2 21 9 0.05995 0.4 -0.037553 0 0.7478 0 0.05995 -0.3478 -0.037553 0.6694946 0.3549212
006 2 21 9 0.059972 0.4 -0.038153 0 0.7478 0 0.059972 -0.3478 -0.038153 0.6738281 0.3549889
006 2 21 9 0.059987 0.4 -0.038752 0 0.7478 0 0.059987 -0.3478 -0.038752 0.6779938 0.3550563
006 2 21 9 0.059997 0.4 -0.039352 0 0.7478 0 0.059997 -0.3478 -0.039352 0.6822357 0.355124
006 2 21 9 0.06 0.4 -0.039952 0 0.7478 0 0.06 -0.3478 -0.039952 0.6864319 0.3551915
006 2 21 9 0.059997 0.4 -0.040552 0 0.7478 0 0.059997 -0.3478 -0.040552 0.6907806 0.355259
006 2 21 9 0.059989 0.4 -0.041152 0 0.7478 0 0.059989 -0.3478 -0.041152 0.6951294 0.3553266
006 2 21 9 0.059974 0.4 -0.041752 0 0.7478 0 0.059974 -0.3478 -0.041752 0.6992493 0.3553941
006 2 21 9 0.059954 0.4 -0.042352 0 0.7478 0 0.059954 -0.3478 -0.042352 0.7034454 0.3554617
006 2 21 9 0.059927 0.4 -0.042951 0 0.7478 0 0.059927 -0.3478 -0.042951 0.7077179 0.355529
006 2 21 9 0.059895 0.4 -0.04355 0 0.7478 0 0.059895 -0.3478 -0.04355 0.7120819 0.3555965
006 2 21 9 0.059856 0.4 -0.044149 0 0.7478 0 0.059856 -0.3478 -0.044149 0.716629 0.3556637
006 2 21 9 0.059812 0.4 -0.044747 0 0.7478 0 0.059812 -0.3478 -0.044747 0.7207031 0.3557311
006 2 21 9 0.059761 0.4 -0.045345 0 0.7478 0 0.059761 -0.3478 -0.045345 0.725235 0.3557982
006 2 21 9 0.059705 0.4 -0.045942 0 0.7478 0 0.059705 -0.3478 -0.045942 0.7295227 0.3558654
006 2 21 9 0.059643 0.4 -0.046539 0 0.7478 0 0.059643 -0.3478 -0.046539 0.7337799 0.3559326
006 2 21 9 0.059574 0.4 -0.047135 0 0.7478 0 0.059574 -0.3478 -0.047135 0.7381287 0.3559994
006 2 21 9 0.0595 0.4 -0.047731 0 0.7478 0 0.0595 -0.3478 -0.047731 0.7425385 0.3560665
006 2 21 9 0.05942 0.4 -0.048325 0 0.7478 0 0.05942 -0.3478 -0.048325 0.746933 0.3561332
006 2 21 9 0.059333 0.4 -0.048919 0 0.7478 0 0.059333 -0.3478 -0.048919 0.7512054 0.3561998
006 2 21 9 0.059241 0.4 -0.049512 0 0.7478 0 0.059241 -0.3478 -0.049512 0.7555084 0.3562664
006 2 21 9 0.059143 0.4 -0.050104 0 0.7478 0 0.059143 -0.3478 -0.050104 0.7602539 0.3563329
006 2 21 9 0.059039 0.4 -0.050695 0 0.7478 0 0.059039 -0.3478 -0.050695 0.7645416 0.3563992
006 2 21 9 0.058929 0.4 -0.051285 0 0.7478 0 0.058929 -0.3478 -0.051285 0.7686615 0.3564654
006 2 21 9 0.058813 0.4 -0.051873 0 0.7478 0 0.058813 -0.3478 -0.051873 0.7732239 0.3565314
006 2 21 9 0.058692 0.4 -0.052461 0 0.7478 0 0.058692 -0.3478 -0.052461 0.7775269 0.3565975
006 2 21 9 0.058564 0.4 -0.053047 0 0.7478 0 0.058564 -0.3478 -0.053047 0.781723 0.3566631
006 2 21 9 0.058431 0.4 -0.053632 0 0.7478 0 0.058431 -0.3478 -0.053632 0.7857819 0.3567288
006 2 21 9 0.058292 0.4 -0.054216 0 0.7478 0 0.058292 -0.3478 -0.054216 0.7900238 0.3567943
006 2 21 9 0.058147 0.4 -0.054798 0 0.7478 0 0.058147 -0.3478 -0.054798 0.7946014 0.3568595
006 2 21 9 0.057996 0.4 -0.055379 0 0.7478 0 0.057996 -0.3478 -0.055379 0.7987061 0.3569247
006 2 21 9 0.057839 0.4 -0.055958 0 0.7478 0 0.057839 -0.3478 -0.055958 0.8028717 0.3569895
006 2 21 9 0.057677 0.4 -0.056535 0 0.7478 0 0.057677 -0.3478 -0.056535 0.8071136 0.3570542
006 2 21 9 0.057508 0.4 -0.057111 0 0.7478 0 0.057508 -0.3478 -0.057111 0.8113098 0.3571186
006 2 21 9 0.057334 0.4 -0.057686 0 0.7478 0 0.057334 -0.3478 -0.057686 0.8155975 0.357183
006 2 21 9 0.057155 0.4 -0.058258 0 0.7478 0 0.057155 -0.3478 -0.058258 0.8197632 0.3572471
006 2 21 9 0.056969 0.4 -0.058829 0 0.7478 0 0.056969 -0.3478 -0.058829 0.8240204 0.357311
006 2 21 9 0.056778 0.4 -0.059397 0 0.7478 0 0.056778 -0.3478 -0.059397 0.8282166 0.3573745
006 2 21 9 0.056581 0.4 -0.059964 0 0.7478 0 0.056581 -0.3478 -0.059964 0.8325043 0.357438
006 2 21 9 0.056379 0.4 -0.060529 0 0.7478 0 0.056379 -0.3478 -0.060529 0.8366394 0.3575013
006 2 21 9 0.056171 0.4 -0.061092 0 0.7478 0 0.056171 -0.3478 -0.061092 0.8409424 0.3575643
006 2 21 9 0.055957 0.4 -0.061652 0 0.7478 0 0.055957 -0.3478 -0.061652 0.8451691 0.3576269
006 2 21 9 0.055738 0.4 -0.062211 0 0.7478 0 0.055738 -0.3478 -0.062211 0.84935 0.3576895
006 2 21 9 0.055513 0.4 -0.062767 0 0.7478 0 0.055513 -0.3478 -0.062767 0.8536072 0.3577516
006 2 21 9 0.055282 0.4 -0.063321 0 0.7478 0 0.055282 -0.3478 -0.063321 0.8580475 0.3578135
006 2 21 9 0.055046 0.4 -0.063873 0 0.7478 0 0.055046 -0.3478 -0.063873 0.862442 0.3578752
006 2 21 9 0.054805 0.4 -0.064422 0 0.7478 0 0.054805 -0.3478 -0.064422 0.8666382 0.3579366
006 2 21 9 0.054558 0.4 -0.064969 0 0.7478 0 0.054558 -0.3478 -0.064969 0.8707886 0.3579977
006 2 21 9 0.054305 0.4 -0.065513 0 0.7478 0 0.054305 -0.3478 -0.065513 0.8751373 0.3580584
006 2 21 9 0.054048 0.4 -0.066055 0 0.7478 0 0.054048 -0.3478 -0.066055 0.879364 0.3581191
006 2 21 9 0.053784 0.4 -0.066594 0 0.7478 0 0.053784 -0.3478 -0.066594 0.8835449 0.3581792
006 2 21 9 0.053516 0.4 -0.067131 0 0.7478 0 0.053516 -0.3478 -0.067131 0.8877106 0.3582392
006 2 21 9 0.053242 0.4 -0.067664 0 0.7478 0 0.053242 -0.3478 -0.067664 0.8920593 0.3582987
006 2 21 9 0.052962 0.4 -0.068195 0 0.7478 0 0.052962 -0.3478 -0.068195 0.8964386 0.3583579
006 2 21 9 0.052678 0.4 -0.068724 0 0.7478 0 0.052678 -0.3478 -0.068724 0.9006348 0.3584171
006 2 21 9 0.052388 0.4 -0.069249 0 0.7478 0 0.052388 -0.3478 -0.069249 0.9047089 0.3584756
006 2 21 9 0.052093 0.4 -0.069771 0 0.7478 0 0.052093 -0.3478 -0.069771 0.9091187 0.3585338
006 2 21 9 0.051793 0.4 -0.070291 0 0.7478 0 0.051793 -0.3478 -0.070291 0.9134674 0.3585919
006 2 21 9 0.051487 0.4 -0.070807 0 0.7478 0 0.051487 -0.3478 -0.070807 0.9176788 0.3586494
006 2 21 9 0.051176 0.4 -0.07132 0 0.7478 0 0.051176 -0.3478 -0.07132 0.9219055 0.3587065
006 2 21 9 0.050861 0.4 -0.071831 0 0.7478 0 0.050861 -0.3478 -0.071831 0.9262695 0.3587637
006 2 21 9 0.05054 0.4 -0.072338 0 0.7478 0 0.05054 -0.3478 -0.072338 0.9307404 0.3588201
006 2 21 9 0.050214 0.4 -0.072841 0 0.7478 0 0.050214 -0.3478 -0.072841 0.9355774 0.3588761
006 2 21 9 0.049883 0.4 -0.073342 0 0.7478 0 0.049883 -0.3478 -0.073342 0.9402313 0.358932
006 2 21 9 0.049547 0.4 -0.073839 0 0.7478 0 0.049547 -0.3478 -0.073839 0.9450378 0.3589874
006 2 21 9 0.049206 0.4 -0.074333 0 0.7478 0 0.049206 -0.3478 -0.074333 0.9492188 0.3590424
006 2 21 9 0.04886 0.4 -0.074823 0 0.7478 0 0.04886 -0.3478 -0.074823 0.9535522 0.3590969
006 2 21 9 0.04851 0.4 -0.07531 0 0.7478 0 0.04851 -0.3478 -0.07531 0.9577179 0.3591513
006 2 21 9 0.048154 0.4 -0.075793 0 0.7478 0 0.048154 -0.3478 -0.075793 0.9619446 0.359205
006 2 21 9 0.047794 0.4 -0.076273 0 0.7478 0 0.047794 -0.3478 -0.076273 0.9661713 0.3592585
006 2 21 9 0.047429 0.4 -0.076749 0 0.7478 0 0.047429 -0.3478 -0.076749 0.9703369 0.3593115
006 2 21 9 0.047059 0.4 -0.077222 0 0.7478 0 0.047059 -0.3478 -0.077222 0.9748688 0.3593642
006 2 21 9 0.046684 0.4 -0.07769 0 0.7478 0 0.046684 -0.3478 -0.07769 0.9790649 0.3594162
006 2 21 9 0.046305 0.4 -0.078155 0 0.7478 0 0.046305 -0.3478 -0.078155 0.9832458 0.3594679
006 2 21 9 0.045921 0.4 -0.078617 0 0.7478 0 0.045921 -0.3478 -0.078617 0.9874878 0.3595194
006 2 21 9 0.045533 0.4 -0.079074 0 0.7478 0 0.045533 -0.3478 -0.079074 0.9922791 0.3595703
006 2 21 9 0.04514 0.4 -0.079527 0 0.7478 0 0.04514 -0.3478 -0.079527 0.9973145 0.3596206
006 2 21 9 0.044742 0.4 -0.079977 0 0.7478 0 0.044742 -0.3478 -0.079977 1.001556 0.3596707
006 2 21 9 0.04434 0.4 -0.080422 0 0.7478 0 0.04434 -0.3478 -0.080422 1.005722 0.3597201
006 2 21 9 0.043934 0.4 -0.080863 0 0.7478 0 0.043934 -0.3478 -0.080863 1.010193 0.3597692
006 2 21 9 0.043523 0.4 -0.081301 0 0.7478 0 0.043523 -0.3478 -0.081301 1.014404 0.3598179
006 2 21 9 0.043108 0.4 -0.081734 0 0.7478 0 0.043108 -0.3478 -0.081734 1.018463 0.3598661
006 2 21 9 0.042688 0.4 -0.082163 0 0.7478 0 0.042688 -0.3478 -0.082163 1.022552 0.3599137
006 2 21 9 0.042265 0.4 -0.082588 0 0.7478 0 0.042265 -0.3478 -0.082588 1.026886 0.359961
006 2 21 9 0.041837 0.4 -0.083008 0 0.7478 0 0.041837 -0.3478 -0.083008 1.031052 0.3600076
006 2 21 9 0.041404 0.4 -0.083424 0 0.7478 0 0.041404 -0.3478 -0.083424 1.035278 0.3600537
006 2 21 9 0.040968 0.4 -0.083836 0 0.7478 0 0.040968 -0.3478 -0.083836 1.039474 0.3600995
006 2 21 9 0.040528 0.4 -0.084244 0 0.7478 0 0.040528 -0.3478 -0.084244 1.043793 0.360145
006 2 21 9 0.040083 0.4 -0.084647 0 0.7478 0 0.040083 -0.3478 -0.084647 1.047943 0.3601896
006 2 21 9 0.039635 0.4 -0.085045 0 0.7478 0 0.039635 -0.3478 -0.085045 1.052368 0.3602338
006 2 21 9 0.039182 0.4 -0.085439 0 0.7478 0 0.039182 -0.3478 -0.085439 1.056534 0.3602775
006 2 21 9 0.038726 0.4 -0.085829 0 0.7478 0 0.038726 -0.3478 -0.085829 1.060928 0.3603209
006 2 21 9 0.038266 0.4 -0.086214 0 0.7478 0 0.038266 -0.3478 -0.086214 1.065033 0.3603637
006 2 21 9 0.037802 0.4 -0.086594 0 0.7478 0 0.037802 -0.3478 -0.086594 1.069214 0.3604058
006 2 21 9 0.037334 0.4 -0.08697 0 0.7478 0 0.037334 -0.3478 -0.08697 1.073578 0.3604476
006 2 21 9 0.036862 0.4 -0.087341 0 0.7478 0 0.036862 -0.3478 -0.087341 1.077774 0.3604887
006 2 21 9 0.036387 0.4 -0.087707 0 0.7478 0 0.036387 -0.3478 -0.087707 1.082031 0.3605293
006 2 21 9 0.035908 0.4 -0.088069 0 0.7478 0 0.035908 -0.3478 -0.088069 1.086136 0.3605695
006 2 21 9 0.035426 0.4 -0.088425 0 0.7478 0 0.035426 -0.3478 -0.088425 1.090439 0.3606089
006 2 21 9 0.03494 0.4 -0.088777 0 0.7478 0 0.03494 -0.3478 -0.088777 1.095078 0.360648
006 2 21 9 0.03445 0.4 -0.089124 0 0.7478 0 0.03445 -0.3478 -0.089124 1.099838 0.3606865
006 2 21 9 0.033957 0.4 -0.089466 0 0.7478 0 0.033957 -0.3478 -0.089466 1.104065 0.3607244
006 2 21 9 0.033461 0.4 -0.089803 0 0.7478 0 0.033461 -0.3478 -0.089803 1.108353 0.3607618
006 2 21 9 0.032961 0.4 -0.090135 0 0.7478 0 0.032961 -0.3478 -0.090135 1.112747 0.3607985
006 2 21 9 0.032458 0.4 -0.090462 0 0.7478 0 0.032458 -0.3478 -0.090462 1.116928 0.3608348
006 2 21 9 0.031952 0.4 -0.090784 0 0.7478 0 0.031952 -0.3478 -0.090784 1.121094 0.3608705
006 2 21 9 0.031443 0.4 -0.091101 0 0.7478 0 0.031443 -0.3478 -0.091101 1.125473 0.3609056
006 2 21 9 0.03093 0.4 -0.091413 0 0.7478 0 0.03093 -0.3478 -0.091413 1.129684 0.3609402
006 2 21 9 0.030414 0.4 -0.09172 0 0.7478 0 0.030414 -0.3478 -0.09172 1.134048 0.3609742
006 2 21 9 0.029896 0.4 -0.092022 0 0.7478 0 0.029896 -0.3478 -0.092022 1.138351 0.3610078
006 2 21 9 0.029374 0.4 -0.092318 0 0.7478 0 0.029374 -0.3478 -0.092318 1.142654 0.3610405
006 2 21 9 0.028849 0.4 -0.092609 0 0.7478 0 0.028849 -0.3478 -0.092609 1.146805 0.3610727
006 2 21 9 0.028322 0.4 -0.092895 0 0.7478 0 0.028322 -0.3478 -0.092895 1.151062 0.3611045
006 2 21 9 0.027791 0.4 -0.093176 0 0.7478 0 0.027791 -0.3478 -0.093176 1.155411 0.3611356
006 2 21 9 0.027258 0.4 -0.093451 0 0.7478 0 0.027258 -0.3478 -0.093451 1.159744 0.3611661
006 2 21 9 0.026722 0.4 -0.093721 0 0.7478 0 0.026722 -0.3478 -0.093721 1.163834 0.361196
006 2 21 9 0.026184 0.4 -0.093985 0 0.7478 0 0.026184 -0.3478 -0.093985 1.167969 0.3612252
006 2 21 9 0.025643 0.4 -0.094244 0 0.7478 0 0.025643 -0.3478 -0.094244 1.172241 0.3612538
006 2 21 9 0.025099 0.4 -0.094498 0 0.7478 0 0.025099 -0.3478 -0.094498 1.176712 0.361282
006 2 21 9 0.024553 0.4 -0.094746 0 0.7478 0 0.024553 -0.3478 -0.094746 1.180984 0.3613094
006 2 21 9 0.024004 0.4 -0.094989 0 0.7478 0 0.024004 -0.3478 -0.094989 1.185196 0.3613363
006 2 21 9 0.023453 0.4 -0.095226 0 0.7478 0 0.023453 -0.3478 -0.095226 1.189377 0.3613625
006 2 21 9 0.0229 0.4 -0.095458 0 0.7478 0 0.0229 -0.3478 -0.095458 1.193878 0.3613882
006 2 21 9 0.022344 0.4 -0.095684 0 0.7478 0 0.022344 -0.3478 -0.095684 1.198059 0.3614132
006 2 21 9 0.021786 0.4 -0.095905 0 0.7478 0 0.021786 -0.3478 -0.095905 1.202377 0.3614377
006 2 21 9 0.021226 0.4 -0.09612 0 0.7478 0 0.021226 -0.3478 -0.09612 1.206619 0.3614615
006 2 21 9 0.020664 0.4 -0.09633 0 0.7478 0 0.020664 -0.3478 -0.09633 1.210983 0.3614849
006 2 21 9 0.020099 0.4 -0.096533 0 0.7478 0 0.020099 -0.3478 -0.096533 1.215332 0.3615071
006 2 21 9 0.019533 0.4 -0.096732 0 0.7478 0 0.019533 -0.3478 -0.096732 1.219482 0.3615293
006 2 21 9 0.018965 0.4 -0.096924 0 0.7478 0 0.018965 -0.3478 -0.096924 1.22377 0.3615505
006 2 21 9 0.018394 0.4 -0.097111 0 0.7478 0 0.018394 -0.3478 -0.097111 1.22818 0.3615712
006 2 21 9 0.017822 0.4 -0.097292 0 0.7478 0 0.017822 -0.3478 -0.097292 1.232544 0.3615912
006 2 21 9 0.017249 0.4 -0.097467 0 0.7478 0 0.017249 -0.3478 -0.097467 1.236786 0.3616105
006 2 21 9 0.016673 0.4 -0.097637 0 0.7478 0 0.016673 -0.3478 -0.097637 1.241058 0.3616294
006 2 21 9 0.016096 0.4 -0.097801 0 0.7478 0 0.016096 -0.3478 -0.097801 1.245224 0.3616475
006 2 21 9 0.015517 0.4 -0.097959 0 0.7478 0 0.015517 -0.3478 -0.097959 1.249359 0.361665
006 2 21 9 0.014937 0.4 -0.098111 0 0.7478 0 0.014937 -0.3478 -0.098111 1.253662 0.3616818
006 2 21 9 0.014355 0.4 -0.098257 0 0.7478 0 0.014355 -0.3478 -0.098257 1.257935 0.3616979
006 2 21 9 0.013772 0.4 -0.098398 0 0.7478 0 0.013772 -0.3478 -0.098398 1.262131 0.3617135
006 2 21 9 0.013187 0.4 -0.098533 0 0.7478 0 0.013187 -0.3478 -0.098533 1.266327 0.3617285
006 2 21 9 0.012601 0.4 -0.098662 0 0.7478 0 0.012601 -0.3478 -0.098662 1.270462 0.3617427
006 2 21 9 0.012014 0.4 -0.098785 0 0.7478 0 0.012014 -0.3478 -0.098785 1.274857 0.3617563
006 2 21 9 0.011425 0.4 -0.098902 0 0.7478 0 0.011425 -0.3478 -0.098902 1.279068 0.3617692
006 2 21 9 0.010836 0.4 -0.099013 0 0.7478 0 0.010836 -0.3478 -0.099013 1.283188 0.3617814
006 2 21 9 0.010245 0.4 -0.099119 0 0.7478 0 0.010245 -0.3478 -0.099119 1.287399 0.3617932
006 2 21 9 0.009653 0.4 -0.099218 0 0.7478 0 0.009653 -0.3478 -0.099218 1.291779 0.3618041
006 2 21 9 0.009061 0.4 -0.099312 0 0.7478 0 0.009061 -0.3478 -0.099312 1.296066 0.3618146
006 2 21 9 0.008467 0.4 -0.0994 0 0.7478 0 0.008467 -0.3478 -0.0994 1.300232 0.3618244
006 2 21 9 0.007873 0.4 -0.099481 0 0.7478 0 0.007873 -0.3478 -0.099481 1.304321 0.3618332
006 2 21 9 0.007278 0.4 -0.099557 0 0.7478 0 0.007278 -0.3478 -0.099557 1.308563 0.3618417
006 2 21 9 0.006682 0.4 -0.099627 0 0.7478 0 0.006682 -0.3478 -0.099627 1.312912 0.3618494
006 2 21 9 0.006085 0.4 -0.099691 0 0.7478 0 0.006085 -0.3478 -0.099691 1.317154 0.3618565
006 2 21 9 0.005488 0.4 -0.099748 0 0.7478 0 0.005488 -0.3478 -0.099748 1.321274 0.3618627
006 2 21 9 0.00489 0.4 -0.0998 0 0.7478 0 0.00489 -0.3478 -0.0998 1.325577 0.3618685
006 2 21 9 0.004292 0.4 -0.099846 0 0.7478 0 0.004292 -0.3478 -0.099846 1.329742 0.3618736
006 2 21 9 0.003693 0.4 -0.099886 0 0.7478 0 0.003693 -0.3478 -0.099886 1.334 0.361878
006 2 21 9 0.003094 0.4 -0.09992 0 0.7478 0 0.003094 -0.3478 -0.09992 1.33812 0.3618818
006 2 21 9 0.002495 0.4 -0.099948 0 0.7478 0 0.002495 -0.3478 -0.099948 1.342422 0.3618849
006 2 21 9 0.001895 0.4 -0.09997 0 0.7478 0 0.001895 -0.3478 -0.09997 1.346588 0.3618873
006 2 21 9 0.001295 0.4 -0.099986 0 0.7478 0 0.001295 -0.3478 -0.099986 1.350708 0.3618891
006 2 21 9 0.000696 0.4 -0.099996 0 0.7478 0 0.000696 -0.3478 -0.099996 1.355011 0.3618902
006 2 21 9 9.6E-05 0.4 -0.1 0 0.7478 0 9.6E-05 -0.3478 -0.1 1.359314 0.3618906
006 2 21 9 -0.000504 0.4 -0.099998 0 0.7478 0 -0.000504 -0.3478 -0.099998 1.363495 0.3618904
006 2 21 9 -0.001104 0.4 -0.09999 0 0.7478 0 -0.001104 -0.3478 -0.09999 1.367676 0.3618896
006 2 21 9 -0.001704 0.4 -0.099976 0 0.7478 0 -0.001704 -0.3478 -0.099976 1.371826 0.361888
006 2 21 9 -0.002304 0.4 -0.099956 0 0.7478 0 -0.002304 -0.3478 -0.099956 1.376297 0.3618858
006 2 21 9 -0.002903 0.4 -0.09993 0 0.7478 0 -0.002903 -0.3478 -0.09993 1.380478 0.3618829
006 2 21 9 -0.003502 0.4 -0.099898 0 0.7478 0 -0.003502 -0.3478 -0.099898 1.384598 0.3618794
006 2 21 9 -0.004101 0.4 -0.09986 0 0.7478 0 -0.004101 -0.3478 -0.09986 1.388748 0.3618752
006 2 21 9 -0.0047 0.4 -0.099816 0 0.7478 0 -0.0047 -0.3478 -0.099816 1.393433 0.3618703
006 2 21 9 -0.005298 0.4 -0.099766 0 0.7478 0 -0.005298 -0.3478 -0.099766 1.397537 0.3618648
006 2 21 9 -0.005895 0.4 -0.09971 0 0.7478 0 -0.005895 -0.3478 -0.09971 1.401672 0.3618586
006 2 21 9 -0.006492 0.4 -0.099648 0 0.7478 0 -0.006492 -0.3478 -0.099648 1.405869 0.3618518
006 2 21 9 -0.007088 0.4 -0.09958 0 0.7478 0 -0.007088 -0.3478 -0.09958 1.410446 0.3618442
006 2 21 9 -0.007683 0.4 -0.099506 0 0.7478 0 -0.007683 -0.3478 -0.099506 1.414734 0.361836
006 2 21 9 -0.008278 0.4 -0.099426 0 0.7478 0 -0.008278 -0.3478 -0.099426 1.418839 0.3618272
006 2 21 9 -0.008872 0.4 -0.09934 0 0.7478 0 -0.008872 -0.3478 -0.09934 1.422989 0.3618176
006 2 21 9 -0.009465 0.4 -0.099249 0 0.7478 0 -0.009465 -0.3478 -0.099249 1.42746 0.3618076
006 2 21 9 -0.010057 0.4 -0.099151 0 0.7478 0 -0.010057 -0.3478 -0.099151 1.431625 0.3617968
006 2 21 9 -0.010648 0.4 -0.099048 0 0.7478 0 -0.010648 -0.3478 -0.099048 1.435852 0.3617854
006 2 21 9 -0.011238 0.4 -0.098938 0 0.7478 0 -0.011238 -0.3478 -0.098938 1.440063 0.3617732
006 2 21 9 -0.011826 0.4 -0.098823 0 0.7478 0 -0.011826 -0.3478 -0.098823 1.444611 0.3617605
006 2 21 9 -0.012414 0.4 -0.098702 0 0.7478 0 -0.012414 -0.3478 -0.098702 1.449402 0.3617472
006 2 21 9 -0.013001 0.4 -0.098575 0 0.7478 0 -0.013001 -0.3478 -0.098575 1.454025 0.3617332
006 2 21 9 -0.013586 0.4 -0.098442 0 0.7478 0 -0.013586 -0.3478 -0.098442 1.45871 0.3617184
006 2 21 9 -0.014169 0.4 -0.098303 0 0.7478 0 -0.014169 -0.3478 -0.098303 1.463669 0.361703
006 2 21 9 -0.014752 0.4 -0.098158 0 0.7478 0 -0.014752 -0.3478 -0.098158 1.468338 0.3616869
006 2 21 9 -0.015332 0.4 -0.098008 0 0.7478 0 -0.015332 -0.3478 -0.098008 1.472702 0.3616704
006 2 21 9 -0.015912 0.4 -0.097852 0 0.7478 0 -0.015912 -0.3478 -0.097852 1.477051 0.3616532
006 2 21 9 -0.016489 0.4 -0.09769 0 0.7478 0 -0.016489 -0.3478 -0.09769 1.481186 0.3616353
006 2 21 9 -0.017066 0.4 -0.097522 0 0.7478 0 -0.017066 -0.3478 -0.097522 1.485397 0.3616167
006 2 21 9 -0.01764 0.4 -0.097348 0 0.7478 0 -0.01764 -0.3478 -0.097348 1.490097 0.3615973
006 2 21 9 -0.018212 0.4 -0.097169 0 0.7478 0 -0.018212 -0.3478 -0.097169 1.495331 0.3615775
006 2 21 9 -0.018783 0.4 -0.096984 0 0.7478 0 -0.018783 -0.3478 -0.096984 1.499649 0.3615571
006 2 21 9 -0.019352 0.4 -0.096793 0 0.7478 0 -0.019352 -0.3478 -0.096793 1.503769 0.3615359
006 2 21 9 -0.019919 0.4 -0.096597 0 0.7478 0 -0.019919 -0.3478 -0.096597 1.508087 0.3615143
006 2 21 9 -0.020484 0.4 -0.096395 0 0.7478 0 -0.020484 -0.3478 -0.096395 1.512482 0.3614919
006 2 21 9 -0.021047 0.4 -0.096187 0 0.7478 0 -0.021047 -0.3478 -0.096187 1.516602 0.3614689
006 2 21 9 -0.021608 0.4 -0.095974 0 0.7478 0 -0.021608 -0.3478 -0.095974 1.520782 0.3614453
006 2 21 9 -0.022166 0.4 -0.095755 0 0.7478 0 -0.022166 -0.3478 -0.095755 1.525009 0.3614211
006 2 21 9 -0.022723 0.4 -0.095531 0 0.7478 0 -0.022723 -0.3478 -0.095531 1.529343 0.3613964
006 2 21 9 -0.023277 0.4 -0.095301 0 0.7478 0 -0.023277 -0.3478 -0.095301 1.533615 0.3613709
006 2 21 9 -0.023829 0.4 -0.095065 0 0.7478 0 -0.023829 -0.3478 -0.095065 1.537766 0.3613447
006 2 21 9 -0.024378 0.4 -0.094824 0 0.7478 0 -0.024378 -0.3478 -0.094824 1.542068 0.361318
006 2 21 9 -0.024925 0.4 -0.094578 0 0.7478 0 -0.024925 -0.3478 -0.094578 1.546326 0.3612909
006 2 21 9 -0.02547 0.4 -0.094326 0 0.7478 0 -0.02547 -0.3478 -0.094326 1.550476 0.361263
006 2 21 9 -0.026012 0.4 -0.094068 0 0.7478 0 -0.026012 -0.3478 -0.094068 1.55484 0.3612343
006 2 21 9 -0.026551 0.4 -0.093806 0 0.7478 0 -0.026551 -0.3478 -0.093806 1.559219 0.3612054
006 2 21 9 -0.027088 0.4 -0.093537 0 0.7478 0 -0.027088 -0.3478 -0.093537 1.563461 0.3611755
006 2 21 9 -0.027622 0.4 -0.093264 0 0.7478 0 -0.027622 -0.3478 -0.093264 1.567825 0.3611454
006 2 21 9 -0.028153 0.4 -0.092985 0 0.7478 0 -0.028153 -0.3478 -0.092985 1.572998 0.3611144
006 2 21 9 -0.028682 0.4 -0.092701 0 0.7478 0 -0.028682 -0.3478 -0.092701 1.577347 0.361083
006 2 21 9 -0.029207 0.4 -0.092411 0 0.7478 0 -0.029207 -0.3478 -0.092411 1.581528 0.3610508
006 2 21 9 -0.02973 0.4 -0.092117 0 0.7478 0 -0.02973 -0.3478 -0.092117 1.585724 0.3610183
006 2 21 9 -0.03025 0.4 -0.091817 0 0.7478 0 -0.03025 -0.3478 -0.091817 1.589859 0.3609851
006 2 21 9 -0.030766 0.4 -0.091512 0 0.7478 0 -0.030766 -0.3478 -0.091512 1.594269 0.3609513
006 2 21 9 -0.03128 0.4 -0.091201 0 0.7478 0 -0.03128 -0.3478 -0.091201 1.598495 0.3609167
006 2 21 9 -0.03179 0.4 -0.090886 0 0.7478 0 -0.03179 -0.3478 -0.090886 1.602676 0.3608818
006 2 21 9 -0.032297 0.4 -0.090566 0 0.7478 0 -0.032297 -0.3478 -0.090566 1.607086 0.3608464
006 2 21 9 -0.032801 0.4 -0.09024 0 0.7478 0 -0.032801 -0.3478 -0.09024 1.611557 0.3608102
006 2 21 9 -0.033302 0.4 -0.08991 0 0.7478 0 -0.033302 -0.3478 -0.08991 1.616089 0.3607737
006 2 21 9 -0.0338 0.4 -0.089574 0 0.7478 0 -0.0338 -0.3478 -0.089574 1.620224 0.3607364
006 2 21 9 -0.034294 0.4 -0.089234 0 0.7478 0 -0.034294 -0.3478 -0.089234 1.624481 0.3606988
006 2 21 9 -0.034784 0.4 -0.088888 0 0.7478 0 -0.034784 -0.3478 -0.088888 1.628662 0.3606603
006 2 21 9 -0.035271 0.4 -0.088538 0 0.7478 0 -0.035271 -0.3478 -0.088538 1.633011 0.3606215
006 2 21 9 -0.035755 0.4 -0.088183 0 0.7478 0 -0.035755 -0.3478 -0.088183 1.637161 0.3605821
006 2 21 9 -0.036235 0.4 -0.087823 0 0.7478 0 -0.036235 -0.3478 -0.087823 1.641449 0.3605422
006 2 21 9 -0.036711 0.4 -0.087458 0 0.7478 0 -0.036711 -0.3478 -0.087458 1.64563 0.3605016
006 2 21 9 -0.037184 0.4 -0.087089 0 0.7478 0 -0.037184 -0.3478 -0.087089 1.649689 0.3604608
006 2 21 9 -0.037653 0.4 -0.086714 0 0.7478 0 -0.037653 -0.3478 -0.086714 1.653961 0.3604191
006 2 21 9 -0.038118 0.4 -0.086336 0 0.7478 0 -0.038118 -0.3478 -0.086336 1.658539 0.3603772
006 2 21 9 -0.03858 0.4 -0.085952 0 0.7478 0 -0.03858 -0.3478 -0.085952 1.662735 0.3603346
006 2 21 9 -0.039038 0.4 -0.085564 0 0.7478 0 -0.039038 -0.3478 -0.085564 1.667053 0.3602915
006 2 21 9 -0.039491 0.4 -0.085171 0 0.7478 0 -0.039491 -0.3478 -0.085171 1.671249 0.3602478
006 2 21 9 -0.039941 0.4 -0.084774 0 0.7478 0 -0.039941 -0.3478 -0.084774 1.675797 0.3602038
006 2 21 9 -0.040387 0.4 -0.084372 0 0.7478 0 -0.040387 -0.3478 -0.084372 1.679932 0.3601591
006 2 21 9 -0.040828 0.4 -0.083966 0 0.7478 0 -0.040828 -0.3478 -0.083966 1.68399 0.3601139
006 2 21 9 -0.041266 0.4 -0.083556 0 0.7478 0 -0.041266 -0.3478 -0.083556 1.688156 0.3600685
006 2 21 9 -0.041699 0.4 -0.083141 0 0.7478 0 -0.041699 -0.3478 -0.083141 1.692612 0.3600223
006 2 21 9 -0.042129 0.4 -0.082722 0 0.7478 0 -0.042129 -0.3478 -0.082722 1.696823 0.3599758
006 2 21 9 -0.042554 0.4 -0.082299 0 0.7478 0 -0.042554 -0.3478 -0.082299 1.700958 0.3599289
006 2 21 9 -0.042975 0.4 -0.081871 0 0.7478 0 -0.042975 -0.3478 -0.081871 1.705078 0.3598813
006 2 21 9 -0.043391 0.4 -0.081439 0 0.7478 0 -0.043391 -0.3478 -0.081439 1.709656 0.3598332
006 2 21 9 -0.043804 0.4 -0.081003 0 0.7478 0 -0.043804 -0.3478 -0.081003 1.713989 0.3597848
006 2 21 9 -0.044211 0.4 -0.080563 0 0.7478 0 -0.044211 -0.3478 -0.080563 1.71814 0.3597358
006 2 21 9 -0.044615 0.4 -0.080119 0 0.7478 0 -0.044615 -0.3478 -0.080119 1.722321 0.3596865
006 2 21 9 -0.045014 0.4 -0.079671 0 0.7478 0 -0.045014 -0.3478 -0.079671 1.727142 0.3596367
006 2 21 9 -0.045408 0.4 -0.079219 0 0.7478 0 -0.045408 -0.3478 -0.079219 1.7314 0.3595864
006 2 21 9 -0.045798 0.4 -0.078763 0 0.7478 0 -0.045798 -0.3478 -0.078763 1.735672 0.3595357
006 2 21 9 -0.046183 0.4 -0.078303 0 0.7478 0 -0.046183 -0.3478 -0.078303 1.739838 0.3594844
006 2 21 9 -0.046564 0.4 -0.077839 0 0.7478 0 -0.046564 -0.3478 -0.077839 1.744232 0.3594328
006 2 21 9 -0.04694 0.4 -0.077371 0 0.7478 0 -0.04694 -0.3478 -0.077371 1.748291 0.3593807
006 2 21 9 -0.047312 0.4 -0.0769 0 0.7478 0 -0.047312 -0.3478 -0.0769 1.752579 0.3593284
006 2 21 9 -0.047678 0.4 -0.076425 0 0.7478 0 -0.047678 -0.3478 -0.076425 1.75679 0.3592754
006 2 21 9 -0.04804 0.4 -0.075947 0 0.7478 0 -0.04804 -0.3478 -0.075947 1.761139 0.3592222
006 2 21 9 -0.048397 0.4 -0.075464 0 0.7478 0 -0.048397 -0.3478 -0.075464 1.765442 0.3591684
006 2 21 9 -0.048749 0.4 -0.074979 0 0.7478 0 -0.048749 -0.3478 -0.074979 1.769608 0.3591144
006 2 21 9 -0.049097 0.4 -0.074489 0 0.7478 0 -0.049097 -0.3478 -0.074489 1.773987 0.3590598
006 2 21 9 -0.049439 0.4 -0.073997 0 0.7478 0 -0.049439 -0.3478 -0.073997 1.778198 0.359005
006 2 21 9 -0.049777 0.4 -0.073501 0 0.7478 0 -0.049777 -0.3478 -0.073501 1.782684 0.3589498
006 2 21 9 -0.050109 0.4 -0.073001 0 0.7478 0 -0.050109 -0.3478 -0.073001 1.786774 0.358894
006 2 21 9 -0.050437 0.4 -0.072499 0 0.7478 0 -0.050437 -0.3478 -0.072499 1.791214 0.3588382
006 2 21 9 -0.050759 0.4 -0.071993 0 0.7478 0 -0.050759 -0.3478 -0.071993 1.796188 0.3587817
006 2 21 9 -0.051076 0.4 -0.071483 0 0.7478 0 -0.051076 -0.3478 -0.071483 1.800415 0.3587247
006 2 21 9 -0.051389 0.4 -0.070971 0 0.7478 0 -0.051389 -0.3478 -0.070971 1.804764 0.3586677
006 2 21 9 -0.051696 0.4 -0.070456 0 0.7478 0 -0.051696 -0.3478 -0.070456 1.809143 0.3586103
006 2 21 9 -0.051998 0.4 -0.069937 0 0.7478 0 -0.051998 -0.3478 -0.069937 1.813446 0.3585524
006 2 21 9 -0.052295 0.4 -0.069416 0 0.7478 0 -0.052295 -0.3478 -0.069416 1.817612 0.3584943
006 2 21 9 -0.052586 0.4 -0.068891 0 0.7478 0 -0.052586 -0.3478 -0.068891 1.821808 0.3584356
006 2 21 9 -0.052872 0.4 -0.068364 0 0.7478 0 -0.052872 -0.3478 -0.068364 1.82634 0.3583768
006 2 21 9 -0.053153 0.4 -0.067834 0 0.7478 0 -0.053153 -0.3478 -0.067834 1.831024 0.3583176
006 2 21 9 -0.053429 0.4 -0.067301 0 0.7478 0 -0.053429 -0.3478 -0.067301 1.835342 0.3582582
006 2 21 9 -0.053699 0.4 -0.066765 0 0.7478 0 -0.053699 -0.3478 -0.066765 1.83963 0.3581982
006 2 21 9 -0.053964 0.4 -0.066227 0 0.7478 0 -0.053964 -0.3478 -0.066227 1.844101 0.3581382
006 2 21 9 -0.054224 0.4 -0.065686 0 0.7478 0 -0.054224 -0.3478 -0.065686 1.848221 0.3580778
006 2 21 9 -0.054478 0.4 -0.065142 0 0.7478 0 -0.054478 -0.3478 -0.065142 1.852539 0.358017
006 2 21 9 -0.054727 0.4 -0.064596 0 0.7478 0 -0.054727 -0.3478 -0.064596 1.856659 0.357956
006 2 21 9 -0.05497 0.4 -0.064048 0 0.7478 0 -0.05497 -0.3478 -0.064048 1.860901 0.3578948
006 2 21 9 -0.055208 0.4 -0.063497 0 0.7478 0 -0.055208 -0.3478 -0.063497 1.864975 0.3578332
006 2 21 9 -0.05544 0.4 -0.062944 0 0.7478 0 -0.05544 -0.3478 -0.062944 1.869095 0.3577714
006 2 21 9 -0.055667 0.4 -0.062388 0 0.7478 0 -0.055667 -0.3478 -0.062388 1.873398 0.3577093
006 2 21 9 -0.055888 0.4 -0.061831 0 0.7478 0 -0.055888 -0.3478 -0.061831 1.877686 0.357647
006 2 21 9 -0.056103 0.4 -0.061271 0 0.7478 0 -0.056103 -0.3478 -0.061271 1.881897 0.3575843
006 2 21 9 -0.056313 0.4 -0.060708 0 0.7478 0 -0.056313 -0.3478 -0.060708 1.886032 0.3575213
006 2 21 9 -0.056517 0.4 -0.060144 0 0.7478 0 -0.056517 -0.3478 -0.060144 1.890305 0.3574581
006 2 21 9 -0.056716 0.4 -0.059578 0 0.7478 0 -0.056716 -0.3478 -0.059578 1.894592 0.3573948
006 2 21 9 -0.056909 0.4 -0.05901 0 0.7478 0 -0.056909 -0.3478 -0.05901 1.898773 0.3573313
006 2 21 9 -0.057096 0.4 -0.05844 0 0.7478 0 -0.057096 -0.3478 -0.05844 1.902969 0.3572674
006 2 21 9 -0.057278 0.4 -0.057868 0 0.7478 0 -0.057278 -0.3478 -0.057868 1.907318 0.3572035
006 2 21 9 -0.057453 0.4 -0.057294 0 0.7478 0 -0.057453 -0.3478 -0.057294 1.911575 0.357139
006 2 21 9 -0.057624 0.4 -0.056719 0 0.7478 0 -0.057624 -0.3478 -0.056719 1.915863 0.3570748
006 2 21 9 -0.057788 0.4 -0.056142 0 0.7478 0 -0.057788 -0.3478 -0.056142 1.920013 0.3570101
006 2 21 9 -0.057946 0.4 -0.055563 0 0.7478 0 -0.057946 -0.3478 -0.055563 1.924377 0.3569451
006 2 21 9 -0.058099 0.4 -0.054983 0 0.7478 0 -0.058099 -0.3478 -0.054983 1.928589 0.3568802
006 2 21 9 -0.058246 0.4 -0.054401 0 0.7478 0 -0.058246 -0.3478 -0.054401 1.932907 0.3568149
006 2 21 9 -0.058387 0.4 -0.053818 0 0.7478 0 -0.058387 -0.3478 -0.053818 1.937134 0.3567496
006 2 21 9 -0.058522 0.4 -0.053234 0 0.7478 0 -0.058522 -0.3478 -0.053234 1.941544 0.356684
006 2 21 9 -0.058652 0.4 -0.052648 0 0.7478 0 -0.058652 -0.3478 -0.052648 1.945679 0.3566184
006 2 21 9 -0.058775 0.4 -0.052061 0 0.7478 0 -0.058775 -0.3478 -0.052061 1.949768 0.3565525
006 2 21 9 -0.058893 0.4 -0.051472 0 0.7478 0 -0.058893 -0.3478 -0.051472 1.954041 0.3564864
006 2 21 9 -0.059005 0.4 -0.050883 0 0.7478 0 -0.059005 -0.3478 -0.050883 1.958359 0.3564204
006 2 21 9 -0.059111 0.4 -0.050292 0 0.7478 0 -0.059111 -0.3478 -0.050292 1.962723 0.3563541
006 2 21 9 -0.059211 0.4 -0.049701 0 0.7478 0 -0.059211 -0.3478 -0.049701 1.966888 0.3562877
006 2 21 9 -0.059305 0.4 -0.049108 0 0.7478 0 -0.059305 -0.3478 -0.049108 1.971039 0.3562211
006 2 21 9 -0.059393 0.4 -0.048514 0 0.7478 0 -0.059393 -0.3478 -0.048514 1.975433 0.3561544
006 2 21 9 -0.059475 0.4 -0.04792 0 0.7478 0 -0.059475 -0.3478 -0.04792 1.979599 0.3560877
006 2 21 9 -0.059551 0.4 -0.047325 0 0.7478 0 -0.059551 -0.3478 -0.047325 1.983749 0.3560208
006 2 21 9 -0.059621 0.4 -0.046729 0 0.7478 0 -0.059621 -0.3478 -0.046729 1.988297 0.3559538
006 2 21 9 -0.059686 0.4 -0.046133 0 0.7478 0 -0.059686 -0.3478 -0.046133 1.993301 0.3558869
006 2 21 9 -0.059744 0.4 -0.045535 0 0.7478 0 -0.059744 -0.3478 -0.045535 1.998077 0.3558196
006 2 21 9 -0.059796 0.4 -0.044938 0 0.7478 0 -0.059796 -0.3478 -0.044938 2.002304 0.3557525
006 2 21 9 -0.059843 0.4 -0.04434 0 0.7478 0 -0.059843 -0.3478 -0.04434 2.006592 0.3556853
006 2 21 9 -0.059883 0.4 -0.043741 0 0.7478 0 -0.059883 -0.3478 -0.043741 2.011017 0.3556179
006 2 21 9 -0.059918 0.4 -0.043142 0 0.7478 0 -0.059918 -0.3478 -0.043142 2.015335 0.3555506
006 2 21 9 -0.059946 0.4 -0.042543 0 0.7478 0 -0.059946 -0.3478 -0.042543 2.019531 0.3554831
006 2 21 9 -0.059969 0.4 -0.041943 0 0.7478 0 -0.059969 -0.3478 -0.041943 2.029678 0.3554157
006 2 21 9 -0.059985 0.4 -0.041343 0 0.7478 0 -0.059985 -0.3478 -0.041343 2.034637 0.3553481
006 2 21 9 -0.059995 0.4 -0.040743 0 0.7478 0 -0.059995 -0.3478 -0.040743 2.038818 0.3552805
006 2 21 9 -0.06 0.4 -0.040143 0 0.7478 0 -0.06 -0.3478 -0.040143 2.043243 0.355213
006 2 21 9 -0.059998 0.4 -0.039543 0 0.7478 0 -0.059998 -0.3478 -0.039543 2.047409 0.3551454
006 2 21 9 -0.059991 0.4 -0.038943 0 0.7478 0 -0.059991 -0.3478 -0.038943 2.051559 0.3550779
006 2 21 9 -0.059977 0.4 -0.038344 0 0.7478 0 -0.059977 -0.3478 -0.038344 2.055771 0.3550103
006 2 21 9 -0.059958 0.4 -0.037744 0 0.7478 0 -0.059958 -0.3478 -0.037744 2.060333 0.3549428
006 2 21 9 -0.059932 0.4 -0.037144 0 0.7478 0 -0.059932 -0.3478 -0.037144 2.064514 0.3548751
006 2 21 9 -0.0599 0.4 -0.036545 0 0.7478 0 -0.0599 -0.3478 -0.036545 2.068588 0.3548075
006 2 21 9 -0.059863 0.4 -0.035946 0 0.7478 0 -0.059863 -0.3478 -0.035946 2.072968 0.3547401
006 2 21 9 -0.059819 0.4 -0.035348 0 0.7478 0 -0.059819 -0.3478 -0.035348 2.077377 0.3546726
006 2 21 9 -0.05977 0.4 -0.03475 0 0.7478 0 -0.05977 -0.3478 -0.03475 2.081543 0.3546052
006 2 21 9 -0.059714 0.4 -0.034153 0 0.7478 0 -0.059714 -0.3478 -0.034153 2.085739 0.3545378
006 2 21 9 -0.059653 0.4 -0.033556 0 0.7478 0 -0.059653 -0.3478 -0.033556 2.089966 0.3544705
006 2 21 9 -0.059586 0.4 -0.03296 0 0.7478 0 -0.059586 -0.3478 -0.03296 2.094391 0.3544033
006 2 21 9 -0.059512 0.4 -0.032364 0 0.7478 0 -0.059512 -0.3478 -0.032364 2.098694 0.3543359
006 2 21 9 -0.059433 0.4 -0.031769 0 0.7478 0 -0.059433 -0.3478 -0.031769 2.102936 0.3542688
006 2 21 9 -0.059348 0.4 -0.031175 0 0.7478 0 -0.059348 -0.3478 -0.031175 2.107285 0.3542018
006 2 21 9 -0.059256 0.4 -0.030582 0 0.7478 0 -0.059256 -0.3478 -0.030582 2.111496 0.3541347
006 2 21 9 -0.059159 0.4 -0.02999 0 0.7478 0 -0.059159 -0.3478 -0.02999 2.115845 0.3540678
006 2 21 9 -0.059056 0.4 -0.029399 0 0.7478 0 -0.059056 -0.3478 -0.029399 2.119949 0.354001
006 2 21 9 -0.058947 0.4 -0.028809 0 0.7478 0 -0.058947 -0.3478 -0.028809 2.124222 0.3539343
006 2 21 9 -0.058832 0.4 -0.02822 0 0.7478 0 -0.058832 -0.3478 -0.02822 2.12851 0.3538678
006 2 21 9 -0.058712 0.4 -0.027633 0 0.7478 0 -0.058712 -0.3478 -0.027633 2.132874 0.3538015
006 2 21 9 -0.058585 0.4 -0.027046 0 0.7478 0 -0.058585 -0.3478 -0.027046 2.137085 0.3537351
006 2 21 9 -0.058452 0.4 -0.026461 0 0.7478 0 -0.058452 -0.3478 -0.026461 2.141357 0.3536689
006 2 21 9 -0.058314 0.4 -0.025877 0 0.7478 0 -0.058314 -0.3478 -0.025877 2.145523 0.3536029
006 2 21 9 -0.05817 0.4 -0.025295 0 0.7478 0 -0.05817 -0.3478 -0.025295 2.149704 0.353537
006 2 21 9 -0.05802 0.4 -0.024714 0 0.7478 0 -0.05802 -0.3478 -0.024714 2.153976 0.3534712
006 2 21 9 -0.057864 0.4 -0.024134 0 0.7478 0 -0.057864 -0.3478 -0.024134 2.158218 0.3534056
006 2 21 9 -0.057703 0.4 -0.023556 0 0.7478 0 -0.057703 -0.3478 -0.023556 2.162613 0.3533403
006 2 21 9 -0.057535 0.4 -0.02298 0 0.7478 0 -0.057535 -0.3478 -0.02298 2.166718 0.3532749
006 2 21 9 -0.057362 0.4 -0.022406 0 0.7478 0 -0.057362 -0.3478 -0.022406 2.170822 0.3532099
006 2 21 9 -0.057184 0.4 -0.021833 0 0.7478 0 -0.057184 -0.3478 -0.021833 2.175568 0.3531452
006 2 21 9 -0.056999 0.4 -0.021262 0 0.7478 0 -0.056999 -0.3478 -0.021262 2.179703 0.3530804
006 2 21 9 -0.056809 0.4 -0.020693 0 0.7478 0 -0.056809 -0.3478 -0.020693 2.183899 0.353016
006 2 21 9 -0.056613 0.4 -0.020126 0 0.7478 0 -0.056613 -0.3478 -0.020126 2.188049 0.3529517
006 2 21 9 -0.056411 0.4 -0.019561 0 0.7478 0 -0.056411 -0.3478 -0.019561 2.19252 0.3528876
006 2 21 9 -0.056204 0.4 -0.018998 0 0.7478 0 -0.056204 -0.3478 -0.018998 2.196762 0.3528238
006 2 21 9 -0.055991 0.4 -0.018437 0 0.7478 0 -0.055991 -0.3478 -0.018437 2.200943 0.3527602
006 2 21 9 -0.055773 0.4 -0.017878 0 0.7478 0 -0.055773 -0.3478 -0.017878 2.205109 0.3526969
006 2 21 9 -0.055549 0.4 -0.017321 0 0.7478 0 -0.055549 -0.3478 -0.017321 2.209503 0.3526337
006 2 21 9 -0.055319 0.4 -0.016767 0 0.7478 0 -0.055319 -0.3478 -0.016767 2.213791 0.3525708
006 2 21 9 -0.055084 0.4 -0.016215 0 0.7478 0 -0.055084 -0.3478 -0.016215 2.217926 0.3525082
006 2 21 9 -0.054844 0.4 -0.015665 0 0.7478 0 -0.054844 -0.3478 -0.015665 2.222061 0.3524459
006 2 21 9 -0.054598 0.4 -0.015118 0 0.7478 0 -0.054598 -0.3478 -0.015118 2.226654 0.3523838
006 2 21 9 -0.054346 0.4 -0.014573 0 0.7478 0 -0.054346 -0.3478 -0.014573 2.23082 0.3523219
006 2 21 9 -0.054089 0.4 -0.014031 0 0.7478 0 -0.054089 -0.3478 -0.014031 2.235092 0.3522603
006 2 21 9 -0.053827 0.4 -0.013492 0 0.7478 0 -0.053827 -0.3478 -0.013492 2.239304 0.3521991
006 2 21 9 -0.053559 0.4 -0.012955 0 0.7478 0 -0.053559 -0.3478 -0.012955 2.243607 0.3521381
006 2 21 9 -0.053286 0.4 -0.01242 0 0.7478 0 -0.053286 -0.3478 -0.01242 2.247833 0.3520774
006 2 21 9 -0.053007 0.4 -0.011889 0 0.7478 0 -0.053007 -0.3478 -0.011889 2.252197 0.3520169
006 2 21 9 -0.052724 0.4 -0.01136 0 0.7478 0 -0.052724 -0.3478 -0.01136 2.256393 0.351957
006 2 21 9 -0.052434 0.4 -0.010835 0 0.7478 0 -0.052434 -0.3478 -0.010835 2.260864 0.3518971
006 2 21 9 -0.05214 0.4 -0.010312 0 0.7478 0 -0.05214 -0.3478 -0.010312 2.265076 0.3518377
006 2 21 9 -0.051841 0.4 -0.009792 0 0.7478 0 -0.051841 -0.3478 -0.009792 2.269363 0.3517786
006 2 21 9 -0.051536 0.4 -0.009275 0 0.7478 0 -0.051536 -0.3478 -0.009275 2.273834 0.3517198
006 2 21 9 -0.051226 0.4 -0.008761 0 0.7478 0 -0.051226 -0.3478 -0.008761 2.278122 0.3516613
006 2 21 9 -0.050911 0.4 -0.00825 0 0.7478 0 -0.050911 -0.3478 -0.00825 2.282349 0.3516032
006 2 21 9 -0.050591 0.4 -0.007743 0 0.7478 0 -0.050591 -0.3478 -0.007743 2.28653 0.3515455
006 2 21 9 -0.050266 0.4 -0.007239 0 0.7478 0 -0.050266 -0.3478 -0.007239 2.290756 0.3514881
006 2 21 9 -0.049936 0.4 -0.006738 0 0.7478 0 -0.049936 -0.3478 -0.006738 2.295532 0.3514311
006 2 21 9 -0.049601 0.4 -0.00624 0 0.7478 0 -0.049601 -0.3478 -0.00624 2.299728 0.3513745
006 2 21 9 -0.049261 0.4 -0.005746 0 0.7478 0 -0.049261 -0.3478 -0.005746 2.304016 0.3513182
006 2 21 9 -0.048916 0.4 -0.005255 0 0.7478 0 -0.048916 -0.3478 -0.005255 2.308228 0.3512623
006 2 21 9 -0.048566 0.4 -0.004767 0 0.7478 0 -0.048566 -0.3478 -0.004767 2.312546 0.3512068
006 2 21 9 -0.048211 0.4 -0.004283 0 0.7478 0 -0.048211 -0.3478 -0.004283 2.316666 0.3511516
006 2 21 9 -0.047852 0.4 -0.003803 0 0.7478 0 -0.047852 -0.3478 -0.003803 2.320923 0.351097
006 2 21 9 -0.047487 0.4 -0.003326 0 0.7478 0 -0.047487 -0.3478 -0.003326 2.325287 0.3510426
006 2 21 9 -0.047118 0.4 -0.002853 0 0.7478 0 -0.047118 -0.3478 -0.002853 2.329453 0.3509887
006 2 21 9 -0.046744 0.4 -0.002384 0 0.7478 0 -0.046744 -0.3478 -0.002384 2.333771 0.3509352
006 2 21 9 -0.046366 0.4 -0.001918 0 0.7478 0 -0.046366 -0.3478 -0.001918 2.33786 0.3508822
006 2 21 9 -0.045983 0.4 -0.001457 0 0.7478 0 -0.045983 -0.3478 -0.001457 2.342316 0.3508296
006 2 21 9 -0.045595 0.4 -0.000999 0 0.7478 0 -0.045595 -0.3478 -0.000999 2.346649 0.3507773
006 2 21 9 -0.045203 0.4 -0.000545 0 0.7478 0 -0.045203 -0.3478 -0.000545 2.350815 0.3507256
006 2 21 9 -0.044806 0.4 -9.5E-05 0 0.7478 0 -0.044806 -0.3478 -9.5E-05 2.355026 0.3506742
006 2 21 9 -0.044405 0.4 0.000351 0 0.7478 0 -0.044405 -0.3478 0.000351 2.359314 0.3506234
006 2 21 9 -0.043999 0.4 0.000793 0 0.7478 0 -0.043999 -0.3478 0.000793 2.36348 0.3505729
006 2 21 9 -0.043589 0.4 0.001231 0 0.7478 0 -0.043589 -0.3478 0.001231 2.367722 0.350523
006 2 21 9 -0.043174 0.4 0.001665 0 0.7478 0 -0.043174 -0.3478 0.001665 2.371918 0.3504734
006 2 21 9 -0.042755 0.4 0.002095 0 0.7478 0 -0.042755 -0.3478 0.002095 2.376434 0.3504243
006 2 21 9 -0.042332 0.4 0.00252 0 0.7478 0 -0.042332 -0.3478 0.00252 2.380783 0.3503758
006 2 21 9 -0.041905 0.4 0.002941 0 0.7478 0 -0.041905 -0.3478 0.002941 2.384903 0.3503277
006 2 21 9 -0.041474 0.4 0.003358 0 0.7478 0 -0.041474 -0.3478 0.003358 2.38916 0.3502802
006 2 21 9 -0.041038 0.4 0.003771 0 0.7478 0 -0.041038 -0.3478 0.003771 2.393799 0.350233
006 2 21 9 -0.040598 0.4 0.004179 0 0.7478 0 -0.040598 -0.3478 0.004179 2.397995 0.3501864
006 2 21 9 -0.040154 0.4 0.004583 0 0.7478 0 -0.040154 -0.3478 0.004583 2.402206 0.3501402
006 2 21 9 -0.039707 0.4 0.004982 0 0.7478 0 -0.039707 -0.3478 0.004982 2.406311 0.3500947
006 2 21 9 -0.039255 0.4 0.005377 0 0.7478 0 -0.039255 -0.3478 0.005377 2.410782 0.3500496
006 2 21 9 -0.038799 0.4 0.005767 0 0.7478 0 -0.038799 -0.3478 0.005767 2.415115 0.3500049
006 2 21 9 -0.038339 0.4 0.006153 0 0.7478 0 -0.038339 -0.3478 0.006153 2.419586 0.3499608
006 2 21 9 -0.037876 0.4 0.006534 0 0.7478 0 -0.037876 -0.3478 0.006534 2.423798 0.3499173
006 2 21 9 -0.037409 0.4 0.00691 0 0.7478 0 -0.037409 -0.3478 0.00691 2.428131 0.3498743
006 2 21 9 -0.036938 0.4 0.007282 0 0.7478 0 -0.036938 -0.3478 0.007282 2.43248 0.3498318
006 2 21 9 -0.036463 0.4 0.007649 0 0.7478 0 -0.036463 -0.3478 0.007649 2.43663 0.3497898
006 2 21 9 -0.035985 0.4 0.008011 0 0.7478 0 -0.035985 -0.3478 0.008011 2.440918 0.3497484
006 2 21 9 -0.035503 0.4 0.008369 0 0.7478 0 -0.035503 -0.3478 0.008369 2.445145 0.3497075
006 2 21 9 -0.035017 0.4 0.008721 0 0.7478 0 -0.035017 -0.3478 0.008721 2.449585 0.3496671
006 2 21 9 -0.034529 0.4 0.009069 0 0.7478 0 -0.034529 -0.3478 0.009069 2.453857 0.3496274
006 2 21 9 -0.034036 0.4 0.009412 0 0.7478 0 -0.034036 -0.3478 0.009412 2.458069 0.3495881
006 2 21 9 -0.03354 0.4 0.00975 0 0.7478 0 -0.03354 -0.3478 0.00975 2.462234 0.3495495
006 2 21 9 -0.033041 0.4 0.010083 0 0.7478 0 -0.033041 -0.3478 0.010083 2.466278 0.3495114
006 2 21 9 -0.032539 0.4 0.010411 0 0.7478 0 -0.032539 -0.3478 0.010411 2.470413 0.3494739
006 2 21 9 -0.032033 0.4 0.010734 0 0.7478 0 -0.032033 -0.3478 0.010734 2.474762 0.3494369
006 2 21 9 -0.031524 0.4 0.011051 0 0.7478 0 -0.031524 -0.3478 0.011051 2.478989 0.3494005
006 2 21 9 -0.031012 0.4 0.011364 0 0.7478 0 -0.031012 -0.3478 0.011364 2.483292 0.3493647
006 2 21 9 -0.030497 0.4 0.011672 0 0.7478 0 -0.030497 -0.3478 0.011672 2.487656 0.3493295
006 2 21 9 -0.029979 0.4 0.011974 0 0.7478 0 -0.029979 -0.3478 0.011974 2.493271 0.3492949
006 2 21 9 -0.029457 0.4 0.012271 0 0.7478 0 -0.029457 -0.3478 0.012271 2.498169 0.3492608
006 2 21 9 -0.028933 0.4 0.012563 0 0.7478 0 -0.028933 -0.3478 0.012563 2.502502 0.3492274
006 2 21 9 -0.028406 0.4 0.01285 0 0.7478 0 -0.028406 -0.3478 0.01285 2.506683 0.3491946
006 2 21 9 -0.027876 0.4 0.013131 0 0.7478 0 -0.027876 -0.3478 0.013131 2.511154 0.3491623
006 2 21 9 -0.027343 0.4 0.013407 0 0.7478 0 -0.027343 -0.3478 0.013407 2.515564 0.3491307
006 2 21 9 -0.026808 0.4 0.013678 0 0.7478 0 -0.026808 -0.3478 0.013678 2.519775 0.3490997
006 2 21 9 -0.02627 0.4 0.013943 0 0.7478 0 -0.02627 -0.3478 0.013943 2.524094 0.3490693
006 2 21 9 -0.025729 0.4 0.014203 0 0.7478 0 -0.025729 -0.3478 0.014203 2.528351 0.3490394
006 2 21 9 -0.025186 0.4 0.014458 0 0.7478 0 -0.025186 -0.3478 0.014458 2.532745 0.3490103
006 2 21 9 -0.02464 0.4 0.014707 0 0.7478 0 -0.02464 -0.3478 0.014707 2.53688 0.3489817
006 2 21 9 -0.024092 0.4 0.014951 0 0.7478 0 -0.024092 -0.3478 0.014951 2.541122 0.3489538
006 2 21 9 -0.023541 0.4 0.015189 0 0.7478 0 -0.023541 -0.3478 0.015189 2.545456 0.3489265
006 2 21 9 -0.022988 0.4 0.015422 0 0.7478 0 -0.022988 -0.3478 0.015422 2.549591 0.3488999
006 2 21 9 -0.022433 0.4 0.015649 0 0.7478 0 -0.022433 -0.3478 0.015649 2.553879 0.3488739
006 2 21 9 -0.021875 0.4 0.01587 0 0.7478 0 -0.021875 -0.3478 0.01587 2.558273 0.3488484
006 2 21 9 -0.021315 0.4 0.016086 0 0.7478 0 -0.021315 -0.3478 0.016086 2.562469 0.3488236
006 2 21 9 -0.020753 0.4 0.016297 0 0.7478 0 -0.020753 -0.3478 0.016297 2.566711 0.3487995
006 2 21 9 -0.020189 0.4 0.016501 0 0.7478 0 -0.020189 -0.3478 0.016501 2.572342 0.348776
006 2 21 9 -0.019623 0.4 0.0167 0 0.7478 0 -0.019623 -0.3478 0.0167 2.576874 0.3487532
006 2 21 9 -0.019055 0.4 0.016894 0 0.7478 0 -0.019055 -0.3478 0.016894 2.581024 0.348731
006 2 21 9 -0.018485 0.4 0.017081 0 0.7478 0 -0.018485 -0.3478 0.017081 2.585266 0.3487095
006 2 21 9 -0.017914 0.4 0.017263 0 0.7478 0 -0.017914 -0.3478 0.017263 2.589371 0.3486886
006 2 21 9 -0.01734 0.4 0.01744 0 0.7478 0 -0.01734 -0.3478 0.01744 2.593842 0.3486684
006 2 21 9 -0.016765 0.4 0.01761 0 0.7478 0 -0.016765 -0.3478 0.01761 2.597977 0.3486488
006 2 21 9 -0.016188 0.4 0.017775 0 0.7478 0 -0.016188 -0.3478 0.017775 2.602188 0.34863
006 2 21 9 -0.015609 0.4 0.017934 0 0.7478 0 -0.015609 -0.3478 0.017934 2.606522 0.3486117
006 2 21 9 -0.015029 0.4 0.018087 0 0.7478 0 -0.015029 -0.3478 0.018087 2.610901 0.3485941
006 2 21 9 -0.014448 0.4 0.018235 0 0.7478 0 -0.014448 -0.3478 0.018235 2.615234 0.3485772
006 2 21 9 -0.013865 0.4 0.018376 0 0.7478 0 -0.013865 -0.3478 0.018376 2.619415 0.348561
006 2 21 9 -0.01328 0.4 0.018512 0 0.7478 0 -0.01328 -0.3478 0.018512 2.623886 0.3485454
006 2 21 9 -0.012694 0.4 0.018642 0 0.7478 0 -0.012694 -0.3478 0.018642 2.628189 0.3485305
006 2 21 9 -0.012107 0.4 0.018766 0 0.7478 0 -0.012107 -0.3478 0.018766 2.632828 0.3485163
006 2 21 9 -0.011519 0.4 0.018884 0 0.7478 0 -0.011519 -0.3478 0.018884 2.636948 0.3485027
006 2 21 9 -0.01093 0.4 0.018996 0 0.7478 0 -0.01093 -0.3478 0.018996 2.64119 0.3484898
006 2 21 9 -0.010339 0.4 0.019102 0 0.7478 0 -0.010339 -0.3478 0.019102 2.645325 0.3484776
006 2 21 9 -0.009748 0.4 0.019203 0 0.7478 0 -0.009748 -0.3478 0.019203 2.649475 0.3484661
006 2 21 9 -0.009155 0.4 0.019297 0 0.7478 0 -0.009155 -0.3478 0.019297 2.653763 0.3484552
006 2 21 9 -0.008562 0.4 0.019386 0 0.7478 0 -0.008562 -0.3478 0.019386 2.65802 0.3484451
006 2 21 9 -0.007968 0.4 0.019469 0 0.7478 0 -0.007968 -0.3478 0.019469 2.662308 0.3484356
006 2 21 9 -0.007372 0.4 0.019545 0 0.7478 0 -0.007372 -0.3478 0.019545 2.666595 0.3484267
006 2 21 9 -0.006777 0.4 0.019616 0 0.7478 0 -0.006777 -0.3478 0.019616 2.670761 0.3484186
006 2 21 9 -0.00618 0.4 0.019681 0 0.7478 0 -0.00618 -0.3478 0.019681 2.675171 0.3484112
006 2 21 9 -0.005583 0.4 0.01974 0 0.7478 0 -0.005583 -0.3478 0.01974 2.679413 0.3484045
006 2 21 9 -0.004985 0.4 0.019793 0 0.7478 0 -0.004985 -0.3478 0.019793 2.683548 0.3483984
006 2 21 9 -0.004387 0.4 0.019839 0 0.7478 0 -0.004387 -0.3478 0.019839 2.687775 0.348393
006 2 21 9 -0.003789 0.4 0.01988 0 0.7478 0 -0.003789 -0.3478 0.01988 2.692505 0.3483883
006 2 21 9 -0.00319 0.4 0.019915 0 0.7478 0 -0.00319 -0.3478 0.019915 2.696823 0.3483843
006 2 21 9 -0.00259 0.4 0.019944 0 0.7478 0 -0.00259 -0.3478 0.019944 2.70105 0.348381
006 2 21 9 -0.001991 0.4 0.019967 0 0.7478 0 -0.001991 -0.3478 0.019967 2.705154 0.3483784
006 2 21 9 -0.001391 0.4 0.019984 0 0.7478 0 -0.001391 -0.3478 0.019984 2.709549 0.3483764
006 2 21 9 -0.000791 0.4 0.019995 0 0.7478 0 -0.000791 -0.3478 0.019995 2.713928 0.3483752
006 2 21 9 -0.000191 0.4 0.02 0 0.7478 0 -0.000191 -0.3478 0.02 2.718033 0.3483746
006 2 21 9 0 0.4 0.02 0 0.7478 0 0 -0.3478 0.02 2.722198 0.3483745
