006 2 12 15 0 0.4 0.02 0 0.7478 0 0 -0.3478 0.02 0 0.3483745
006 2 12 15 0.0006 0.4 0.019998 0 0.7478 0 0.0006 -0.3478 0.019998 0.004272461 0.348375
006 2 12 15 0.0012 0.4 0.019992 0 0.7478 0 0.0012 -0.3478 0.019992 0.008995056 0.3483762
006 2 12 15 0.0018 0.4 0.019982 0 0.7478 0 0.0018 -0.3478 0.019982 0.01413727 0.3483782
006 2 12 15 0.002399 0.4 0.019968 0 0.7478 0 0.002399 -0.3478 0.019968 0.01882172 0.348381
006 2 12 15 0.002999 0.4 0.01995 0 0.7478 0 0.002999 -0.3478 0.01995 0.02328491 0.3483846
006 2 12 15 0.003598 0.4 0.019928 0 0.7478 0 0.003598 -0.3478 0.019928 0.02746582 0.348389
006 2 12 15 0.004197 0.4 0.019902 0 0.7478 0 0.004197 -0.3478 0.019902 0.03170013 0.3483942
006 2 12 15 0.004795 0.4 0.019872 0 0.7478 0 0.004795 -0.3478 0.019872 0.03577423 0.3484002
006 2 12 15 0.005393 0.4 0.019838 0 0.7478 0 0.005393 -0.3478 0.019838 0.03993988 0.348407
006 2 12 15 0.00599 0.4 0.0198 0 0.7478 0 0.00599 -0.3478 0.0198 0.04423523 0.3484146
006 2 12 15 0.006587 0.4 0.019758 0 0.7478 0 0.006587 -0.3478 0.019758 0.04837036 0.348423
006 2 12 15 0.007183 0.4 0.019712 0 0.7478 0 0.007183 -0.3478 0.019712 0.05274963 0.3484322
006 2 12 15 0.007778 0.4 0.019662 0 0.7478 0 0.007778 -0.3478 0.019662 0.05703735 0.3484421
006 2 12 15 0.008373 0.4 0.019609 0 0.7478 0 0.008373 -0.3478 0.019609 0.06127167 0.348453
006 2 12 15 0.008966 0.4 0.019551 0 0.7478 0 0.008966 -0.3478 0.019551 0.06536865 0.3484644
006 2 12 15 0.009559 0.4 0.019489 0 0.7478 0 0.009559 -0.3478 0.019489 0.06971741 0.3484767
006 2 12 15 0.010151 0.4 0.019423 0 0.7478 0 0.010151 -0.3478 0.019423 0.07419586 0.3484898
006 2 12 15 0.010742 0.4 0.019354 0 0.7478 0 0.010742 -0.3478 0.019354 0.07834625 0.3485036
006 2 12 15 0.011332 0.4 0.01928 0 0.7478 0 0.011332 -0.3478 0.01928 0.08251953 0.3485182
006 2 12 15 0.01192 0.4 0.019203 0 0.7478 0 0.01192 -0.3478 0.019203 0.08666992 0.3485336
006 2 12 15 0.012508 0.4 0.019121 0 0.7478 0 0.012508 -0.3478 0.019121 0.09117126 0.3485497
006 2 12 15 0.013094 0.4 0.019036 0 0.7478 0 0.013094 -0.3478 0.019036 0.0954895 0.3485666
006 2 12 15 0.013679 0.4 0.018947 0 0.7478 0 0.013679 -0.3478 0.018947 0.09964752 0.3485842
006 2 12 15 0.014262 0.4 0.018854 0 0.7478 0 0.014262 -0.3478 0.018854 0.1038437 0.3486025
006 2 12 15 0.014844 0.4 0.018756 0 0.7478 0 0.014844 -0.3478 0.018756 0.1084137 0.3486215
006 2 12 15 0.015425 0.4 0.018656 0 0.7478 0 0.015425 -0.3478 0.018656 0.1127548 0.3486414
006 2 12 15 0.016004 0.4 0.018551 0 0.7478 0 0.016004 -0.3478 0.018551 0.1169052 0.3486619
006 2 12 15 0.016581 0.4 0.018442 0 0.7478 0 0.016581 -0.3478 0.018442 0.1218872 0.3486831
006 2 12 15 0.017157 0.4 0.01833 0 0.7478 0 0.017157 -0.3478 0.01833 0.1263275 0.348705
006 2 12 15 0.017731 0.4 0.018213 0 0.7478 0 0.017731 -0.3478 0.018213 0.1305313 0.3487276
006 2 12 15 0.018304 0.4 0.018093 0 0.7478 0 0.018304 -0.3478 0.018093 0.1348801 0.3487509
006 2 12 15 0.018874 0.4 0.017969 0 0.7478 0 0.018874 -0.3478 0.017969 0.1390991 0.3487749
006 2 12 15 0.019443 0.4 0.017842 0 0.7478 0 0.019443 -0.3478 0.017842 0.1433563 0.3487996
006 2 12 15 0.020009 0.4 0.01771 0 0.7478 0 0.020009 -0.3478 0.01771 0.1474533 0.3488249
006 2 12 15 0.020574 0.4 0.017575 0 0.7478 0 0.020574 -0.3478 0.017575 0.1517258 0.348851
006 2 12 15 0.021136 0.4 0.017436 0 0.7478 0 0.021136 -0.3478 0.017436 0.1559525 0.3488776
006 2 12 15 0.021697 0.4 0.017293 0 0.7478 0 0.021697 -0.3478 0.017293 0.1604996 0.3489049
006 2 12 15 0.022255 0.4 0.017147 0 0.7478 0 0.022255 -0.3478 0.017147 0.1646118 0.3489329
006 2 12 15 0.022811 0.4 0.016996 0 0.7478 0 0.022811 -0.3478 0.016996 0.1687546 0.3489614
006 2 12 15 0.023365 0.4 0.016842 0 0.7478 0 0.023365 -0.3478 0.016842 0.1733093 0.3489906
006 2 12 15 0.023917 0.4 0.016685 0 0.7478 0 0.023917 -0.3478 0.016685 0.1775894 0.3490204
006 2 12 15 0.024466 0.4 0.016524 0 0.7478 0 0.024466 -0.3478 0.016524 0.1817703 0.3490508
006 2 12 15 0.025012 0.4 0.016359 0 0.7478 0 0.025012 -0.3478 0.016359 0.1858902 0.3490817
006 2 12 15 0.025556 0.4 0.01619 0 0.7478 0 0.025556 -0.3478 0.01619 0.1900253 0.3491132
006 2 12 15 0.026098 0.4 0.016018 0 0.7478 0 0.026098 -0.3478 0.016018 0.1943893 0.3491454
006 2 12 15 0.026637 0.4 0.015842 0 0.7478 0 0.026637 -0.3478 0.015842 0.1986313 0.3491781
006 2 12 15 0.027173 0.4 0.015663 0 0.7478 0 0.027173 -0.3478 0.015663 0.2029266 0.3492113
006 2 12 15 0.027707 0.4 0.01548 0 0.7478 0 0.027707 -0.3478 0.01548 0.2071762 0.3492451
006 2 12 15 0.028238 0.4 0.015293 0 0.7478 0 0.028238 -0.3478 0.015293 0.211731 0.3492794
006 2 12 15 0.028766 0.4 0.015103 0 0.7478 0 0.028766 -0.3478 0.015103 0.2159195 0.3493142
006 2 12 15 0.029291 0.4 0.01491 0 0.7478 0 0.029291 -0.3478 0.01491 0.2200012 0.3493495
006 2 12 15 0.029813 0.4 0.014713 0 0.7478 0 0.029813 -0.3478 0.014713 0.22435 0.3493854
006 2 12 15 0.030332 0.4 0.014512 0 0.7478 0 0.030332 -0.3478 0.014512 0.2285843 0.3494216
006 2 12 15 0.030848 0.4 0.014308 0 0.7478 0 0.030848 -0.3478 0.014308 0.2328491 0.3494584
006 2 12 15 0.031361 0.4 0.014101 0 0.7478 0 0.031361 -0.3478 0.014101 0.2370682 0.3494956
006 2 12 15 0.031871 0.4 0.01389 0 0.7478 0 0.031871 -0.3478 0.01389 0.2413025 0.3495333
006 2 12 15 0.032378 0.4 0.013676 0 0.7478 0 0.032378 -0.3478 0.013676 0.2455292 0.3495714
006 2 12 15 0.032881 0.4 0.013459 0 0.7478 0 0.032881 -0.3478 0.013459 0.2496872 0.34961
006 2 12 15 0.033382 0.4 0.013238 0 0.7478 0 0.033382 -0.3478 0.013238 0.2539902 0.349649
006 2 12 15 0.033879 0.4 0.013013 0 0.7478 0 0.033879 -0.3478 0.013013 0.2584 0.3496884
006 2 12 15 0.034372 0.4 0.012786 0 0.7478 0 0.034372 -0.3478 0.012786 0.2628708 0.3497281
006 2 12 15 0.034862 0.4 0.012555 0 0.7478 0 0.034862 -0.3478 0.012555 0.2670441 0.3497682
006 2 12 15 0.035349 0.4 0.012321 0 0.7478 0 0.035349 -0.3478 0.012321 0.2713318 0.3498088
006 2 12 15 0.035832 0.4 0.012084 0 0.7478 0 0.035832 -0.3478 0.012084 0.2755814 0.3498497
006 2 12 15 0.036311 0.4 0.011843 0 0.7478 0 0.036311 -0.3478 0.011843 0.2797318 0.3498908
006 2 12 15 0.036787 0.4 0.0116 0 0.7478 0 0.036787 -0.3478 0.0116 0.283989 0.3499324
006 2 12 15 0.037259 0.4 0.011353 0 0.7478 0 0.037259 -0.3478 0.011353 0.2886276 0.3499742
006 2 12 15 0.037728 0.4 0.011103 0 0.7478 0 0.037728 -0.3478 0.011103 0.2936401 0.3500164
006 2 12 15 0.038192 0.4 0.01085 0 0.7478 0 0.038192 -0.3478 0.01085 0.2978745 0.3500588
006 2 12 15 0.038653 0.4 0.010594 0 0.7478 0 0.038653 -0.3478 0.010594 0.3021774 0.3501016
006 2 12 15 0.03911 0.4 0.010334 0 0.7478 0 0.03911 -0.3478 0.010334 0.306694 0.3501446
006 2 12 15 0.039563 0.4 0.010072 0 0.7478 0 0.039563 -0.3478 0.010072 0.3110657 0.3501878
006 2 12 15 0.040012 0.4 0.009807 0 0.7478 0 0.040012 -0.3478 0.009807 0.3156281 0.3502313
006 2 12 15 0.040457 0.4 0.009539 0 0.7478 0 0.040457 -0.3478 0.009539 0.3197479 0.350275
006 2 12 15 0.040898 0.4 0.009268 0 0.7478 0 0.040898 -0.3478 0.009268 0.3239822 0.350319
006 2 12 15 0.041335 0.4 0.008993 0 0.7478 0 0.041335 -0.3478 0.008993 0.328125 0.3503631
006 2 12 15 0.041768 0.4 0.008716 0 0.7478 0 0.041768 -0.3478 0.008716 0.3323517 0.3504074
006 2 12 15 0.042197 0.4 0.008437 0 0.7478 0 0.042197 -0.3478 0.008437 0.3365021 0.350452
006 2 12 15 0.042621 0.4 0.008154 0 0.7478 0 0.042621 -0.3478 0.008154 0.340744 0.3504966
006 2 12 15 0.043041 0.4 0.007868 0 0.7478 0 0.043041 -0.3478 0.007868 0.3448715 0.3505414
006 2 12 15 0.043457 0.4 0.00758 0 0.7478 0 0.043457 -0.3478 0.00758 0.3490143 0.3505864
006 2 12 15 0.043869 0.4 0.007289 0 0.7478 0 0.043869 -0.3478 0.007289 0.353508 0.3506315
006 2 12 15 0.044276 0.4 0.006995 0 0.7478 0 0.044276 -0.3478 0.006995 0.3577652 0.3506767
006 2 12 15 0.044679 0.4 0.006699 0 0.7478 0 0.044679 -0.3478 0.006699 0.3620529 0.350722
006 2 12 15 0.045077 0.4 0.006399 0 0.7478 0 0.045077 -0.3478 0.006399 0.3665161 0.3507673
006 2 12 15 0.045471 0.4 0.006097 0 0.7478 0 0.045471 -0.3478 0.006097 0.3713684 0.3508128
006 2 12 15 0.04586 0.4 0.005793 0 0.7478 0 0.04586 -0.3478 0.005793 0.3759079 0.3508583
006 2 12 15 0.046244 0.4 0.005486 0 0.7478 0 0.046244 -0.3478 0.005486 0.3801117 0.3509037
006 2 12 15 0.046624 0.4 0.005176 0 0.7478 0 0.046624 -0.3478 0.005176 0.3842697 0.3509493
006 2 12 15 0.047 0.4 0.004864 0 0.7478 0 0.047 -0.3478 0.004864 0.388588 0.350995
006 2 12 15 0.04737 0.4 0.00455 0 0.7478 0 0.04737 -0.3478 0.00455 0.3931274 0.3510405
006 2 12 15 0.047736 0.4 0.004233 0 0.7478 0 0.047736 -0.3478 0.004233 0.3973618 0.3510861
006 2 12 15 0.048097 0.4 0.003913 0 0.7478 0 0.048097 -0.3478 0.003913 0.401619 0.3511317
006 2 12 15 0.048453 0.4 0.003592 0 0.7478 0 0.048453 -0.3478 0.003592 0.405838 0.3511772
006 2 12 15 0.048805 0.4 0.003267 0 0.7478 0 0.048805 -0.3478 0.003267 0.410202 0.3512228
006 2 12 15 0.049151 0.4 0.002941 0 0.7478 0 0.049151 -0.3478 0.002941 0.4145813 0.3512681
006 2 12 15 0.049493 0.4 0.002612 0 0.7478 0 0.049493 -0.3478 0.002612 0.4188004 0.3513135
006 2 12 15 0.04983 0.4 0.002281 0 0.7478 0 0.04983 -0.3478 0.002281 0.4232864 0.3513589
006 2 12 15 0.050162 0.4 0.001948 0 0.7478 0 0.050162 -0.3478 0.001948 0.4275284 0.3514041
006 2 12 15 0.050488 0.4 0.001612 0 0.7478 0 0.050488 -0.3478 0.001612 0.4317627 0.3514491
006 2 12 15 0.05081 0.4 0.001274 0 0.7478 0 0.05081 -0.3478 0.001274 0.4358826 0.3514941
006 2 12 15 0.051126 0.4 0.000935 0 0.7478 0 0.051126 -0.3478 0.000935 0.4407272 0.3515389
006 2 12 15 0.051438 0.4 0.000593 0 0.7478 0 0.051438 -0.3478 0.000593 0.4449539 0.3515836
006 2 12 15 0.051744 0.4 0.000249 0 0.7478 0 0.051744 -0.3478 0.000249 0.4490738 0.3516281
006 2 12 15 0.052045 0.4 -9.7E-05 0 0.7478 0 0.052045 -0.3478 -9.7E-05 0.4533005 0.3516725
006 2 12 15 0.052341 0.4 -0.000445 0 0.7478 0 0.052341 -0.3478 -0.000445 0.4574356 0.3517167
006 2 12 15 0.052632 0.4 -0.000795 0 0.7478 0 0.052632 -0.3478 -0.000795 0.4617538 0.3517607
006 2 12 15 0.052917 0.4 -0.001147 0 0.7478 0 0.052917 -0.3478 -0.001147 0.4658966 0.3518044
006 2 12 15 0.053198 0.4 -0.001501 0 0.7478 0 0.053198 -0.3478 -0.001501 0.4700928 0.3518481
006 2 12 15 0.053472 0.4 -0.001856 0 0.7478 0 0.053472 -0.3478 -0.001856 0.4745026 0.3518914
006 2 12 15 0.053742 0.4 -0.002214 0 0.7478 0 0.053742 -0.3478 -0.002214 0.4786758 0.3519346
006 2 12 15 0.054006 0.4 -0.002573 0 0.7478 0 0.054006 -0.3478 -0.002573 0.4833298 0.3519774
006 2 12 15 0.054265 0.4 -0.002934 0 0.7478 0 0.054265 -0.3478 -0.002934 0.4874802 0.3520201
006 2 12 15 0.054518 0.4 -0.003296 0 0.7478 0 0.054518 -0.3478 -0.003296 0.4920349 0.3520623
006 2 12 15 0.054766 0.4 -0.003661 0 0.7478 0 0.054766 -0.3478 -0.003661 0.4961777 0.3521045
006 2 12 15 0.055008 0.4 -0.004026 0 0.7478 0 0.055008 -0.3478 -0.004026 0.5005341 0.3521461
006 2 12 15 0.055245 0.4 -0.004394 0 0.7478 0 0.055245 -0.3478 -0.004394 0.5047226 0.3521877
006 2 12 15 0.055476 0.4 -0.004763 0 0.7478 0 0.055476 -0.3478 -0.004763 0.509079 0.3522288
006 2 12 15 0.055702 0.4 -0.005134 0 0.7478 0 0.055702 -0.3478 -0.005134 0.5133438 0.3522696
006 2 12 15 0.055922 0.4 -0.005506 0 0.7478 0 0.055922 -0.3478 -0.005506 0.5175247 0.3523101
006 2 12 15 0.056137 0.4 -0.005879 0 0.7478 0 0.056137 -0.3478 -0.005879 0.5216751 0.3523503
006 2 12 15 0.056346 0.4 -0.006254 0 0.7478 0 0.056346 -0.3478 -0.006254 0.5260773 0.3523901
006 2 12 15 0.056549 0.4 -0.00663 0 0.7478 0 0.056549 -0.3478 -0.00663 0.5302734 0.3524295
006 2 12 15 0.056747 0.4 -0.007008 0 0.7478 0 0.056747 -0.3478 -0.007008 0.5345764 0.3524687
006 2 12 15 0.056939 0.4 -0.007387 0 0.7478 0 0.056939 -0.3478 -0.007387 0.5388184 0.3525074
006 2 12 15 0.057125 0.4 -0.007767 0 0.7478 0 0.057125 -0.3478 -0.007767 0.5431519 0.3525456
006 2 12 15 0.057306 0.4 -0.008149 0 0.7478 0 0.057306 -0.3478 -0.008149 0.5472794 0.3525836
006 2 12 15 0.057481 0.4 -0.008531 0 0.7478 0 0.057481 -0.3478 -0.008531 0.5515976 0.3526211
006 2 12 15 0.05765 0.4 -0.008915 0 0.7478 0 0.05765 -0.3478 -0.008915 0.555687 0.3526582
006 2 12 15 0.057813 0.4 -0.0093 0 0.7478 0 0.057813 -0.3478 -0.0093 0.5600357 0.3526949
006 2 12 15 0.057971 0.4 -0.009686 0 0.7478 0 0.057971 -0.3478 -0.009686 0.56427 0.3527312
006 2 12 15 0.058123 0.4 -0.010073 0 0.7478 0 0.058123 -0.3478 -0.010073 0.5685425 0.3527671
006 2 12 15 0.058269 0.4 -0.010461 0 0.7478 0 0.058269 -0.3478 -0.010461 0.5728378 0.3528024
006 2 12 15 0.058409 0.4 -0.01085 0 0.7478 0 0.058409 -0.3478 -0.01085 0.5774689 0.3528373
006 2 12 15 0.058543 0.4 -0.01124 0 0.7478 0 0.058543 -0.3478 -0.01124 0.5816193 0.3528717
006 2 12 15 0.058672 0.4 -0.01163 0 0.7478 0 0.058672 -0.3478 -0.01163 0.5857468 0.3529058
006 2 12 15 0.058794 0.4 -0.012022 0 0.7478 0 0.058794 -0.3478 -0.012022 0.5899887 0.3529392
006 2 12 15 0.058911 0.4 -0.012414 0 0.7478 0 0.058911 -0.3478 -0.012414 0.5943909 0.3529723
006 2 12 15 0.059022 0.4 -0.012807 0 0.7478 0 0.059022 -0.3478 -0.012807 0.5985489 0.3530049
006 2 12 15 0.059127 0.4 -0.013201 0 0.7478 0 0.059127 -0.3478 -0.013201 0.6026535 0.353037
006 2 12 15 0.059226 0.4 -0.013596 0 0.7478 0 0.059226 -0.3478 -0.013596 0.606842 0.3530686
006 2 12 15 0.059319 0.4 -0.013991 0 0.7478 0 0.059319 -0.3478 -0.013991 0.6111679 0.3530996
006 2 12 15 0.059406 0.4 -0.014387 0 0.7478 0 0.059406 -0.3478 -0.014387 0.6155701 0.3531301
006 2 12 15 0.059488 0.4 -0.014783 0 0.7478 0 0.059488 -0.3478 -0.014783 0.6198578 0.3531603
006 2 12 15 0.059563 0.4 -0.01518 0 0.7478 0 0.059563 -0.3478 -0.01518 0.6241608 0.3531898
006 2 12 15 0.059632 0.4 -0.015577 0 0.7478 0 0.059632 -0.3478 -0.015577 0.6284409 0.3532187
006 2 12 15 0.059695 0.4 -0.015975 0 0.7478 0 0.059695 -0.3478 -0.015975 0.6330643 0.3532471
006 2 12 15 0.059753 0.4 -0.016373 0 0.7478 0 0.059753 -0.3478 -0.016373 0.6372223 0.3532752
006 2 12 15 0.059804 0.4 -0.016772 0 0.7478 0 0.059804 -0.3478 -0.016772 0.6416626 0.3533025
006 2 12 15 0.05985 0.4 -0.017171 0 0.7478 0 0.05985 -0.3478 -0.017171 0.6458435 0.3533294
006 2 12 15 0.059889 0.4 -0.01757 0 0.7478 0 0.059889 -0.3478 -0.01757 0.6499252 0.3533557
006 2 12 15 0.059923 0.4 -0.017969 0 0.7478 0 0.059923 -0.3478 -0.017969 0.6542206 0.3533815
006 2 12 15 0.05995 0.4 -0.018369 0 0.7478 0 0.05995 -0.3478 -0.018369 0.6584702 0.3534066
006 2 12 15 0.059972 0.4 -0.018768 0 0.7478 0 0.059972 -0.3478 -0.018768 0.6626282 0.3534313
006 2 12 15 0.059987 0.4 -0.019168 0 0.7478 0 0.059987 -0.3478 -0.019168 0.6668091 0.3534553
006 2 12 15 0.059997 0.4 -0.019568 0 0.7478 0 0.059997 -0.3478 -0.019568 0.6712112 0.353479
006 2 12 15 0.06 0.4 -0.019968 0 0.7478 0 0.06 -0.3478 -0.019968 0.6755295 0.3535018
006 2 12 15 0.059997 0.4 -0.020368 0 0.7478 0 0.059997 -0.3478 -0.020368 0.6796799 0.3535241
006 2 12 15 0.059989 0.4 -0.020768 0 0.7478 0 0.059989 -0.3478 -0.020768 0.6838913 0.3535461
006 2 12 15 0.059974 0.4 -0.021168 0 0.7478 0 0.059974 -0.3478 -0.021168 0.6881866 0.3535672
006 2 12 15 0.059954 0.4 -0.021568 0 0.7478 0 0.059954 -0.3478 -0.021568 0.6926346 0.353588
006 2 12 15 0.059927 0.4 -0.021967 0 0.7478 0 0.059927 -0.3478 -0.021967 0.696846 0.353608
006 2 12 15 0.059895 0.4 -0.022367 0 0.7478 0 0.059895 -0.3478 -0.022367 0.7011337 0.3536277
006 2 12 15 0.059856 0.4 -0.022766 0 0.7478 0 0.059856 -0.3478 -0.022766 0.7055054 0.3536465
006 2 12 15 0.059812 0.4 -0.023165 0 0.7478 0 0.059812 -0.3478 -0.023165 0.7100754 0.353665
006 2 12 15 0.059761 0.4 -0.023563 0 0.7478 0 0.059761 -0.3478 -0.023563 0.7149048 0.3536827
006 2 12 15 0.059705 0.4 -0.023962 0 0.7478 0 0.059705 -0.3478 -0.023962 0.719101 0.3537
006 2 12 15 0.059643 0.4 -0.024359 0 0.7478 0 0.059643 -0.3478 -0.024359 0.7234726 0.3537167
006 2 12 15 0.059574 0.4 -0.024757 0 0.7478 0 0.059574 -0.3478 -0.024757 0.7276611 0.3537326
006 2 12 15 0.0595 0.4 -0.025154 0 0.7478 0 0.0595 -0.3478 -0.025154 0.7319717 0.3537482
006 2 12 15 0.05942 0.4 -0.02555 0 0.7478 0 0.05942 -0.3478 -0.02555 0.7363586 0.3537632
006 2 12 15 0.059333 0.4 -0.025946 0 0.7478 0 0.059333 -0.3478 -0.025946 0.7406845 0.3537774
006 2 12 15 0.059241 0.4 -0.026341 0 0.7478 0 0.059241 -0.3478 -0.026341 0.7449341 0.3537911
006 2 12 15 0.059143 0.4 -0.026736 0 0.7478 0 0.059143 -0.3478 -0.026736 0.7490692 0.3538044
006 2 12 15 0.059039 0.4 -0.02713 0 0.7478 0 0.059039 -0.3478 -0.02713 0.7535782 0.353817
006 2 12 15 0.058929 0.4 -0.027523 0 0.7478 0 0.058929 -0.3478 -0.027523 0.7578735 0.353829
006 2 12 15 0.058813 0.4 -0.027916 0 0.7478 0 0.058813 -0.3478 -0.027916 0.7622223 0.3538405
006 2 12 15 0.058692 0.4 -0.028307 0 0.7478 0 0.058692 -0.3478 -0.028307 0.7664261 0.3538515
006 2 12 15 0.058564 0.4 -0.028698 0 0.7478 0 0.058564 -0.3478 -0.028698 0.7706299 0.3538618
006 2 12 15 0.058431 0.4 -0.029088 0 0.7478 0 0.058431 -0.3478 -0.029088 0.775238 0.3538716
006 2 12 15 0.058292 0.4 -0.029477 0 0.7478 0 0.058292 -0.3478 -0.029477 0.7794266 0.3538809
006 2 12 15 0.058147 0.4 -0.029865 0 0.7478 0 0.058147 -0.3478 -0.029865 0.7836227 0.3538896
006 2 12 15 0.057996 0.4 -0.030252 0 0.7478 0 0.057996 -0.3478 -0.030252 0.7881851 0.3538977
006 2 12 15 0.057839 0.4 -0.030639 0 0.7478 0 0.057839 -0.3478 -0.030639 0.7934647 0.3539053
006 2 12 15 0.057677 0.4 -0.031024 0 0.7478 0 0.057677 -0.3478 -0.031024 0.7982941 0.3539124
006 2 12 15 0.057508 0.4 -0.031408 0 0.7478 0 0.057508 -0.3478 -0.031408 0.8025818 0.3539187
006 2 12 15 0.057334 0.4 -0.03179 0 0.7478 0 0.057334 -0.3478 -0.03179 0.8069 0.3539246
006 2 12 15 0.057155 0.4 -0.032172 0 0.7478 0 0.057155 -0.3478 -0.032172 0.8113098 0.3539302
006 2 12 15 0.056969 0.4 -0.032552 0 0.7478 0 0.056969 -0.3478 -0.032552 0.8154984 0.3539349
006 2 12 15 0.056778 0.4 -0.032932 0 0.7478 0 0.056778 -0.3478 -0.032932 0.819603 0.3539394
006 2 12 15 0.056581 0.4 -0.033309 0 0.7478 0 0.056581 -0.3478 -0.033309 0.8238068 0.3539431
006 2 12 15 0.056379 0.4 -0.033686 0 0.7478 0 0.056379 -0.3478 -0.033686 0.8282013 0.3539466
006 2 12 15 0.056171 0.4 -0.034061 0 0.7478 0 0.056171 -0.3478 -0.034061 0.8325729 0.3539494
006 2 12 15 0.055957 0.4 -0.034435 0 0.7478 0 0.055957 -0.3478 -0.034435 0.8368225 0.3539517
006 2 12 15 0.055738 0.4 -0.034807 0 0.7478 0 0.055738 -0.3478 -0.034807 0.8415146 0.3539535
006 2 12 15 0.055513 0.4 -0.035178 0 0.7478 0 0.055513 -0.3478 -0.035178 0.8456879 0.3539548
006 2 12 15 0.055282 0.4 -0.035547 0 0.7478 0 0.055282 -0.3478 -0.035547 0.8498535 0.3539555
006 2 12 15 0.055046 0.4 -0.035915 0 0.7478 0 0.055046 -0.3478 -0.035915 0.8541641 0.3539559
006 2 12 15 0.054805 0.4 -0.036281 0 0.7478 0 0.054805 -0.3478 -0.036281 0.8584595 0.3539558
006 2 12 15 0.054558 0.4 -0.036646 0 0.7478 0 0.054558 -0.3478 -0.036646 0.8626099 0.3539553
006 2 12 15 0.054305 0.4 -0.037009 0 0.7478 0 0.054305 -0.3478 -0.037009 0.8666916 0.3539541
006 2 12 15 0.054048 0.4 -0.03737 0 0.7478 0 0.054048 -0.3478 -0.03737 0.8708649 0.3539527
006 2 12 15 0.053784 0.4 -0.037729 0 0.7478 0 0.053784 -0.3478 -0.037729 0.8754196 0.3539506
006 2 12 15 0.053516 0.4 -0.038087 0 0.7478 0 0.053516 -0.3478 -0.038087 0.8795547 0.3539483
006 2 12 15 0.053242 0.4 -0.038443 0 0.7478 0 0.053242 -0.3478 -0.038443 0.883728 0.3539455
006 2 12 15 0.052962 0.4 -0.038797 0 0.7478 0 0.052962 -0.3478 -0.038797 0.8878555 0.3539421
006 2 12 15 0.052678 0.4 -0.039149 0 0.7478 0 0.052678 -0.3478 -0.039149 0.8924103 0.3539385
006 2 12 15 0.052388 0.4 -0.039499 0 0.7478 0 0.052388 -0.3478 -0.039499 0.8966217 0.3539343
006 2 12 15 0.052093 0.4 -0.039848 0 0.7478 0 0.052093 -0.3478 -0.039848 0.9008484 0.3539299
006 2 12 15 0.051793 0.4 -0.040194 0 0.7478 0 0.051793 -0.3478 -0.040194 0.905014 0.353925
006 2 12 15 0.051487 0.4 -0.040538 0 0.7478 0 0.051487 -0.3478 -0.040538 0.9096298 0.3539196
006 2 12 15 0.051176 0.4 -0.04088 0 0.7478 0 0.051176 -0.3478 -0.04088 0.914093 0.3539138
006 2 12 15 0.050861 0.4 -0.04122 0 0.7478 0 0.050861 -0.3478 -0.04122 0.9185715 0.3539078
006 2 12 15 0.05054 0.4 -0.041558 0 0.7478 0 0.05054 -0.3478 -0.041558 0.9226837 0.3539014
006 2 12 15 0.050214 0.4 -0.041894 0 0.7478 0 0.050214 -0.3478 -0.041894 0.9272995 0.3538946
006 2 12 15 0.049883 0.4 -0.042228 0 0.7478 0 0.049883 -0.3478 -0.042228 0.9317627 0.3538875
006 2 12 15 0.049547 0.4 -0.042559 0 0.7478 0 0.049547 -0.3478 -0.042559 0.9360657 0.3538799
006 2 12 15 0.049206 0.4 -0.042889 0 0.7478 0 0.049206 -0.3478 -0.042889 0.9403 0.3538722
006 2 12 15 0.04886 0.4 -0.043215 0 0.7478 0 0.04886 -0.3478 -0.043215 0.9444656 0.3538639
006 2 12 15 0.04851 0.4 -0.04354 0 0.7478 0 0.04851 -0.3478 -0.04354 0.9485474 0.3538556
006 2 12 15 0.048154 0.4 -0.043862 0 0.7478 0 0.048154 -0.3478 -0.043862 0.9528885 0.3538467
006 2 12 15 0.047794 0.4 -0.044182 0 0.7478 0 0.047794 -0.3478 -0.044182 0.9574127 0.3538378
006 2 12 15 0.047429 0.4 -0.0445 0 0.7478 0 0.047429 -0.3478 -0.0445 0.962059 0.3538285
006 2 12 15 0.047059 0.4 -0.044814 0 0.7478 0 0.047059 -0.3478 -0.044814 0.9662247 0.3538187
006 2 12 15 0.046684 0.4 -0.045127 0 0.7478 0 0.046684 -0.3478 -0.045127 0.9704056 0.3538088
006 2 12 15 0.046305 0.4 -0.045437 0 0.7478 0 0.046305 -0.3478 -0.045437 0.9747162 0.3537987
006 2 12 15 0.045921 0.4 -0.045744 0 0.7478 0 0.045921 -0.3478 -0.045744 0.9788818 0.3537882
006 2 12 15 0.045533 0.4 -0.046049 0 0.7478 0 0.045533 -0.3478 -0.046049 0.9830856 0.3537776
006 2 12 15 0.04514 0.4 -0.046351 0 0.7478 0 0.04514 -0.3478 -0.046351 0.9871292 0.3537667
006 2 12 15 0.044742 0.4 -0.046651 0 0.7478 0 0.044742 -0.3478 -0.046651 0.9914932 0.3537556
006 2 12 15 0.04434 0.4 -0.046948 0 0.7478 0 0.04434 -0.3478 -0.046948 0.9957047 0.3537442
006 2 12 15 0.043934 0.4 -0.047242 0 0.7478 0 0.043934 -0.3478 -0.047242 0.999855 0.3537327
006 2 12 15 0.043523 0.4 -0.047534 0 0.7478 0 0.043523 -0.3478 -0.047534 1.003967 0.353721
006 2 12 15 0.043108 0.4 -0.047823 0 0.7478 0 0.043108 -0.3478 -0.047823 1.008423 0.3537092
006 2 12 15 0.042688 0.4 -0.048109 0 0.7478 0 0.042688 -0.3478 -0.048109 1.013412 0.353697
006 2 12 15 0.042265 0.4 -0.048392 0 0.7478 0 0.042265 -0.3478 -0.048392 1.017693 0.3536848
006 2 12 15 0.041837 0.4 -0.048672 0 0.7478 0 0.041837 -0.3478 -0.048672 1.021889 0.3536724
006 2 12 15 0.041404 0.4 -0.04895 0 0.7478 0 0.041404 -0.3478 -0.04895 1.026215 0.3536597
006 2 12 15 0.040968 0.4 -0.049224 0 0.7478 0 0.040968 -0.3478 -0.049224 1.030357 0.353647
006 2 12 15 0.040528 0.4 -0.049496 0 0.7478 0 0.040528 -0.3478 -0.049496 1.034622 0.3536343
006 2 12 15 0.040083 0.4 -0.049764 0 0.7478 0 0.040083 -0.3478 -0.049764 1.038719 0.3536212
006 2 12 15 0.039635 0.4 -0.05003 0 0.7478 0 0.039635 -0.3478 -0.05003 1.04303 0.3536082
006 2 12 15 0.039182 0.4 -0.050293 0 0.7478 0 0.039182 -0.3478 -0.050293 1.047356 0.353595
006 2 12 15 0.038726 0.4 -0.050553 0 0.7478 0 0.038726 -0.3478 -0.050553 1.051613 0.3535819
006 2 12 15 0.038266 0.4 -0.050809 0 0.7478 0 0.038266 -0.3478 -0.050809 1.055687 0.3535685
006 2 12 15 0.037802 0.4 -0.051063 0 0.7478 0 0.037802 -0.3478 -0.051063 1.060036 0.3535552
006 2 12 15 0.037334 0.4 -0.051313 0 0.7478 0 0.037334 -0.3478 -0.051313 1.064178 0.3535416
006 2 12 15 0.036862 0.4 -0.051561 0 0.7478 0 0.036862 -0.3478 -0.051561 1.068306 0.3535282
006 2 12 15 0.036387 0.4 -0.051805 0 0.7478 0 0.036387 -0.3478 -0.051805 1.072815 0.3535146
006 2 12 15 0.035908 0.4 -0.052046 0 0.7478 0 0.035908 -0.3478 -0.052046 1.077187 0.3535011
006 2 12 15 0.035426 0.4 -0.052284 0 0.7478 0 0.035426 -0.3478 -0.052284 1.081329 0.3534876
006 2 12 15 0.03494 0.4 -0.052518 0 0.7478 0 0.03494 -0.3478 -0.052518 1.085564 0.3534739
006 2 12 15 0.03445 0.4 -0.052749 0 0.7478 0 0.03445 -0.3478 -0.052749 1.089882 0.3534602
006 2 12 15 0.033957 0.4 -0.052977 0 0.7478 0 0.033957 -0.3478 -0.052977 1.0942 0.3534466
006 2 12 15 0.033461 0.4 -0.053202 0 0.7478 0 0.033461 -0.3478 -0.053202 1.098579 0.353433
006 2 12 15 0.032961 0.4 -0.053424 0 0.7478 0 0.032961 -0.3478 -0.053424 1.102722 0.3534196
006 2 12 15 0.032458 0.4 -0.053642 0 0.7478 0 0.032458 -0.3478 -0.053642 1.106964 0.353406
006 2 12 15 0.031952 0.4 -0.053856 0 0.7478 0 0.031952 -0.3478 -0.053856 1.111458 0.3533925
006 2 12 15 0.031443 0.4 -0.054068 0 0.7478 0 0.031443 -0.3478 -0.054068 1.116005 0.3533792
006 2 12 15 0.03093 0.4 -0.054276 0 0.7478 0 0.03093 -0.3478 -0.054276 1.120209 0.3533658
006 2 12 15 0.030414 0.4 -0.05448 0 0.7478 0 0.030414 -0.3478 -0.05448 1.124954 0.3533524
006 2 12 15 0.029896 0.4 -0.054681 0 0.7478 0 0.029896 -0.3478 -0.054681 1.12944 0.3533392
006 2 12 15 0.029374 0.4 -0.054879 0 0.7478 0 0.029374 -0.3478 -0.054879 1.133736 0.3533261
006 2 12 15 0.028849 0.4 -0.055073 0 0.7478 0 0.028849 -0.3478 -0.055073 1.137871 0.3533131
006 2 12 15 0.028322 0.4 -0.055263 0 0.7478 0 0.028322 -0.3478 -0.055263 1.14238 0.3533001
006 2 12 15 0.027791 0.4 -0.05545 0 0.7478 0 0.027791 -0.3478 -0.05545 1.146568 0.3532872
006 2 12 15 0.027258 0.4 -0.055634 0 0.7478 0 0.027258 -0.3478 -0.055634 1.150749 0.3532746
006 2 12 15 0.026722 0.4 -0.055814 0 0.7478 0 0.026722 -0.3478 -0.055814 1.155037 0.3532621
006 2 12 15 0.026184 0.4 -0.05599 0 0.7478 0 0.026184 -0.3478 -0.05599 1.159409 0.3532496
006 2 12 15 0.025643 0.4 -0.056163 0 0.7478 0 0.025643 -0.3478 -0.056163 1.163567 0.3532374
006 2 12 15 0.025099 0.4 -0.056332 0 0.7478 0 0.025099 -0.3478 -0.056332 1.167648 0.3532253
006 2 12 15 0.024553 0.4 -0.056498 0 0.7478 0 0.024553 -0.3478 -0.056498 1.171936 0.3532134
006 2 12 15 0.024004 0.4 -0.056659 0 0.7478 0 0.024004 -0.3478 -0.056659 1.176514 0.3532014
006 2 12 15 0.023453 0.4 -0.056818 0 0.7478 0 0.023453 -0.3478 -0.056818 1.180687 0.35319
006 2 12 15 0.0229 0.4 -0.056972 0 0.7478 0 0.0229 -0.3478 -0.056972 1.184837 0.3531785
006 2 12 15 0.022344 0.4 -0.057123 0 0.7478 0 0.022344 -0.3478 -0.057123 1.189072 0.3531673
006 2 12 15 0.021786 0.4 -0.05727 0 0.7478 0 0.021786 -0.3478 -0.05727 1.193596 0.3531562
006 2 12 15 0.021226 0.4 -0.057413 0 0.7478 0 0.021226 -0.3478 -0.057413 1.197693 0.3531453
006 2 12 15 0.020664 0.4 -0.057553 0 0.7478 0 0.020664 -0.3478 -0.057553 1.201843 0.3531348
006 2 12 15 0.020099 0.4 -0.057689 0 0.7478 0 0.020099 -0.3478 -0.057689 1.206093 0.3531244
006 2 12 15 0.019533 0.4 -0.057821 0 0.7478 0 0.019533 -0.3478 -0.057821 1.216255 0.3531142
006 2 12 15 0.018965 0.4 -0.057949 0 0.7478 0 0.018965 -0.3478 -0.057949 1.220779 0.3531042
006 2 12 15 0.018394 0.4 -0.058074 0 0.7478 0 0.018394 -0.3478 -0.058074 1.225311 0.3530945
006 2 12 15 0.017822 0.4 -0.058195 0 0.7478 0 0.017822 -0.3478 -0.058195 1.229546 0.3530851
006 2 12 15 0.017249 0.4 -0.058311 0 0.7478 0 0.017249 -0.3478 -0.058311 1.233788 0.3530758
006 2 12 15 0.016673 0.4 -0.058425 0 0.7478 0 0.016673 -0.3478 -0.058425 1.237999 0.353067
006 2 12 15 0.016096 0.4 -0.058534 0 0.7478 0 0.016096 -0.3478 -0.058534 1.242607 0.3530583
006 2 12 15 0.015517 0.4 -0.058639 0 0.7478 0 0.015517 -0.3478 -0.058639 1.246689 0.3530498
006 2 12 15 0.014937 0.4 -0.058741 0 0.7478 0 0.014937 -0.3478 -0.058741 1.250923 0.3530417
006 2 12 15 0.014355 0.4 -0.058838 0 0.7478 0 0.014355 -0.3478 -0.058838 1.255226 0.3530337
006 2 12 15 0.013772 0.4 -0.058932 0 0.7478 0 0.013772 -0.3478 -0.058932 1.261055 0.3530262
006 2 12 15 0.013187 0.4 -0.059022 0 0.7478 0 0.013187 -0.3478 -0.059022 1.265533 0.3530189
006 2 12 15 0.012601 0.4 -0.059108 0 0.7478 0 0.012601 -0.3478 -0.059108 1.269714 0.3530118
006 2 12 15 0.012014 0.4 -0.05919 0 0.7478 0 0.012014 -0.3478 -0.05919 1.274178 0.3530051
006 2 12 15 0.011425 0.4 -0.059268 0 0.7478 0 0.011425 -0.3478 -0.059268 1.278755 0.3529987
006 2 12 15 0.010836 0.4 -0.059342 0 0.7478 0 0.010836 -0.3478 -0.059342 1.282936 0.3529925
006 2 12 15 0.010245 0.4 -0.059413 0 0.7478 0 0.010245 -0.3478 -0.059413 1.287338 0.3529868
006 2 12 15 0.009653 0.4 -0.059479 0 0.7478 0 0.009653 -0.3478 -0.059479 1.292244 0.3529812
006 2 12 15 0.009061 0.4 -0.059541 0 0.7478 0 0.009061 -0.3478 -0.059541 1.297264 0.352976
006 2 12 15 0.008467 0.4 -0.0596 0 0.7478 0 0.008467 -0.3478 -0.0596 1.301605 0.3529712
006 2 12 15 0.007873 0.4 -0.059654 0 0.7478 0 0.007873 -0.3478 -0.059654 1.30574 0.3529666
006 2 12 15 0.007278 0.4 -0.059705 0 0.7478 0 0.007278 -0.3478 -0.059705 1.310181 0.3529624
006 2 12 15 0.006682 0.4 -0.059751 0 0.7478 0 0.006682 -0.3478 -0.059751 1.314476 0.3529584
006 2 12 15 0.006085 0.4 -0.059794 0 0.7478 0 0.006085 -0.3478 -0.059794 1.31871 0.3529549
006 2 12 15 0.005488 0.4 -0.059832 0 0.7478 0 0.005488 -0.3478 -0.059832 1.323059 0.3529516
006 2 12 15 0.00489 0.4 -0.059867 0 0.7478 0 0.00489 -0.3478 -0.059867 1.327385 0.3529487
006 2 12 15 0.004292 0.4 -0.059898 0 0.7478 0 0.004292 -0.3478 -0.059898 1.331688 0.3529462
006 2 12 15 0.003693 0.4 -0.059924 0 0.7478 0 0.003693 -0.3478 -0.059924 1.335953 0.3529438
006 2 12 15 0.003094 0.4 -0.059947 0 0.7478 0 0.003094 -0.3478 -0.059947 1.340195 0.352942
006 2 12 15 0.002495 0.4 -0.059965 0 0.7478 0 0.002495 -0.3478 -0.059965 1.344376 0.3529403
006 2 12 15 0.001895 0.4 -0.05998 0 0.7478 0 0.001895 -0.3478 -0.05998 1.348824 0.3529391
006 2 12 15 0.001295 0.4 -0.059991 0 0.7478 0 0.001295 -0.3478 -0.059991 1.353142 0.3529383
006 2 12 15 0.000696 0.4 -0.059997 0 0.7478 0 0.000696 -0.3478 -0.059997 1.357368 0.3529376
006 2 12 15 9.6E-05 0.4 -0.06 0 0.7478 0 9.6E-05 -0.3478 -0.06 1.361588 0.3529375
006 2 12 15 -0.000504 0.4 -0.059999 0 0.7478 0 -0.000504 -0.3478 -0.059999 1.365921 0.3529376
006 2 12 15 -0.001104 0.4 -0.059993 0 0.7478 0 -0.001104 -0.3478 -0.059993 1.370949 0.352938
006 2 12 15 -0.001704 0.4 -0.059984 0 0.7478 0 -0.001704 -0.3478 -0.059984 1.375595 0.3529388
006 2 12 15 -0.002304 0.4 -0.059971 0 0.7478 0 -0.002304 -0.3478 -0.059971 1.379799 0.35294
006 2 12 15 -0.002903 0.4 -0.059953 0 0.7478 0 -0.002903 -0.3478 -0.059953 1.384056 0.3529414
006 2 12 15 -0.003502 0.4 -0.059932 0 0.7478 0 -0.003502 -0.3478 -0.059932 1.388329 0.3529432
006 2 12 15 -0.004101 0.4 -0.059906 0 0.7478 0 -0.004101 -0.3478 -0.059906 1.39296 0.3529453
006 2 12 15 -0.0047 0.4 -0.059877 0 0.7478 0 -0.0047 -0.3478 -0.059877 1.397148 0.3529478
006 2 12 15 -0.005298 0.4 -0.059844 0 0.7478 0 -0.005298 -0.3478 -0.059844 1.401276 0.3529507
006 2 12 15 -0.005895 0.4 -0.059806 0 0.7478 0 -0.005895 -0.3478 -0.059806 1.405418 0.3529537
006 2 12 15 -0.006492 0.4 -0.059765 0 0.7478 0 -0.006492 -0.3478 -0.059765 1.409882 0.3529573
006 2 12 15 -0.007088 0.4 -0.05972 0 0.7478 0 -0.007088 -0.3478 -0.05972 1.414192 0.3529611
006 2 12 15 -0.007683 0.4 -0.059671 0 0.7478 0 -0.007683 -0.3478 -0.059671 1.418388 0.3529653
006 2 12 15 -0.008278 0.4 -0.059617 0 0.7478 0 -0.008278 -0.3478 -0.059617 1.422508 0.3529696
006 2 12 15 -0.008872 0.4 -0.05956 0 0.7478 0 -0.008872 -0.3478 -0.05956 1.426987 0.3529744
006 2 12 15 -0.009465 0.4 -0.059499 0 0.7478 0 -0.009465 -0.3478 -0.059499 1.431557 0.3529795
006 2 12 15 -0.010057 0.4 -0.059434 0 0.7478 0 -0.010057 -0.3478 -0.059434 1.435783 0.352985
006 2 12 15 -0.010648 0.4 -0.059365 0 0.7478 0 -0.010648 -0.3478 -0.059365 1.44014 0.3529907
006 2 12 15 -0.011238 0.4 -0.059292 0 0.7478 0 -0.011238 -0.3478 -0.059292 1.444313 0.3529967
006 2 12 15 -0.011826 0.4 -0.059215 0 0.7478 0 -0.011826 -0.3478 -0.059215 1.448509 0.353003
006 2 12 15 -0.012414 0.4 -0.059134 0 0.7478 0 -0.012414 -0.3478 -0.059134 1.45282 0.3530096
006 2 12 15 -0.013001 0.4 -0.05905 0 0.7478 0 -0.013001 -0.3478 -0.05905 1.457069 0.3530166
006 2 12 15 -0.013586 0.4 -0.058961 0 0.7478 0 -0.013586 -0.3478 -0.058961 1.461266 0.3530238
006 2 12 15 -0.014169 0.4 -0.058869 0 0.7478 0 -0.014169 -0.3478 -0.058869 1.465576 0.3530314
006 2 12 15 -0.014752 0.4 -0.058772 0 0.7478 0 -0.014752 -0.3478 -0.058772 1.46965 0.3530391
006 2 12 15 -0.015332 0.4 -0.058672 0 0.7478 0 -0.015332 -0.3478 -0.058672 1.473976 0.3530472
006 2 12 15 -0.015912 0.4 -0.058568 0 0.7478 0 -0.015912 -0.3478 -0.058568 1.47831 0.3530556
006 2 12 15 -0.016489 0.4 -0.05846 0 0.7478 0 -0.016489 -0.3478 -0.05846 1.482841 0.3530641
006 2 12 15 -0.017066 0.4 -0.058348 0 0.7478 0 -0.017066 -0.3478 -0.058348 1.487076 0.353073
006 2 12 15 -0.01764 0.4 -0.058232 0 0.7478 0 -0.01764 -0.3478 -0.058232 1.49157 0.3530821
006 2 12 15 -0.018212 0.4 -0.058113 0 0.7478 0 -0.018212 -0.3478 -0.058113 1.495926 0.3530915
006 2 12 15 -0.018783 0.4 -0.057989 0 0.7478 0 -0.018783 -0.3478 -0.057989 1.500099 0.353101
006 2 12 15 -0.019352 0.4 -0.057862 0 0.7478 0 -0.019352 -0.3478 -0.057862 1.504211 0.3531109
006 2 12 15 -0.019919 0.4 -0.057731 0 0.7478 0 -0.019919 -0.3478 -0.057731 1.508514 0.353121
006 2 12 15 -0.020484 0.4 -0.057597 0 0.7478 0 -0.020484 -0.3478 -0.057597 1.512756 0.3531315
006 2 12 15 -0.021047 0.4 -0.057458 0 0.7478 0 -0.021047 -0.3478 -0.057458 1.516861 0.3531419
006 2 12 15 -0.021608 0.4 -0.057316 0 0.7478 0 -0.021608 -0.3478 -0.057316 1.520966 0.3531528
006 2 12 15 -0.022166 0.4 -0.05717 0 0.7478 0 -0.022166 -0.3478 -0.05717 1.525253 0.3531637
006 2 12 15 -0.022723 0.4 -0.057021 0 0.7478 0 -0.022723 -0.3478 -0.057021 1.5298 0.353175
006 2 12 15 -0.023277 0.4 -0.056867 0 0.7478 0 -0.023277 -0.3478 -0.056867 1.534065 0.3531862
006 2 12 15 -0.023829 0.4 -0.05671 0 0.7478 0 -0.023829 -0.3478 -0.05671 1.538208 0.3531978
006 2 12 15 -0.024378 0.4 -0.056549 0 0.7478 0 -0.024378 -0.3478 -0.056549 1.542572 0.3532094
006 2 12 15 -0.024925 0.4 -0.056385 0 0.7478 0 -0.024925 -0.3478 -0.056385 1.54673 0.3532214
006 2 12 15 -0.02547 0.4 -0.056217 0 0.7478 0 -0.02547 -0.3478 -0.056217 1.550964 0.3532335
006 2 12 15 -0.026012 0.4 -0.056046 0 0.7478 0 -0.026012 -0.3478 -0.056046 1.555321 0.3532458
006 2 12 15 -0.026551 0.4 -0.05587 0 0.7478 0 -0.026551 -0.3478 -0.05587 1.559685 0.353258
006 2 12 15 -0.027088 0.4 -0.055692 0 0.7478 0 -0.027088 -0.3478 -0.055692 1.56385 0.3532707
006 2 12 15 -0.027622 0.4 -0.055509 0 0.7478 0 -0.027622 -0.3478 -0.055509 1.567924 0.3532833
006 2 12 15 -0.028153 0.4 -0.055323 0 0.7478 0 -0.028153 -0.3478 -0.055323 1.57225 0.353296
006 2 12 15 -0.028682 0.4 -0.055134 0 0.7478 0 -0.028682 -0.3478 -0.055134 1.576653 0.353309
006 2 12 15 -0.029207 0.4 -0.054941 0 0.7478 0 -0.029207 -0.3478 -0.054941 1.581192 0.3533219
006 2 12 15 -0.02973 0.4 -0.054744 0 0.7478 0 -0.02973 -0.3478 -0.054744 1.585358 0.353335
006 2 12 15 -0.03025 0.4 -0.054544 0 0.7478 0 -0.03025 -0.3478 -0.054544 1.589523 0.3533482
006 2 12 15 -0.030766 0.4 -0.054341 0 0.7478 0 -0.030766 -0.3478 -0.054341 1.594345 0.3533615
006 2 12 15 -0.03128 0.4 -0.054134 0 0.7478 0 -0.03128 -0.3478 -0.054134 1.598534 0.3533748
006 2 12 15 -0.03179 0.4 -0.053924 0 0.7478 0 -0.03179 -0.3478 -0.053924 1.602654 0.3533882
006 2 12 15 -0.032297 0.4 -0.05371 0 0.7478 0 -0.032297 -0.3478 -0.05371 1.607056 0.3534016
006 2 12 15 -0.032801 0.4 -0.053493 0 0.7478 0 -0.032801 -0.3478 -0.053493 1.61142 0.3534151
006 2 12 15 -0.033302 0.4 -0.053273 0 0.7478 0 -0.033302 -0.3478 -0.053273 1.615547 0.3534287
006 2 12 15 -0.0338 0.4 -0.053049 0 0.7478 0 -0.0338 -0.3478 -0.053049 1.619713 0.3534423
006 2 12 15 -0.034294 0.4 -0.052822 0 0.7478 0 -0.034294 -0.3478 -0.052822 1.624084 0.3534559
006 2 12 15 -0.034784 0.4 -0.052592 0 0.7478 0 -0.034784 -0.3478 -0.052592 1.628288 0.3534695
006 2 12 15 -0.035271 0.4 -0.052359 0 0.7478 0 -0.035271 -0.3478 -0.052359 1.632668 0.3534832
006 2 12 15 -0.035755 0.4 -0.052122 0 0.7478 0 -0.035755 -0.3478 -0.052122 1.63678 0.3534968
006 2 12 15 -0.036235 0.4 -0.051882 0 0.7478 0 -0.036235 -0.3478 -0.051882 1.641098 0.3535103
006 2 12 15 -0.036711 0.4 -0.051639 0 0.7478 0 -0.036711 -0.3478 -0.051639 1.645287 0.3535239
006 2 12 15 -0.037184 0.4 -0.051392 0 0.7478 0 -0.037184 -0.3478 -0.051392 1.649406 0.3535373
006 2 12 15 -0.037653 0.4 -0.051143 0 0.7478 0 -0.037653 -0.3478 -0.051143 1.653625 0.3535508
006 2 12 15 -0.038118 0.4 -0.05089 0 0.7478 0 -0.038118 -0.3478 -0.05089 1.657906 0.3535641
006 2 12 15 -0.03858 0.4 -0.050635 0 0.7478 0 -0.03858 -0.3478 -0.050635 1.662155 0.3535776
006 2 12 15 -0.039038 0.4 -0.050376 0 0.7478 0 -0.039038 -0.3478 -0.050376 1.666451 0.3535909
006 2 12 15 -0.039491 0.4 -0.050114 0 0.7478 0 -0.039491 -0.3478 -0.050114 1.670609 0.353604
006 2 12 15 -0.039941 0.4 -0.049849 0 0.7478 0 -0.039941 -0.3478 -0.049849 1.675133 0.3536171
006 2 12 15 -0.040387 0.4 -0.049582 0 0.7478 0 -0.040387 -0.3478 -0.049582 1.679337 0.3536302
006 2 12 15 -0.040828 0.4 -0.049311 0 0.7478 0 -0.040828 -0.3478 -0.049311 1.683571 0.3536429
006 2 12 15 -0.041266 0.4 -0.049037 0 0.7478 0 -0.041266 -0.3478 -0.049037 1.687691 0.3536557
006 2 12 15 -0.041699 0.4 -0.048761 0 0.7478 0 -0.041699 -0.3478 -0.048761 1.692207 0.3536683
006 2 12 15 -0.042129 0.4 -0.048481 0 0.7478 0 -0.042129 -0.3478 -0.048481 1.69677 0.3536808
006 2 12 15 -0.042554 0.4 -0.048199 0 0.7478 0 -0.042554 -0.3478 -0.048199 1.701118 0.3536931
006 2 12 15 -0.042975 0.4 -0.047914 0 0.7478 0 -0.042975 -0.3478 -0.047914 1.705528 0.3537053
006 2 12 15 -0.043391 0.4 -0.047626 0 0.7478 0 -0.043391 -0.3478 -0.047626 1.709854 0.3537172
006 2 12 15 -0.043804 0.4 -0.047335 0 0.7478 0 -0.043804 -0.3478 -0.047335 1.714134 0.353729
006 2 12 15 -0.044211 0.4 -0.047042 0 0.7478 0 -0.044211 -0.3478 -0.047042 1.718292 0.3537406
006 2 12 15 -0.044615 0.4 -0.046746 0 0.7478 0 -0.044615 -0.3478 -0.046746 1.722359 0.353752
006 2 12 15 -0.045014 0.4 -0.046447 0 0.7478 0 -0.045014 -0.3478 -0.046447 1.726707 0.3537632
006 2 12 15 -0.045408 0.4 -0.046146 0 0.7478 0 -0.045408 -0.3478 -0.046146 1.730919 0.3537742
006 2 12 15 -0.045798 0.4 -0.045842 0 0.7478 0 -0.045798 -0.3478 -0.045842 1.73542 0.3537849
006 2 12 15 -0.046183 0.4 -0.045535 0 0.7478 0 -0.046183 -0.3478 -0.045535 1.73967 0.3537953
006 2 12 15 -0.046564 0.4 -0.045226 0 0.7478 0 -0.046564 -0.3478 -0.045226 1.743965 0.3538056
006 2 12 15 -0.04694 0.4 -0.044914 0 0.7478 0 -0.04694 -0.3478 -0.044914 1.748199 0.3538156
006 2 12 15 -0.047312 0.4 -0.0446 0 0.7478 0 -0.047312 -0.3478 -0.0446 1.752739 0.3538254
006 2 12 15 -0.047678 0.4 -0.044283 0 0.7478 0 -0.047678 -0.3478 -0.044283 1.757378 0.3538347
006 2 12 15 -0.04804 0.4 -0.043964 0 0.7478 0 -0.04804 -0.3478 -0.043964 1.761627 0.3538439
006 2 12 15 -0.048397 0.4 -0.043643 0 0.7478 0 -0.048397 -0.3478 -0.043643 1.765762 0.3538528
006 2 12 15 -0.048749 0.4 -0.043319 0 0.7478 0 -0.048749 -0.3478 -0.043319 1.769936 0.3538613
006 2 12 15 -0.049097 0.4 -0.042993 0 0.7478 0 -0.049097 -0.3478 -0.042993 1.774384 0.3538697
006 2 12 15 -0.049439 0.4 -0.042665 0 0.7478 0 -0.049439 -0.3478 -0.042665 1.778564 0.3538776
006 2 12 15 -0.049777 0.4 -0.042334 0 0.7478 0 -0.049777 -0.3478 -0.042334 1.782959 0.3538852
006 2 12 15 -0.050109 0.4 -0.042001 0 0.7478 0 -0.050109 -0.3478 -0.042001 1.787178 0.3538924
006 2 12 15 -0.050437 0.4 -0.041666 0 0.7478 0 -0.050437 -0.3478 -0.041666 1.792961 0.3538994
006 2 12 15 -0.050759 0.4 -0.041328 0 0.7478 0 -0.050759 -0.3478 -0.041328 1.797935 0.3539058
006 2 12 15 -0.051076 0.4 -0.040989 0 0.7478 0 -0.051076 -0.3478 -0.040989 1.80217 0.353912
006 2 12 15 -0.051389 0.4 -0.040647 0 0.7478 0 -0.051389 -0.3478 -0.040647 1.806465 0.3539178
006 2 12 15 -0.051696 0.4 -0.040304 0 0.7478 0 -0.051696 -0.3478 -0.040304 1.810768 0.3539233
006 2 12 15 -0.051998 0.4 -0.039958 0 0.7478 0 -0.051998 -0.3478 -0.039958 1.815033 0.3539283
006 2 12 15 -0.052295 0.4 -0.03961 0 0.7478 0 -0.052295 -0.3478 -0.03961 1.819191 0.353933
006 2 12 15 -0.052586 0.4 -0.039261 0 0.7478 0 -0.052586 -0.3478 -0.039261 1.823456 0.3539372
006 2 12 15 -0.052872 0.4 -0.038909 0 0.7478 0 -0.052872 -0.3478 -0.038909 1.827614 0.353941
006 2 12 15 -0.053153 0.4 -0.038556 0 0.7478 0 -0.053153 -0.3478 -0.038556 1.831856 0.3539444
006 2 12 15 -0.053429 0.4 -0.038201 0 0.7478 0 -0.053429 -0.3478 -0.038201 1.835999 0.3539475
006 2 12 15 -0.053699 0.4 -0.037843 0 0.7478 0 -0.053699 -0.3478 -0.037843 1.840225 0.3539498
006 2 12 15 -0.053964 0.4 -0.037485 0 0.7478 0 -0.053964 -0.3478 -0.037485 1.844475 0.3539521
006 2 12 15 -0.054224 0.4 -0.037124 0 0.7478 0 -0.054224 -0.3478 -0.037124 1.848541 0.3539538
006 2 12 15 -0.054478 0.4 -0.036762 0 0.7478 0 -0.054478 -0.3478 -0.036762 1.852997 0.353955
006 2 12 15 -0.054727 0.4 -0.036398 0 0.7478 0 -0.054727 -0.3478 -0.036398 1.8573 0.3539558
006 2 12 15 -0.05497 0.4 -0.036032 0 0.7478 0 -0.05497 -0.3478 -0.036032 1.861511 0.353956
006 2 12 15 -0.055208 0.4 -0.035665 0 0.7478 0 -0.055208 -0.3478 -0.035665 1.865654 0.3539559
006 2 12 15 -0.05544 0.4 -0.035296 0 0.7478 0 -0.05544 -0.3478 -0.035296 1.869858 0.3539551
006 2 12 15 -0.055667 0.4 -0.034926 0 0.7478 0 -0.055667 -0.3478 -0.034926 1.874367 0.353954
006 2 12 15 -0.055888 0.4 -0.034554 0 0.7478 0 -0.055888 -0.3478 -0.034554 1.878548 0.3539523
006 2 12 15 -0.056103 0.4 -0.03418 0 0.7478 0 -0.056103 -0.3478 -0.03418 1.882668 0.3539501
006 2 12 15 -0.056313 0.4 -0.033806 0 0.7478 0 -0.056313 -0.3478 -0.033806 1.886803 0.3539475
006 2 12 15 -0.056517 0.4 -0.03343 0 0.7478 0 -0.056517 -0.3478 -0.03343 1.891182 0.3539443
006 2 12 15 -0.056716 0.4 -0.033052 0 0.7478 0 -0.056716 -0.3478 -0.033052 1.89534 0.3539406
006 2 12 15 -0.056909 0.4 -0.032673 0 0.7478 0 -0.056909 -0.3478 -0.032673 1.899483 0.3539364
006 2 12 15 -0.057096 0.4 -0.032293 0 0.7478 0 -0.057096 -0.3478 -0.032293 1.903603 0.3539317
006 2 12 15 -0.057278 0.4 -0.031912 0 0.7478 0 -0.057278 -0.3478 -0.031912 1.907982 0.3539265
006 2 12 15 -0.057453 0.4 -0.03153 0 0.7478 0 -0.057453 -0.3478 -0.03153 1.912315 0.3539206
006 2 12 15 -0.057624 0.4 -0.031146 0 0.7478 0 -0.057624 -0.3478 -0.031146 1.916473 0.3539144
006 2 12 15 -0.057788 0.4 -0.030761 0 0.7478 0 -0.057788 -0.3478 -0.030761 1.920815 0.3539075
006 2 12 15 -0.057946 0.4 -0.030376 0 0.7478 0 -0.057946 -0.3478 -0.030376 1.925095 0.3539001
006 2 12 15 -0.058099 0.4 -0.029989 0 0.7478 0 -0.058099 -0.3478 -0.029989 1.929367 0.3538922
006 2 12 15 -0.058246 0.4 -0.029601 0 0.7478 0 -0.058246 -0.3478 -0.029601 1.933647 0.3538837
006 2 12 15 -0.058387 0.4 -0.029212 0 0.7478 0 -0.058387 -0.3478 -0.029212 1.937782 0.3538746
006 2 12 15 -0.058522 0.4 -0.028822 0 0.7478 0 -0.058522 -0.3478 -0.028822 1.942162 0.3538649
006 2 12 15 -0.058652 0.4 -0.028432 0 0.7478 0 -0.058652 -0.3478 -0.028432 1.94632 0.3538549
006 2 12 15 -0.058775 0.4 -0.02804 0 0.7478 0 -0.058775 -0.3478 -0.02804 1.950562 0.353844
006 2 12 15 -0.058893 0.4 -0.027648 0 0.7478 0 -0.058893 -0.3478 -0.027648 1.954819 0.3538328
006 2 12 15 -0.059005 0.4 -0.027255 0 0.7478 0 -0.059005 -0.3478 -0.027255 1.959785 0.3538209
006 2 12 15 -0.059111 0.4 -0.026861 0 0.7478 0 -0.059111 -0.3478 -0.026861 1.963936 0.3538085
006 2 12 15 -0.059211 0.4 -0.026467 0 0.7478 0 -0.059211 -0.3478 -0.026467 1.968109 0.3537955
006 2 12 15 -0.059305 0.4 -0.026072 0 0.7478 0 -0.059305 -0.3478 -0.026072 1.972412 0.3537819
006 2 12 15 -0.059393 0.4 -0.025676 0 0.7478 0 -0.059393 -0.3478 -0.025676 1.976868 0.3537678
006 2 12 15 -0.059475 0.4 -0.02528 0 0.7478 0 -0.059475 -0.3478 -0.02528 1.981247 0.353753
006 2 12 15 -0.059551 0.4 -0.024883 0 0.7478 0 -0.059551 -0.3478 -0.024883 1.98539 0.3537376
006 2 12 15 -0.059621 0.4 -0.024486 0 0.7478 0 -0.059621 -0.3478 -0.024486 1.989899 0.3537217
006 2 12 15 -0.059686 0.4 -0.024088 0 0.7478 0 -0.059686 -0.3478 -0.024088 1.994316 0.3537053
006 2 12 15 -0.059744 0.4 -0.02369 0 0.7478 0 -0.059744 -0.3478 -0.02369 1.998451 0.3536883
006 2 12 15 -0.059796 0.4 -0.023292 0 0.7478 0 -0.059796 -0.3478 -0.023292 2.002548 0.3536706
006 2 12 15 -0.059843 0.4 -0.022893 0 0.7478 0 -0.059843 -0.3478 -0.022893 2.006874 0.3536525
006 2 12 15 -0.059883 0.4 -0.022494 0 0.7478 0 -0.059883 -0.3478 -0.022494 2.011261 0.3536337
006 2 12 15 -0.059918 0.4 -0.022095 0 0.7478 0 -0.059918 -0.3478 -0.022095 2.01545 0.3536144
006 2 12 15 -0.059946 0.4 -0.021695 0 0.7478 0 -0.059946 -0.3478 -0.021695 2.0196 0.3535945
006 2 12 15 -0.059969 0.4 -0.021295 0 0.7478 0 -0.059969 -0.3478 -0.021295 2.023941 0.353574
006 2 12 15 -0.059985 0.4 -0.020895 0 0.7478 0 -0.059985 -0.3478 -0.020895 2.028145 0.3535529
006 2 12 15 -0.059995 0.4 -0.020496 0 0.7478 0 -0.059995 -0.3478 -0.020496 2.032501 0.3535312
006 2 12 15 -0.06 0.4 -0.020096 0 0.7478 0 -0.06 -0.3478 -0.020096 2.036613 0.3535091
006 2 12 15 -0.059998 0.4 -0.019696 0 0.7478 0 -0.059998 -0.3478 -0.019696 2.040962 0.3534862
006 2 12 15 -0.059991 0.4 -0.019296 0 0.7478 0 -0.059991 -0.3478 -0.019296 2.045227 0.353463
006 2 12 15 -0.059977 0.4 -0.018896 0 0.7478 0 -0.059977 -0.3478 -0.018896 2.0494 0.353439
006 2 12 15 -0.059958 0.4 -0.018496 0 0.7478 0 -0.059958 -0.3478 -0.018496 2.053627 0.3534146
006 2 12 15 -0.059932 0.4 -0.018096 0 0.7478 0 -0.059932 -0.3478 -0.018096 2.057922 0.3533895
006 2 12 15 -0.0599 0.4 -0.017697 0 0.7478 0 -0.0599 -0.3478 -0.017697 2.062187 0.3533639
006 2 12 15 -0.059863 0.4 -0.017298 0 0.7478 0 -0.059863 -0.3478 -0.017298 2.066338 0.3533378
006 2 12 15 -0.059819 0.4 -0.016899 0 0.7478 0 -0.059819 -0.3478 -0.016899 2.070557 0.3533111
006 2 12 15 -0.05977 0.4 -0.0165 0 0.7478 0 -0.05977 -0.3478 -0.0165 2.074966 0.3532839
006 2 12 15 -0.059714 0.4 -0.016102 0 0.7478 0 -0.059714 -0.3478 -0.016102 2.079231 0.3532561
006 2 12 15 -0.059653 0.4 -0.015704 0 0.7478 0 -0.059653 -0.3478 -0.015704 2.083466 0.3532279
006 2 12 15 -0.059586 0.4 -0.015306 0 0.7478 0 -0.059586 -0.3478 -0.015306 2.087608 0.3531991
006 2 12 15 -0.059512 0.4 -0.014909 0 0.7478 0 -0.059512 -0.3478 -0.014909 2.09211 0.3531696
006 2 12 15 -0.059433 0.4 -0.014513 0 0.7478 0 -0.059433 -0.3478 -0.014513 2.096283 0.3531398
006 2 12 15 -0.059348 0.4 -0.014117 0 0.7478 0 -0.059348 -0.3478 -0.014117 2.100471 0.3531095
006 2 12 15 -0.059256 0.4 -0.013722 0 0.7478 0 -0.059256 -0.3478 -0.013722 2.104614 0.3530785
006 2 12 15 -0.059159 0.4 -0.013327 0 0.7478 0 -0.059159 -0.3478 -0.013327 2.109291 0.353047
006 2 12 15 -0.059056 0.4 -0.012933 0 0.7478 0 -0.059056 -0.3478 -0.012933 2.113617 0.3530152
006 2 12 15 -0.058947 0.4 -0.01254 0 0.7478 0 -0.058947 -0.3478 -0.01254 2.117737 0.3529828
006 2 12 15 -0.058832 0.4 -0.012147 0 0.7478 0 -0.058832 -0.3478 -0.012147 2.121864 0.3529498
006 2 12 15 -0.058712 0.4 -0.011755 0 0.7478 0 -0.058712 -0.3478 -0.011755 2.126625 0.3529166
006 2 12 15 -0.058585 0.4 -0.011364 0 0.7478 0 -0.058585 -0.3478 -0.011364 2.130829 0.3528827
006 2 12 15 -0.058452 0.4 -0.010974 0 0.7478 0 -0.058452 -0.3478 -0.010974 2.135094 0.3528483
006 2 12 15 -0.058314 0.4 -0.010585 0 0.7478 0 -0.058314 -0.3478 -0.010585 2.139198 0.3528135
006 2 12 15 -0.05817 0.4 -0.010196 0 0.7478 0 -0.05817 -0.3478 -0.010196 2.143585 0.3527783
006 2 12 15 -0.05802 0.4 -0.009809 0 0.7478 0 -0.05802 -0.3478 -0.009809 2.147675 0.3527426
006 2 12 15 -0.057864 0.4 -0.009423 0 0.7478 0 -0.057864 -0.3478 -0.009423 2.152054 0.3527065
006 2 12 15 -0.057703 0.4 -0.009038 0 0.7478 0 -0.057703 -0.3478 -0.009038 2.156258 0.35267
006 2 12 15 -0.057535 0.4 -0.008654 0 0.7478 0 -0.057535 -0.3478 -0.008654 2.160645 0.3526329
006 2 12 15 -0.057362 0.4 -0.008271 0 0.7478 0 -0.057362 -0.3478 -0.008271 2.164787 0.3525956
006 2 12 15 -0.057184 0.4 -0.007889 0 0.7478 0 -0.057184 -0.3478 -0.007889 2.168953 0.3525579
006 2 12 15 -0.056999 0.4 -0.007508 0 0.7478 0 -0.056999 -0.3478 -0.007508 2.173256 0.3525196
006 2 12 15 -0.056809 0.4 -0.007129 0 0.7478 0 -0.056809 -0.3478 -0.007129 2.17746 0.3524811
006 2 12 15 -0.056613 0.4 -0.006751 0 0.7478 0 -0.056613 -0.3478 -0.006751 2.181557 0.3524421
006 2 12 15 -0.056411 0.4 -0.006374 0 0.7478 0 -0.056411 -0.3478 -0.006374 2.185646 0.3524027
006 2 12 15 -0.056204 0.4 -0.005999 0 0.7478 0 -0.056204 -0.3478 -0.005999 2.189835 0.352363
006 2 12 15 -0.055991 0.4 -0.005625 0 0.7478 0 -0.055991 -0.3478 -0.005625 2.194115 0.352323
006 2 12 15 -0.055773 0.4 -0.005252 0 0.7478 0 -0.055773 -0.3478 -0.005252 2.198265 0.3522826
006 2 12 15 -0.055549 0.4 -0.004881 0 0.7478 0 -0.055549 -0.3478 -0.004881 2.202446 0.3522419
006 2 12 15 -0.055319 0.4 -0.004511 0 0.7478 0 -0.055319 -0.3478 -0.004511 2.206688 0.3522007
006 2 12 15 -0.055084 0.4 -0.004143 0 0.7478 0 -0.055084 -0.3478 -0.004143 2.210999 0.3521594
006 2 12 15 -0.054844 0.4 -0.003777 0 0.7478 0 -0.054844 -0.3478 -0.003777 2.215897 0.3521178
006 2 12 15 -0.054598 0.4 -0.003412 0 0.7478 0 -0.054598 -0.3478 -0.003412 2.22007 0.3520758
006 2 12 15 -0.054346 0.4 -0.003049 0 0.7478 0 -0.054346 -0.3478 -0.003049 2.224365 0.3520336
006 2 12 15 -0.054089 0.4 -0.002687 0 0.7478 0 -0.054089 -0.3478 -0.002687 2.22863 0.351991
006 2 12 15 -0.053827 0.4 -0.002328 0 0.7478 0 -0.053827 -0.3478 -0.002328 2.232864 0.3519483
006 2 12 15 -0.053559 0.4 -0.00197 0 0.7478 0 -0.053559 -0.3478 -0.00197 2.237007 0.3519052
006 2 12 15 -0.053286 0.4 -0.001614 0 0.7478 0 -0.053286 -0.3478 -0.001614 2.241447 0.351862
006 2 12 15 -0.053007 0.4 -0.001259 0 0.7478 0 -0.053007 -0.3478 -0.001259 2.245811 0.3518184
006 2 12 15 -0.052724 0.4 -0.000907 0 0.7478 0 -0.052724 -0.3478 -0.000907 2.249977 0.3517748
006 2 12 15 -0.052434 0.4 -0.000556 0 0.7478 0 -0.052434 -0.3478 -0.000556 2.254227 0.3517307
006 2 12 15 -0.05214 0.4 -0.000208 0 0.7478 0 -0.05214 -0.3478 -0.000208 2.258545 0.3516866
006 2 12 15 -0.051841 0.4 0.000139 0 0.7478 0 -0.051841 -0.3478 0.000139 2.263206 0.3516423
006 2 12 15 -0.051536 0.4 0.000483 0 0.7478 0 -0.051536 -0.3478 0.000483 2.267349 0.3515978
006 2 12 15 -0.051226 0.4 0.000826 0 0.7478 0 -0.051226 -0.3478 0.000826 2.271713 0.3515531
006 2 12 15 -0.050911 0.4 0.001166 0 0.7478 0 -0.050911 -0.3478 0.001166 2.276093 0.3515083
006 2 12 15 -0.050591 0.4 0.001505 0 0.7478 0 -0.050591 -0.3478 0.001505 2.280304 0.3514634
006 2 12 15 -0.050266 0.4 0.001841 0 0.7478 0 -0.050266 -0.3478 0.001841 2.284462 0.3514184
006 2 12 15 -0.049936 0.4 0.002175 0 0.7478 0 -0.049936 -0.3478 0.002175 2.289063 0.3513733
006 2 12 15 -0.049601 0.4 0.002507 0 0.7478 0 -0.049601 -0.3478 0.002507 2.294189 0.351328
006 2 12 15 -0.049261 0.4 0.002836 0 0.7478 0 -0.049261 -0.3478 0.002836 2.298386 0.3512827
006 2 12 15 -0.048916 0.4 0.003164 0 0.7478 0 -0.048916 -0.3478 0.003164 2.302475 0.3512373
006 2 12 15 -0.048566 0.4 0.003489 0 0.7478 0 -0.048566 -0.3478 0.003489 2.306671 0.3511918
006 2 12 15 -0.048211 0.4 0.003811 0 0.7478 0 -0.048211 -0.3478 0.003811 2.310944 0.3511462
006 2 12 15 -0.047852 0.4 0.004131 0 0.7478 0 -0.047852 -0.3478 0.004131 2.315247 0.3511007
006 2 12 15 -0.047487 0.4 0.004449 0 0.7478 0 -0.047487 -0.3478 0.004449 2.319374 0.351055
006 2 12 15 -0.047118 0.4 0.004764 0 0.7478 0 -0.047118 -0.3478 0.004764 2.323608 0.3510094
006 2 12 15 -0.046744 0.4 0.005077 0 0.7478 0 -0.046744 -0.3478 0.005077 2.327927 0.3509638
006 2 12 15 -0.046366 0.4 0.005388 0 0.7478 0 -0.046366 -0.3478 0.005388 2.332611 0.3509183
006 2 12 15 -0.045983 0.4 0.005696 0 0.7478 0 -0.045983 -0.3478 0.005696 2.336792 0.3508728
006 2 12 15 -0.045595 0.4 0.006001 0 0.7478 0 -0.045595 -0.3478 0.006001 2.341133 0.3508272
006 2 12 15 -0.045203 0.4 0.006303 0 0.7478 0 -0.045203 -0.3478 0.006303 2.345329 0.3507818
006 2 12 15 -0.044806 0.4 0.006604 0 0.7478 0 -0.044806 -0.3478 0.006604 2.349541 0.3507364
006 2 12 15 -0.044405 0.4 0.006901 0 0.7478 0 -0.044405 -0.3478 0.006901 2.353821 0.3506911
006 2 12 15 -0.043999 0.4 0.007196 0 0.7478 0 -0.043999 -0.3478 0.007196 2.358047 0.3506459
006 2 12 15 -0.043589 0.4 0.007488 0 0.7478 0 -0.043589 -0.3478 0.007488 2.362526 0.3506008
006 2 12 15 -0.043174 0.4 0.007777 0 0.7478 0 -0.043174 -0.3478 0.007777 2.367012 0.3505557
006 2 12 15 -0.042755 0.4 0.008063 0 0.7478 0 -0.042755 -0.3478 0.008063 2.371979 0.3505108
006 2 12 15 -0.042332 0.4 0.008347 0 0.7478 0 -0.042332 -0.3478 0.008347 2.37632 0.3504661
006 2 12 15 -0.041905 0.4 0.008628 0 0.7478 0 -0.041905 -0.3478 0.008628 2.380508 0.3504216
006 2 12 15 -0.041474 0.4 0.008906 0 0.7478 0 -0.041474 -0.3478 0.008906 2.384613 0.3503773
006 2 12 15 -0.041038 0.4 0.009181 0 0.7478 0 -0.041038 -0.3478 0.009181 2.388718 0.350333
006 2 12 15 -0.040598 0.4 0.009453 0 0.7478 0 -0.040598 -0.3478 0.009453 2.393227 0.350289
006 2 12 15 -0.040154 0.4 0.009722 0 0.7478 0 -0.040154 -0.3478 0.009722 2.397324 0.3502452
006 2 12 15 -0.039707 0.4 0.009988 0 0.7478 0 -0.039707 -0.3478 0.009988 2.401459 0.3502017
006 2 12 15 -0.039255 0.4 0.010251 0 0.7478 0 -0.039255 -0.3478 0.010251 2.405609 0.3501583
006 2 12 15 -0.038799 0.4 0.010511 0 0.7478 0 -0.038799 -0.3478 0.010511 2.410126 0.3501152
006 2 12 15 -0.038339 0.4 0.010769 0 0.7478 0 -0.038339 -0.3478 0.010769 2.414398 0.3500724
006 2 12 15 -0.037876 0.4 0.011023 0 0.7478 0 -0.037876 -0.3478 0.011023 2.418648 0.3500299
006 2 12 15 -0.037409 0.4 0.011274 0 0.7478 0 -0.037409 -0.3478 0.011274 2.423012 0.3499877
006 2 12 15 -0.036938 0.4 0.011521 0 0.7478 0 -0.036938 -0.3478 0.011521 2.427376 0.3499457
006 2 12 15 -0.036463 0.4 0.011766 0 0.7478 0 -0.036463 -0.3478 0.011766 2.431633 0.349904
006 2 12 15 -0.035985 0.4 0.012008 0 0.7478 0 -0.035985 -0.3478 0.012008 2.435738 0.3498628
006 2 12 15 -0.035503 0.4 0.012246 0 0.7478 0 -0.035503 -0.3478 0.012246 2.440094 0.3498217
006 2 12 15 -0.035017 0.4 0.012481 0 0.7478 0 -0.035017 -0.3478 0.012481 2.444374 0.3497811
006 2 12 15 -0.034529 0.4 0.012713 0 0.7478 0 -0.034529 -0.3478 0.012713 2.448517 0.3497409
006 2 12 15 -0.034036 0.4 0.012941 0 0.7478 0 -0.034036 -0.3478 0.012941 2.45285 0.349701
006 2 12 15 -0.03354 0.4 0.013167 0 0.7478 0 -0.03354 -0.3478 0.013167 2.457283 0.3496615
006 2 12 15 -0.033041 0.4 0.013389 0 0.7478 0 -0.033041 -0.3478 0.013389 2.461449 0.3496224
006 2 12 15 -0.032539 0.4 0.013607 0 0.7478 0 -0.032539 -0.3478 0.013607 2.465714 0.3495837
006 2 12 15 -0.032033 0.4 0.013822 0 0.7478 0 -0.032033 -0.3478 0.013822 2.469894 0.3495454
006 2 12 15 -0.031524 0.4 0.014034 0 0.7478 0 -0.031524 -0.3478 0.014034 2.47438 0.3495076
006 2 12 15 -0.031012 0.4 0.014243 0 0.7478 0 -0.031012 -0.3478 0.014243 2.478523 0.3494702
006 2 12 15 -0.030497 0.4 0.014448 0 0.7478 0 -0.030497 -0.3478 0.014448 2.48278 0.3494333
006 2 12 15 -0.029979 0.4 0.014649 0 0.7478 0 -0.029979 -0.3478 0.014649 2.487144 0.3493969
006 2 12 15 -0.029457 0.4 0.014847 0 0.7478 0 -0.029457 -0.3478 0.014847 2.491615 0.3493608
006 2 12 15 -0.028933 0.4 0.015042 0 0.7478 0 -0.028933 -0.3478 0.015042 2.495758 0.3493254
006 2 12 15 -0.028406 0.4 0.015233 0 0.7478 0 -0.028406 -0.3478 0.015233 2.499893 0.3492904
006 2 12 15 -0.027876 0.4 0.015421 0 0.7478 0 -0.027876 -0.3478 0.015421 2.503983 0.3492559
006 2 12 15 -0.027343 0.4 0.015605 0 0.7478 0 -0.027343 -0.3478 0.015605 2.508278 0.349222
006 2 12 15 -0.026808 0.4 0.015785 0 0.7478 0 -0.026808 -0.3478 0.015785 2.512741 0.3491886
006 2 12 15 -0.02627 0.4 0.015962 0 0.7478 0 -0.02627 -0.3478 0.015962 2.516937 0.3491558
006 2 12 15 -0.025729 0.4 0.016136 0 0.7478 0 -0.025729 -0.3478 0.016136 2.521126 0.3491234
006 2 12 15 -0.025186 0.4 0.016305 0 0.7478 0 -0.025186 -0.3478 0.016305 2.525589 0.3490917
006 2 12 15 -0.02464 0.4 0.016471 0 0.7478 0 -0.02464 -0.3478 0.016471 2.529854 0.3490605
006 2 12 15 -0.024092 0.4 0.016634 0 0.7478 0 -0.024092 -0.3478 0.016634 2.53418 0.34903
006 2 12 15 -0.023541 0.4 0.016793 0 0.7478 0 -0.023541 -0.3478 0.016793 2.538338 0.349
006 2 12 15 -0.022988 0.4 0.016948 0 0.7478 0 -0.022988 -0.3478 0.016948 2.54274 0.3489707
006 2 12 15 -0.022433 0.4 0.017099 0 0.7478 0 -0.022433 -0.3478 0.017099 2.546921 0.3489419
006 2 12 15 -0.021875 0.4 0.017247 0 0.7478 0 -0.021875 -0.3478 0.017247 2.551239 0.3489138
006 2 12 15 -0.021315 0.4 0.017391 0 0.7478 0 -0.021315 -0.3478 0.017391 2.555305 0.3488863
006 2 12 15 -0.020753 0.4 0.017531 0 0.7478 0 -0.020753 -0.3478 0.017531 2.559685 0.3488594
006 2 12 15 -0.020189 0.4 0.017668 0 0.7478 0 -0.020189 -0.3478 0.017668 2.563858 0.3488332
006 2 12 15 -0.019623 0.4 0.0178 0 0.7478 0 -0.019623 -0.3478 0.0178 2.568169 0.3488076
006 2 12 15 -0.019055 0.4 0.017929 0 0.7478 0 -0.019055 -0.3478 0.017929 2.572472 0.3487827
006 2 12 15 -0.018485 0.4 0.018054 0 0.7478 0 -0.018485 -0.3478 0.018054 2.576797 0.3487585
006 2 12 15 -0.017914 0.4 0.018176 0 0.7478 0 -0.017914 -0.3478 0.018176 2.580994 0.348735
006 2 12 15 -0.01734 0.4 0.018293 0 0.7478 0 -0.01734 -0.3478 0.018293 2.585274 0.3487121
006 2 12 15 -0.016765 0.4 0.018407 0 0.7478 0 -0.016765 -0.3478 0.018407 2.589546 0.34869
006 2 12 15 -0.016188 0.4 0.018517 0 0.7478 0 -0.016188 -0.3478 0.018517 2.594025 0.3486685
006 2 12 15 -0.015609 0.4 0.018623 0 0.7478 0 -0.015609 -0.3478 0.018623 2.598274 0.3486478
006 2 12 15 -0.015029 0.4 0.018725 0 0.7478 0 -0.015029 -0.3478 0.018725 2.602516 0.3486278
006 2 12 15 -0.014448 0.4 0.018823 0 0.7478 0 -0.014448 -0.3478 0.018823 2.606697 0.3486085
006 2 12 15 -0.013865 0.4 0.018917 0 0.7478 0 -0.013865 -0.3478 0.018917 2.610977 0.3485899
006 2 12 15 -0.01328 0.4 0.019008 0 0.7478 0 -0.01328 -0.3478 0.019008 2.615242 0.3485721
006 2 12 15 -0.012694 0.4 0.019094 0 0.7478 0 -0.012694 -0.3478 0.019094 2.619324 0.3485549
006 2 12 15 -0.012107 0.4 0.019177 0 0.7478 0 -0.012107 -0.3478 0.019177 2.623543 0.3485386
006 2 12 15 -0.011519 0.4 0.019256 0 0.7478 0 -0.011519 -0.3478 0.019256 2.627716 0.3485231
006 2 12 15 -0.01093 0.4 0.019331 0 0.7478 0 -0.01093 -0.3478 0.019331 2.632149 0.3485082
006 2 12 15 -0.010339 0.4 0.019402 0 0.7478 0 -0.010339 -0.3478 0.019402 2.63633 0.3484941
006 2 12 15 -0.009748 0.4 0.019469 0 0.7478 0 -0.009748 -0.3478 0.019469 2.640663 0.3484809
006 2 12 15 -0.009155 0.4 0.019532 0 0.7478 0 -0.009155 -0.3478 0.019532 2.645027 0.3484683
006 2 12 15 -0.008562 0.4 0.019591 0 0.7478 0 -0.008562 -0.3478 0.019591 2.649162 0.3484565
006 2 12 15 -0.007968 0.4 0.019646 0 0.7478 0 -0.007968 -0.3478 0.019646 2.653419 0.3484455
006 2 12 15 -0.007372 0.4 0.019697 0 0.7478 0 -0.007372 -0.3478 0.019697 2.657829 0.3484353
006 2 12 15 -0.006777 0.4 0.019744 0 0.7478 0 -0.006777 -0.3478 0.019744 2.662071 0.3484259
006 2 12 15 -0.00618 0.4 0.019787 0 0.7478 0 -0.00618 -0.3478 0.019787 2.666191 0.3484172
006 2 12 15 -0.005583 0.4 0.019826 0 0.7478 0 -0.005583 -0.3478 0.019826 2.670311 0.3484094
006 2 12 15 -0.004985 0.4 0.019862 0 0.7478 0 -0.004985 -0.3478 0.019862 2.680191 0.3484023
006 2 12 15 -0.004387 0.4 0.019893 0 0.7478 0 -0.004387 -0.3478 0.019893 2.685616 0.3483961
006 2 12 15 -0.003789 0.4 0.01992 0 0.7478 0 -0.003789 -0.3478 0.01992 2.690376 0.3483906
006 2 12 15 -0.00319 0.4 0.019943 0 0.7478 0 -0.00319 -0.3478 0.019943 2.694794 0.3483859
006 2 12 15 -0.00259 0.4 0.019963 0 0.7478 0 -0.00259 -0.3478 0.019963 2.699005 0.3483821
006 2 12 15 -0.001991 0.4 0.019978 0 0.7478 0 -0.001991 -0.3478 0.019978 2.703117 0.348379
006 2 12 15 -0.001391 0.4 0.019989 0 0.7478 0 -0.001391 -0.3478 0.019989 2.70752 0.3483767
006 2 12 15 -0.000791 0.4 0.019997 0 0.7478 0 -0.000791 -0.3478 0.019997 2.712105 0.3483753
006 2 12 15 -0.000191 0.4 0.02 0 0.7478 0 -0.000191 -0.3478 0.02 2.71624 0.3483746
006 2 12 15 0 0.4 0.02 0 0.7478 0 0 -0.3478 0.02 2.720345 0.3483745
