006 2 6 5 0 0.419998 0.0004 0 0.7478 0 0 -0.327802 0.0004 0.01025772 0.3278022
006 2 6 5 0 0.419982 0.0012 0 0.7478 0 0 -0.327818 0.0012 0.02189636 0.3278202
006 2 6 5 0 0.41995 0.001999 0 0.7478 0 0 -0.32785 0.001999 0.03437424 0.3278561
006 2 6 5 0 0.419902 0.002798 0 0.7478 0 0 -0.327898 0.002798 0.0472908 0.3279099
006 2 6 5 0 0.419838 0.003595 0 0.7478 0 0 -0.327962 0.003595 0.05958176 0.3279817
006 2 6 5 0 0.4198 0.003993 0 0.7478 0 0 -0.328 0.003993 0.06481171 0.3280243
006 2 6 5 0 0.419758 0.004391 0 0.7478 0 0 -0.328042 0.004391 0.06894302 0.3280714
006 2 6 5 0 0.419712 0.004788 0 0.7478 0 0 -0.328088 0.004788 0.07368851 0.3281229
006 2 6 5 0 0.419662 0.005185 0 0.7478 0 0 -0.328138 0.005185 0.07833481 0.328179
006 2 6 5 0 0.419609 0.005582 0 0.7478 0 0 -0.328191 0.005582 0.08259964 0.3282385
006 2 6 5 0 0.419551 0.005978 0 0.7478 0 0 -0.328249 0.005978 0.08712006 0.3283034
006 2 6 5 0 0.419489 0.006373 0 0.7478 0 0 -0.328311 0.006373 0.09177399 0.3283728
006 2 6 5 0 0.419423 0.006767 0 0.7478 0 0 -0.328377 0.006767 0.0961113 0.3284467
006 2 6 5 0 0.419354 0.007161 0 0.7478 0 0 -0.328446 0.007161 0.106575 0.328524
006 2 6 5 0 0.41928 0.007554 0 0.7478 0 0 -0.32852 0.007554 0.1122093 0.3286068
006 2 6 5 0 0.419203 0.007947 0 0.7478 0 0 -0.328597 0.007947 0.1164474 0.3286931
006 2 6 5 0 0.419121 0.008338 0 0.7478 0 0 -0.328679 0.008338 0.1206093 0.3287847
006 2 6 5 0 0.419036 0.008729 0 0.7478 0 0 -0.328764 0.008729 0.1256905 0.3288799
006 2 6 5 0 0.418947 0.009119 0 0.7478 0 0 -0.328853 0.009119 0.1298981 0.3289794
006 2 6 5 0 0.418854 0.009508 0 0.7478 0 0 -0.328946 0.009508 0.1340675 0.3290834
006 2 6 5 0 0.418756 0.009896 0 0.7478 0 0 -0.329044 0.009896 0.1382561 0.3291928
006 2 6 5 0 0.418656 0.010283 0 0.7478 0 0 -0.329144 0.010283 0.1428795 0.3293046
006 2 6 5 0 0.418551 0.010669 0 0.7478 0 0 -0.329249 0.010669 0.1472702 0.3294218
006 2 6 5 0 0.418442 0.011054 0 0.7478 0 0 -0.329358 0.011054 0.1514015 0.3295434
006 2 6 5 0 0.41833 0.011438 0 0.7478 0 0 -0.32947 0.011438 0.155632 0.3296685
006 2 6 5 0 0.418213 0.011821 0 0.7478 0 0 -0.329587 0.011821 0.1601639 0.3297989
006 2 6 5 0 0.418093 0.012202 0 0.7478 0 0 -0.329707 0.012202 0.1646042 0.3299327
006 2 6 5 0 0.417969 0.012583 0 0.7478 0 0 -0.329831 0.012583 0.1688766 0.3300709
006 2 6 5 0 0.417842 0.012962 0 0.7478 0 0 -0.329958 0.012962 0.1734734 0.3302125
006 2 6 5 0 0.41771 0.013339 0 0.7478 0 0 -0.33009 0.013339 0.1778183 0.3303594
006 2 6 5 0 0.417575 0.013716 0 0.7478 0 0 -0.330225 0.013716 0.1820641 0.3305097
006 2 6 5 0 0.417436 0.014091 0 0.7478 0 0 -0.330364 0.014091 0.1869316 0.3306644
006 2 6 5 0 0.417293 0.014465 0 0.7478 0 0 -0.330507 0.014465 0.1912384 0.3308234
006 2 6 5 0 0.417147 0.014837 0 0.7478 0 0 -0.330653 0.014837 0.1954689 0.3309857
006 2 6 5 0 0.416996 0.015208 0 0.7478 0 0 -0.330804 0.015208 0.199646 0.3311534
006 2 6 5 0 0.416842 0.015577 0 0.7478 0 0 -0.330958 0.015577 0.2040977 0.3313243
006 2 6 5 0 0.416685 0.015944 0 0.7478 0 0 -0.331115 0.015944 0.208477 0.3314986
006 2 6 5 0 0.416524 0.01631 0 0.7478 0 0 -0.331276 0.01631 0.2127495 0.3316773
006 2 6 5 0 0.416359 0.016675 0 0.7478 0 0 -0.331441 0.016675 0.2170067 0.3318602
006 2 6 5 0 0.41619 0.017038 0 0.7478 0 0 -0.33161 0.017038 0.221302 0.3320474
006 2 6 5 0 0.416018 0.017399 0 0.7478 0 0 -0.331782 0.017399 0.2259865 0.3322379
006 2 6 5 0 0.415842 0.017758 0 0.7478 0 0 -0.331958 0.017758 0.2309723 0.3324326
006 2 6 5 0 0.415663 0.018115 0 0.7478 0 0 -0.332137 0.018115 0.2353325 0.3326306
006 2 6 5 0 0.41548 0.018471 0 0.7478 0 0 -0.33232 0.018471 0.2396088 0.3328329
006 2 6 5 0 0.415293 0.018825 0 0.7478 0 0 -0.332507 0.018825 0.2443581 0.3330394
006 2 6 5 0 0.415103 0.019177 0 0.7478 0 0 -0.332697 0.019177 0.2486 0.3332492
006 2 6 5 0 0.41491 0.019527 0 0.7478 0 0 -0.33289 0.019527 0.2529411 0.3334622
006 2 6 5 0 0.414713 0.019875 0 0.7478 0 0 -0.333087 0.019875 0.2572937 0.3336794
006 2 6 5 0 0.414512 0.020221 0 0.7478 0 0 -0.333288 0.020221 0.2615929 0.3339008
006 2 6 5 0 0.414308 0.020565 0 0.7478 0 0 -0.333492 0.020565 0.2659378 0.3341255
006 2 6 5 0 0.414101 0.020907 0 0.7478 0 0 -0.333699 0.020907 0.2701912 0.3343533
006 2 6 5 0 0.41389 0.021247 0 0.7478 0 0 -0.33391 0.021247 0.2745132 0.3345853
006 2 6 5 0 0.413676 0.021585 0 0.7478 0 0 -0.334124 0.021585 0.2787971 0.3348205
006 2 6 5 0 0.413459 0.021921 0 0.7478 0 0 -0.334341 0.021921 0.2830009 0.3350588
006 2 6 5 0 0.413238 0.022254 0 0.7478 0 0 -0.334562 0.022254 0.2874947 0.3353013
006 2 6 5 0 0.413013 0.022586 0 0.7478 0 0 -0.334787 0.022586 0.2919655 0.335548
006 2 6 5 0 0.412786 0.022915 0 0.7478 0 0 -0.335014 0.022915 0.2964058 0.3357968
006 2 6 5 0 0.412555 0.023241 0 0.7478 0 0 -0.335245 0.023241 0.3006401 0.3360496
006 2 6 5 0 0.412321 0.023566 0 0.7478 0 0 -0.335479 0.023566 0.3058777 0.3363057
006 2 6 5 0 0.412084 0.023888 0 0.7478 0 0 -0.335716 0.023888 0.3106461 0.3365648
006 2 6 5 0 0.411843 0.024207 0 0.7478 0 0 -0.335957 0.024207 0.3154144 0.336828
006 2 6 5 0 0.4116 0.024525 0 0.7478 0 0 -0.3362 0.024525 0.319973 0.3370933
006 2 6 5 0 0.411353 0.024839 0 0.7478 0 0 -0.336447 0.024839 0.3264122 0.3373626
006 2 6 5 0 0.411103 0.025152 0 0.7478 0 0 -0.336697 0.025152 0.3307877 0.3376351
006 2 6 5 0 0.41085 0.025461 0 0.7478 0 0 -0.33695 0.025461 0.3353729 0.3379106
006 2 6 5 0 0.410594 0.025769 0 0.7478 0 0 -0.337206 0.025769 0.3396454 0.3381892
006 2 6 5 0 0.410334 0.026073 0 0.7478 0 0 -0.337466 0.026073 0.3443642 0.3384717
006 2 6 5 0 0.410072 0.026375 0 0.7478 0 0 -0.337728 0.026375 0.3488274 0.3387563
006 2 6 5 0 0.409807 0.026675 0 0.7478 0 0 -0.337993 0.026675 0.3530655 0.339044
006 2 6 5 0 0.409539 0.026972 0 0.7478 0 0 -0.338261 0.026972 0.3576775 0.3393346
006 2 6 5 0 0.409268 0.027266 0 0.7478 0 0 -0.338532 0.027266 0.3619156 0.3396282
006 2 6 5 0 0.408993 0.027557 0 0.7478 0 0 -0.338807 0.027557 0.3663254 0.3399258
006 2 6 5 0 0.408716 0.027845 0 0.7478 0 0 -0.339084 0.027845 0.3712311 0.3402254
006 2 6 5 0 0.408437 0.028131 0 0.7478 0 0 -0.339363 0.028131 0.3756218 0.3405269
006 2 6 5 0 0.408154 0.028414 0 0.7478 0 0 -0.339646 0.028414 0.379776 0.3408324
006 2 6 5 0 0.407868 0.028694 0 0.7478 0 0 -0.339932 0.028694 0.3841476 0.3411409
006 2 6 5 0 0.40758 0.028971 0 0.7478 0 0 -0.34022 0.028971 0.3883438 0.3414512
006 2 6 5 0 0.407289 0.029246 0 0.7478 0 0 -0.340511 0.029246 0.3928261 0.3417646
006 2 6 5 0 0.406995 0.029517 0 0.7478 0 0 -0.340805 0.029517 0.3973465 0.3420808
006 2 6 5 0 0.406699 0.029786 0 0.7478 0 0 -0.341101 0.029786 0.4029312 0.342399
006 2 6 5 0 0.406399 0.030051 0 0.7478 0 0 -0.341401 0.030051 0.4090538 0.342721
006 2 6 5 0 0.406097 0.030314 0 0.7478 0 0 -0.341703 0.030314 0.4140816 0.343045
006 2 6 5 0 0.405793 0.030573 0 0.7478 0 0 -0.342007 0.030573 0.4184914 0.3433708
006 2 6 5 0 0.405486 0.03083 0 0.7478 0 0 -0.342314 0.03083 0.4231071 0.3436995
006 2 6 5 0 0.405176 0.031083 0 0.7478 0 0 -0.342624 0.031083 0.4280434 0.344031
006 2 6 5 0 0.404864 0.031333 0 0.7478 0 0 -0.342936 0.031333 0.4328995 0.3443644
006 2 6 5 0 0.40455 0.03158 0 0.7478 0 0 -0.34325 0.03158 0.4370956 0.3446997
006 2 6 5 0 0.404233 0.031824 0 0.7478 0 0 -0.343567 0.031824 0.4414558 0.3450377
006 2 6 5 0 0.403913 0.032065 0 0.7478 0 0 -0.343887 0.032065 0.4458084 0.3453786
006 2 6 5 0 0.403592 0.032302 0 0.7478 0 0 -0.344208 0.032302 0.4499702 0.3457203
006 2 6 5 0 0.403267 0.032537 0 0.7478 0 0 -0.344533 0.032537 0.4541283 0.3460659
006 2 6 5 0 0.402941 0.032768 0 0.7478 0 0 -0.344859 0.032768 0.4587364 0.3464123
006 2 6 5 0 0.402612 0.032995 0 0.7478 0 0 -0.345188 0.032995 0.4631996 0.3467613
006 2 6 5 0 0.402281 0.03322 0 0.7478 0 0 -0.345519 0.03322 0.4675407 0.3471123
006 2 6 5 0 0.401948 0.033441 0 0.7478 0 0 -0.345852 0.033441 0.4717674 0.3474649
006 2 6 5 0 0.401612 0.033659 0 0.7478 0 0 -0.346188 0.033659 0.4761925 0.3478204
006 2 6 5 0 0.401274 0.033873 0 0.7478 0 0 -0.346526 0.033873 0.4804153 0.3481776
006 2 6 5 0 0.400935 0.034084 0 0.7478 0 0 -0.346865 0.034084 0.4850235 0.3485356
006 2 6 5 0 0.400593 0.034292 0 0.7478 0 0 -0.347207 0.034292 0.4895592 0.3488963
006 2 6 5 0 0.400249 0.034496 0 0.7478 0 0 -0.347551 0.034496 0.494133 0.3492588
006 2 6 5 0 0.399903 0.034697 0 0.7478 0 0 -0.347897 0.034697 0.4985275 0.3496229
006 2 6 5 0 0.399555 0.034894 0 0.7478 0 0 -0.348245 0.034894 0.5027351 0.3499888
006 2 6 5 0 0.399205 0.035088 0 0.7478 0 0 -0.348595 0.035088 0.5072708 0.3503564
006 2 6 5 0 0.398853 0.035278 0 0.7478 0 0 -0.348947 0.035278 0.5116463 0.3507257
006 2 6 5 0 0.398499 0.035465 0 0.7478 0 0 -0.349301 0.035465 0.5158958 0.3510968
006 2 6 5 0 0.398144 0.035648 0 0.7478 0 0 -0.349656 0.035648 0.5201874 0.3514685
006 2 6 5 0 0.397786 0.035828 0 0.7478 0 0 -0.350014 0.035828 0.524704 0.3518429
006 2 6 5 0 0.397427 0.036004 0 0.7478 0 0 -0.350373 0.036004 0.5290451 0.352218
006 2 6 5 0 0.397066 0.036176 0 0.7478 0 0 -0.350734 0.036176 0.5333023 0.3525947
006 2 6 5 0 0.396704 0.036345 0 0.7478 0 0 -0.351096 0.036345 0.5375404 0.3529721
006 2 6 5 0 0.396339 0.036511 0 0.7478 0 0 -0.351461 0.036511 0.5420303 0.3533523
006 2 6 5 0 0.395974 0.036672 0 0.7478 0 0 -0.351826 0.036672 0.5465202 0.353732
006 2 6 5 0 0.395606 0.03683 0 0.7478 0 0 -0.352194 0.03683 0.5506859 0.3541145
006 2 6 5 0 0.395237 0.036984 0 0.7478 0 0 -0.352563 0.036984 0.5555687 0.3544975
006 2 6 5 0 0.394866 0.037135 0 0.7478 0 0 -0.352934 0.037135 0.5599785 0.3548822
006 2 6 5 0 0.394494 0.037282 0 0.7478 0 0 -0.353306 0.037282 0.5644836 0.3552676
006 2 6 5 0 0.394121 0.037425 0 0.7478 0 0 -0.353679 0.037425 0.5688438 0.3556536
006 2 6 5 0 0.393746 0.037564 0 0.7478 0 0 -0.354054 0.037564 0.5731125 0.3560411
006 2 6 5 0 0.39337 0.0377 0 0.7478 0 0 -0.35443 0.0377 0.5773163 0.3564294
006 2 6 5 0 0.392992 0.037831 0 0.7478 0 0 -0.354808 0.037831 0.581562 0.3568191
006 2 6 5 0 0.392613 0.037959 0 0.7478 0 0 -0.355187 0.037959 0.5862465 0.3572096
006 2 6 5 0 0.392233 0.038084 0 0.7478 0 0 -0.355567 0.038084 0.5906487 0.3576007
006 2 6 5 0 0.391851 0.038204 0 0.7478 0 0 -0.355949 0.038204 0.5949593 0.3579933
006 2 6 5 0 0.391469 0.038321 0 0.7478 0 0 -0.356331 0.038321 0.5994301 0.3583857
006 2 6 5 0 0.391085 0.038433 0 0.7478 0 0 -0.356715 0.038433 0.6038704 0.3587794
006 2 6 5 0 0.3907 0.038542 0 0.7478 0 0 -0.3571 0.038542 0.6084404 0.3591739
006 2 6 5 0 0.390314 0.038647 0 0.7478 0 0 -0.357486 0.038647 0.6130409 0.3595689
006 2 6 5 0 0.389927 0.038749 0 0.7478 0 0 -0.357873 0.038749 0.6172829 0.3599647
006 2 6 5 0 0.389539 0.038846 0 0.7478 0 0 -0.358261 0.038846 0.6215706 0.3603609
006 2 6 5 0 0.38915 0.038939 0 0.7478 0 0 -0.35865 0.038939 0.6261635 0.3607576
006 2 6 5 0 0.38876 0.039029 0 0.7478 0 0 -0.35904 0.039029 0.630352 0.3611551
006 2 6 5 0 0.38837 0.039115 0 0.7478 0 0 -0.35943 0.039115 0.6346474 0.3615521
006 2 6 5 0 0.387978 0.039196 0 0.7478 0 0 -0.359822 0.039196 0.6389008 0.3619505
006 2 6 5 0 0.387586 0.039274 0 0.7478 0 0 -0.360214 0.039274 0.6433334 0.3623487
006 2 6 5 0 0.387193 0.039348 0 0.7478 0 0 -0.360607 0.039348 0.6480522 0.3627474
006 2 6 5 0 0.386799 0.039418 0 0.7478 0 0 -0.361001 0.039418 0.6522522 0.3631466
006 2 6 5 0 0.386404 0.039484 0 0.7478 0 0 -0.361396 0.039484 0.6568718 0.3635465
006 2 6 5 0 0.386009 0.039546 0 0.7478 0 0 -0.361791 0.039546 0.661087 0.3639459
006 2 6 5 0 0.385613 0.039604 0 0.7478 0 0 -0.362187 0.039604 0.6655884 0.3643458
006 2 6 5 0 0.385217 0.039658 0 0.7478 0 0 -0.362583 0.039658 0.6701813 0.3647453
006 2 6 5 0 0.38482 0.039709 0 0.7478 0 0 -0.36298 0.039709 0.6747818 0.3651455
006 2 6 5 0 0.384423 0.039755 0 0.7478 0 0 -0.363377 0.039755 0.6790085 0.3655452
006 2 6 5 0 0.384025 0.039797 0 0.7478 0 0 -0.363775 0.039797 0.6832771 0.3659454
006 2 6 5 0 0.383627 0.039835 0 0.7478 0 0 -0.364173 0.039835 0.6876793 0.3663452
006 2 6 5 0 0.383228 0.03987 0 0.7478 0 0 -0.364572 0.03987 0.6922798 0.3667456
006 2 6 5 0 0.382829 0.0399 0 0.7478 0 0 -0.364971 0.0399 0.696476 0.3671455
006 2 6 5 0 0.38243 0.039926 0 0.7478 0 0 -0.36537 0.039926 0.7006416 0.367545
006 2 6 5 0 0.382031 0.039948 0 0.7478 0 0 -0.365769 0.039948 0.7049675 0.367944
006 2 6 5 0 0.381631 0.039967 0 0.7478 0 0 -0.366169 0.039967 0.7094765 0.3683437
006 2 6 5 0 0.381232 0.039981 0 0.7478 0 0 -0.366568 0.039981 0.7137871 0.3687419
006 2 6 5 0 0.380832 0.039991 0 0.7478 0 0 -0.366968 0.039991 0.7182579 0.3691406
006 2 6 5 0 0.380432 0.039998 0 0.7478 0 0 -0.367368 0.039998 0.7227249 0.369539
006 2 6 5 0 0.380032 0.04 0 0.7478 0 0 -0.367768 0.04 0.7272911 0.3699369
006 2 6 5 0 0.379632 0.039998 0 0.7478 0 0 -0.368168 0.039998 0.7316628 0.3703343
006 2 6 5 0 0.379232 0.039993 0 0.7478 0 0 -0.368568 0.039993 0.7358513 0.3707314
006 2 6 5 0 0.378832 0.039983 0 0.7478 0 0 -0.368968 0.039983 0.7402687 0.371128
006 2 6 5 0 0.378432 0.039969 0 0.7478 0 0 -0.369368 0.039969 0.7447052 0.3715242
006 2 6 5 0 0.378033 0.039952 0 0.7478 0 0 -0.369767 0.039952 0.748909 0.3719191
006 2 6 5 0 0.377633 0.03993 0 0.7478 0 0 -0.370167 0.03993 0.7531319 0.3723144
006 2 6 5 0 0.377234 0.039904 0 0.7478 0 0 -0.370566 0.039904 0.7576714 0.3727083
006 2 6 5 0 0.376835 0.039875 0 0.7478 0 0 -0.370965 0.039875 0.7619934 0.3731019
006 2 6 5 0 0.376437 0.039841 0 0.7478 0 0 -0.371363 0.039841 0.766758 0.373494
006 2 6 5 0 0.376038 0.039803 0 0.7478 0 0 -0.371762 0.039803 0.7709618 0.3738867
006 2 6 5 0 0.375641 0.039762 0 0.7478 0 0 -0.372159 0.039762 0.7753868 0.3742771
006 2 6 5 0 0.375243 0.039716 0 0.7478 0 0 -0.372557 0.039716 0.7796059 0.3746679
006 2 6 5 0 0.374846 0.039667 0 0.7478 0 0 -0.372954 0.039667 0.7841148 0.3750575
006 2 6 5 0 0.37445 0.039613 0 0.7478 0 0 -0.37335 0.039613 0.7890892 0.3754456
006 2 6 5 0 0.374054 0.039556 0 0.7478 0 0 -0.373746 0.039556 0.7938614 0.3758334
006 2 6 5 0 0.373659 0.039494 0 0.7478 0 0 -0.374141 0.039494 0.7980843 0.3762197
006 2 6 5 0 0.373264 0.039429 0 0.7478 0 0 -0.374536 0.039429 0.8022995 0.3766057
006 2 6 5 0 0.37287 0.039359 0 0.7478 0 0 -0.37493 0.039359 0.806778 0.3769902
006 2 6 5 0 0.372477 0.039286 0 0.7478 0 0 -0.375323 0.039286 0.8110313 0.3773735
006 2 6 5 0 0.372084 0.039209 0 0.7478 0 0 -0.375716 0.039209 0.8155937 0.3777563
006 2 6 5 0 0.371693 0.039128 0 0.7478 0 0 -0.376107 0.039128 0.8199272 0.3781368
006 2 6 5 0 0.371302 0.039043 0 0.7478 0 0 -0.376498 0.039043 0.8248749 0.3785169
006 2 6 5 0 0.370912 0.038954 0 0.7478 0 0 -0.376888 0.038954 0.8295746 0.3788957
006 2 6 5 0 0.370523 0.038861 0 0.7478 0 0 -0.377277 0.038861 0.8339386 0.3792731
006 2 6 5 0 0.370135 0.038764 0 0.7478 0 0 -0.377665 0.038764 0.838192 0.3796492
006 2 6 5 0 0.369748 0.038664 0 0.7478 0 0 -0.378052 0.038664 0.8427696 0.380024
006 2 6 5 0 0.369361 0.038559 0 0.7478 0 0 -0.378439 0.038559 0.8472061 0.3803983
006 2 6 5 0 0.368976 0.038451 0 0.7478 0 0 -0.378824 0.038451 0.8516541 0.3807704
006 2 6 5 0 0.368592 0.038339 0 0.7478 0 0 -0.379208 0.038339 0.8559189 0.3811412
006 2 6 5 0 0.36821 0.038223 0 0.7478 0 0 -0.37959 0.038223 0.860302 0.3815096
006 2 6 5 0 0.367828 0.038103 0 0.7478 0 0 -0.379972 0.038103 0.8646965 0.3818777
006 2 6 5 0 0.367448 0.037979 0 0.7478 0 0 -0.380352 0.037979 0.8689156 0.3822434
006 2 6 5 0 0.367068 0.037852 0 0.7478 0 0 -0.380732 0.037852 0.8732033 0.382609
006 2 6 5 0 0.366691 0.037721 0 0.7478 0 0 -0.381109 0.037721 0.8775978 0.3829712
006 2 6 5 0 0.366314 0.037586 0 0.7478 0 0 -0.381486 0.037586 0.8819427 0.3833331
006 2 6 5 0 0.365939 0.037447 0 0.7478 0 0 -0.381861 0.037447 0.8862724 0.3836927
006 2 6 5 0 0.365565 0.037305 0 0.7478 0 0 -0.382235 0.037305 0.8905792 0.3840511
006 2 6 5 0 0.365193 0.037158 0 0.7478 0 0 -0.382607 0.037158 0.8955421 0.3844071
006 2 6 5 0 0.364822 0.037008 0 0.7478 0 0 -0.382978 0.037008 0.8998184 0.3847619
006 2 6 5 0 0.364453 0.036855 0 0.7478 0 0 -0.383347 0.036855 0.9042358 0.3851145
006 2 6 5 0 0.364085 0.036698 0 0.7478 0 0 -0.383715 0.036698 0.9086151 0.3854659
006 2 6 5 0 0.363719 0.036537 0 0.7478 0 0 -0.384081 0.036537 0.9128914 0.3858149
006 2 6 5 0 0.363354 0.036372 0 0.7478 0 0 -0.384446 0.036372 0.9170837 0.3861627
006 2 6 5 0 0.362991 0.036204 0 0.7478 0 0 -0.384809 0.036204 0.9213104 0.3865083
006 2 6 5 0 0.36263 0.036032 0 0.7478 0 0 -0.38517 0.036032 0.9259567 0.3868517
006 2 6 5 0 0.362271 0.035856 0 0.7478 0 0 -0.385529 0.035856 0.9301834 0.3871928
006 2 6 5 0 0.361913 0.035677 0 0.7478 0 0 -0.385887 0.035677 0.9343948 0.3875327
006 2 6 5 0 0.361557 0.035494 0 0.7478 0 0 -0.386243 0.035494 0.9387665 0.3878704
006 2 6 5 0 0.361203 0.035308 0 0.7478 0 0 -0.386597 0.035308 0.9431419 0.388206
006 2 6 5 0 0.360851 0.035119 0 0.7478 0 0 -0.386949 0.035119 0.9474831 0.3885394
006 2 6 5 0 0.360501 0.034925 0 0.7478 0 0 -0.387299 0.034925 0.9517097 0.3888705
006 2 6 5 0 0.360152 0.034729 0 0.7478 0 0 -0.387648 0.034729 0.9572792 0.3892005
006 2 6 5 0 0.359806 0.034528 0 0.7478 0 0 -0.387994 0.034528 0.9615936 0.3895273
006 2 6 5 0 0.359462 0.034325 0 0.7478 0 0 -0.388338 0.034325 0.966053 0.389852
006 2 6 5 0 0.35912 0.034118 0 0.7478 0 0 -0.38868 0.034118 0.9703255 0.3901745
006 2 6 5 0 0.35878 0.033907 0 0.7478 0 0 -0.38902 0.033907 0.9746971 0.3904949
006 2 6 5 0 0.358442 0.033693 0 0.7478 0 0 -0.389358 0.033693 0.9789658 0.3908131
006 2 6 5 0 0.358106 0.033476 0 0.7478 0 0 -0.389694 0.033476 0.9833488 0.3911292
006 2 6 5 0 0.357772 0.033255 0 0.7478 0 0 -0.390028 0.033255 0.9877548 0.3914431
006 2 6 5 0 0.357441 0.033031 0 0.7478 0 0 -0.390359 0.033031 0.9922256 0.391754
006 2 6 5 0 0.357111 0.032804 0 0.7478 0 0 -0.390689 0.032804 0.9965057 0.3920638
006 2 6 5 0 0.356785 0.032574 0 0.7478 0 0 -0.391015 0.032574 1.00082 0.3923694
006 2 6 5 0 0.35646 0.03234 0 0.7478 0 0 -0.39134 0.03234 1.005341 0.392674
006 2 6 5 0 0.356138 0.032103 0 0.7478 0 0 -0.391662 0.032103 1.00983 0.3929755
006 2 6 5 0 0.355818 0.031863 0 0.7478 0 0 -0.391982 0.031863 1.014423 0.3932749
006 2 6 5 0 0.3555 0.031619 0 0.7478 0 0 -0.3923 0.031619 1.018627 0.3935722
006 2 6 5 0 0.355186 0.031373 0 0.7478 0 0 -0.392614 0.031373 1.022903 0.3938655
006 2 6 5 0 0.354873 0.031123 0 0.7478 0 0 -0.392927 0.031123 1.027328 0.3941577
006 2 6 5 0 0.354563 0.03087 0 0.7478 0 0 -0.393237 0.03087 1.031532 0.3944468
006 2 6 5 0 0.354256 0.030614 0 0.7478 0 0 -0.393544 0.030614 1.035698 0.3947329
006 2 6 5 0 0.353951 0.030355 0 0.7478 0 0 -0.393849 0.030355 1.039959 0.395017
006 2 6 5 0 0.353649 0.030093 0 0.7478 0 0 -0.394151 0.030093 1.044388 0.3952981
006 2 6 5 0 0.353349 0.029828 0 0.7478 0 0 -0.394451 0.029828 1.048706 0.3955772
006 2 6 5 0 0.353052 0.02956 0 0.7478 0 0 -0.394748 0.02956 1.053055 0.3958532
006 2 6 5 0 0.352758 0.029289 0 0.7478 0 0 -0.395042 0.029289 1.057384 0.3961263
006 2 6 5 0 0.352466 0.029015 0 0.7478 0 0 -0.395334 0.029015 1.061726 0.3963973
006 2 6 5 0 0.352177 0.028739 0 0.7478 0 0 -0.395623 0.028739 1.066071 0.3966655
006 2 6 5 0 0.351891 0.028459 0 0.7478 0 0 -0.395909 0.028459 1.070263 0.3969305
006 2 6 5 0 0.351608 0.028176 0 0.7478 0 0 -0.396192 0.028176 1.075127 0.3971926
006 2 6 5 0 0.351328 0.027891 0 0.7478 0 0 -0.396472 0.027891 1.079933 0.3974518
006 2 6 5 0 0.35105 0.027603 0 0.7478 0 0 -0.39675 0.027603 1.084286 0.397709
006 2 6 5 0 0.350776 0.027312 0 0.7478 0 0 -0.397024 0.027312 1.088551 0.3979623
006 2 6 5 0 0.350504 0.027019 0 0.7478 0 0 -0.397296 0.027019 1.092922 0.3982137
006 2 6 5 0 0.350236 0.026722 0 0.7478 0 0 -0.397564 0.026722 1.097137 0.398461
006 2 6 5 0 0.34997 0.026423 0 0.7478 0 0 -0.39783 0.026423 1.10133 0.3987065
006 2 6 5 0 0.349707 0.026122 0 0.7478 0 0 -0.398093 0.026122 1.105682 0.3989491
006 2 6 5 0 0.349447 0.025817 0 0.7478 0 0 -0.398353 0.025817 1.110195 0.3991887
006 2 6 5 0 0.349191 0.025511 0 0.7478 0 0 -0.398609 0.025511 1.114395 0.3994245
006 2 6 5 0 0.348937 0.025201 0 0.7478 0 0 -0.398863 0.025201 1.118698 0.3996583
006 2 6 5 0 0.348687 0.024889 0 0.7478 0 0 -0.399113 0.024889 1.122925 0.3998883
006 2 6 5 0 0.348439 0.024575 0 0.7478 0 0 -0.399361 0.024575 1.127655 0.4001164
006 2 6 5 0 0.348195 0.024258 0 0.7478 0 0 -0.399605 0.024258 1.131939 0.4003406
006 2 6 5 0 0.347954 0.023939 0 0.7478 0 0 -0.399846 0.023939 1.13612 0.400562
006 2 6 5 0 0.347716 0.023617 0 0.7478 0 0 -0.400084 0.023617 1.14135 0.4007804
006 2 6 5 0 0.347482 0.023293 0 0.7478 0 0 -0.400318 0.023293 1.145741 0.4009951
006 2 6 5 0 0.347251 0.022967 0 0.7478 0 0 -0.400549 0.022967 1.14994 0.4012069
006 2 6 5 0 0.347023 0.022638 0 0.7478 0 0 -0.400777 0.022638 1.154167 0.4014158
006 2 6 5 0 0.346798 0.022307 0 0.7478 0 0 -0.401002 0.022307 1.158566 0.401622
006 2 6 5 0 0.346576 0.021974 0 0.7478 0 0 -0.401224 0.021974 1.163013 0.4018253
006 2 6 5 0 0.346358 0.021639 0 0.7478 0 0 -0.401442 0.021639 1.167404 0.4020248
006 2 6 5 0 0.346144 0.021301 0 0.7478 0 0 -0.401656 0.021301 1.1717 0.4022204
006 2 6 5 0 0.345932 0.020962 0 0.7478 0 0 -0.401868 0.020962 1.176262 0.4024143
006 2 6 5 0 0.345724 0.02062 0 0.7478 0 0 -0.402076 0.02062 1.180462 0.4026044
006 2 6 5 0 0.34552 0.020276 0 0.7478 0 0 -0.40228 0.020276 1.184879 0.4027906
006 2 6 5 0 0.345319 0.01993 0 0.7478 0 0 -0.402481 0.01993 1.189114 0.4029741
006 2 6 5 0 0.345121 0.019583 0 0.7478 0 0 -0.402679 0.019583 1.193493 0.4031549
006 2 6 5 0 0.344927 0.019233 0 0.7478 0 0 -0.402873 0.019233 1.198616 0.4033318
006 2 6 5 0 0.344737 0.018881 0 0.7478 0 0 -0.403063 0.018881 1.202885 0.403505
006 2 6 5 0 0.34455 0.018528 0 0.7478 0 0 -0.40325 0.018528 1.20739 0.4036754
006 2 6 5 0 0.344366 0.018172 0 0.7478 0 0 -0.403434 0.018172 1.211739 0.403843
006 2 6 5 0 0.344186 0.017815 0 0.7478 0 0 -0.403614 0.017815 1.216011 0.404007
006 2 6 5 0 0.34401 0.017456 0 0.7478 0 0 -0.40379 0.017456 1.220188 0.4041671
006 2 6 5 0 0.343837 0.017095 0 0.7478 0 0 -0.403963 0.017095 1.224682 0.4043246
006 2 6 5 0 0.343668 0.016733 0 0.7478 0 0 -0.404132 0.016733 1.228958 0.4044783
006 2 6 5 0 0.343502 0.016369 0 0.7478 0 0 -0.404298 0.016369 1.233364 0.4046292
006 2 6 5 0 0.343341 0.016003 0 0.7478 0 0 -0.404459 0.016003 1.237564 0.4047755
006 2 6 5 0 0.343182 0.015635 0 0.7478 0 0 -0.404618 0.015635 1.242043 0.40492
006 2 6 5 0 0.343028 0.015266 0 0.7478 0 0 -0.404772 0.015266 1.246624 0.4050598
006 2 6 5 0 0.342877 0.014896 0 0.7478 0 0 -0.404923 0.014896 1.250793 0.4051969
006 2 6 5 0 0.34273 0.014524 0 0.7478 0 0 -0.40507 0.014524 1.255127 0.4053303
006 2 6 5 0 0.342587 0.014151 0 0.7478 0 0 -0.405213 0.014151 1.260155 0.40546
006 2 6 5 0 0.342447 0.013776 0 0.7478 0 0 -0.405353 0.013776 1.264549 0.405587
006 2 6 5 0 0.342311 0.0134 0 0.7478 0 0 -0.405489 0.0134 1.269077 0.4057104
006 2 6 5 0 0.342179 0.013022 0 0.7478 0 0 -0.405621 0.013022 1.273418 0.40583
006 2 6 5 0 0.342051 0.012643 0 0.7478 0 0 -0.405749 0.012643 1.27774 0.4059459
006 2 6 5 0 0.341926 0.012263 0 0.7478 0 0 -0.405874 0.012263 1.282005 0.4060592
006 2 6 5 0 0.341805 0.011882 0 0.7478 0 0 -0.405995 0.011882 1.2864 0.4061688
006 2 6 5 0 0.341689 0.011499 0 0.7478 0 0 -0.406111 0.011499 1.29147 0.4062738
006 2 6 5 0 0.341575 0.011115 0 0.7478 0 0 -0.406225 0.011115 1.297401 0.406377
006 2 6 5 0 0.341466 0.010731 0 0.7478 0 0 -0.406334 0.010731 1.301949 0.4064757
006 2 6 5 0 0.341361 0.010345 0 0.7478 0 0 -0.406439 0.010345 1.306526 0.4065706
006 2 6 5 0 0.341259 0.009958 0 0.7478 0 0 -0.406541 0.009958 1.310841 0.4066629
006 2 6 5 0 0.341162 0.00957 0 0.7478 0 0 -0.406638 0.00957 1.31506 0.4067506
006 2 6 5 0 0.341068 0.009181 0 0.7478 0 0 -0.406732 0.009181 1.319832 0.4068356
006 2 6 5 0 0.340978 0.008791 0 0.7478 0 0 -0.406822 0.008791 1.325272 0.406917
006 2 6 5 0 0.340892 0.008401 0 0.7478 0 0 -0.406908 0.008401 1.329948 0.4069947
006 2 6 5 0 0.34081 0.008009 0 0.7478 0 0 -0.40699 0.008009 1.33432 0.4070688
006 2 6 5 0 0.340732 0.007617 0 0.7478 0 0 -0.407068 0.007617 1.338562 0.4071392
006 2 6 5 0 0.340658 0.007224 0 0.7478 0 0 -0.407142 0.007224 1.343048 0.4072061
006 2 6 5 0 0.340587 0.00683 0 0.7478 0 0 -0.407213 0.00683 1.347485 0.4072703
006 2 6 5 0 0.340521 0.006436 0 0.7478 0 0 -0.407279 0.006436 1.351765 0.4073298
006 2 6 5 0 0.340459 0.006041 0 0.7478 0 0 -0.407341 0.006041 1.356003 0.4073858
006 2 6 5 0 0.3404 0.005645 0 0.7478 0 0 -0.4074 0.005645 1.360352 0.4074391
006 2 6 5 0 0.340346 0.005249 0 0.7478 0 0 -0.407454 0.005249 1.36475 0.4074878
006 2 6 5 0 0.340295 0.004852 0 0.7478 0 0 -0.407505 0.004852 1.369011 0.4075339
006 2 6 5 0 0.340249 0.004454 0 0.7478 0 0 -0.407551 0.004454 1.373333 0.4075753
006 2 6 5 0 0.340206 0.004057 0 0.7478 0 0 -0.407594 0.004057 1.377525 0.4076142
006 2 6 5 0 0.340168 0.003659 0 0.7478 0 0 -0.407632 0.003659 1.381783 0.4076484
006 2 6 5 0 0.340133 0.00326 0 0.7478 0 0 -0.407667 0.00326 1.386974 0.40768
006 2 6 5 0 0.340102 0.002861 0 0.7478 0 0 -0.407698 0.002861 1.391342 0.407708
006 2 6 5 0 0.340076 0.002462 0 0.7478 0 0 -0.407724 0.002462 1.395561 0.4077314
006 2 6 5 0 0.340053 0.002063 0 0.7478 0 0 -0.407747 0.002063 1.400227 0.4077522
006 2 6 5 0 0.340035 0.001663 0 0.7478 0 0 -0.407765 0.001663 1.405022 0.4077684
006 2 6 5 0 0.34002 0.001263 0 0.7478 0 0 -0.40778 0.001263 1.409504 0.4077819
006 2 6 5 0 0.340009 0.000864 0 0.7478 0 0 -0.407791 0.000864 1.413807 0.4077919
006 2 6 5 0 0.340003 0.000464 0 0.7478 0 0 -0.407797 0.000464 1.418018 0.4077972
006 2 6 5 0 0.34 6.4E-05 0 0.7478 0 0 -0.4078 6.4E-05 1.422459 0.4078
006 2 6 5 0 0.340001 -0.000336 0 0.7478 0 0 -0.407799 -0.000336 1.427021 0.4077991
006 2 6 5 0 0.340007 -0.000736 0 0.7478 0 0 -0.407793 -0.000736 1.431255 0.4077936
006 2 6 5 0 0.340016 -0.001136 0 0.7478 0 0 -0.407784 -0.001136 1.436176 0.4077856
006 2 6 5 0 0.340029 -0.001536 0 0.7478 0 0 -0.407771 -0.001536 1.440559 0.4077739
006 2 6 5 0 0.340047 -0.001936 0 0.7478 0 0 -0.407753 -0.001936 1.444927 0.4077576
006 2 6 5 0 0.340068 -0.002335 0 0.7478 0 0 -0.407732 -0.002335 1.449188 0.4077387
006 2 6 5 0 0.340094 -0.002734 0 0.7478 0 0 -0.407706 -0.002734 1.453556 0.4077151
006 2 6 5 0 0.340123 -0.003133 0 0.7478 0 0 -0.407677 -0.003133 1.457935 0.407689
006 2 6 5 0 0.340156 -0.003532 0 0.7478 0 0 -0.407644 -0.003532 1.462181 0.4076593
006 2 6 5 0 0.340194 -0.00393 0 0.7478 0 0 -0.407606 -0.00393 1.466599 0.4076249
006 2 6 5 0 0.340235 -0.004328 0 0.7478 0 0 -0.407565 -0.004328 1.470871 0.407588
006 2 6 5 0 0.34028 -0.004725 0 0.7478 0 0 -0.40752 -0.004725 1.475292 0.4075474
006 2 6 5 0 0.340329 -0.005122 0 0.7478 0 0 -0.407471 -0.005122 1.479542 0.4075032
006 2 6 5 0 0.340383 -0.005519 0 0.7478 0 0 -0.407417 -0.005519 1.484055 0.4074544
006 2 6 5 0 0.34044 -0.005915 0 0.7478 0 0 -0.40736 -0.005915 1.488503 0.4074029
006 2 6 5 0 0.340501 -0.00631 0 0.7478 0 0 -0.407299 -0.00631 1.493221 0.4073479
006 2 6 5 0 0.340566 -0.006704 0 0.7478 0 0 -0.407234 -0.006704 1.497559 0.4072892
006 2 6 5 0 0.340635 -0.007098 0 0.7478 0 0 -0.407165 -0.007098 1.501709 0.4072269
006 2 6 5 0 0.340708 -0.007492 0 0.7478 0 0 -0.407092 -0.007492 1.506237 0.4071609
006 2 6 5 0 0.340785 -0.007884 0 0.7478 0 0 -0.407015 -0.007884 1.510601 0.4070913
006 2 6 5 0 0.340866 -0.008276 0 0.7478 0 0 -0.406934 -0.008276 1.514889 0.4070181
006 2 6 5 0 0.34095 -0.008667 0 0.7478 0 0 -0.40685 -0.008667 1.519203 0.4069423
006 2 6 5 0 0.341039 -0.009057 0 0.7478 0 0 -0.406761 -0.009057 1.523537 0.4068618
006 2 6 5 0 0.341131 -0.009446 0 0.7478 0 0 -0.406669 -0.009446 1.528027 0.4067787
006 2 6 5 0 0.341228 -0.009834 0 0.7478 0 0 -0.406572 -0.009834 1.532284 0.4066909
006 2 6 5 0 0.341328 -0.010222 0 0.7478 0 0 -0.406472 -0.010222 1.536541 0.4066005
006 2 6 5 0 0.341432 -0.010608 0 0.7478 0 0 -0.406368 -0.010608 1.541214 0.4065064
006 2 6 5 0 0.34154 -0.010993 0 0.7478 0 0 -0.40626 -0.010993 1.54557 0.4064087
006 2 6 5 0 0.341652 -0.011377 0 0.7478 0 0 -0.406148 -0.011377 1.549778 0.4063073
006 2 6 5 0 0.341768 -0.01176 0 0.7478 0 0 -0.406032 -0.01176 1.554974 0.4062023
006 2 6 5 0 0.341887 -0.012142 0 0.7478 0 0 -0.405913 -0.012142 1.55938 0.4060946
006 2 6 5 0 0.342011 -0.012522 0 0.7478 0 0 -0.405789 -0.012522 1.56369 0.4059821
006 2 6 5 0 0.342138 -0.012901 0 0.7478 0 0 -0.405662 -0.012901 1.568077 0.4058671
006 2 6 5 0 0.342269 -0.013279 0 0.7478 0 0 -0.405531 -0.013279 1.572655 0.4057483
006 2 6 5 0 0.342403 -0.013656 0 0.7478 0 0 -0.405397 -0.013656 1.583412 0.405627
006 2 6 5 0 0.342542 -0.014031 0 0.7478 0 0 -0.405258 -0.014031 1.58844 0.4055008
006 2 6 5 0 0.342684 -0.014405 0 0.7478 0 0 -0.405116 -0.014405 1.592934 0.405372
006 2 6 5 0 0.34283 -0.014778 0 0.7478 0 0 -0.40497 -0.014778 1.597248 0.4052395
006 2 6 5 0 0.342979 -0.015149 0 0.7478 0 0 -0.404821 -0.015149 1.601524 0.4051043
006 2 6 5 0 0.343133 -0.015518 0 0.7478 0 0 -0.404667 -0.015518 1.605972 0.4049644
006 2 6 5 0 0.34329 -0.015886 0 0.7478 0 0 -0.40451 -0.015886 1.610359 0.4048218
006 2 6 5 0 0.343451 -0.016252 0 0.7478 0 0 -0.404349 -0.016252 1.614521 0.4046755
006 2 6 5 0 0.343615 -0.016617 0 0.7478 0 0 -0.404185 -0.016617 1.618706 0.4045264
006 2 6 5 0 0.343783 -0.01698 0 0.7478 0 0 -0.404017 -0.01698 1.623055 0.4043736
006 2 6 5 0 0.343954 -0.017341 0 0.7478 0 0 -0.403846 -0.017341 1.627502 0.4042181
006 2 6 5 0 0.34413 -0.017701 0 0.7478 0 0 -0.40367 -0.017701 1.631844 0.4040579
006 2 6 5 0 0.344308 -0.018059 0 0.7478 0 0 -0.403492 -0.018059 1.636799 0.4038959
006 2 6 5 0 0.344491 -0.018415 0 0.7478 0 0 -0.403309 -0.018415 1.641083 0.4037292
006 2 6 5 0 0.344677 -0.018769 0 0.7478 0 0 -0.403123 -0.018769 1.645527 0.4035597
006 2 6 5 0 0.344866 -0.019121 0 0.7478 0 0 -0.402934 -0.019121 1.650047 0.4033874
006 2 6 5 0 0.345059 -0.019471 0 0.7478 0 0 -0.402741 -0.019471 1.654324 0.4032114
006 2 6 5 0 0.345256 -0.01982 0 0.7478 0 0 -0.402544 -0.01982 1.658791 0.4030316
006 2 6 5 0 0.345456 -0.020166 0 0.7478 0 0 -0.402344 -0.020166 1.663189 0.402849
006 2 6 5 0 0.345659 -0.020511 0 0.7478 0 0 -0.402141 -0.020511 1.667599 0.4026637
006 2 6 5 0 0.345866 -0.020853 0 0.7478 0 0 -0.401934 -0.020853 1.671947 0.4024746
006 2 6 5 0 0.346076 -0.021193 0 0.7478 0 0 -0.401724 -0.021193 1.676296 0.4022826
006 2 6 5 0 0.34629 -0.021532 0 0.7478 0 0 -0.40151 -0.021532 1.680626 0.4020869
006 2 6 5 0 0.346507 -0.021868 0 0.7478 0 0 -0.401293 -0.021868 1.685032 0.4018884
006 2 6 5 0 0.346727 -0.022201 0 0.7478 0 0 -0.401073 -0.022201 1.689342 0.401687
006 2 6 5 0 0.346951 -0.022533 0 0.7478 0 0 -0.400849 -0.022533 1.694206 0.4014818
006 2 6 5 0 0.347178 -0.022862 0 0.7478 0 0 -0.400622 -0.022862 1.698322 0.4012738
006 2 6 5 0 0.347408 -0.02319 0 0.7478 0 0 -0.400392 -0.02319 1.702557 0.401063
006 2 6 5 0 0.347641 -0.023514 0 0.7478 0 0 -0.400159 -0.023514 1.707676 0.4008493
006 2 6 5 0 0.347878 -0.023837 0 0.7478 0 0 -0.399922 -0.023837 1.71212 0.4006318
006 2 6 5 0 0.348118 -0.024157 0 0.7478 0 0 -0.399682 -0.024157 1.716415 0.4004114
006 2 6 5 0 0.348361 -0.024474 0 0.7478 0 0 -0.399439 -0.024474 1.720711 0.400188
006 2 6 5 0 0.348608 -0.024789 0 0.7478 0 0 -0.399192 -0.024789 1.725399 0.3999609
006 2 6 5 0 0.348857 -0.025102 0 0.7478 0 0 -0.398943 -0.025102 1.729752 0.3997319
006 2 6 5 0 0.34911 -0.025412 0 0.7478 0 0 -0.39869 -0.025412 1.73394 0.399499
006 2 6 5 0 0.349365 -0.02572 0 0.7478 0 0 -0.398435 -0.02572 1.738201 0.3992643
006 2 6 5 0 0.349624 -0.026025 0 0.7478 0 0 -0.398176 -0.026025 1.74353 0.3990256
006 2 6 5 0 0.349886 -0.026327 0 0.7478 0 0 -0.397914 -0.026327 1.747925 0.398784
006 2 6 5 0 0.350151 -0.026627 0 0.7478 0 0 -0.397649 -0.026627 1.752113 0.3985395
006 2 6 5 0 0.350418 -0.026924 0 0.7478 0 0 -0.397382 -0.026924 1.756454 0.398293
006 2 6 5 0 0.350689 -0.027219 0 0.7478 0 0 -0.397111 -0.027219 1.760666 0.3980427
006 2 6 5 0 0.350963 -0.027511 0 0.7478 0 0 -0.396837 -0.027511 1.765129 0.3977895
006 2 6 5 0 0.351239 -0.0278 0 0.7478 0 0 -0.396561 -0.0278 1.769478 0.3975342
006 2 6 5 0 0.351519 -0.028086 0 0.7478 0 0 -0.396281 -0.028086 1.773926 0.397275
006 2 6 5 0 0.351801 -0.028369 0 0.7478 0 0 -0.395999 -0.028369 1.778217 0.3970138
006 2 6 5 0 0.352086 -0.02865 0 0.7478 0 0 -0.395714 -0.02865 1.782528 0.3967498
006 2 6 5 0 0.352374 -0.028928 0 0.7478 0 0 -0.395426 -0.028928 1.786884 0.3964827
006 2 6 5 0 0.352665 -0.029202 0 0.7478 0 0 -0.395135 -0.029202 1.791264 0.3962126
006 2 6 5 0 0.352958 -0.029474 0 0.7478 0 0 -0.394842 -0.029474 1.795471 0.3959405
006 2 6 5 0 0.353254 -0.029743 0 0.7478 0 0 -0.394546 -0.029743 1.799847 0.3956655
006 2 6 5 0 0.353553 -0.030009 0 0.7478 0 0 -0.394247 -0.030009 1.804874 0.3953874
006 2 6 5 0 0.353854 -0.030272 0 0.7478 0 0 -0.393946 -0.030272 1.809311 0.3951074
006 2 6 5 0 0.354158 -0.030532 0 0.7478 0 0 -0.393642 -0.030532 1.813717 0.3948243
006 2 6 5 0 0.354465 -0.030789 0 0.7478 0 0 -0.393335 -0.030789 1.817986 0.3945382
006 2 6 5 0 0.354774 -0.031043 0 0.7478 0 0 -0.393026 -0.031043 1.822525 0.3942501
006 2 6 5 0 0.355086 -0.031293 0 0.7478 0 0 -0.392714 -0.031293 1.827656 0.3939588
006 2 6 5 0 0.3554 -0.031541 0 0.7478 0 0 -0.3924 -0.031541 1.832047 0.3936656
006 2 6 5 0 0.355717 -0.031785 0 0.7478 0 0 -0.392083 -0.031785 1.836288 0.3933692
006 2 6 5 0 0.356036 -0.032027 0 0.7478 0 0 -0.391764 -0.032027 1.840641 0.3930709
006 2 6 5 0 0.356357 -0.032265 0 0.7478 0 0 -0.391443 -0.032265 1.845024 0.3927705
006 2 6 5 0 0.356681 -0.0325 0 0.7478 0 0 -0.391119 -0.0325 1.849827 0.392467
006 2 6 5 0 0.357007 -0.032731 0 0.7478 0 0 -0.390793 -0.032731 1.854057 0.3921613
006 2 6 5 0 0.357335 -0.032959 0 0.7478 0 0 -0.390465 -0.032959 1.858379 0.3918535
006 2 6 5 0 0.357666 -0.033184 0 0.7478 0 0 -0.390134 -0.033184 1.862606 0.3915427
006 2 6 5 0 0.357999 -0.033406 0 0.7478 0 0 -0.389801 -0.033406 1.867031 0.3912298
006 2 6 5 0 0.358334 -0.033624 0 0.7478 0 0 -0.389466 -0.033624 1.871273 0.3909147
006 2 6 5 0 0.358672 -0.033839 0 0.7478 0 0 -0.389128 -0.033839 1.87582 0.3905966
006 2 6 5 0 0.359011 -0.034051 0 0.7478 0 0 -0.388789 -0.034051 1.880024 0.3902773
006 2 6 5 0 0.359353 -0.034259 0 0.7478 0 0 -0.388447 -0.034259 1.884388 0.3899548
006 2 6 5 0 0.359696 -0.034464 0 0.7478 0 0 -0.388104 -0.034464 1.88866 0.3896312
006 2 6 5 0 0.360042 -0.034665 0 0.7478 0 0 -0.387758 -0.034665 1.893238 0.3893044
006 2 6 5 0 0.36039 -0.034863 0 0.7478 0 0 -0.38741 -0.034863 1.897472 0.3889755
006 2 6 5 0 0.360739 -0.035057 0 0.7478 0 0 -0.387061 -0.035057 1.901703 0.3886454
006 2 6 5 0 0.361091 -0.035248 0 0.7478 0 0 -0.386709 -0.035248 1.906231 0.388312
006 2 6 5 0 0.361444 -0.035436 0 0.7478 0 0 -0.386356 -0.035436 1.910507 0.3879777
006 2 6 5 0 0.361799 -0.035619 0 0.7478 0 0 -0.386001 -0.035619 1.915386 0.3876409
006 2 6 5 0 0.362157 -0.0358 0 0.7478 0 0 -0.385643 -0.0358 1.919518 0.3873011
006 2 6 5 0 0.362515 -0.035976 0 0.7478 0 0 -0.385285 -0.035976 1.924026 0.386961
006 2 6 5 0 0.362876 -0.036149 0 0.7478 0 0 -0.384924 -0.036149 1.928585 0.3866177
006 2 6 5 0 0.363238 -0.036319 0 0.7478 0 0 -0.384562 -0.036319 1.932922 0.3862732
006 2 6 5 0 0.363602 -0.036484 0 0.7478 0 0 -0.384198 -0.036484 1.93713 0.3859264
006 2 6 5 0 0.363968 -0.036647 0 0.7478 0 0 -0.383832 -0.036647 1.941475 0.3855775
006 2 6 5 0 0.364335 -0.036805 0 0.7478 0 0 -0.383465 -0.036805 1.946014 0.3852272
006 2 6 5 0 0.364704 -0.03696 0 0.7478 0 0 -0.383096 -0.03696 1.950352 0.3848747
006 2 6 5 0 0.365074 -0.037111 0 0.7478 0 0 -0.382726 -0.037111 1.954842 0.384521
006 2 6 5 0 0.365446 -0.037258 0 0.7478 0 0 -0.382354 -0.037258 1.9594 0.384165
006 2 6 5 0 0.36582 -0.037402 0 0.7478 0 0 -0.38198 -0.037402 1.963718 0.3838068
006 2 6 5 0 0.366194 -0.037542 0 0.7478 0 0 -0.381606 -0.037542 1.968433 0.3834482
006 2 6 5 0 0.36657 -0.037678 0 0.7478 0 0 -0.38123 -0.037678 1.973003 0.3830874
006 2 6 5 0 0.366948 -0.037811 0 0.7478 0 0 -0.380852 -0.037811 1.977558 0.3827243
006 2 6 5 0 0.367327 -0.037939 0 0.7478 0 0 -0.380473 -0.037939 1.981785 0.3823599
006 2 6 5 0 0.367707 -0.038064 0 0.7478 0 0 -0.380093 -0.038064 1.986263 0.3819942
006 2 6 5 0 0.368088 -0.038185 0 0.7478 0 0 -0.379712 -0.038185 1.990646 0.3816271
006 2 6 5 0 0.36847 -0.038302 0 0.7478 0 0 -0.37933 -0.038302 1.994881 0.3812588
006 2 6 5 0 0.368854 -0.038416 0 0.7478 0 0 -0.378946 -0.038416 1.999123 0.3808882
006 2 6 5 0 0.369239 -0.038525 0 0.7478 0 0 -0.378561 -0.038525 2.003361 0.3805162
006 2 6 5 0 0.369624 -0.038631 0 0.7478 0 0 -0.378176 -0.038631 2.008022 0.3801439
006 2 6 5 0 0.370011 -0.038733 0 0.7478 0 0 -0.377789 -0.038733 2.012287 0.3797694
006 2 6 5 0 0.370399 -0.038831 0 0.7478 0 0 -0.377401 -0.038831 2.016544 0.3793934
006 2 6 5 0 0.370788 -0.038925 0 0.7478 0 0 -0.377012 -0.038925 2.020775 0.3790161
006 2 6 5 0 0.371178 -0.039015 0 0.7478 0 0 -0.376622 -0.039015 2.025311 0.3786374
006 2 6 5 0 0.371568 -0.039101 0 0.7478 0 0 -0.376232 -0.039101 2.030136 0.3782584
006 2 6 5 0 0.37196 -0.039184 0 0.7478 0 0 -0.37584 -0.039184 2.034382 0.3778771
006 2 6 5 0 0.372352 -0.039262 0 0.7478 0 0 -0.375448 -0.039262 2.038849 0.3774953
006 2 6 5 0 0.372745 -0.039337 0 0.7478 0 0 -0.375055 -0.039337 2.043392 0.3771122
006 2 6 5 0 0.373139 -0.039407 0 0.7478 0 0 -0.374661 -0.039407 2.047894 0.3767277
006 2 6 5 0 0.373533 -0.039474 0 0.7478 0 0 -0.374267 -0.039474 2.052147 0.3763429
006 2 6 5 0 0.373928 -0.039536 0 0.7478 0 0 -0.373872 -0.039536 2.056477 0.3759566
006 2 6 5 0 0.374324 -0.039595 0 0.7478 0 0 -0.373476 -0.039595 2.060795 0.375569
006 2 6 5 0 0.37472 -0.03965 0 0.7478 0 0 -0.37308 -0.03965 2.065155 0.375181
006 2 6 5 0 0.375117 -0.039701 0 0.7478 0 0 -0.372683 -0.039701 2.069393 0.3747917
006 2 6 5 0 0.375514 -0.039748 0 0.7478 0 0 -0.372286 -0.039748 2.073822 0.3744019
006 2 6 5 0 0.375912 -0.039791 0 0.7478 0 0 -0.371888 -0.039791 2.078419 0.3740107
006 2 6 5 0 0.37631 -0.039829 0 0.7478 0 0 -0.37149 -0.039829 2.082737 0.373619
006 2 6 5 0 0.376708 -0.039864 0 0.7478 0 0 -0.371092 -0.039864 2.087353 0.373227
006 2 6 5 0 0.377107 -0.039895 0 0.7478 0 0 -0.370693 -0.039895 2.091789 0.3728336
006 2 6 5 0 0.377506 -0.039922 0 0.7478 0 0 -0.370294 -0.039922 2.095989 0.3724398
006 2 6 5 0 0.377905 -0.039945 0 0.7478 0 0 -0.369895 -0.039945 2.100193 0.3720455
006 2 6 5 0 0.378305 -0.039964 0 0.7478 0 0 -0.369495 -0.039964 2.104553 0.3716499
006 2 6 5 0 0.378705 -0.039979 0 0.7478 0 0 -0.369095 -0.039979 2.109333 0.3712539
006 2 6 5 0 0.379105 -0.03999 0 0.7478 0 0 -0.368695 -0.03999 2.113743 0.3708574
006 2 6 5 0 0.379504 -0.039997 0 0.7478 0 0 -0.368296 -0.039997 2.118202 0.3704615
006 2 6 5 0 0.379904 -0.04 0 0.7478 0 0 -0.367896 -0.04 2.122696 0.3700641
006 2 6 5 0 0.380304 -0.039999 0 0.7478 0 0 -0.367496 -0.039999 2.127171 0.3696664
006 2 6 5 0 0.380704 -0.039994 0 0.7478 0 0 -0.367096 -0.039994 2.131329 0.3692681
006 2 6 5 0 0.381104 -0.039985 0 0.7478 0 0 -0.366696 -0.039985 2.136719 0.3688696
006 2 6 5 0 0.381504 -0.039972 0 0.7478 0 0 -0.366296 -0.039972 2.141518 0.3684705
006 2 6 5 0 0.381904 -0.039955 0 0.7478 0 0 -0.365896 -0.039955 2.145969 0.368071
006 2 6 5 0 0.382303 -0.039934 0 0.7478 0 0 -0.365497 -0.039934 2.150398 0.3676721
006 2 6 5 0 0.382702 -0.039909 0 0.7478 0 0 -0.365098 -0.039909 2.154865 0.3672728
006 2 6 5 0 0.383101 -0.03988 0 0.7478 0 0 -0.364699 -0.03988 2.159569 0.3668729
006 2 6 5 0 0.3835 -0.039847 0 0.7478 0 0 -0.3643 -0.039847 2.164043 0.3664727
006 2 6 5 0 0.383898 -0.03981 0 0.7478 0 0 -0.363902 -0.03981 2.168282 0.366073
006 2 6 5 0 0.384296 -0.039769 0 0.7478 0 0 -0.363504 -0.039769 2.173443 0.365673
006 2 6 5 0 0.384694 -0.039724 0 0.7478 0 0 -0.363106 -0.039724 2.177723 0.3652724
006 2 6 5 0 0.385091 -0.039675 0 0.7478 0 0 -0.362709 -0.039675 2.182007 0.3648725
006 2 6 5 0 0.385487 -0.039622 0 0.7478 0 0 -0.362313 -0.039622 2.186394 0.364473
006 2 6 5 0 0.385883 -0.039565 0 0.7478 0 0 -0.361917 -0.039565 2.190861 0.3640732
006 2 6 5 0 0.386278 -0.039504 0 0.7478 0 0 -0.361522 -0.039504 2.195065 0.3636739
006 2 6 5 0 0.386673 -0.039439 0 0.7478 0 0 -0.361127 -0.039439 2.199287 0.3632742
006 2 6 5 0 0.387067 -0.039371 0 0.7478 0 0 -0.360733 -0.039371 2.203564 0.3628751
006 2 6 5 0 0.38746 -0.039298 0 0.7478 0 0 -0.36034 -0.039298 2.208344 0.3624766
006 2 6 5 0 0.387853 -0.039222 0 0.7478 0 0 -0.359947 -0.039222 2.212612 0.3620776
006 2 6 5 0 0.388245 -0.039141 0 0.7478 0 0 -0.359555 -0.039141 2.216923 0.3616791
006 2 6 5 0 0.388636 -0.039057 0 0.7478 0 0 -0.359164 -0.039057 2.221195 0.3612814
006 2 6 5 0 0.389026 -0.038968 0 0.7478 0 0 -0.358774 -0.038968 2.225719 0.360884
006 2 6 5 0 0.389415 -0.038876 0 0.7478 0 0 -0.358385 -0.038876 2.229988 0.3604874
006 2 6 5 0 0.389804 -0.03878 0 0.7478 0 0 -0.357996 -0.03878 2.234901 0.3600903
006 2 6 5 0 0.390191 -0.03868 0 0.7478 0 0 -0.357609 -0.03868 2.239159 0.3596947
006 2 6 5 0 0.390577 -0.038576 0 0.7478 0 0 -0.357223 -0.038576 2.243702 0.3592998
006 2 6 5 0 0.390962 -0.038469 0 0.7478 0 0 -0.356838 -0.038469 2.248245 0.3589056
006 2 6 5 0 0.391346 -0.038357 0 0.7478 0 0 -0.356454 -0.038357 2.252445 0.3585118
006 2 6 5 0 0.391729 -0.038242 0 0.7478 0 0 -0.356071 -0.038242 2.256779 0.3581187
006 2 6 5 0 0.392111 -0.038122 0 0.7478 0 0 -0.355689 -0.038122 2.261143 0.3577261
006 2 6 5 0 0.392492 -0.037999 0 0.7478 0 0 -0.355308 -0.037999 2.265549 0.3573341
006 2 6 5 0 0.392871 -0.037873 0 0.7478 0 0 -0.354929 -0.037873 2.269791 0.3569439
006 2 6 5 0 0.393249 -0.037742 0 0.7478 0 0 -0.354551 -0.037742 2.274155 0.3565542
006 2 6 5 0 0.393626 -0.037608 0 0.7478 0 0 -0.354174 -0.037608 2.278461 0.3561651
006 2 6 5 0 0.394001 -0.037469 0 0.7478 0 0 -0.353799 -0.037469 2.282673 0.3557775
006 2 6 5 0 0.394375 -0.037328 0 0.7478 0 0 -0.353425 -0.037328 2.287113 0.3553908
006 2 6 5 0 0.394748 -0.037182 0 0.7478 0 0 -0.353052 -0.037182 2.291512 0.3550045
006 2 6 5 0 0.395119 -0.037033 0 0.7478 0 0 -0.352681 -0.037033 2.29657 0.35462
006 2 6 5 0 0.395489 -0.03688 0 0.7478 0 0 -0.352311 -0.03688 2.300793 0.354236
006 2 6 5 0 0.395857 -0.036723 0 0.7478 0 0 -0.351943 -0.036723 2.305149 0.3538537
006 2 6 5 0 0.396223 -0.036562 0 0.7478 0 0 -0.351577 -0.036562 2.30983 0.353473
006 2 6 5 0 0.396588 -0.036398 0 0.7478 0 0 -0.351212 -0.036398 2.314137 0.353093
006 2 6 5 0 0.396951 -0.036231 0 0.7478 0 0 -0.350849 -0.036231 2.31842 0.3527147
006 2 6 5 0 0.397313 -0.036059 0 0.7478 0 0 -0.350487 -0.036059 2.323082 0.352337
006 2 6 5 0 0.397672 -0.035884 0 0.7478 0 0 -0.350128 -0.035884 2.328461 0.351962
006 2 6 5 0 0.39803 -0.035706 0 0.7478 0 0 -0.34977 -0.035706 2.332886 0.3515878
006 2 6 5 0 0.398386 -0.035524 0 0.7478 0 0 -0.349414 -0.035524 2.337074 0.3512152
006 2 6 5 0 0.398741 -0.035338 0 0.7478 0 0 -0.349059 -0.035338 2.341549 0.3508432
006 2 6 5 0 0.399093 -0.035149 0 0.7478 0 0 -0.348707 -0.035149 2.34602 0.350474
006 2 6 5 0 0.399444 -0.034956 0 0.7478 0 0 -0.348356 -0.034956 2.35025 0.3501054
006 2 6 5 0 0.399792 -0.03476 0 0.7478 0 0 -0.348008 -0.03476 2.354393 0.3497396
006 2 6 5 0 0.400139 -0.03456 0 0.7478 0 0 -0.347661 -0.03456 2.358887 0.3493745
006 2 6 5 0 0.400483 -0.034357 0 0.7478 0 0 -0.347317 -0.034357 2.363159 0.3490122
006 2 6 5 0 0.400826 -0.034151 0 0.7478 0 0 -0.346974 -0.034151 2.367477 0.3486506
006 2 6 5 0 0.401166 -0.033941 0 0.7478 0 0 -0.346634 -0.033941 2.371658 0.3482917
006 2 6 5 0 0.401505 -0.033728 0 0.7478 0 0 -0.346295 -0.033728 2.376225 0.3479336
006 2 6 5 0 0.401841 -0.033511 0 0.7478 0 0 -0.345959 -0.033511 2.380531 0.3475782
006 2 6 5 0 0.402175 -0.033291 0 0.7478 0 0 -0.345625 -0.033291 2.384926 0.3472246
006 2 6 5 0 0.402507 -0.033067 0 0.7478 0 0 -0.345293 -0.033067 2.38945 0.3468727
006 2 6 5 0 0.402836 -0.032841 0 0.7478 0 0 -0.344964 -0.032841 2.393848 0.3465237
006 2 6 5 0 0.403164 -0.032611 0 0.7478 0 0 -0.344636 -0.032611 2.398121 0.3461755
006 2 6 5 0 0.403489 -0.032377 0 0.7478 0 0 -0.344311 -0.032377 2.403255 0.3458299
006 2 6 5 0 0.403811 -0.032141 0 0.7478 0 0 -0.343989 -0.032141 2.408104 0.3454873
006 2 6 5 0 0.404131 -0.031901 0 0.7478 0 0 -0.343669 -0.031901 2.412369 0.3451464
006 2 6 5 0 0.404449 -0.031658 0 0.7478 0 0 -0.343351 -0.031658 2.41658 0.3448074
006 2 6 5 0 0.404764 -0.031412 0 0.7478 0 0 -0.343036 -0.031412 2.420887 0.3444712
006 2 6 5 0 0.405077 -0.031163 0 0.7478 0 0 -0.342723 -0.031163 2.425545 0.3441369
006 2 6 5 0 0.405388 -0.030911 0 0.7478 0 0 -0.342412 -0.030911 2.429787 0.3438044
006 2 6 5 0 0.405696 -0.030655 0 0.7478 0 0 -0.342104 -0.030655 2.434139 0.3434747
006 2 6 5 0 0.406001 -0.030397 0 0.7478 0 0 -0.341799 -0.030397 2.438377 0.343148
006 2 6 5 0 0.406303 -0.030135 0 0.7478 0 0 -0.341497 -0.030135 2.442879 0.342824
006 2 6 5 0 0.406604 -0.029871 0 0.7478 0 0 -0.341196 -0.029871 2.447239 0.3425011
006 2 6 5 0 0.406901 -0.029603 0 0.7478 0 0 -0.340899 -0.029603 2.451866 0.3421819
006 2 6 5 0 0.407196 -0.029333 0 0.7478 0 0 -0.340604 -0.029333 2.456104 0.3418647
006 2 6 5 0 0.407488 -0.029059 0 0.7478 0 0 -0.340312 -0.029059 2.460369 0.3415504
006 2 6 5 0 0.407777 -0.028783 0 0.7478 0 0 -0.340023 -0.028783 2.464748 0.341239
006 2 6 5 0 0.408063 -0.028504 0 0.7478 0 0 -0.339737 -0.028504 2.469204 0.3409306
006 2 6 5 0 0.408347 -0.028222 0 0.7478 0 0 -0.339453 -0.028222 2.473461 0.3406242
006 2 6 5 0 0.408628 -0.027937 0 0.7478 0 0 -0.339172 -0.027937 2.477688 0.3403206
006 2 6 5 0 0.408906 -0.027649 0 0.7478 0 0 -0.338894 -0.027649 2.481953 0.34002
006 2 6 5 0 0.409181 -0.027359 0 0.7478 0 0 -0.338619 -0.027359 2.486595 0.3397225
006 2 6 5 0 0.409453 -0.027065 0 0.7478 0 0 -0.338347 -0.027065 2.491192 0.3394277
006 2 6 5 0 0.409722 -0.02677 0 0.7478 0 0 -0.338078 -0.02677 2.495434 0.3391362
006 2 6 5 0 0.409988 -0.026471 0 0.7478 0 0 -0.337812 -0.026471 2.499615 0.3388475
006 2 6 5 0 0.410251 -0.02617 0 0.7478 0 0 -0.337549 -0.02617 2.504002 0.338562
006 2 6 5 0 0.410511 -0.025866 0 0.7478 0 0 -0.337289 -0.025866 2.508518 0.3382793
006 2 6 5 0 0.410769 -0.02556 0 0.7478 0 0 -0.337031 -0.02556 2.513439 0.3379988
006 2 6 5 0 0.411023 -0.025251 0 0.7478 0 0 -0.336777 -0.025251 2.517681 0.3377223
006 2 6 5 0 0.411274 -0.024939 0 0.7478 0 0 -0.336526 -0.024939 2.521965 0.3374488
006 2 6 5 0 0.411521 -0.024625 0 0.7478 0 0 -0.336279 -0.024625 2.526661 0.3371794
006 2 6 5 0 0.411766 -0.024309 0 0.7478 0 0 -0.336034 -0.024309 2.530872 0.3369121
006 2 6 5 0 0.412008 -0.02399 0 0.7478 0 0 -0.335792 -0.02399 2.535069 0.3366478
006 2 6 5 0 0.412246 -0.023669 0 0.7478 0 0 -0.335554 -0.023669 2.539356 0.3363877
006 2 6 5 0 0.412481 -0.023345 0 0.7478 0 0 -0.335319 -0.023345 2.543667 0.3361306
006 2 6 5 0 0.412713 -0.023019 0 0.7478 0 0 -0.335087 -0.023019 2.54797 0.3358767
006 2 6 5 0 0.412941 -0.022691 0 0.7478 0 0 -0.334859 -0.022691 2.552238 0.3356269
006 2 6 5 0 0.413167 -0.02236 0 0.7478 0 0 -0.334633 -0.02236 2.55653 0.3353792
006 2 6 5 0 0.413389 -0.022027 0 0.7478 0 0 -0.334411 -0.022027 2.561035 0.3351356
006 2 6 5 0 0.413607 -0.021692 0 0.7478 0 0 -0.334193 -0.021692 2.565693 0.3348962
006 2 6 5 0 0.413822 -0.021355 0 0.7478 0 0 -0.333978 -0.021355 2.570004 0.33466
006 2 6 5 0 0.414034 -0.021016 0 0.7478 0 0 -0.333766 -0.021016 2.575191 0.334427
006 2 6 5 0 0.414243 -0.020675 0 0.7478 0 0 -0.333557 -0.020675 2.57943 0.3341971
006 2 6 5 0 0.414448 -0.020331 0 0.7478 0 0 -0.333352 -0.020331 2.583858 0.3339714
006 2 6 5 0 0.414649 -0.019986 0 0.7478 0 0 -0.333151 -0.019986 2.588276 0.3337499
006 2 6 5 0 0.414847 -0.019638 0 0.7478 0 0 -0.332953 -0.019638 2.592915 0.3335316
006 2 6 5 0 0.415042 -0.019289 0 0.7478 0 0 -0.332758 -0.019289 2.597404 0.3333166
006 2 6 5 0 0.415233 -0.018937 0 0.7478 0 0 -0.332567 -0.018937 2.601704 0.3331057
006 2 6 5 0 0.415421 -0.018584 0 0.7478 0 0 -0.332379 -0.018584 2.60614 0.3328981
006 2 6 5 0 0.415605 -0.018229 0 0.7478 0 0 -0.332195 -0.018229 2.610413 0.3326948
006 2 6 5 0 0.415785 -0.017872 0 0.7478 0 0 -0.332015 -0.017872 2.614861 0.3324957
006 2 6 5 0 0.415962 -0.017513 0 0.7478 0 0 -0.331838 -0.017513 2.619789 0.3322998
006 2 6 5 0 0.416136 -0.017153 0 0.7478 0 0 -0.331664 -0.017153 2.624195 0.3321072
006 2 6 5 0 0.416305 -0.016791 0 0.7478 0 0 -0.331495 -0.016791 2.628433 0.33192
006 2 6 5 0 0.416471 -0.016427 0 0.7478 0 0 -0.331329 -0.016427 2.632683 0.3317359
006 2 6 5 0 0.416634 -0.016061 0 0.7478 0 0 -0.331166 -0.016061 2.637074 0.3315552
006 2 6 5 0 0.416793 -0.015694 0 0.7478 0 0 -0.331007 -0.015694 2.641476 0.3313788
006 2 6 5 0 0.416948 -0.015325 0 0.7478 0 0 -0.330852 -0.015325 2.645908 0.3312067
006 2 6 5 0 0.417099 -0.014955 0 0.7478 0 0 -0.330701 -0.014955 2.650051 0.331039
006 2 6 5 0 0.417247 -0.014583 0 0.7478 0 0 -0.330553 -0.014583 2.65424 0.3308745
006 2 6 5 0 0.417391 -0.01421 0 0.7478 0 0 -0.330409 -0.01421 2.658653 0.3307144
006 2 6 5 0 0.417531 -0.013836 0 0.7478 0 0 -0.330269 -0.013836 2.662891 0.3305587
006 2 6 5 0 0.417668 -0.01346 0 0.7478 0 0 -0.330132 -0.01346 2.667328 0.3304062
006 2 6 5 0 0.4178 -0.013082 0 0.7478 0 0 -0.33 -0.013082 2.671631 0.3302592
006 2 6 5 0 0.417929 -0.012704 0 0.7478 0 0 -0.329871 -0.012704 2.676003 0.3301155
006 2 6 5 0 0.418054 -0.012324 0 0.7478 0 0 -0.329746 -0.012324 2.680195 0.3299762
006 2 6 5 0 0.418176 -0.011942 0 0.7478 0 0 -0.329624 -0.011942 2.684792 0.3298402
006 2 6 5 0 0.418293 -0.01156 0 0.7478 0 0 -0.329507 -0.01156 2.689526 0.3297097
006 2 6 5 0 0.418407 -0.011177 0 0.7478 0 0 -0.329393 -0.011177 2.694096 0.3295826
006 2 6 5 0 0.418517 -0.010792 0 0.7478 0 0 -0.329283 -0.010792 2.698273 0.3294598
006 2 6 5 0 0.418623 -0.010406 0 0.7478 0 0 -0.329177 -0.010406 2.702477 0.3293414
006 2 6 5 0 0.418725 -0.01002 0 0.7478 0 0 -0.329075 -0.01002 2.707016 0.3292275
006 2 6 5 0 0.418823 -0.009632 0 0.7478 0 0 -0.328977 -0.009632 2.711296 0.329118
006 2 6 5 0 0.418917 -0.009243 0 0.7478 0 0 -0.328883 -0.009243 2.715801 0.3290128
006 2 6 5 0 0.419008 -0.008853 0 0.7478 0 0 -0.328792 -0.008853 2.720001 0.3289112
006 2 6 5 0 0.419094 -0.008463 0 0.7478 0 0 -0.328706 -0.008463 2.724438 0.3288149
006 2 6 5 0 0.419177 -0.008072 0 0.7478 0 0 -0.328623 -0.008072 2.728748 0.3287221
006 2 6 5 0 0.419256 -0.007679 0 0.7478 0 0 -0.328544 -0.007679 2.733059 0.3286337
006 2 6 5 0 0.419331 -0.007287 0 0.7478 0 0 -0.328469 -0.007287 2.737358 0.3285498
006 2 6 5 0 0.419402 -0.006893 0 0.7478 0 0 -0.328398 -0.006893 2.741959 0.3284703
006 2 6 5 0 0.419469 -0.006498 0 0.7478 0 0 -0.328331 -0.006498 2.746696 0.3283953
006 2 6 5 0 0.419532 -0.006103 0 0.7478 0 0 -0.328268 -0.006103 2.751457 0.3283247
006 2 6 5 0 0.419591 -0.005708 0 0.7478 0 0 -0.328209 -0.005708 2.755608 0.3282586
006 2 6 5 0 0.419646 -0.005312 0 0.7478 0 0 -0.328154 -0.005312 2.760082 0.328197
006 2 6 5 0 0.419697 -0.004915 0 0.7478 0 0 -0.328103 -0.004915 2.764473 0.3281398
006 2 6 5 0 0.419744 -0.004518 0 0.7478 0 0 -0.328056 -0.004518 2.768688 0.3280871
006 2 6 5 0 0.419787 -0.00412 0 0.7478 0 0 -0.328013 -0.00412 2.772964 0.3280388
006 2 6 5 0 0.419826 -0.003722 0 0.7478 0 0 -0.327974 -0.003722 2.777294 0.3279951
006 2 6 5 0 0.419862 -0.003324 0 0.7478 0 0 -0.327938 -0.003324 2.781582 0.3279548
006 2 6 5 0 0.419893 -0.002925 0 0.7478 0 0 -0.327907 -0.002925 2.786072 0.32792
006 2 6 5 0 0.41992 -0.002526 0 0.7478 0 0 -0.32788 -0.002526 2.790493 0.3278897
006 2 6 5 0 0.419943 -0.002126 0 0.7478 0 0 -0.327857 -0.002126 2.794769 0.3278639
006 2 6 5 0 0.419963 -0.001727 0 0.7478 0 0 -0.327837 -0.001727 2.798946 0.3278415
006 2 6 5 0 0.419978 -0.001327 0 0.7478 0 0 -0.327822 -0.001327 2.803192 0.3278247
006 2 6 5 0 0.419989 -0.000927 0 0.7478 0 0 -0.327811 -0.000927 2.808422 0.3278123
006 2 6 5 0 0.419997 -0.000527 0 0.7478 0 0 -0.327803 -0.000527 2.812752 0.3278034
006 2 6 5 0 0.42 -0.000127 0 0.7478 0 0 -0.3278 -0.000127 2.817009 0.3278
006 2 6 5 0 0.42 0 0 0.7478 0 0 -0.3278 0 2.821491 0.3278
