006 2 1 3 0 0.4 0.02 0 0.7478 0 0 -0.3478 0.02 0 0.3483745
006 2 1 3 0.0002 0.4 0.019999 0 0.7478 0 0.0002 -0.3478 0.019999 0.005290031 0.3483745
006 2 1 3 0.0004 0.4 0.019996 0 0.7478 0 0.0004 -0.3478 0.019996 0.009815216 0.3483745
006 2 1 3 0.0006 0.4 0.019991 0 0.7478 0 0.0006 -0.3478 0.019991 0.01487637 0.3483745
006 2 1 3 0.0008 0.4 0.019984 0 0.7478 0 0.0008 -0.3478 0.019984 0.01997852 0.3483745
006 2 1 3 0.001 0.4 0.019975 0 0.7478 0 0.001 -0.3478 0.019975 0.02523851 0.3483745
006 2 1 3 0.001199 0.4 0.019964 0 0.7478 0 0.001199 -0.3478 0.019964 0.0294261 0.3483745
006 2 1 3 0.001399 0.4 0.019951 0 0.7478 0 0.001399 -0.3478 0.019951 0.03364897 0.3483745
006 2 1 3 0.001598 0.4 0.019936 0 0.7478 0 0.001598 -0.3478 0.019936 0.03777599 0.3483745
006 2 1 3 0.001798 0.4 0.019919 0 0.7478 0 0.001798 -0.3478 0.019919 0.04195881 0.3483745
006 2 1 3 0.001997 0.4 0.0199 0 0.7478 0 0.001997 -0.3478 0.0199 0.0463748 0.3483745
006 2 1 3 0.002196 0.4 0.019879 0 0.7478 0 0.002196 -0.3478 0.019879 0.05066347 0.3483745
006 2 1 3 0.002394 0.4 0.019856 0 0.7478 0 0.002394 -0.3478 0.019856 0.05490017 0.3483745
006 2 1 3 0.002593 0.4 0.019831 0 0.7478 0 0.002593 -0.3478 0.019831 0.05906582 0.3483745
006 2 1 3 0.002791 0.4 0.019804 0 0.7478 0 0.002791 -0.3478 0.019804 0.06348181 0.3483745
006 2 1 3 0.002989 0.4 0.019775 0 0.7478 0 0.002989 -0.3478 0.019775 0.06786537 0.3483745
006 2 1 3 0.003186 0.4 0.019745 0 0.7478 0 0.003186 -0.3478 0.019745 0.07204199 0.3483746
006 2 1 3 0.003384 0.4 0.019712 0 0.7478 0 0.003384 -0.3478 0.019712 0.07617855 0.3483746
006 2 1 3 0.003581 0.4 0.019677 0 0.7478 0 0.003581 -0.3478 0.019677 0.0803299 0.3483746
006 2 1 3 0.003777 0.4 0.01964 0 0.7478 0 0.003777 -0.3478 0.01964 0.08509111 0.3483745
006 2 1 3 0.003973 0.4 0.019601 0 0.7478 0 0.003973 -0.3478 0.019601 0.08920097 0.3483745
006 2 1 3 0.004169 0.4 0.019561 0 0.7478 0 0.004169 -0.3478 0.019561 0.09332085 0.3483746
006 2 1 3 0.004365 0.4 0.019518 0 0.7478 0 0.004365 -0.3478 0.019518 0.09756136 0.3483746
006 2 1 3 0.00456 0.4 0.019473 0 0.7478 0 0.00456 -0.3478 0.019473 0.1021686 0.3483745
006 2 1 3 0.004754 0.4 0.019427 0 0.7478 0 0.004754 -0.3478 0.019427 0.1064925 0.3483746
006 2 1 3 0.004948 0.4 0.019378 0 0.7478 0 0.004948 -0.3478 0.019378 0.1107483 0.3483745
006 2 1 3 0.005142 0.4 0.019328 0 0.7478 0 0.005142 -0.3478 0.019328 0.1150751 0.3483746
006 2 1 3 0.005335 0.4 0.019275 0 0.7478 0 0.005335 -0.3478 0.019275 0.1193395 0.3483745
006 2 1 3 0.005527 0.4 0.019221 0 0.7478 0 0.005527 -0.3478 0.019221 0.1237097 0.3483745
006 2 1 3 0.005719 0.4 0.019165 0 0.7478 0 0.005719 -0.3478 0.019165 0.1278272 0.3483745
006 2 1 3 0.00591 0.4 0.019107 0 0.7478 0 0.00591 -0.3478 0.019107 0.132174 0.3483746
006 2 1 3 0.006101 0.4 0.019047 0 0.7478 0 0.006101 -0.3478 0.019047 0.1364245 0.3483746
006 2 1 3 0.006291 0.4 0.018985 0 0.7478 0 0.006291 -0.3478 0.018985 0.1407104 0.3483746
006 2 1 3 0.006481 0.4 0.018921 0 0.7478 0 0.006481 -0.3478 0.018921 0.1449828 0.3483746
006 2 1 3 0.00667 0.4 0.018855 0 0.7478 0 0.00667 -0.3478 0.018855 0.14924 0.3483745
006 2 1 3 0.006858 0.4 0.018787 0 0.7478 0 0.006858 -0.3478 0.018787 0.1541548 0.3483745
006 2 1 3 0.007045 0.4 0.018718 0 0.7478 0 0.007045 -0.3478 0.018718 0.1583781 0.3483745
006 2 1 3 0.007232 0.4 0.018647 0 0.7478 0 0.007232 -0.3478 0.018647 0.1628008 0.3483746
006 2 1 3 0.007418 0.4 0.018573 0 0.7478 0 0.007418 -0.3478 0.018573 0.1671376 0.3483745
006 2 1 3 0.007604 0.4 0.018498 0 0.7478 0 0.007604 -0.3478 0.018498 0.1716027 0.3483745
006 2 1 3 0.007788 0.4 0.018421 0 0.7478 0 0.007788 -0.3478 0.018421 0.1757855 0.3483745
006 2 1 3 0.007972 0.4 0.018342 0 0.7478 0 0.007972 -0.3478 0.018342 0.1804738 0.3483745
006 2 1 3 0.008155 0.4 0.018262 0 0.7478 0 0.008155 -0.3478 0.018262 0.18607 0.3483745
006 2 1 3 0.008337 0.4 0.018179 0 0.7478 0 0.008337 -0.3478 0.018179 0.1912441 0.3483745
006 2 1 3 0.008519 0.4 0.018095 0 0.7478 0 0.008519 -0.3478 0.018095 0.1962414 0.3483745
006 2 1 3 0.008699 0.4 0.018009 0 0.7478 0 0.008699 -0.3478 0.018009 0.2005477 0.3483745
006 2 1 3 0.008879 0.4 0.017921 0 0.7478 0 0.008879 -0.3478 0.017921 0.2049832 0.3483745
006 2 1 3 0.009058 0.4 0.017831 0 0.7478 0 0.009058 -0.3478 0.017831 0.2092972 0.3483745
006 2 1 3 0.009236 0.4 0.01774 0 0.7478 0 0.009236 -0.3478 0.01774 0.2134986 0.3483746
006 2 1 3 0.009413 0.4 0.017647 0 0.7478 0 0.009413 -0.3478 0.017647 0.2179089 0.3483746
006 2 1 3 0.009589 0.4 0.017552 0 0.7478 0 0.009589 -0.3478 0.017552 0.222055 0.3483746
006 2 1 3 0.009764 0.4 0.017455 0 0.7478 0 0.009764 -0.3478 0.017455 0.2263365 0.3483746
006 2 1 3 0.009938 0.4 0.017356 0 0.7478 0 0.009938 -0.3478 0.017356 0.230576 0.3483745
006 2 1 3 0.010111 0.4 0.017256 0 0.7478 0 0.010111 -0.3478 0.017256 0.2350392 0.3483745
006 2 1 3 0.010283 0.4 0.017154 0 0.7478 0 0.010283 -0.3478 0.017154 0.239192 0.3483745
006 2 1 3 0.010454 0.4 0.01705 0 0.7478 0 0.010454 -0.3478 0.01705 0.2436943 0.3483745
006 2 1 3 0.010624 0.4 0.016945 0 0.7478 0 0.010624 -0.3478 0.016945 0.2482562 0.3483745
006 2 1 3 0.010793 0.4 0.016838 0 0.7478 0 0.010793 -0.3478 0.016838 0.2526112 0.3483746
006 2 1 3 0.01096 0.4 0.016729 0 0.7478 0 0.01096 -0.3478 0.016729 0.2568378 0.3483745
006 2 1 3 0.011127 0.4 0.016619 0 0.7478 0 0.011127 -0.3478 0.016619 0.2620096 0.3483745
006 2 1 3 0.011293 0.4 0.016507 0 0.7478 0 0.011293 -0.3478 0.016507 0.2664666 0.3483746
006 2 1 3 0.011457 0.4 0.016393 0 0.7478 0 0.011457 -0.3478 0.016393 0.270844 0.3483745
006 2 1 3 0.011621 0.4 0.016278 0 0.7478 0 0.011621 -0.3478 0.016278 0.2750535 0.3483746
006 2 1 3 0.011783 0.4 0.016161 0 0.7478 0 0.011783 -0.3478 0.016161 0.2792158 0.3483746
006 2 1 3 0.011944 0.4 0.016042 0 0.7478 0 0.011944 -0.3478 0.016042 0.2837172 0.3483745
006 2 1 3 0.012104 0.4 0.015922 0 0.7478 0 0.012104 -0.3478 0.015922 0.2878399 0.3483746
006 2 1 3 0.012262 0.4 0.0158 0 0.7478 0 0.012262 -0.3478 0.0158 0.2919736 0.3483745
006 2 1 3 0.01242 0.4 0.015676 0 0.7478 0 0.01242 -0.3478 0.015676 0.2961283 0.3483745
006 2 1 3 0.012576 0.4 0.015551 0 0.7478 0 0.012576 -0.3478 0.015551 0.3005023 0.3483745
006 2 1 3 0.012731 0.4 0.015425 0 0.7478 0 0.012731 -0.3478 0.015425 0.3048453 0.3483746
006 2 1 3 0.012884 0.4 0.015297 0 0.7478 0 0.012884 -0.3478 0.015297 0.3090196 0.3483745
006 2 1 3 0.013037 0.4 0.015167 0 0.7478 0 0.013037 -0.3478 0.015167 0.3136268 0.3483745
006 2 1 3 0.013188 0.4 0.015036 0 0.7478 0 0.013188 -0.3478 0.015036 0.3179893 0.3483745
006 2 1 3 0.013337 0.4 0.014903 0 0.7478 0 0.013337 -0.3478 0.014903 0.3222423 0.3483745
006 2 1 3 0.013486 0.4 0.014769 0 0.7478 0 0.013486 -0.3478 0.014769 0.3265023 0.3483745
006 2 1 3 0.013633 0.4 0.014634 0 0.7478 0 0.013633 -0.3478 0.014634 0.3308363 0.3483746
006 2 1 3 0.013778 0.4 0.014497 0 0.7478 0 0.013778 -0.3478 0.014497 0.3351803 0.3483745
006 2 1 3 0.013923 0.4 0.014358 0 0.7478 0 0.013923 -0.3478 0.014358 0.3393073 0.3483745
006 2 1 3 0.014066 0.4 0.014218 0 0.7478 0 0.014066 -0.3478 0.014218 0.3436747 0.3483745
006 2 1 3 0.014207 0.4 0.014077 0 0.7478 0 0.014207 -0.3478 0.014077 0.347847 0.3483745
006 2 1 3 0.014347 0.4 0.013934 0 0.7478 0 0.014347 -0.3478 0.013934 0.3522658 0.3483745
006 2 1 3 0.014486 0.4 0.01379 0 0.7478 0 0.014486 -0.3478 0.01379 0.3564672 0.3483746
006 2 1 3 0.014623 0.4 0.013644 0 0.7478 0 0.014623 -0.3478 0.013644 0.3607173 0.3483745
006 2 1 3 0.014759 0.4 0.013498 0 0.7478 0 0.014759 -0.3478 0.013498 0.3650551 0.3483746
006 2 1 3 0.014893 0.4 0.013349 0 0.7478 0 0.014893 -0.3478 0.013349 0.3693452 0.3483745
006 2 1 3 0.015026 0.4 0.0132 0 0.7478 0 0.015026 -0.3478 0.0132 0.3737435 0.3483746
006 2 1 3 0.015157 0.4 0.013049 0 0.7478 0 0.015157 -0.3478 0.013049 0.3778605 0.3483746
006 2 1 3 0.015287 0.4 0.012897 0 0.7478 0 0.015287 -0.3478 0.012897 0.3822279 0.3483746
006 2 1 3 0.015415 0.4 0.012743 0 0.7478 0 0.015415 -0.3478 0.012743 0.3866796 0.3483746
006 2 1 3 0.015541 0.4 0.012588 0 0.7478 0 0.015541 -0.3478 0.012588 0.3908987 0.3483745
006 2 1 3 0.015667 0.4 0.012432 0 0.7478 0 0.015667 -0.3478 0.012432 0.3951616 0.3483746
006 2 1 3 0.01579 0.4 0.012275 0 0.7478 0 0.01579 -0.3478 0.012275 0.3993721 0.3483745
006 2 1 3 0.015912 0.4 0.012116 0 0.7478 0 0.015912 -0.3478 0.012116 0.4037662 0.3483745
006 2 1 3 0.016032 0.4 0.011957 0 0.7478 0 0.016032 -0.3478 0.011957 0.4080505 0.3483745
006 2 1 3 0.016151 0.4 0.011796 0 0.7478 0 0.016151 -0.3478 0.011796 0.4123392 0.3483745
006 2 1 3 0.016268 0.4 0.011634 0 0.7478 0 0.016268 -0.3478 0.011634 0.4166088 0.3483745
006 2 1 3 0.016384 0.4 0.01147 0 0.7478 0 0.016384 -0.3478 0.01147 0.4207854 0.3483745
006 2 1 3 0.016498 0.4 0.011306 0 0.7478 0 0.016498 -0.3478 0.011306 0.4254045 0.3483746
006 2 1 3 0.01661 0.4 0.01114 0 0.7478 0 0.01661 -0.3478 0.01114 0.4296465 0.3483745
006 2 1 3 0.016721 0.4 0.010974 0 0.7478 0 0.016721 -0.3478 0.010974 0.4339385 0.3483746
006 2 1 3 0.016829 0.4 0.010806 0 0.7478 0 0.016829 -0.3478 0.010806 0.4380784 0.3483745
006 2 1 3 0.016937 0.4 0.010637 0 0.7478 0 0.016937 -0.3478 0.010637 0.4422207 0.3483746
006 2 1 3 0.017042 0.4 0.010467 0 0.7478 0 0.017042 -0.3478 0.010467 0.4465132 0.3483745
006 2 1 3 0.017146 0.4 0.010296 0 0.7478 0 0.017146 -0.3478 0.010296 0.4507847 0.3483745
006 2 1 3 0.017248 0.4 0.010124 0 0.7478 0 0.017248 -0.3478 0.010124 0.4549279 0.3483745
006 2 1 3 0.017348 0.4 0.009951 0 0.7478 0 0.017348 -0.3478 0.009951 0.4589963 0.3483745
006 2 1 3 0.017447 0.4 0.009777 0 0.7478 0 0.017447 -0.3478 0.009777 0.4633479 0.3483745
006 2 1 3 0.017544 0.4 0.009602 0 0.7478 0 0.017544 -0.3478 0.009602 0.4677587 0.3483745
006 2 1 3 0.017639 0.4 0.009427 0 0.7478 0 0.017639 -0.3478 0.009427 0.4718971 0.3483745
006 2 1 3 0.017733 0.4 0.00925 0 0.7478 0 0.017733 -0.3478 0.00925 0.475966 0.3483746
006 2 1 3 0.017824 0.4 0.009072 0 0.7478 0 0.017824 -0.3478 0.009072 0.4801016 0.3483745
006 2 1 3 0.017914 0.4 0.008893 0 0.7478 0 0.017914 -0.3478 0.008893 0.4847302 0.3483745
006 2 1 3 0.018002 0.4 0.008714 0 0.7478 0 0.018002 -0.3478 0.008714 0.4889097 0.3483746
006 2 1 3 0.018088 0.4 0.008533 0 0.7478 0 0.018088 -0.3478 0.008533 0.4930797 0.3483745
006 2 1 3 0.018173 0.4 0.008352 0 0.7478 0 0.018173 -0.3478 0.008352 0.4972219 0.3483746
006 2 1 3 0.018255 0.4 0.00817 0 0.7478 0 0.018255 -0.3478 0.00817 0.5019541 0.3483745
006 2 1 3 0.018336 0.4 0.007987 0 0.7478 0 0.018336 -0.3478 0.007987 0.5062475 0.3483745
006 2 1 3 0.018415 0.4 0.007803 0 0.7478 0 0.018415 -0.3478 0.007803 0.5105672 0.3483745
006 2 1 3 0.018492 0.4 0.007618 0 0.7478 0 0.018492 -0.3478 0.007618 0.5147457 0.3483745
006 2 1 3 0.018567 0.4 0.007433 0 0.7478 0 0.018567 -0.3478 0.007433 0.5192361 0.3483745
006 2 1 3 0.018641 0.4 0.007247 0 0.7478 0 0.018641 -0.3478 0.007247 0.5235415 0.3483746
006 2 1 3 0.018712 0.4 0.00706 0 0.7478 0 0.018712 -0.3478 0.00706 0.527657 0.3483745
006 2 1 3 0.018782 0.4 0.006873 0 0.7478 0 0.018782 -0.3478 0.006873 0.5319967 0.3483745
006 2 1 3 0.01885 0.4 0.006685 0 0.7478 0 0.01885 -0.3478 0.006685 0.5362978 0.3483746
006 2 1 3 0.018916 0.4 0.006496 0 0.7478 0 0.018916 -0.3478 0.006496 0.5405717 0.3483746
006 2 1 3 0.01898 0.4 0.006306 0 0.7478 0 0.01898 -0.3478 0.006306 0.545279 0.3483746
006 2 1 3 0.019042 0.4 0.006116 0 0.7478 0 0.019042 -0.3478 0.006116 0.5510778 0.3483745
006 2 1 3 0.019102 0.4 0.005926 0 0.7478 0 0.019102 -0.3478 0.005926 0.5571423 0.3483745
006 2 1 3 0.01916 0.4 0.005734 0 0.7478 0 0.01916 -0.3478 0.005734 0.5632892 0.3483745
006 2 1 3 0.019217 0.4 0.005542 0 0.7478 0 0.019217 -0.3478 0.005542 0.568439 0.3483746
006 2 1 3 0.019271 0.4 0.00535 0 0.7478 0 0.019271 -0.3478 0.00535 0.5726042 0.3483745
006 2 1 3 0.019324 0.4 0.005157 0 0.7478 0 0.019324 -0.3478 0.005157 0.5769439 0.3483746
006 2 1 3 0.019374 0.4 0.004964 0 0.7478 0 0.019374 -0.3478 0.004964 0.5810962 0.3483745
006 2 1 3 0.019423 0.4 0.00477 0 0.7478 0 0.019423 -0.3478 0.00477 0.5855331 0.3483746
006 2 1 3 0.01947 0.4 0.004575 0 0.7478 0 0.01947 -0.3478 0.004575 0.5896525 0.3483746
006 2 1 3 0.019514 0.4 0.00438 0 0.7478 0 0.019514 -0.3478 0.00438 0.593833 0.3483745
006 2 1 3 0.019557 0.4 0.004185 0 0.7478 0 0.019557 -0.3478 0.004185 0.5979915 0.3483745
006 2 1 3 0.019598 0.4 0.003989 0 0.7478 0 0.019598 -0.3478 0.003989 0.6025362 0.3483745
006 2 1 3 0.019637 0.4 0.003793 0 0.7478 0 0.019637 -0.3478 0.003793 0.6068883 0.3483745
006 2 1 3 0.019674 0.4 0.003596 0 0.7478 0 0.019674 -0.3478 0.003596 0.6113887 0.3483745
006 2 1 3 0.019709 0.4 0.003399 0 0.7478 0 0.019709 -0.3478 0.003399 0.6158953 0.3483745
006 2 1 3 0.019742 0.4 0.003202 0 0.7478 0 0.019742 -0.3478 0.003202 0.6202507 0.3483745
006 2 1 3 0.019773 0.4 0.003005 0 0.7478 0 0.019773 -0.3478 0.003005 0.6245589 0.3483745
006 2 1 3 0.019802 0.4 0.002807 0 0.7478 0 0.019802 -0.3478 0.002807 0.6286621 0.3483745
006 2 1 3 0.019829 0.4 0.002608 0 0.7478 0 0.019829 -0.3478 0.002608 0.6328869 0.3483745
006 2 1 3 0.019854 0.4 0.00241 0 0.7478 0 0.019854 -0.3478 0.00241 0.6372442 0.3483745
006 2 1 3 0.019877 0.4 0.002211 0 0.7478 0 0.019877 -0.3478 0.002211 0.6413403 0.3483745
006 2 1 3 0.019898 0.4 0.002013 0 0.7478 0 0.019898 -0.3478 0.002013 0.6456203 0.3483745
006 2 1 3 0.019918 0.4 0.001813 0 0.7478 0 0.019918 -0.3478 0.001813 0.6499119 0.3483746
006 2 1 3 0.019935 0.4 0.001614 0 0.7478 0 0.019935 -0.3478 0.001614 0.6541748 0.3483746
006 2 1 3 0.01995 0.4 0.001415 0 0.7478 0 0.01995 -0.3478 0.001415 0.6583514 0.3483745
006 2 1 3 0.019963 0.4 0.001215 0 0.7478 0 0.019963 -0.3478 0.001215 0.6627698 0.3483745
006 2 1 3 0.019974 0.4 0.001015 0 0.7478 0 0.019974 -0.3478 0.001015 0.6670237 0.3483745
006 2 1 3 0.019983 0.4 0.000816 0 0.7478 0 0.019983 -0.3478 0.000816 0.6712866 0.3483745
006 2 1 3 0.019991 0.4 0.000616 0 0.7478 0 0.019991 -0.3478 0.000616 0.6753883 0.3483746
006 2 1 3 0.019996 0.4 0.000416 0 0.7478 0 0.019996 -0.3478 0.000416 0.6796832 0.3483746
006 2 1 3 0.019999 0.4 0.000216 0 0.7478 0 0.019999 -0.3478 0.000216 0.6846642 0.3483746
006 2 1 3 0.02 0.4 1.6E-05 0 0.7478 0 0.02 -0.3478 1.6E-05 0.6889572 0.3483745
006 2 1 3 0.019999 0.4 -0.000184 0 0.7478 0 0.019999 -0.3478 -0.000184 0.6934319 0.3483745
006 2 1 3 0.019996 0.4 -0.000384 0 0.7478 0 0.019996 -0.3478 -0.000384 0.6976423 0.3483745
006 2 1 3 0.019991 0.4 -0.000584 0 0.7478 0 0.019991 -0.3478 -0.000584 0.701993 0.3483745
006 2 1 3 0.019985 0.4 -0.000784 0 0.7478 0 0.019985 -0.3478 -0.000784 0.7062883 0.3483746
006 2 1 3 0.019976 0.4 -0.000984 0 0.7478 0 0.019976 -0.3478 -0.000984 0.7104597 0.3483746
006 2 1 3 0.019965 0.4 -0.001183 0 0.7478 0 0.019965 -0.3478 -0.001183 0.714839 0.3483745
006 2 1 3 0.019952 0.4 -0.001383 0 0.7478 0 0.019952 -0.3478 -0.001383 0.7192273 0.3483745
006 2 1 3 0.019937 0.4 -0.001582 0 0.7478 0 0.019937 -0.3478 -0.001582 0.7236209 0.3483745
006 2 1 3 0.01992 0.4 -0.001782 0 0.7478 0 0.01992 -0.3478 -0.001782 0.7278347 0.3483745
006 2 1 3 0.019902 0.4 -0.001981 0 0.7478 0 0.019902 -0.3478 -0.001981 0.7321291 0.3483746
006 2 1 3 0.019881 0.4 -0.00218 0 0.7478 0 0.019881 -0.3478 -0.00218 0.7363501 0.3483746
006 2 1 3 0.019858 0.4 -0.002378 0 0.7478 0 0.019858 -0.3478 -0.002378 0.7405119 0.3483745
006 2 1 3 0.019833 0.4 -0.002577 0 0.7478 0 0.019833 -0.3478 -0.002577 0.7448077 0.3483745
006 2 1 3 0.019807 0.4 -0.002775 0 0.7478 0 0.019807 -0.3478 -0.002775 0.7490005 0.3483746
006 2 1 3 0.019778 0.4 -0.002973 0 0.7478 0 0.019778 -0.3478 -0.002973 0.7532082 0.3483746
006 2 1 3 0.019747 0.4 -0.003171 0 0.7478 0 0.019747 -0.3478 -0.003171 0.7573881 0.3483745
006 2 1 3 0.019714 0.4 -0.003368 0 0.7478 0 0.019714 -0.3478 -0.003368 0.7618446 0.3483745
006 2 1 3 0.01968 0.4 -0.003565 0 0.7478 0 0.01968 -0.3478 -0.003565 0.7662058 0.3483746
006 2 1 3 0.019643 0.4 -0.003762 0 0.7478 0 0.019643 -0.3478 -0.003762 0.7705331 0.3483745
006 2 1 3 0.019604 0.4 -0.003958 0 0.7478 0 0.019604 -0.3478 -0.003958 0.774684 0.3483745
006 2 1 3 0.019564 0.4 -0.004154 0 0.7478 0 0.019564 -0.3478 -0.004154 0.7787919 0.3483746
006 2 1 3 0.019521 0.4 -0.004349 0 0.7478 0 0.019521 -0.3478 -0.004349 0.7832112 0.3483745
006 2 1 3 0.019477 0.4 -0.004544 0 0.7478 0 0.019477 -0.3478 -0.004544 0.787426 0.3483745
006 2 1 3 0.019431 0.4 -0.004739 0 0.7478 0 0.019431 -0.3478 -0.004739 0.7915602 0.3483746
006 2 1 3 0.019382 0.4 -0.004933 0 0.7478 0 0.019382 -0.3478 -0.004933 0.8017893 0.3483745
006 2 1 3 0.019332 0.4 -0.005126 0 0.7478 0 0.019332 -0.3478 -0.005126 0.8068056 0.3483745
006 2 1 3 0.01928 0.4 -0.005319 0 0.7478 0 0.01928 -0.3478 -0.005319 0.8109174 0.3483746
006 2 1 3 0.019226 0.4 -0.005512 0 0.7478 0 0.019226 -0.3478 -0.005512 0.8151646 0.3483746
006 2 1 3 0.019169 0.4 -0.005704 0 0.7478 0 0.019169 -0.3478 -0.005704 0.8195758 0.3483745
006 2 1 3 0.019111 0.4 -0.005895 0 0.7478 0 0.019111 -0.3478 -0.005895 0.8239107 0.3483745
006 2 1 3 0.019052 0.4 -0.006086 0 0.7478 0 0.019052 -0.3478 -0.006086 0.828095 0.3483746
006 2 1 3 0.01899 0.4 -0.006276 0 0.7478 0 0.01899 -0.3478 -0.006276 0.8322968 0.3483746
006 2 1 3 0.018926 0.4 -0.006466 0 0.7478 0 0.018926 -0.3478 -0.006466 0.8365679 0.3483745
006 2 1 3 0.01886 0.4 -0.006655 0 0.7478 0 0.01886 -0.3478 -0.006655 0.8411131 0.3483745
006 2 1 3 0.018793 0.4 -0.006843 0 0.7478 0 0.018793 -0.3478 -0.006843 0.8454213 0.3483745
006 2 1 3 0.018724 0.4 -0.007031 0 0.7478 0 0.018724 -0.3478 -0.007031 0.8498793 0.3483746
006 2 1 3 0.018652 0.4 -0.007217 0 0.7478 0 0.018652 -0.3478 -0.007217 0.8540621 0.3483745
006 2 1 3 0.018579 0.4 -0.007404 0 0.7478 0 0.018579 -0.3478 -0.007404 0.858151 0.3483745
006 2 1 3 0.018504 0.4 -0.007589 0 0.7478 0 0.018504 -0.3478 -0.007589 0.862546 0.3483745
006 2 1 3 0.018427 0.4 -0.007774 0 0.7478 0 0.018427 -0.3478 -0.007774 0.8668222 0.3483745
006 2 1 3 0.018349 0.4 -0.007958 0 0.7478 0 0.018349 -0.3478 -0.007958 0.8710747 0.3483746
006 2 1 3 0.018268 0.4 -0.008141 0 0.7478 0 0.018268 -0.3478 -0.008141 0.8757915 0.3483745
006 2 1 3 0.018186 0.4 -0.008323 0 0.7478 0 0.018186 -0.3478 -0.008323 0.8799739 0.3483745
006 2 1 3 0.018102 0.4 -0.008504 0 0.7478 0 0.018102 -0.3478 -0.008504 0.8848457 0.3483745
006 2 1 3 0.018016 0.4 -0.008685 0 0.7478 0 0.018016 -0.3478 -0.008685 0.8889694 0.3483746
006 2 1 3 0.017928 0.4 -0.008865 0 0.7478 0 0.017928 -0.3478 -0.008865 0.8931832 0.3483745
006 2 1 3 0.017839 0.4 -0.009044 0 0.7478 0 0.017839 -0.3478 -0.009044 0.8973255 0.3483746
006 2 1 3 0.017747 0.4 -0.009221 0 0.7478 0 0.017747 -0.3478 -0.009221 0.9018188 0.3483745
006 2 1 3 0.017654 0.4 -0.009398 0 0.7478 0 0.017654 -0.3478 -0.009398 0.906117 0.3483745
006 2 1 3 0.017559 0.4 -0.009575 0 0.7478 0 0.017559 -0.3478 -0.009575 0.910265 0.3483745
006 2 1 3 0.017463 0.4 -0.00975 0 0.7478 0 0.017463 -0.3478 -0.00975 0.9144258 0.3483746
006 2 1 3 0.017364 0.4 -0.009924 0 0.7478 0 0.017364 -0.3478 -0.009924 0.918745 0.3483745
006 2 1 3 0.017264 0.4 -0.010097 0 0.7478 0 0.017264 -0.3478 -0.010097 0.9233112 0.3483745
006 2 1 3 0.017162 0.4 -0.010269 0 0.7478 0 0.017162 -0.3478 -0.010269 0.9274344 0.3483745
006 2 1 3 0.017059 0.4 -0.01044 0 0.7478 0 0.017059 -0.3478 -0.01044 0.9316435 0.3483745
006 2 1 3 0.016954 0.4 -0.01061 0 0.7478 0 0.016954 -0.3478 -0.01061 0.9359932 0.3483746
006 2 1 3 0.016847 0.4 -0.010779 0 0.7478 0 0.016847 -0.3478 -0.010779 0.9400854 0.3483746
006 2 1 3 0.016738 0.4 -0.010947 0 0.7478 0 0.016738 -0.3478 -0.010947 0.9443994 0.3483745
006 2 1 3 0.016628 0.4 -0.011114 0 0.7478 0 0.016628 -0.3478 -0.011114 0.9485931 0.3483746
006 2 1 3 0.016516 0.4 -0.01128 0 0.7478 0 0.016516 -0.3478 -0.01128 0.9529552 0.3483746
006 2 1 3 0.016402 0.4 -0.011444 0 0.7478 0 0.016402 -0.3478 -0.011444 0.95715 0.3483745
006 2 1 3 0.016287 0.4 -0.011608 0 0.7478 0 0.016287 -0.3478 -0.011608 0.9613733 0.3483746
006 2 1 3 0.01617 0.4 -0.01177 0 0.7478 0 0.01617 -0.3478 -0.01177 0.9658279 0.3483745
006 2 1 3 0.016051 0.4 -0.011931 0 0.7478 0 0.016051 -0.3478 -0.011931 0.9701614 0.3483745
006 2 1 3 0.015931 0.4 -0.012091 0 0.7478 0 0.015931 -0.3478 -0.012091 0.974412 0.3483745
006 2 1 3 0.01581 0.4 -0.01225 0 0.7478 0 0.01581 -0.3478 -0.01225 0.9785275 0.3483746
006 2 1 3 0.015686 0.4 -0.012407 0 0.7478 0 0.015686 -0.3478 -0.012407 0.9832783 0.3483745
006 2 1 3 0.015561 0.4 -0.012563 0 0.7478 0 0.015561 -0.3478 -0.012563 0.9880233 0.3483745
006 2 1 3 0.015435 0.4 -0.012718 0 0.7478 0 0.015435 -0.3478 -0.012718 0.9922433 0.3483745
006 2 1 3 0.015307 0.4 -0.012872 0 0.7478 0 0.015307 -0.3478 -0.012872 0.9965053 0.3483745
006 2 1 3 0.015178 0.4 -0.013025 0 0.7478 0 0.015178 -0.3478 -0.013025 1.001227 0.3483746
006 2 1 3 0.015047 0.4 -0.013176 0 0.7478 0 0.015047 -0.3478 -0.013176 1.00552 0.3483746
006 2 1 3 0.014914 0.4 -0.013326 0 0.7478 0 0.014914 -0.3478 -0.013326 1.009651 0.3483746
006 2 1 3 0.01478 0.4 -0.013474 0 0.7478 0 0.01478 -0.3478 -0.013474 1.013909 0.3483745
006 2 1 3 0.014645 0.4 -0.013621 0 0.7478 0 0.014645 -0.3478 -0.013621 1.018467 0.3483746
006 2 1 3 0.014508 0.4 -0.013767 0 0.7478 0 0.014508 -0.3478 -0.013767 1.02283 0.3483746
006 2 1 3 0.014369 0.4 -0.013911 0 0.7478 0 0.014369 -0.3478 -0.013911 1.027042 0.3483745
006 2 1 3 0.014229 0.4 -0.014054 0 0.7478 0 0.014229 -0.3478 -0.014054 1.031202 0.3483745
006 2 1 3 0.014088 0.4 -0.014196 0 0.7478 0 0.014088 -0.3478 -0.014196 1.035726 0.3483745
006 2 1 3 0.013946 0.4 -0.014336 0 0.7478 0 0.013946 -0.3478 -0.014336 1.03994 0.3483746
006 2 1 3 0.013801 0.4 -0.014475 0 0.7478 0 0.013801 -0.3478 -0.014475 1.044308 0.3483745
006 2 1 3 0.013656 0.4 -0.014612 0 0.7478 0 0.013656 -0.3478 -0.014612 1.048513 0.3483745
006 2 1 3 0.013509 0.4 -0.014748 0 0.7478 0 0.013509 -0.3478 -0.014748 1.05287 0.3483745
006 2 1 3 0.013361 0.4 -0.014882 0 0.7478 0 0.013361 -0.3478 -0.014882 1.057098 0.3483745
006 2 1 3 0.013212 0.4 -0.015015 0 0.7478 0 0.013212 -0.3478 -0.015015 1.061308 0.3483746
006 2 1 3 0.013061 0.4 -0.015146 0 0.7478 0 0.013061 -0.3478 -0.015146 1.065682 0.3483745
006 2 1 3 0.012909 0.4 -0.015276 0 0.7478 0 0.012909 -0.3478 -0.015276 1.069927 0.3483745
006 2 1 3 0.012755 0.4 -0.015405 0 0.7478 0 0.012755 -0.3478 -0.015405 1.074401 0.3483745
006 2 1 3 0.012601 0.4 -0.015531 0 0.7478 0 0.012601 -0.3478 -0.015531 1.078515 0.3483745
006 2 1 3 0.012445 0.4 -0.015657 0 0.7478 0 0.012445 -0.3478 -0.015657 1.083037 0.3483746
006 2 1 3 0.012287 0.4 -0.01578 0 0.7478 0 0.012287 -0.3478 -0.01578 1.087222 0.3483745
006 2 1 3 0.012129 0.4 -0.015902 0 0.7478 0 0.012129 -0.3478 -0.015902 1.091352 0.3483745
006 2 1 3 0.011969 0.4 -0.016023 0 0.7478 0 0.011969 -0.3478 -0.016023 1.095412 0.3483745
006 2 1 3 0.011809 0.4 -0.016142 0 0.7478 0 0.011809 -0.3478 -0.016142 1.099676 0.3483746
006 2 1 3 0.011647 0.4 -0.016259 0 0.7478 0 0.011647 -0.3478 -0.016259 1.104045 0.3483746
006 2 1 3 0.011483 0.4 -0.016375 0 0.7478 0 0.011483 -0.3478 -0.016375 1.108264 0.3483745
006 2 1 3 0.011319 0.4 -0.016489 0 0.7478 0 0.011319 -0.3478 -0.016489 1.112448 0.3483746
006 2 1 3 0.011154 0.4 -0.016601 0 0.7478 0 0.011154 -0.3478 -0.016601 1.116778 0.3483745
006 2 1 3 0.010987 0.4 -0.016712 0 0.7478 0 0.010987 -0.3478 -0.016712 1.120934 0.3483746
006 2 1 3 0.010819 0.4 -0.016821 0 0.7478 0 0.010819 -0.3478 -0.016821 1.125308 0.3483745
006 2 1 3 0.010651 0.4 -0.016928 0 0.7478 0 0.010651 -0.3478 -0.016928 1.129434 0.3483745
006 2 1 3 0.010481 0.4 -0.017034 0 0.7478 0 0.010481 -0.3478 -0.017034 1.133625 0.3483746
006 2 1 3 0.01031 0.4 -0.017138 0 0.7478 0 0.01031 -0.3478 -0.017138 1.137764 0.3483746
006 2 1 3 0.010138 0.4 -0.01724 0 0.7478 0 0.010138 -0.3478 -0.01724 1.14205 0.3483745
006 2 1 3 0.009965 0.4 -0.017341 0 0.7478 0 0.009965 -0.3478 -0.017341 1.146475 0.3483746
006 2 1 3 0.009791 0.4 -0.017439 0 0.7478 0 0.009791 -0.3478 -0.017439 1.152191 0.3483745
006 2 1 3 0.009616 0.4 -0.017536 0 0.7478 0 0.009616 -0.3478 -0.017536 1.156731 0.3483745
006 2 1 3 0.009441 0.4 -0.017632 0 0.7478 0 0.009441 -0.3478 -0.017632 1.160879 0.3483746
006 2 1 3 0.009264 0.4 -0.017725 0 0.7478 0 0.009264 -0.3478 -0.017725 1.16548 0.3483745
006 2 1 3 0.009086 0.4 -0.017817 0 0.7478 0 0.009086 -0.3478 -0.017817 1.169713 0.3483745
006 2 1 3 0.008907 0.4 -0.017907 0 0.7478 0 0.008907 -0.3478 -0.017907 1.174049 0.3483745
006 2 1 3 0.008728 0.4 -0.017995 0 0.7478 0 0.008728 -0.3478 -0.017995 1.178329 0.3483745
006 2 1 3 0.008548 0.4 -0.018081 0 0.7478 0 0.008548 -0.3478 -0.018081 1.18347 0.3483745
006 2 1 3 0.008366 0.4 -0.018166 0 0.7478 0 0.008366 -0.3478 -0.018166 1.18855 0.3483745
006 2 1 3 0.008184 0.4 -0.018249 0 0.7478 0 0.008184 -0.3478 -0.018249 1.192748 0.3483745
006 2 1 3 0.008001 0.4 -0.01833 0 0.7478 0 0.008001 -0.3478 -0.01833 1.196831 0.3483745
006 2 1 3 0.007818 0.4 -0.018409 0 0.7478 0 0.007818 -0.3478 -0.018409 1.201198 0.3483746
006 2 1 3 0.007633 0.4 -0.018486 0 0.7478 0 0.007633 -0.3478 -0.018486 1.205547 0.3483745
006 2 1 3 0.007448 0.4 -0.018561 0 0.7478 0 0.007448 -0.3478 -0.018561 1.209698 0.3483745
006 2 1 3 0.007262 0.4 -0.018635 0 0.7478 0 0.007262 -0.3478 -0.018635 1.21382 0.3483745
006 2 1 3 0.007075 0.4 -0.018707 0 0.7478 0 0.007075 -0.3478 -0.018707 1.218644 0.3483746
006 2 1 3 0.006888 0.4 -0.018777 0 0.7478 0 0.006888 -0.3478 -0.018777 1.222919 0.3483746
006 2 1 3 0.0067 0.4 -0.018844 0 0.7478 0 0.0067 -0.3478 -0.018844 1.22728 0.3483745
006 2 1 3 0.006511 0.4 -0.018911 0 0.7478 0 0.006511 -0.3478 -0.018911 1.231428 0.3483746
006 2 1 3 0.006322 0.4 -0.018975 0 0.7478 0 0.006322 -0.3478 -0.018975 1.235698 0.3483746
006 2 1 3 0.006131 0.4 -0.019037 0 0.7478 0 0.006131 -0.3478 -0.019037 1.239803 0.3483745
006 2 1 3 0.005941 0.4 -0.019097 0 0.7478 0 0.005941 -0.3478 -0.019097 1.244146 0.3483745
006 2 1 3 0.00575 0.4 -0.019156 0 0.7478 0 0.00575 -0.3478 -0.019156 1.248606 0.3483746
006 2 1 3 0.005558 0.4 -0.019212 0 0.7478 0 0.005558 -0.3478 -0.019212 1.252931 0.3483745
006 2 1 3 0.005365 0.4 -0.019267 0 0.7478 0 0.005365 -0.3478 -0.019267 1.257132 0.3483745
006 2 1 3 0.005172 0.4 -0.01932 0 0.7478 0 0.005172 -0.3478 -0.01932 1.262405 0.3483746
006 2 1 3 0.004979 0.4 -0.01937 0 0.7478 0 0.004979 -0.3478 -0.01937 1.267062 0.3483745
006 2 1 3 0.004785 0.4 -0.019419 0 0.7478 0 0.004785 -0.3478 -0.019419 1.271343 0.3483745
006 2 1 3 0.004591 0.4 -0.019466 0 0.7478 0 0.004591 -0.3478 -0.019466 1.275497 0.3483745
006 2 1 3 0.004396 0.4 -0.019511 0 0.7478 0 0.004396 -0.3478 -0.019511 1.27971 0.3483745
006 2 1 3 0.0042 0.4 -0.019554 0 0.7478 0 0.0042 -0.3478 -0.019554 1.284175 0.3483745
006 2 1 3 0.004005 0.4 -0.019595 0 0.7478 0 0.004005 -0.3478 -0.019595 1.288273 0.3483745
006 2 1 3 0.003808 0.4 -0.019634 0 0.7478 0 0.003808 -0.3478 -0.019634 1.292469 0.3483745
006 2 1 3 0.003612 0.4 -0.019671 0 0.7478 0 0.003612 -0.3478 -0.019671 1.296633 0.3483745
006 2 1 3 0.003415 0.4 -0.019706 0 0.7478 0 0.003415 -0.3478 -0.019706 1.301266 0.3483745
006 2 1 3 0.003218 0.4 -0.019739 0 0.7478 0 0.003218 -0.3478 -0.019739 1.305655 0.3483745
006 2 1 3 0.00302 0.4 -0.019771 0 0.7478 0 0.00302 -0.3478 -0.019771 1.309817 0.3483746
006 2 1 3 0.002822 0.4 -0.0198 0 0.7478 0 0.002822 -0.3478 -0.0198 1.314144 0.3483745
006 2 1 3 0.002624 0.4 -0.019827 0 0.7478 0 0.002624 -0.3478 -0.019827 1.318793 0.3483745
006 2 1 3 0.002426 0.4 -0.019852 0 0.7478 0 0.002426 -0.3478 -0.019852 1.323212 0.3483745
006 2 1 3 0.002227 0.4 -0.019876 0 0.7478 0 0.002227 -0.3478 -0.019876 1.327355 0.3483746
006 2 1 3 0.002028 0.4 -0.019897 0 0.7478 0 0.002028 -0.3478 -0.019897 1.331604 0.3483745
006 2 1 3 0.001829 0.4 -0.019916 0 0.7478 0 0.001829 -0.3478 -0.019916 1.335888 0.3483745
006 2 1 3 0.00163 0.4 -0.019933 0 0.7478 0 0.00163 -0.3478 -0.019933 1.340059 0.3483745
006 2 1 3 0.001431 0.4 -0.019949 0 0.7478 0 0.001431 -0.3478 -0.019949 1.34442 0.3483746
006 2 1 3 0.001231 0.4 -0.019962 0 0.7478 0 0.001231 -0.3478 -0.019962 1.348656 0.3483745
006 2 1 3 0.001031 0.4 -0.019973 0 0.7478 0 0.001031 -0.3478 -0.019973 1.352985 0.3483745
006 2 1 3 0.000832 0.4 -0.019983 0 0.7478 0 0.000832 -0.3478 -0.019983 1.357183 0.3483746
006 2 1 3 0.000632 0.4 -0.01999 0 0.7478 0 0.000632 -0.3478 -0.01999 1.361472 0.3483745
006 2 1 3 0.000432 0.4 -0.019995 0 0.7478 0 0.000432 -0.3478 -0.019995 1.366527 0.3483745
006 2 1 3 0.000232 0.4 -0.019999 0 0.7478 0 0.000232 -0.3478 -0.019999 1.371763 0.3483746
006 2 1 3 3.2E-05 0.4 -0.02 0 0.7478 0 3.2E-05 -0.3478 -0.02 1.376133 0.3483745
006 2 1 3 -0.000168 0.4 -0.019999 0 0.7478 0 -0.000168 -0.3478 -0.019999 1.380548 0.3483745
006 2 1 3 -0.000368 0.4 -0.019997 0 0.7478 0 -0.000368 -0.3478 -0.019997 1.385301 0.3483746
006 2 1 3 -0.000568 0.4 -0.019992 0 0.7478 0 -0.000568 -0.3478 -0.019992 1.38972 0.3483745
006 2 1 3 -0.000768 0.4 -0.019985 0 0.7478 0 -0.000768 -0.3478 -0.019985 1.395016 0.3483745
006 2 1 3 -0.000968 0.4 -0.019977 0 0.7478 0 -0.000968 -0.3478 -0.019977 1.399441 0.3483746
006 2 1 3 -0.001167 0.4 -0.019966 0 0.7478 0 -0.001167 -0.3478 -0.019966 1.404378 0.3483745
006 2 1 3 -0.001367 0.4 -0.019953 0 0.7478 0 -0.001367 -0.3478 -0.019953 1.409649 0.3483745
006 2 1 3 -0.001567 0.4 -0.019939 0 0.7478 0 -0.001567 -0.3478 -0.019939 1.41553 0.3483746
006 2 1 3 -0.001766 0.4 -0.019922 0 0.7478 0 -0.001766 -0.3478 -0.019922 1.420309 0.3483745
006 2 1 3 -0.001965 0.4 -0.019903 0 0.7478 0 -0.001965 -0.3478 -0.019903 1.425008 0.3483745
006 2 1 3 -0.002164 0.4 -0.019883 0 0.7478 0 -0.002164 -0.3478 -0.019883 1.429364 0.3483746
006 2 1 3 -0.002363 0.4 -0.01986 0 0.7478 0 -0.002363 -0.3478 -0.01986 1.433939 0.3483745
006 2 1 3 -0.002561 0.4 -0.019835 0 0.7478 0 -0.002561 -0.3478 -0.019835 1.438122 0.3483745
006 2 1 3 -0.002759 0.4 -0.019809 0 0.7478 0 -0.002759 -0.3478 -0.019809 1.442503 0.3483746
006 2 1 3 -0.002957 0.4 -0.01978 0 0.7478 0 -0.002957 -0.3478 -0.01978 1.446852 0.3483745
006 2 1 3 -0.003155 0.4 -0.01975 0 0.7478 0 -0.003155 -0.3478 -0.01975 1.451228 0.3483746
006 2 1 3 -0.003352 0.4 -0.019717 0 0.7478 0 -0.003352 -0.3478 -0.019717 1.455389 0.3483745
006 2 1 3 -0.003549 0.4 -0.019683 0 0.7478 0 -0.003549 -0.3478 -0.019683 1.459528 0.3483746
006 2 1 3 -0.003746 0.4 -0.019646 0 0.7478 0 -0.003746 -0.3478 -0.019646 1.464155 0.3483745
006 2 1 3 -0.003942 0.4 -0.019608 0 0.7478 0 -0.003942 -0.3478 -0.019608 1.46867 0.3483746
006 2 1 3 -0.004138 0.4 -0.019567 0 0.7478 0 -0.004138 -0.3478 -0.019567 1.472829 0.3483745
006 2 1 3 -0.004334 0.4 -0.019525 0 0.7478 0 -0.004334 -0.3478 -0.019525 1.477142 0.3483746
006 2 1 3 -0.004529 0.4 -0.019481 0 0.7478 0 -0.004529 -0.3478 -0.019481 1.481325 0.3483746
006 2 1 3 -0.004723 0.4 -0.019434 0 0.7478 0 -0.004723 -0.3478 -0.019434 1.485792 0.3483745
006 2 1 3 -0.004917 0.4 -0.019386 0 0.7478 0 -0.004917 -0.3478 -0.019386 1.489846 0.3483745
006 2 1 3 -0.005111 0.4 -0.019336 0 0.7478 0 -0.005111 -0.3478 -0.019336 1.494153 0.3483745
006 2 1 3 -0.005304 0.4 -0.019284 0 0.7478 0 -0.005304 -0.3478 -0.019284 1.49831 0.3483746
006 2 1 3 -0.005496 0.4 -0.01923 0 0.7478 0 -0.005496 -0.3478 -0.01923 1.502823 0.3483745
006 2 1 3 -0.005689 0.4 -0.019174 0 0.7478 0 -0.005689 -0.3478 -0.019174 1.507122 0.3483746
006 2 1 3 -0.00588 0.4 -0.019116 0 0.7478 0 -0.00588 -0.3478 -0.019116 1.511249 0.3483745
006 2 1 3 -0.006071 0.4 -0.019056 0 0.7478 0 -0.006071 -0.3478 -0.019056 1.515871 0.3483745
006 2 1 3 -0.006261 0.4 -0.018995 0 0.7478 0 -0.006261 -0.3478 -0.018995 1.520635 0.3483746
006 2 1 3 -0.006451 0.4 -0.018931 0 0.7478 0 -0.006451 -0.3478 -0.018931 1.52502 0.3483745
006 2 1 3 -0.00664 0.4 -0.018866 0 0.7478 0 -0.00664 -0.3478 -0.018866 1.529412 0.3483746
006 2 1 3 -0.006828 0.4 -0.018798 0 0.7478 0 -0.006828 -0.3478 -0.018798 1.534271 0.3483745
006 2 1 3 -0.007016 0.4 -0.018729 0 0.7478 0 -0.007016 -0.3478 -0.018729 1.538442 0.3483745
006 2 1 3 -0.007203 0.4 -0.018658 0 0.7478 0 -0.007203 -0.3478 -0.018658 1.542764 0.3483745
006 2 1 3 -0.007389 0.4 -0.018585 0 0.7478 0 -0.007389 -0.3478 -0.018585 1.54697 0.3483745
006 2 1 3 -0.007574 0.4 -0.01851 0 0.7478 0 -0.007574 -0.3478 -0.01851 1.551826 0.3483745
006 2 1 3 -0.007759 0.4 -0.018434 0 0.7478 0 -0.007759 -0.3478 -0.018434 1.556025 0.3483746
006 2 1 3 -0.007943 0.4 -0.018355 0 0.7478 0 -0.007943 -0.3478 -0.018355 1.560136 0.3483745
006 2 1 3 -0.008126 0.4 -0.018275 0 0.7478 0 -0.008126 -0.3478 -0.018275 1.564465 0.3483746
006 2 1 3 -0.008308 0.4 -0.018193 0 0.7478 0 -0.008308 -0.3478 -0.018193 1.568902 0.3483746
006 2 1 3 -0.00849 0.4 -0.018109 0 0.7478 0 -0.00849 -0.3478 -0.018109 1.573053 0.3483746
006 2 1 3 -0.008671 0.4 -0.018023 0 0.7478 0 -0.008671 -0.3478 -0.018023 1.577233 0.3483746
006 2 1 3 -0.00885 0.4 -0.017935 0 0.7478 0 -0.00885 -0.3478 -0.017935 1.581391 0.3483745
006 2 1 3 -0.009029 0.4 -0.017846 0 0.7478 0 -0.009029 -0.3478 -0.017846 1.586212 0.3483745
006 2 1 3 -0.009207 0.4 -0.017755 0 0.7478 0 -0.009207 -0.3478 -0.017755 1.590356 0.3483746
006 2 1 3 -0.009384 0.4 -0.017662 0 0.7478 0 -0.009384 -0.3478 -0.017662 1.594563 0.3483746
006 2 1 3 -0.009561 0.4 -0.017567 0 0.7478 0 -0.009561 -0.3478 -0.017567 1.598926 0.3483746
006 2 1 3 -0.009736 0.4 -0.01747 0 0.7478 0 -0.009736 -0.3478 -0.01747 1.603388 0.3483745
006 2 1 3 -0.00991 0.4 -0.017372 0 0.7478 0 -0.00991 -0.3478 -0.017372 1.607532 0.3483745
006 2 1 3 -0.010083 0.4 -0.017272 0 0.7478 0 -0.010083 -0.3478 -0.017272 1.611702 0.3483745
006 2 1 3 -0.010255 0.4 -0.017171 0 0.7478 0 -0.010255 -0.3478 -0.017171 1.616336 0.3483746
006 2 1 3 -0.010427 0.4 -0.017067 0 0.7478 0 -0.010427 -0.3478 -0.017067 1.621059 0.3483745
006 2 1 3 -0.010597 0.4 -0.016962 0 0.7478 0 -0.010597 -0.3478 -0.016962 1.625336 0.3483746
006 2 1 3 -0.010766 0.4 -0.016855 0 0.7478 0 -0.010766 -0.3478 -0.016855 1.629533 0.3483745
006 2 1 3 -0.010934 0.4 -0.016747 0 0.7478 0 -0.010934 -0.3478 -0.016747 1.633881 0.3483746
006 2 1 3 -0.011101 0.4 -0.016637 0 0.7478 0 -0.011101 -0.3478 -0.016637 1.638027 0.3483746
006 2 1 3 -0.011267 0.4 -0.016525 0 0.7478 0 -0.011267 -0.3478 -0.016525 1.642266 0.3483746
006 2 1 3 -0.011431 0.4 -0.016411 0 0.7478 0 -0.011431 -0.3478 -0.016411 1.646605 0.3483745
006 2 1 3 -0.011595 0.4 -0.016296 0 0.7478 0 -0.011595 -0.3478 -0.016296 1.650866 0.3483745
006 2 1 3 -0.011757 0.4 -0.016179 0 0.7478 0 -0.011757 -0.3478 -0.016179 1.655015 0.3483745
006 2 1 3 -0.011918 0.4 -0.016061 0 0.7478 0 -0.011918 -0.3478 -0.016061 1.659136 0.3483745
006 2 1 3 -0.012078 0.4 -0.015941 0 0.7478 0 -0.012078 -0.3478 -0.015941 1.663525 0.3483745
006 2 1 3 -0.012237 0.4 -0.015819 0 0.7478 0 -0.012237 -0.3478 -0.015819 1.668118 0.3483745
006 2 1 3 -0.012395 0.4 -0.015696 0 0.7478 0 -0.012395 -0.3478 -0.015696 1.672287 0.3483745
006 2 1 3 -0.012551 0.4 -0.015571 0 0.7478 0 -0.012551 -0.3478 -0.015571 1.676462 0.3483745
006 2 1 3 -0.012706 0.4 -0.015445 0 0.7478 0 -0.012706 -0.3478 -0.015445 1.680872 0.3483745
006 2 1 3 -0.01286 0.4 -0.015317 0 0.7478 0 -0.01286 -0.3478 -0.015317 1.686169 0.3483745
006 2 1 3 -0.013013 0.4 -0.015188 0 0.7478 0 -0.013013 -0.3478 -0.015188 1.690843 0.3483746
006 2 1 3 -0.013164 0.4 -0.015057 0 0.7478 0 -0.013164 -0.3478 -0.015057 1.695875 0.3483745
006 2 1 3 -0.013314 0.4 -0.014925 0 0.7478 0 -0.013314 -0.3478 -0.014925 1.700109 0.3483746
006 2 1 3 -0.013462 0.4 -0.014791 0 0.7478 0 -0.013462 -0.3478 -0.014791 1.704428 0.3483745
006 2 1 3 -0.013609 0.4 -0.014655 0 0.7478 0 -0.013609 -0.3478 -0.014655 1.708572 0.3483745
006 2 1 3 -0.013755 0.4 -0.014519 0 0.7478 0 -0.013755 -0.3478 -0.014519 1.712799 0.3483745
006 2 1 3 -0.0139 0.4 -0.01438 0 0.7478 0 -0.0139 -0.3478 -0.01438 1.717159 0.3483745
006 2 1 3 -0.014043 0.4 -0.014241 0 0.7478 0 -0.014043 -0.3478 -0.014241 1.721434 0.3483746
006 2 1 3 -0.014185 0.4 -0.0141 0 0.7478 0 -0.014185 -0.3478 -0.0141 1.725749 0.3483746
006 2 1 3 -0.014325 0.4 -0.013957 0 0.7478 0 -0.014325 -0.3478 -0.013957 1.730071 0.3483745
006 2 1 3 -0.014464 0.4 -0.013813 0 0.7478 0 -0.014464 -0.3478 -0.013813 1.734349 0.3483746
006 2 1 3 -0.014601 0.4 -0.013668 0 0.7478 0 -0.014601 -0.3478 -0.013668 1.738512 0.3483745
006 2 1 3 -0.014737 0.4 -0.013521 0 0.7478 0 -0.014737 -0.3478 -0.013521 1.742838 0.3483745
006 2 1 3 -0.014872 0.4 -0.013373 0 0.7478 0 -0.014872 -0.3478 -0.013373 1.747009 0.3483746
006 2 1 3 -0.015005 0.4 -0.013224 0 0.7478 0 -0.015005 -0.3478 -0.013224 1.751361 0.3483746
006 2 1 3 -0.015136 0.4 -0.013073 0 0.7478 0 -0.015136 -0.3478 -0.013073 1.755478 0.3483745
006 2 1 3 -0.015266 0.4 -0.012921 0 0.7478 0 -0.015266 -0.3478 -0.012921 1.759633 0.3483745
006 2 1 3 -0.015394 0.4 -0.012768 0 0.7478 0 -0.015394 -0.3478 -0.012768 1.763931 0.3483745
006 2 1 3 -0.015521 0.4 -0.012613 0 0.7478 0 -0.015521 -0.3478 -0.012613 1.76836 0.3483745
006 2 1 3 -0.015647 0.4 -0.012457 0 0.7478 0 -0.015647 -0.3478 -0.012457 1.772586 0.3483746
006 2 1 3 -0.015771 0.4 -0.0123 0 0.7478 0 -0.015771 -0.3478 -0.0123 1.776713 0.3483746
006 2 1 3 -0.015893 0.4 -0.012142 0 0.7478 0 -0.015893 -0.3478 -0.012142 1.780838 0.3483746
006 2 1 3 -0.016013 0.4 -0.011982 0 0.7478 0 -0.016013 -0.3478 -0.011982 1.785283 0.3483745
006 2 1 3 -0.016132 0.4 -0.011821 0 0.7478 0 -0.016132 -0.3478 -0.011821 1.789513 0.3483745
006 2 1 3 -0.01625 0.4 -0.01166 0 0.7478 0 -0.01625 -0.3478 -0.01166 1.793738 0.3483746
006 2 1 3 -0.016366 0.4 -0.011496 0 0.7478 0 -0.016366 -0.3478 -0.011496 1.797835 0.3483745
006 2 1 3 -0.01648 0.4 -0.011332 0 0.7478 0 -0.01648 -0.3478 -0.011332 1.8024 0.3483745
006 2 1 3 -0.016592 0.4 -0.011167 0 0.7478 0 -0.016592 -0.3478 -0.011167 1.806735 0.3483745
006 2 1 3 -0.016703 0.4 -0.011 0 0.7478 0 -0.016703 -0.3478 -0.011 1.810871 0.3483745
006 2 1 3 -0.016812 0.4 -0.010833 0 0.7478 0 -0.016812 -0.3478 -0.010833 1.81501 0.3483745
006 2 1 3 -0.01692 0.4 -0.010664 0 0.7478 0 -0.01692 -0.3478 -0.010664 1.819283 0.3483746
006 2 1 3 -0.017025 0.4 -0.010494 0 0.7478 0 -0.017025 -0.3478 -0.010494 1.823603 0.3483745
006 2 1 3 -0.01713 0.4 -0.010324 0 0.7478 0 -0.01713 -0.3478 -0.010324 1.827726 0.3483746
006 2 1 3 -0.017232 0.4 -0.010152 0 0.7478 0 -0.017232 -0.3478 -0.010152 1.832031 0.3483745
006 2 1 3 -0.017333 0.4 -0.009979 0 0.7478 0 -0.017333 -0.3478 -0.009979 1.836285 0.3483746
006 2 1 3 -0.017432 0.4 -0.009805 0 0.7478 0 -0.017432 -0.3478 -0.009805 1.840848 0.3483746
006 2 1 3 -0.017529 0.4 -0.00963 0 0.7478 0 -0.017529 -0.3478 -0.00963 1.845214 0.3483745
006 2 1 3 -0.017624 0.4 -0.009455 0 0.7478 0 -0.017624 -0.3478 -0.009455 1.849435 0.3483745
006 2 1 3 -0.017718 0.4 -0.009278 0 0.7478 0 -0.017718 -0.3478 -0.009278 1.853578 0.3483746
006 2 1 3 -0.01781 0.4 -0.0091 0 0.7478 0 -0.01781 -0.3478 -0.0091 1.857684 0.3483746
006 2 1 3 -0.0179 0.4 -0.008922 0 0.7478 0 -0.0179 -0.3478 -0.008922 1.861912 0.3483746
006 2 1 3 -0.017988 0.4 -0.008742 0 0.7478 0 -0.017988 -0.3478 -0.008742 1.866334 0.3483745
006 2 1 3 -0.018075 0.4 -0.008562 0 0.7478 0 -0.018075 -0.3478 -0.008562 1.870584 0.3483746
006 2 1 3 -0.018159 0.4 -0.008381 0 0.7478 0 -0.018159 -0.3478 -0.008381 1.874711 0.3483745
006 2 1 3 -0.018242 0.4 -0.008199 0 0.7478 0 -0.018242 -0.3478 -0.008199 1.878807 0.3483745
006 2 1 3 -0.018323 0.4 -0.008016 0 0.7478 0 -0.018323 -0.3478 -0.008016 1.883234 0.3483745
006 2 1 3 -0.018403 0.4 -0.007832 0 0.7478 0 -0.018403 -0.3478 -0.007832 1.887434 0.3483746
006 2 1 3 -0.01848 0.4 -0.007648 0 0.7478 0 -0.01848 -0.3478 -0.007648 1.891615 0.3483745
006 2 1 3 -0.018556 0.4 -0.007463 0 0.7478 0 -0.018556 -0.3478 -0.007463 1.895741 0.3483746
006 2 1 3 -0.018629 0.4 -0.007277 0 0.7478 0 -0.018629 -0.3478 -0.007277 1.900019 0.3483745
006 2 1 3 -0.018701 0.4 -0.00709 0 0.7478 0 -0.018701 -0.3478 -0.00709 1.904465 0.3483745
006 2 1 3 -0.018771 0.4 -0.006903 0 0.7478 0 -0.018771 -0.3478 -0.006903 1.908576 0.3483745
006 2 1 3 -0.018839 0.4 -0.006715 0 0.7478 0 -0.018839 -0.3478 -0.006715 1.912735 0.3483745
006 2 1 3 -0.018905 0.4 -0.006526 0 0.7478 0 -0.018905 -0.3478 -0.006526 1.917087 0.3483745
006 2 1 3 -0.01897 0.4 -0.006337 0 0.7478 0 -0.01897 -0.3478 -0.006337 1.921246 0.3483746
006 2 1 3 -0.019032 0.4 -0.006147 0 0.7478 0 -0.019032 -0.3478 -0.006147 1.925563 0.3483745
006 2 1 3 -0.019093 0.4 -0.005956 0 0.7478 0 -0.019093 -0.3478 -0.005956 1.929787 0.3483746
006 2 1 3 -0.019151 0.4 -0.005765 0 0.7478 0 -0.019151 -0.3478 -0.005765 1.934135 0.3483745
006 2 1 3 -0.019208 0.4 -0.005573 0 0.7478 0 -0.019208 -0.3478 -0.005573 1.938279 0.3483746
006 2 1 3 -0.019263 0.4 -0.005381 0 0.7478 0 -0.019263 -0.3478 -0.005381 1.94299 0.3483746
006 2 1 3 -0.019315 0.4 -0.005188 0 0.7478 0 -0.019315 -0.3478 -0.005188 1.947147 0.3483745
006 2 1 3 -0.019366 0.4 -0.004994 0 0.7478 0 -0.019366 -0.3478 -0.004994 1.951565 0.3483745
006 2 1 3 -0.019415 0.4 -0.0048 0 0.7478 0 -0.019415 -0.3478 -0.0048 1.955801 0.3483745
006 2 1 3 -0.019462 0.4 -0.004606 0 0.7478 0 -0.019462 -0.3478 -0.004606 1.959963 0.3483745
006 2 1 3 -0.019507 0.4 -0.004411 0 0.7478 0 -0.019507 -0.3478 -0.004411 1.964372 0.3483745
006 2 1 3 -0.019551 0.4 -0.004216 0 0.7478 0 -0.019551 -0.3478 -0.004216 1.96884 0.3483746
006 2 1 3 -0.019592 0.4 -0.00402 0 0.7478 0 -0.019592 -0.3478 -0.00402 1.97299 0.3483746
006 2 1 3 -0.019631 0.4 -0.003824 0 0.7478 0 -0.019631 -0.3478 -0.003824 1.977194 0.3483745
006 2 1 3 -0.019668 0.4 -0.003628 0 0.7478 0 -0.019668 -0.3478 -0.003628 1.981372 0.3483745
006 2 1 3 -0.019704 0.4 -0.003431 0 0.7478 0 -0.019704 -0.3478 -0.003431 1.985877 0.3483746
006 2 1 3 -0.019737 0.4 -0.003234 0 0.7478 0 -0.019737 -0.3478 -0.003234 1.990082 0.3483746
006 2 1 3 -0.019768 0.4 -0.003036 0 0.7478 0 -0.019768 -0.3478 -0.003036 1.994175 0.3483745
006 2 1 3 -0.019798 0.4 -0.002838 0 0.7478 0 -0.019798 -0.3478 -0.002838 1.998662 0.3483746
006 2 1 3 -0.019825 0.4 -0.00264 0 0.7478 0 -0.019825 -0.3478 -0.00264 2.003112 0.3483745
006 2 1 3 -0.01985 0.4 -0.002442 0 0.7478 0 -0.01985 -0.3478 -0.002442 2.007366 0.3483745
006 2 1 3 -0.019874 0.4 -0.002243 0 0.7478 0 -0.019874 -0.3478 -0.002243 2.011506 0.3483746
006 2 1 3 -0.019895 0.4 -0.002044 0 0.7478 0 -0.019895 -0.3478 -0.002044 2.016012 0.3483745
006 2 1 3 -0.019915 0.4 -0.001845 0 0.7478 0 -0.019915 -0.3478 -0.001845 2.020698 0.3483746
006 2 1 3 -0.019932 0.4 -0.001646 0 0.7478 0 -0.019932 -0.3478 -0.001646 2.025006 0.3483745
006 2 1 3 -0.019948 0.4 -0.001447 0 0.7478 0 -0.019948 -0.3478 -0.001447 2.029075 0.3483746
006 2 1 3 -0.019961 0.4 -0.001247 0 0.7478 0 -0.019961 -0.3478 -0.001247 2.033479 0.3483745
006 2 1 3 -0.019973 0.4 -0.001047 0 0.7478 0 -0.019973 -0.3478 -0.001047 2.037869 0.3483746
006 2 1 3 -0.019982 0.4 -0.000848 0 0.7478 0 -0.019982 -0.3478 -0.000848 2.042143 0.3483745
006 2 1 3 -0.01999 0.4 -0.000648 0 0.7478 0 -0.01999 -0.3478 -0.000648 2.046578 0.3483746
006 2 1 3 -0.019995 0.4 -0.000448 0 0.7478 0 -0.019995 -0.3478 -0.000448 2.050895 0.3483745
006 2 1 3 -0.019998 0.4 -0.000248 0 0.7478 0 -0.019998 -0.3478 -0.000248 2.055042 0.3483745
006 2 1 3 -0.02 0.4 -4.8E-05 0 0.7478 0 -0.02 -0.3478 -4.8E-05 2.05932 0.3483745
006 2 1 3 -0.019999 0.4 0.000152 0 0.7478 0 -0.019999 -0.3478 0.000152 2.063731 0.3483745
006 2 1 3 -0.019997 0.4 0.000352 0 0.7478 0 -0.019997 -0.3478 0.000352 2.0683 0.3483745
006 2 1 3 -0.019992 0.4 0.000552 0 0.7478 0 -0.019992 -0.3478 0.000552 2.072529 0.3483745
006 2 1 3 -0.019986 0.4 0.000752 0 0.7478 0 -0.019986 -0.3478 0.000752 2.076628 0.3483746
006 2 1 3 -0.019977 0.4 0.000952 0 0.7478 0 -0.019977 -0.3478 0.000952 2.080797 0.3483745
006 2 1 3 -0.019967 0.4 0.001152 0 0.7478 0 -0.019967 -0.3478 0.001152 2.085294 0.3483746
006 2 1 3 -0.019954 0.4 0.001351 0 0.7478 0 -0.019954 -0.3478 0.001351 2.08952 0.3483745
006 2 1 3 -0.01994 0.4 0.001551 0 0.7478 0 -0.01994 -0.3478 0.001551 2.093653 0.3483746
006 2 1 3 -0.019923 0.4 0.00175 0 0.7478 0 -0.019923 -0.3478 0.00175 2.097758 0.3483745
006 2 1 3 -0.019905 0.4 0.001949 0 0.7478 0 -0.019905 -0.3478 0.001949 2.102654 0.3483746
006 2 1 3 -0.019884 0.4 0.002148 0 0.7478 0 -0.019884 -0.3478 0.002148 2.107152 0.3483745
006 2 1 3 -0.019862 0.4 0.002347 0 0.7478 0 -0.019862 -0.3478 0.002347 2.111324 0.3483746
006 2 1 3 -0.019837 0.4 0.002545 0 0.7478 0 -0.019837 -0.3478 0.002545 2.115575 0.3483745
006 2 1 3 -0.019811 0.4 0.002744 0 0.7478 0 -0.019811 -0.3478 0.002744 2.119818 0.3483746
006 2 1 3 -0.019783 0.4 0.002942 0 0.7478 0 -0.019783 -0.3478 0.002942 2.12454 0.3483746
006 2 1 3 -0.019752 0.4 0.003139 0 0.7478 0 -0.019752 -0.3478 0.003139 2.12879 0.3483745
006 2 1 3 -0.01972 0.4 0.003337 0 0.7478 0 -0.01972 -0.3478 0.003337 2.13311 0.3483746
006 2 1 3 -0.019685 0.4 0.003534 0 0.7478 0 -0.019685 -0.3478 0.003534 2.137295 0.3483745
006 2 1 3 -0.019649 0.4 0.00373 0 0.7478 0 -0.019649 -0.3478 0.00373 2.141606 0.3483745
006 2 1 3 -0.019611 0.4 0.003927 0 0.7478 0 -0.019611 -0.3478 0.003927 2.145885 0.3483746
006 2 1 3 -0.019571 0.4 0.004122 0 0.7478 0 -0.019571 -0.3478 0.004122 2.150187 0.3483746
006 2 1 3 -0.019528 0.4 0.004318 0 0.7478 0 -0.019528 -0.3478 0.004318 2.15483 0.3483745
006 2 1 3 -0.019484 0.4 0.004513 0 0.7478 0 -0.019484 -0.3478 0.004513 2.158954 0.3483745
006 2 1 3 -0.019438 0.4 0.004708 0 0.7478 0 -0.019438 -0.3478 0.004708 2.163321 0.3483745
006 2 1 3 -0.01939 0.4 0.004902 0 0.7478 0 -0.01939 -0.3478 0.004902 2.167643 0.3483745
006 2 1 3 -0.01934 0.4 0.005095 0 0.7478 0 -0.01934 -0.3478 0.005095 2.171853 0.3483745
006 2 1 3 -0.019288 0.4 0.005289 0 0.7478 0 -0.019288 -0.3478 0.005289 2.175982 0.3483745
006 2 1 3 -0.019234 0.4 0.005481 0 0.7478 0 -0.019234 -0.3478 0.005481 2.18133 0.3483745
006 2 1 3 -0.019178 0.4 0.005673 0 0.7478 0 -0.019178 -0.3478 0.005673 2.186615 0.3483745
006 2 1 3 -0.019121 0.4 0.005865 0 0.7478 0 -0.019121 -0.3478 0.005865 2.19089 0.3483746
006 2 1 3 -0.019061 0.4 0.006056 0 0.7478 0 -0.019061 -0.3478 0.006056 2.19509 0.3483745
006 2 1 3 -0.019 0.4 0.006246 0 0.7478 0 -0.019 -0.3478 0.006246 2.199324 0.3483746
006 2 1 3 -0.018936 0.4 0.006436 0 0.7478 0 -0.018936 -0.3478 0.006436 2.203754 0.3483745
006 2 1 3 -0.018871 0.4 0.006625 0 0.7478 0 -0.018871 -0.3478 0.006625 2.207889 0.3483746
006 2 1 3 -0.018804 0.4 0.006813 0 0.7478 0 -0.018804 -0.3478 0.006813 2.212063 0.3483746
006 2 1 3 -0.018735 0.4 0.007001 0 0.7478 0 -0.018735 -0.3478 0.007001 2.216504 0.3483746
006 2 1 3 -0.018664 0.4 0.007188 0 0.7478 0 -0.018664 -0.3478 0.007188 2.22072 0.3483746
006 2 1 3 -0.018591 0.4 0.007374 0 0.7478 0 -0.018591 -0.3478 0.007374 2.225039 0.3483745
006 2 1 3 -0.018516 0.4 0.00756 0 0.7478 0 -0.018516 -0.3478 0.00756 2.229189 0.3483745
006 2 1 3 -0.01844 0.4 0.007744 0 0.7478 0 -0.01844 -0.3478 0.007744 2.233539 0.3483745
006 2 1 3 -0.018361 0.4 0.007928 0 0.7478 0 -0.018361 -0.3478 0.007928 2.237747 0.3483745
006 2 1 3 -0.018281 0.4 0.008112 0 0.7478 0 -0.018281 -0.3478 0.008112 2.241889 0.3483745
006 2 1 3 -0.018199 0.4 0.008294 0 0.7478 0 -0.018199 -0.3478 0.008294 2.246203 0.3483745
006 2 1 3 -0.018115 0.4 0.008476 0 0.7478 0 -0.018115 -0.3478 0.008476 2.250697 0.3483745
006 2 1 3 -0.01803 0.4 0.008656 0 0.7478 0 -0.01803 -0.3478 0.008656 2.261278 0.3483746
006 2 1 3 -0.017942 0.4 0.008836 0 0.7478 0 -0.017942 -0.3478 0.008836 2.267159 0.3483745
006 2 1 3 -0.017853 0.4 0.009015 0 0.7478 0 -0.017853 -0.3478 0.009015 2.271764 0.3483745
006 2 1 3 -0.017762 0.4 0.009193 0 0.7478 0 -0.017762 -0.3478 0.009193 2.276003 0.3483745
006 2 1 3 -0.017669 0.4 0.00937 0 0.7478 0 -0.017669 -0.3478 0.00937 2.280142 0.3483745
006 2 1 3 -0.017575 0.4 0.009547 0 0.7478 0 -0.017575 -0.3478 0.009547 2.284854 0.3483746
006 2 1 3 -0.017478 0.4 0.009722 0 0.7478 0 -0.017478 -0.3478 0.009722 2.288954 0.3483745
006 2 1 3 -0.01738 0.4 0.009896 0 0.7478 0 -0.01738 -0.3478 0.009896 2.293226 0.3483745
006 2 1 3 -0.01728 0.4 0.010069 0 0.7478 0 -0.01728 -0.3478 0.010069 2.297358 0.3483745
006 2 1 3 -0.017179 0.4 0.010242 0 0.7478 0 -0.017179 -0.3478 0.010242 2.301701 0.3483746
006 2 1 3 -0.017075 0.4 0.010413 0 0.7478 0 -0.017075 -0.3478 0.010413 2.306 0.3483745
006 2 1 3 -0.01697 0.4 0.010583 0 0.7478 0 -0.01697 -0.3478 0.010583 2.310151 0.3483745
006 2 1 3 -0.016864 0.4 0.010752 0 0.7478 0 -0.016864 -0.3478 0.010752 2.314358 0.3483745
006 2 1 3 -0.016755 0.4 0.01092 0 0.7478 0 -0.016755 -0.3478 0.01092 2.319242 0.3483745
006 2 1 3 -0.016645 0.4 0.011087 0 0.7478 0 -0.016645 -0.3478 0.011087 2.323779 0.3483745
006 2 1 3 -0.016534 0.4 0.011253 0 0.7478 0 -0.016534 -0.3478 0.011253 2.327951 0.3483745
006 2 1 3 -0.01642 0.4 0.011418 0 0.7478 0 -0.01642 -0.3478 0.011418 2.332306 0.3483745
006 2 1 3 -0.016305 0.4 0.011582 0 0.7478 0 -0.016305 -0.3478 0.011582 2.336527 0.3483745
006 2 1 3 -0.016189 0.4 0.011744 0 0.7478 0 -0.016189 -0.3478 0.011744 2.340664 0.3483746
006 2 1 3 -0.01607 0.4 0.011906 0 0.7478 0 -0.01607 -0.3478 0.011906 2.34499 0.3483745
006 2 1 3 -0.015951 0.4 0.012066 0 0.7478 0 -0.015951 -0.3478 0.012066 2.349243 0.3483746
006 2 1 3 -0.015829 0.4 0.012225 0 0.7478 0 -0.015829 -0.3478 0.012225 2.353527 0.3483746
006 2 1 3 -0.015706 0.4 0.012382 0 0.7478 0 -0.015706 -0.3478 0.012382 2.357691 0.3483745
006 2 1 3 -0.015581 0.4 0.012539 0 0.7478 0 -0.015581 -0.3478 0.012539 2.361886 0.3483745
006 2 1 3 -0.015455 0.4 0.012694 0 0.7478 0 -0.015455 -0.3478 0.012694 2.366617 0.3483745
006 2 1 3 -0.015328 0.4 0.012848 0 0.7478 0 -0.015328 -0.3478 0.012848 2.370913 0.3483746
006 2 1 3 -0.015198 0.4 0.013 0 0.7478 0 -0.015198 -0.3478 0.013 2.375121 0.3483745
006 2 1 3 -0.015068 0.4 0.013152 0 0.7478 0 -0.015068 -0.3478 0.013152 2.379279 0.3483746
006 2 1 3 -0.014935 0.4 0.013302 0 0.7478 0 -0.014935 -0.3478 0.013302 2.383762 0.3483745
006 2 1 3 -0.014802 0.4 0.01345 0 0.7478 0 -0.014802 -0.3478 0.01345 2.388103 0.3483745
006 2 1 3 -0.014666 0.4 0.013598 0 0.7478 0 -0.014666 -0.3478 0.013598 2.392312 0.3483745
006 2 1 3 -0.01453 0.4 0.013744 0 0.7478 0 -0.01453 -0.3478 0.013744 2.39656 0.3483746
006 2 1 3 -0.014391 0.4 0.013888 0 0.7478 0 -0.014391 -0.3478 0.013888 2.400808 0.3483745
006 2 1 3 -0.014252 0.4 0.014032 0 0.7478 0 -0.014252 -0.3478 0.014032 2.405149 0.3483746
006 2 1 3 -0.014111 0.4 0.014173 0 0.7478 0 -0.014111 -0.3478 0.014173 2.409186 0.3483745
006 2 1 3 -0.013968 0.4 0.014314 0 0.7478 0 -0.013968 -0.3478 0.014314 2.413356 0.3483745
006 2 1 3 -0.013825 0.4 0.014453 0 0.7478 0 -0.013825 -0.3478 0.014453 2.417697 0.3483746
006 2 1 3 -0.013679 0.4 0.01459 0 0.7478 0 -0.013679 -0.3478 0.01459 2.421914 0.3483745
006 2 1 3 -0.013533 0.4 0.014726 0 0.7478 0 -0.013533 -0.3478 0.014726 2.426237 0.3483745
006 2 1 3 -0.013385 0.4 0.014861 0 0.7478 0 -0.013385 -0.3478 0.014861 2.430401 0.3483746
006 2 1 3 -0.013236 0.4 0.014994 0 0.7478 0 -0.013236 -0.3478 0.014994 2.434802 0.3483746
006 2 1 3 -0.013085 0.4 0.015126 0 0.7478 0 -0.013085 -0.3478 0.015126 2.4389 0.3483746
006 2 1 3 -0.012933 0.4 0.015256 0 0.7478 0 -0.012933 -0.3478 0.015256 2.443354 0.3483746
006 2 1 3 -0.01278 0.4 0.015384 0 0.7478 0 -0.01278 -0.3478 0.015384 2.447476 0.3483745
006 2 1 3 -0.012625 0.4 0.015511 0 0.7478 0 -0.012625 -0.3478 0.015511 2.45188 0.3483745
006 2 1 3 -0.01247 0.4 0.015637 0 0.7478 0 -0.01247 -0.3478 0.015637 2.456036 0.3483746
006 2 1 3 -0.012313 0.4 0.015761 0 0.7478 0 -0.012313 -0.3478 0.015761 2.460544 0.3483746
006 2 1 3 -0.012154 0.4 0.015883 0 0.7478 0 -0.012154 -0.3478 0.015883 2.464936 0.3483745
006 2 1 3 -0.011995 0.4 0.016004 0 0.7478 0 -0.011995 -0.3478 0.016004 2.469193 0.3483746
006 2 1 3 -0.011834 0.4 0.016123 0 0.7478 0 -0.011834 -0.3478 0.016123 2.473357 0.3483745
006 2 1 3 -0.011672 0.4 0.01624 0 0.7478 0 -0.011672 -0.3478 0.01624 2.477451 0.3483745
006 2 1 3 -0.01151 0.4 0.016356 0 0.7478 0 -0.01151 -0.3478 0.016356 2.481608 0.3483745
006 2 1 3 -0.011345 0.4 0.016471 0 0.7478 0 -0.011345 -0.3478 0.016471 2.486035 0.3483745
006 2 1 3 -0.01118 0.4 0.016583 0 0.7478 0 -0.01118 -0.3478 0.016583 2.490201 0.3483745
006 2 1 3 -0.011014 0.4 0.016694 0 0.7478 0 -0.011014 -0.3478 0.016694 2.494356 0.3483745
006 2 1 3 -0.010846 0.4 0.016804 0 0.7478 0 -0.010846 -0.3478 0.016804 2.498574 0.3483746
006 2 1 3 -0.010678 0.4 0.016911 0 0.7478 0 -0.010678 -0.3478 0.016911 2.502944 0.3483745
006 2 1 3 -0.010508 0.4 0.017017 0 0.7478 0 -0.010508 -0.3478 0.017017 2.507077 0.3483745
006 2 1 3 -0.010337 0.4 0.017121 0 0.7478 0 -0.010337 -0.3478 0.017121 2.511264 0.3483745
006 2 1 3 -0.010166 0.4 0.017224 0 0.7478 0 -0.010166 -0.3478 0.017224 2.51554 0.3483746
006 2 1 3 -0.009993 0.4 0.017325 0 0.7478 0 -0.009993 -0.3478 0.017325 2.51973 0.3483746
006 2 1 3 -0.009819 0.4 0.017424 0 0.7478 0 -0.009819 -0.3478 0.017424 2.52399 0.3483746
006 2 1 3 -0.009644 0.4 0.017521 0 0.7478 0 -0.009644 -0.3478 0.017521 2.528185 0.3483745
006 2 1 3 -0.009469 0.4 0.017617 0 0.7478 0 -0.009469 -0.3478 0.017617 2.53242 0.3483746
006 2 1 3 -0.009292 0.4 0.01771 0 0.7478 0 -0.009292 -0.3478 0.01771 2.536616 0.3483745
006 2 1 3 -0.009114 0.4 0.017802 0 0.7478 0 -0.009114 -0.3478 0.017802 2.540746 0.3483745
006 2 1 3 -0.008936 0.4 0.017893 0 0.7478 0 -0.008936 -0.3478 0.017893 2.545009 0.3483746
006 2 1 3 -0.008757 0.4 0.017981 0 0.7478 0 -0.008757 -0.3478 0.017981 2.54923 0.3483745
006 2 1 3 -0.008576 0.4 0.018068 0 0.7478 0 -0.008576 -0.3478 0.018068 2.553411 0.3483745
006 2 1 3 -0.008395 0.4 0.018153 0 0.7478 0 -0.008395 -0.3478 0.018153 2.557543 0.3483746
006 2 1 3 -0.008213 0.4 0.018236 0 0.7478 0 -0.008213 -0.3478 0.018236 2.562003 0.3483746
006 2 1 3 -0.008031 0.4 0.018317 0 0.7478 0 -0.008031 -0.3478 0.018317 2.566556 0.3483746
006 2 1 3 -0.007847 0.4 0.018396 0 0.7478 0 -0.007847 -0.3478 0.018396 2.570767 0.3483745
006 2 1 3 -0.007663 0.4 0.018474 0 0.7478 0 -0.007663 -0.3478 0.018474 2.574867 0.3483746
006 2 1 3 -0.007478 0.4 0.01855 0 0.7478 0 -0.007478 -0.3478 0.01855 2.578921 0.3483746
006 2 1 3 -0.007292 0.4 0.018623 0 0.7478 0 -0.007292 -0.3478 0.018623 2.583447 0.3483745
006 2 1 3 -0.007105 0.4 0.018695 0 0.7478 0 -0.007105 -0.3478 0.018695 2.58768 0.3483745
006 2 1 3 -0.006918 0.4 0.018766 0 0.7478 0 -0.006918 -0.3478 0.018766 2.591734 0.3483746
006 2 1 3 -0.00673 0.4 0.018834 0 0.7478 0 -0.00673 -0.3478 0.018834 2.595971 0.3483746
006 2 1 3 -0.006541 0.4 0.0189 0 0.7478 0 -0.006541 -0.3478 0.0189 2.600213 0.3483745
006 2 1 3 -0.006352 0.4 0.018965 0 0.7478 0 -0.006352 -0.3478 0.018965 2.604485 0.3483746
006 2 1 3 -0.006162 0.4 0.019027 0 0.7478 0 -0.006162 -0.3478 0.019027 2.608568 0.3483745
006 2 1 3 -0.005971 0.4 0.019088 0 0.7478 0 -0.005971 -0.3478 0.019088 2.612792 0.3483745
006 2 1 3 -0.00578 0.4 0.019147 0 0.7478 0 -0.00578 -0.3478 0.019147 2.617091 0.3483746
006 2 1 3 -0.005588 0.4 0.019203 0 0.7478 0 -0.005588 -0.3478 0.019203 2.621211 0.3483745
006 2 1 3 -0.005396 0.4 0.019258 0 0.7478 0 -0.005396 -0.3478 0.019258 2.625525 0.3483745
006 2 1 3 -0.005203 0.4 0.019311 0 0.7478 0 -0.005203 -0.3478 0.019311 2.629696 0.3483745
006 2 1 3 -0.00501 0.4 0.019362 0 0.7478 0 -0.00501 -0.3478 0.019362 2.63399 0.3483745
006 2 1 3 -0.004816 0.4 0.019412 0 0.7478 0 -0.004816 -0.3478 0.019412 2.638216 0.3483746
006 2 1 3 -0.004622 0.4 0.019459 0 0.7478 0 -0.004622 -0.3478 0.019459 2.642504 0.3483746
006 2 1 3 -0.004427 0.4 0.019504 0 0.7478 0 -0.004427 -0.3478 0.019504 2.646612 0.3483745
006 2 1 3 -0.004231 0.4 0.019547 0 0.7478 0 -0.004231 -0.3478 0.019547 2.650957 0.3483745
006 2 1 3 -0.004036 0.4 0.019589 0 0.7478 0 -0.004036 -0.3478 0.019589 2.655112 0.3483746
006 2 1 3 -0.00384 0.4 0.019628 0 0.7478 0 -0.00384 -0.3478 0.019628 2.659219 0.3483745
006 2 1 3 -0.003643 0.4 0.019665 0 0.7478 0 -0.003643 -0.3478 0.019665 2.663527 0.3483745
006 2 1 3 -0.003446 0.4 0.019701 0 0.7478 0 -0.003446 -0.3478 0.019701 2.66785 0.3483745
006 2 1 3 -0.003249 0.4 0.019734 0 0.7478 0 -0.003249 -0.3478 0.019734 2.672001 0.3483745
006 2 1 3 -0.003052 0.4 0.019766 0 0.7478 0 -0.003052 -0.3478 0.019766 2.676089 0.3483746
006 2 1 3 -0.002854 0.4 0.019795 0 0.7478 0 -0.002854 -0.3478 0.019795 2.680593 0.3483745
006 2 1 3 -0.002656 0.4 0.019823 0 0.7478 0 -0.002656 -0.3478 0.019823 2.686015 0.3483746
006 2 1 3 -0.002457 0.4 0.019848 0 0.7478 0 -0.002457 -0.3478 0.019848 2.690592 0.3483745
006 2 1 3 -0.002259 0.4 0.019872 0 0.7478 0 -0.002259 -0.3478 0.019872 2.694751 0.3483745
006 2 1 3 -0.00206 0.4 0.019894 0 0.7478 0 -0.00206 -0.3478 0.019894 2.699087 0.3483746
006 2 1 3 -0.001861 0.4 0.019913 0 0.7478 0 -0.001861 -0.3478 0.019913 2.703529 0.3483745
006 2 1 3 -0.001662 0.4 0.019931 0 0.7478 0 -0.001662 -0.3478 0.019931 2.707855 0.3483746
006 2 1 3 -0.001462 0.4 0.019946 0 0.7478 0 -0.001462 -0.3478 0.019946 2.71195 0.3483745
006 2 1 3 -0.001263 0.4 0.01996 0 0.7478 0 -0.001263 -0.3478 0.01996 2.716397 0.3483745
006 2 1 3 -0.001063 0.4 0.019972 0 0.7478 0 -0.001063 -0.3478 0.019972 2.72061 0.3483746
006 2 1 3 -0.000863 0.4 0.019981 0 0.7478 0 -0.000863 -0.3478 0.019981 2.724957 0.3483745
006 2 1 3 -0.000664 0.4 0.019989 0 0.7478 0 -0.000664 -0.3478 0.019989 2.729274 0.3483745
006 2 1 3 -0.000464 0.4 0.019995 0 0.7478 0 -0.000464 -0.3478 0.019995 2.733632 0.3483746
006 2 1 3 -0.000264 0.4 0.019998 0 0.7478 0 -0.000264 -0.3478 0.019998 2.737839 0.3483745
006 2 1 3 -6.4E-05 0.4 0.02 0 0.7478 0 -6.4E-05 -0.3478 0.02 2.741988 0.3483745
006 2 1 3 0 0.4 0.02 0 0.7478 0 0 -0.3478 0.02 2.746418 0.3483745
