006 2 27 13 0.02 0.4 0 0 0.7478 0 0.02 -0.3478 0 0 0.3483745
006 2 27 13 0.019998 0.4006 0 0 0.7478 0 0.019998 -0.3472 0 0.004241943 0.3477754
006 2 27 13 0.019992 0.4012 0 0 0.7478 0 0.019992 -0.3466 0 0.008773804 0.3471761
006 2 27 13 0.019982 0.4018 0 0 0.7478 0 0.019982 -0.346 0 0.01303101 0.3465765
006 2 27 13 0.019968 0.402399 0 0 0.7478 0 0.019968 -0.345401 0 0.01728821 0.3459777
006 2 27 13 0.01995 0.402999 0 0 0.7478 0 0.01995 -0.344801 0 0.02137756 0.3453777
006 2 27 13 0.019928 0.403598 0 0 0.7478 0 0.019928 -0.344202 0 0.02571106 0.3447784
006 2 27 13 0.019902 0.404197 0 0 0.7478 0 0.019902 -0.343603 0 0.02993774 0.3441789
006 2 27 13 0.019872 0.404795 0 0 0.7478 0 0.019872 -0.343005 0 0.03414917 0.3435802
006 2 27 13 0.019838 0.405393 0 0 0.7478 0 0.019838 -0.342407 0 0.03829956 0.3429812
006 2 27 13 0.0198 0.40599 0 0 0.7478 0 0.0198 -0.34181 0 0.04248047 0.342383
006 2 27 13 0.019758 0.406587 0 0 0.7478 0 0.019758 -0.341213 0 0.04675293 0.3417846
006 2 27 13 0.019712 0.407183 0 0 0.7478 0 0.019712 -0.340617 0 0.05105591 0.3411869
006 2 27 13 0.019662 0.407778 0 0 0.7478 0 0.019662 -0.340022 0 0.05526733 0.34059
006 2 27 13 0.019609 0.408373 0 0 0.7478 0 0.019609 -0.339427 0 0.05938721 0.3399929
006 2 27 13 0.019551 0.408966 0 0 0.7478 0 0.019551 -0.338834 0 0.0635376 0.3393976
006 2 27 13 0.019489 0.409559 0 0 0.7478 0 0.019489 -0.338241 0 0.06791687 0.338802
006 2 27 13 0.019423 0.410151 0 0 0.7478 0 0.019423 -0.337649 0 0.07229614 0.3382072
006 2 27 13 0.019354 0.410742 0 0 0.7478 0 0.019354 -0.337058 0 0.07652283 0.3376132
006 2 27 13 0.01928 0.411332 0 0 0.7478 0 0.01928 -0.336468 0 0.08065796 0.3370199
006 2 27 13 0.019203 0.41192 0 0 0.7478 0 0.019203 -0.33588 0 0.08531189 0.3364285
006 2 27 13 0.019121 0.412508 0 0 0.7478 0 0.019121 -0.335292 0 0.08963013 0.3358367
006 2 27 13 0.019036 0.413094 0 0 0.7478 0 0.019036 -0.334706 0 0.09408569 0.3352469
006 2 27 13 0.018947 0.413679 0 0 0.7478 0 0.018947 -0.334121 0 0.09820557 0.3346578
006 2 27 13 0.018854 0.414262 0 0 0.7478 0 0.018854 -0.333538 0 0.1026917 0.3340704
006 2 27 13 0.018756 0.414844 0 0 0.7478 0 0.018756 -0.332956 0 0.1069183 0.3334838
006 2 27 13 0.018656 0.415425 0 0 0.7478 0 0.018656 -0.332375 0 0.1110535 0.3328981
006 2 27 13 0.018551 0.416004 0 0 0.7478 0 0.018551 -0.331796 0 0.1152191 0.3323142
006 2 27 13 0.018442 0.416581 0 0 0.7478 0 0.018442 -0.331219 0 0.1195374 0.331732
006 2 27 13 0.01833 0.417157 0 0 0.7478 0 0.01833 -0.330643 0 0.1236267 0.3311507
006 2 27 13 0.018213 0.417731 0 0 0.7478 0 0.018213 -0.330069 0 0.1278076 0.3305711
006 2 27 13 0.018093 0.418304 0 0 0.7478 0 0.018093 -0.329496 0 0.1319275 0.3299924
006 2 27 13 0.017969 0.418874 0 0 0.7478 0 0.017969 -0.328926 0 0.1362915 0.3294165
006 2 27 13 0.017842 0.419443 0 0 0.7478 0 0.017842 -0.328357 0 0.140564 0.3288414
006 2 27 13 0.01771 0.420009 0 0 0.7478 0 0.01771 -0.327791 0 0.1448364 0.3282691
006 2 27 13 0.017575 0.420574 0 0 0.7478 0 0.017575 -0.327226 0 0.1501007 0.3276976
006 2 27 13 0.017436 0.421136 0 0 0.7478 0 0.017436 -0.326664 0 0.1552734 0.327129
006 2 27 13 0.017293 0.421697 0 0 0.7478 0 0.017293 -0.326103 0 0.1598663 0.3265612
006 2 27 13 0.017147 0.422255 0 0 0.7478 0 0.017147 -0.325545 0 0.1645508 0.3259962
006 2 27 13 0.016996 0.422811 0 0 0.7478 0 0.016996 -0.324989 0 0.1690521 0.3254331
006 2 27 13 0.016842 0.423365 0 0 0.7478 0 0.016842 -0.324435 0 0.1732788 0.3248719
006 2 27 13 0.016685 0.423917 0 0 0.7478 0 0.016685 -0.323883 0 0.177475 0.3243125
006 2 27 13 0.016524 0.424466 0 0 0.7478 0 0.016524 -0.323334 0 0.1821899 0.3237559
006 2 27 13 0.016359 0.425012 0 0 0.7478 0 0.016359 -0.322788 0 0.1870575 0.3232023
006 2 27 13 0.01619 0.425556 0 0 0.7478 0 0.01619 -0.322244 0 0.1914673 0.3226504
006 2 27 13 0.016018 0.426098 0 0 0.7478 0 0.016018 -0.321702 0 0.1956177 0.3221005
006 2 27 13 0.015842 0.426637 0 0 0.7478 0 0.015842 -0.321163 0 0.1998749 0.3215535
006 2 27 13 0.015663 0.427173 0 0 0.7478 0 0.015663 -0.320627 0 0.2041779 0.3210093
006 2 27 13 0.01548 0.427707 0 0 0.7478 0 0.01548 -0.320093 0 0.2084961 0.3204671
006 2 27 13 0.015293 0.428238 0 0 0.7478 0 0.015293 -0.319562 0 0.2126617 0.3199277
006 2 27 13 0.015103 0.428766 0 0 0.7478 0 0.015103 -0.319034 0 0.2170258 0.3193913
006 2 27 13 0.01491 0.429291 0 0 0.7478 0 0.01491 -0.318509 0 0.2211456 0.3188578
006 2 27 13 0.014713 0.429813 0 0 0.7478 0 0.014713 -0.317987 0 0.2254333 0.3183272
006 2 27 13 0.014512 0.430332 0 0 0.7478 0 0.014512 -0.317468 0 0.2295685 0.3177995
006 2 27 13 0.014308 0.430848 0 0 0.7478 0 0.014308 -0.316952 0 0.2341309 0.3172748
006 2 27 13 0.014101 0.431361 0 0 0.7478 0 0.014101 -0.316439 0 0.2383881 0.316753
006 2 27 13 0.01389 0.431871 0 0 0.7478 0 0.01389 -0.315929 0 0.2427063 0.3162342
006 2 27 13 0.013676 0.432378 0 0 0.7478 0 0.013676 -0.315422 0 0.2472229 0.3157184
006 2 27 13 0.013459 0.432881 0 0 0.7478 0 0.013459 -0.314919 0 0.2517242 0.3152065
006 2 27 13 0.013238 0.433382 0 0 0.7478 0 0.013238 -0.314418 0 0.2559052 0.3146966
006 2 27 13 0.013013 0.433879 0 0 0.7478 0 0.013013 -0.313921 0 0.2602081 0.3141906
006 2 27 13 0.012786 0.434372 0 0 0.7478 0 0.012786 -0.313428 0 0.2649536 0.3136887
006 2 27 13 0.012555 0.434862 0 0 0.7478 0 0.012555 -0.312938 0 0.2694244 0.3131897
006 2 27 13 0.012321 0.435349 0 0 0.7478 0 0.012321 -0.312451 0 0.2735291 0.3126938
006 2 27 13 0.012084 0.435832 0 0 0.7478 0 0.012084 -0.311968 0 0.2777557 0.3122019
006 2 27 13 0.011843 0.436311 0 0 0.7478 0 0.011843 -0.311489 0 0.2819366 0.3117141
006 2 27 13 0.0116 0.436787 0 0 0.7478 0 0.0116 -0.311013 0 0.286377 0.3112292
006 2 27 13 0.011353 0.437259 0 0 0.7478 0 0.011353 -0.310541 0 0.2905731 0.3107484
006 2 27 13 0.011103 0.437728 0 0 0.7478 0 0.011103 -0.310072 0 0.2947998 0.3102707
006 2 27 13 0.01085 0.438192 0 0 0.7478 0 0.01085 -0.309608 0 0.2990417 0.309798
006 2 27 13 0.010594 0.438653 0 0 0.7478 0 0.010594 -0.309147 0 0.3034821 0.3093285
006 2 27 13 0.010334 0.43911 0 0 0.7478 0 0.010334 -0.30869 0 0.3077545 0.3088629
006 2 27 13 0.010072 0.439563 0 0 0.7478 0 0.010072 -0.308237 0 0.3119659 0.3084015
006 2 27 13 0.009807 0.440012 0 0 0.7478 0 0.009807 -0.307788 0 0.3162994 0.3079442
006 2 27 13 0.009539 0.440457 0 0 0.7478 0 0.009539 -0.307343 0 0.3205261 0.307491
006 2 27 13 0.009268 0.440898 0 0 0.7478 0 0.009268 -0.306902 0 0.324646 0.3070419
006 2 27 13 0.008993 0.441335 0 0 0.7478 0 0.008993 -0.306465 0 0.3288727 0.3065969
006 2 27 13 0.008716 0.441768 0 0 0.7478 0 0.008716 -0.306032 0 0.3331299 0.3061561
006 2 27 13 0.008437 0.442197 0 0 0.7478 0 0.008437 -0.305603 0 0.3373566 0.3057194
006 2 27 13 0.008154 0.442621 0 0 0.7478 0 0.008154 -0.305179 0 0.3414917 0.3052879
006 2 27 13 0.007868 0.443041 0 0 0.7478 0 0.007868 -0.304759 0 0.3460083 0.3048605
006 2 27 13 0.00758 0.443457 0 0 0.7478 0 0.00758 -0.304343 0 0.3503113 0.3044374
006 2 27 13 0.007289 0.443869 0 0 0.7478 0 0.007289 -0.303931 0 0.354599 0.3040184
006 2 27 13 0.006995 0.444276 0 0 0.7478 0 0.006995 -0.303524 0 0.3587494 0.3036046
006 2 27 13 0.006699 0.444679 0 0 0.7478 0 0.006699 -0.303121 0 0.3628845 0.303195
006 2 27 13 0.006399 0.445077 0 0 0.7478 0 0.006399 -0.302723 0 0.3672333 0.3027906
006 2 27 13 0.006097 0.445471 0 0 0.7478 0 0.006097 -0.302329 0 0.3714905 0.3023905
006 2 27 13 0.005793 0.44586 0 0 0.7478 0 0.005793 -0.30194 0 0.3756256 0.3019956
006 2 27 13 0.005486 0.446244 0 0 0.7478 0 0.005486 -0.301556 0 0.3797607 0.3016059
006 2 27 13 0.005176 0.446624 0 0 0.7478 0 0.005176 -0.301176 0 0.3840179 0.3012204
006 2 27 13 0.004864 0.447 0 0 0.7478 0 0.004864 -0.3008 0 0.3885498 0.3008393
006 2 27 13 0.00455 0.44737 0 0 0.7478 0 0.00455 -0.30043 0 0.3926697 0.3004645
006 2 27 13 0.004233 0.447736 0 0 0.7478 0 0.004233 -0.300064 0 0.3972168 0.3000939
006 2 27 13 0.003913 0.448097 0 0 0.7478 0 0.003913 -0.299703 0 0.4017334 0.2997285
006 2 27 13 0.003592 0.448453 0 0 0.7478 0 0.003592 -0.299347 0 0.4060516 0.2993685
006 2 27 13 0.003267 0.448805 0 0 0.7478 0 0.003267 -0.298995 0 0.4101868 0.2990128
006 2 27 13 0.002941 0.449151 0 0 0.7478 0 0.002941 -0.298649 0 0.4143524 0.2986635
006 2 27 13 0.002612 0.449493 0 0 0.7478 0 0.002612 -0.298307 0 0.4190216 0.2983184
006 2 27 13 0.002281 0.44983 0 0 0.7478 0 0.002281 -0.29797 0 0.423172 0.2979787
006 2 27 13 0.001948 0.450162 0 0 0.7478 0 0.001948 -0.297638 0 0.4273682 0.2976444
006 2 27 13 0.001612 0.450488 0 0 0.7478 0 0.001612 -0.297312 0 0.431488 0.2973164
006 2 27 13 0.001274 0.45081 0 0 0.7478 0 0.001274 -0.29699 0 0.4361725 0.2969927
006 2 27 13 0.000935 0.451126 0 0 0.7478 0 0.000935 -0.296674 0 0.440918 0.2966754
006 2 27 13 0.000593 0.451438 0 0 0.7478 0 0.000593 -0.296362 0 0.4453735 0.2963626
006 2 27 13 0.000249 0.451744 0 0 0.7478 0 0.000249 -0.296056 0 0.4497833 0.2960561
006 2 27 13 -9.7E-05 0.452045 0 0 0.7478 0 -9.7E-05 -0.295755 0 0.4543915 0.295755
006 2 27 13 -0.000445 0.452341 0 0 0.7478 0 -0.000445 -0.295459 0 0.4585724 0.2954593
006 2 27 13 -0.000795 0.452632 0 0 0.7478 0 -0.000795 -0.295168 0 0.4628143 0.2951691
006 2 27 13 -0.001147 0.452917 0 0 0.7478 0 -0.001147 -0.294883 0 0.4672699 0.2948852
006 2 27 13 -0.001501 0.453198 0 0 0.7478 0 -0.001501 -0.294602 0 0.4717255 0.2946058
006 2 27 13 -0.001856 0.453472 0 0 0.7478 0 -0.001856 -0.294328 0 0.4759064 0.2943338
006 2 27 13 -0.002214 0.453742 0 0 0.7478 0 -0.002214 -0.294058 0 0.4802551 0.2940663
006 2 27 13 -0.002573 0.454006 0 0 0.7478 0 -0.002573 -0.293794 0 0.4847412 0.2938052
006 2 27 13 -0.002934 0.454265 0 0 0.7478 0 -0.002934 -0.293535 0 0.4891052 0.2935497
006 2 27 13 -0.003296 0.454518 0 0 0.7478 0 -0.003296 -0.293282 0 0.4933014 0.2933005
006 2 27 13 -0.003661 0.454766 0 0 0.7478 0 -0.003661 -0.293034 0 0.4974213 0.2930568
006 2 27 13 -0.004026 0.455008 0 0 0.7478 0 -0.004026 -0.292792 0 0.50177 0.2928197
006 2 27 13 -0.004394 0.455245 0 0 0.7478 0 -0.004394 -0.292555 0 0.506134 0.292588
006 2 27 13 -0.004763 0.455476 0 0 0.7478 0 -0.004763 -0.292324 0 0.5102844 0.2923628
006 2 27 13 -0.005134 0.455702 0 0 0.7478 0 -0.005134 -0.292098 0 0.514389 0.2921431
006 2 27 13 -0.005506 0.455922 0 0 0.7478 0 -0.005506 -0.291878 0 0.5187225 0.2919299
006 2 27 13 -0.005879 0.456137 0 0 0.7478 0 -0.005879 -0.291663 0 0.523056 0.2917222
006 2 27 13 -0.006254 0.456346 0 0 0.7478 0 -0.006254 -0.291454 0 0.5273438 0.2915211
006 2 27 13 -0.00663 0.456549 0 0 0.7478 0 -0.00663 -0.291251 0 0.5314484 0.2913264
006 2 27 13 -0.007008 0.456747 0 0 0.7478 0 -0.007008 -0.291053 0 0.5359039 0.2911373
006 2 27 13 -0.007387 0.456939 0 0 0.7478 0 -0.007387 -0.290861 0 0.5401459 0.2909548
006 2 27 13 -0.007767 0.457125 0 0 0.7478 0 -0.007767 -0.290675 0 0.5443115 0.2907787
006 2 27 13 -0.008149 0.457306 0 0 0.7478 0 -0.008149 -0.290494 0 0.5485535 0.2906083
006 2 27 13 -0.008531 0.457481 0 0 0.7478 0 -0.008531 -0.290319 0 0.5528412 0.2904443
006 2 27 13 -0.008915 0.45765 0 0 0.7478 0 -0.008915 -0.29015 0 0.5569458 0.2902869
006 2 27 13 -0.0093 0.457813 0 0 0.7478 0 -0.0093 -0.289987 0 0.5610504 0.2901361
006 2 27 13 -0.009686 0.457971 0 0 0.7478 0 -0.009686 -0.289829 0 0.5653534 0.2899908
006 2 27 13 -0.010073 0.458123 0 0 0.7478 0 -0.010073 -0.289677 0 0.5700836 0.2898521
006 2 27 13 -0.010461 0.458269 0 0 0.7478 0 -0.010461 -0.289531 0 0.574234 0.2897199
006 2 27 13 -0.01085 0.458409 0 0 0.7478 0 -0.01085 -0.289391 0 0.5783844 0.2895943
006 2 27 13 -0.01124 0.458543 0 0 0.7478 0 -0.01124 -0.289257 0 0.58255 0.2894753
006 2 27 13 -0.01163 0.458672 0 0 0.7478 0 -0.01163 -0.289128 0 0.5871277 0.2893618
006 2 27 13 -0.012022 0.458794 0 0 0.7478 0 -0.012022 -0.289006 0 0.5913086 0.2892559
006 2 27 13 -0.012414 0.458911 0 0 0.7478 0 -0.012414 -0.288889 0 0.5955505 0.2891556
006 2 27 13 -0.012807 0.459022 0 0 0.7478 0 -0.012807 -0.288778 0 0.599823 0.2890618
006 2 27 13 -0.013201 0.459127 0 0 0.7478 0 -0.013201 -0.288673 0 0.6041412 0.2889747
006 2 27 13 -0.013596 0.459226 0 0 0.7478 0 -0.013596 -0.288574 0 0.6085205 0.2888941
006 2 27 13 -0.013991 0.459319 0 0 0.7478 0 -0.013991 -0.288481 0 0.6125793 0.2888201
006 2 27 13 -0.014387 0.459406 0 0 0.7478 0 -0.014387 -0.288394 0 0.6170807 0.2887526
006 2 27 13 -0.014783 0.459488 0 0 0.7478 0 -0.014783 -0.288312 0 0.6212158 0.2886907
006 2 27 13 -0.01518 0.459563 0 0 0.7478 0 -0.01518 -0.288237 0 0.6255646 0.2886364
006 2 27 13 -0.015577 0.459632 0 0 0.7478 0 -0.015577 -0.288168 0 0.6297455 0.2885887
006 2 27 13 -0.015975 0.459695 0 0 0.7478 0 -0.015975 -0.288105 0 0.6339722 0.2885475
006 2 27 13 -0.016373 0.459753 0 0 0.7478 0 -0.016373 -0.288047 0 0.6381531 0.2885119
006 2 27 13 -0.016772 0.459804 0 0 0.7478 0 -0.016772 -0.287996 0 0.6423187 0.2884839
006 2 27 13 -0.017171 0.45985 0 0 0.7478 0 -0.017171 -0.28795 0 0.6465454 0.2884615
006 2 27 13 -0.01757 0.459889 0 0 0.7478 0 -0.01757 -0.287911 0 0.6507874 0.2884466
006 2 27 13 -0.017969 0.459923 0 0 0.7478 0 -0.017969 -0.287877 0 0.6550903 0.2884372
006 2 27 13 -0.018369 0.45995 0 0 0.7478 0 -0.018369 -0.28785 0 0.6592712 0.2884355
006 2 27 13 -0.018768 0.459972 0 0 0.7478 0 -0.018768 -0.287828 0 0.6633911 0.2884392
006 2 27 13 -0.019168 0.459987 0 0 0.7478 0 -0.019168 -0.287813 0 0.6677094 0.2884506
006 2 27 13 -0.019568 0.459997 0 0 0.7478 0 -0.019568 -0.287803 0 0.6718903 0.2884675
006 2 27 13 -0.019968 0.46 0 0 0.7478 0 -0.019968 -0.2878 0 0.6763 0.2884918
006 2 27 13 -0.020368 0.459997 0 0 0.7478 0 -0.020368 -0.287803 0 0.6805878 0.2885228
006 2 27 13 -0.020768 0.459989 0 0 0.7478 0 -0.020768 -0.287811 0 0.6854095 0.2885593
006 2 27 13 -0.021168 0.459974 0 0 0.7478 0 -0.021168 -0.287826 0 0.6902924 0.2886033
006 2 27 13 -0.021568 0.459954 0 0 0.7478 0 -0.021568 -0.287846 0 0.694458 0.2886529
006 2 27 13 -0.021967 0.459927 0 0 0.7478 0 -0.021967 -0.287873 0 0.6985626 0.2887099
006 2 27 13 -0.022367 0.459895 0 0 0.7478 0 -0.022367 -0.287905 0 0.703064 0.2887725
006 2 27 13 -0.022766 0.459856 0 0 0.7478 0 -0.022766 -0.287944 0 0.7073517 0.2888426
006 2 27 13 -0.023165 0.459812 0 0 0.7478 0 -0.023165 -0.287988 0 0.7115784 0.2889181
006 2 27 13 -0.023563 0.459761 0 0 0.7478 0 -0.023563 -0.288039 0 0.7157898 0.2890012
006 2 27 13 -0.023962 0.459705 0 0 0.7478 0 -0.023962 -0.288095 0 0.7201996 0.2890898
006 2 27 13 -0.024359 0.459643 0 0 0.7478 0 -0.024359 -0.288157 0 0.7246399 0.2891847
006 2 27 13 -0.024757 0.459574 0 0 0.7478 0 -0.024757 -0.288226 0 0.7289276 0.2892873
006 2 27 13 -0.025154 0.4595 0 0 0.7478 0 -0.025154 -0.2883 0 0.7332001 0.2893952
006 2 27 13 -0.02555 0.45942 0 0 0.7478 0 -0.02555 -0.28838 0 0.7374878 0.2895096
006 2 27 13 -0.025946 0.459333 0 0 0.7478 0 -0.025946 -0.288467 0 0.7415924 0.2896315
006 2 27 13 -0.026341 0.459241 0 0 0.7478 0 -0.026341 -0.288559 0 0.74617 0.2897588
006 2 27 13 -0.026736 0.459143 0 0 0.7478 0 -0.026736 -0.288657 0 0.7505341 0.2898925
006 2 27 13 -0.02713 0.459039 0 0 0.7478 0 -0.02713 -0.288761 0 0.7548676 0.2900327
006 2 27 13 -0.027523 0.458929 0 0 0.7478 0 -0.027523 -0.288871 0 0.7591248 0.2901792
006 2 27 13 -0.027916 0.458813 0 0 0.7478 0 -0.027916 -0.288987 0 0.7632141 0.2903322
006 2 27 13 -0.028307 0.458692 0 0 0.7478 0 -0.028307 -0.289108 0 0.7675476 0.2904905
006 2 27 13 -0.028698 0.458564 0 0 0.7478 0 -0.028698 -0.289236 0 0.7717438 0.2906562
006 2 27 13 -0.029088 0.458431 0 0 0.7478 0 -0.029088 -0.289369 0 0.7759552 0.2908273
006 2 27 13 -0.029477 0.458292 0 0 0.7478 0 -0.029477 -0.289508 0 0.7801056 0.2910047
006 2 27 13 -0.029865 0.458147 0 0 0.7478 0 -0.029865 -0.289653 0 0.7845459 0.2911886
006 2 27 13 -0.030252 0.457996 0 0 0.7478 0 -0.030252 -0.289804 0 0.7887878 0.2913787
006 2 27 13 -0.030639 0.457839 0 0 0.7478 0 -0.030639 -0.289961 0 0.7929382 0.2915752
006 2 27 13 -0.031024 0.457677 0 0 0.7478 0 -0.031024 -0.290123 0 0.7970428 0.291777
006 2 27 13 -0.031408 0.457508 0 0 0.7478 0 -0.031408 -0.290292 0 0.8016815 0.2919861
006 2 27 13 -0.03179 0.457334 0 0 0.7478 0 -0.03179 -0.290466 0 0.8059998 0.2922004
006 2 27 13 -0.032172 0.457155 0 0 0.7478 0 -0.032172 -0.290645 0 0.8101654 0.2924202
006 2 27 13 -0.032552 0.456969 0 0 0.7478 0 -0.032552 -0.290831 0 0.8144073 0.2926471
006 2 27 13 -0.032932 0.456778 0 0 0.7478 0 -0.032932 -0.291022 0 0.8187561 0.2928794
006 2 27 13 -0.033309 0.456581 0 0 0.7478 0 -0.033309 -0.291219 0 0.822998 0.2931177
006 2 27 13 -0.033686 0.456379 0 0 0.7478 0 -0.033686 -0.291421 0 0.8273163 0.2933615
006 2 27 13 -0.034061 0.456171 0 0 0.7478 0 -0.034061 -0.291629 0 0.8314667 0.2936113
006 2 27 13 -0.034435 0.455957 0 0 0.7478 0 -0.034435 -0.291843 0 0.835907 0.2938675
006 2 27 13 -0.034807 0.455738 0 0 0.7478 0 -0.034807 -0.292062 0 0.8400574 0.2941288
006 2 27 13 -0.035178 0.455513 0 0 0.7478 0 -0.035178 -0.292287 0 0.8443146 0.2943963
006 2 27 13 -0.035547 0.455282 0 0 0.7478 0 -0.035547 -0.292518 0 0.8486328 0.2946699
006 2 27 13 -0.035915 0.455046 0 0 0.7478 0 -0.035915 -0.292754 0 0.8530579 0.2949488
006 2 27 13 -0.036281 0.454805 0 0 0.7478 0 -0.036281 -0.292995 0 0.8572388 0.2952327
006 2 27 13 -0.036646 0.454558 0 0 0.7478 0 -0.036646 -0.293242 0 0.8613434 0.2955229
006 2 27 13 -0.037009 0.454305 0 0 0.7478 0 -0.037009 -0.293495 0 0.8656006 0.2958192
006 2 27 13 -0.03737 0.454048 0 0 0.7478 0 -0.03737 -0.293752 0 0.8701324 0.2961195
006 2 27 13 -0.037729 0.453784 0 0 0.7478 0 -0.037729 -0.294016 0 0.8743134 0.2964268
006 2 27 13 -0.038087 0.453516 0 0 0.7478 0 -0.038087 -0.294284 0 0.8786469 0.2967384
006 2 27 13 -0.038443 0.453242 0 0 0.7478 0 -0.038443 -0.294558 0 0.8829803 0.297056
006 2 27 13 -0.038797 0.452962 0 0 0.7478 0 -0.038797 -0.294838 0 0.8873596 0.2973796
006 2 27 13 -0.039149 0.452678 0 0 0.7478 0 -0.039149 -0.295122 0 0.89151 0.2977073
006 2 27 13 -0.039499 0.452388 0 0 0.7478 0 -0.039499 -0.295412 0 0.8957367 0.298041
006 2 27 13 -0.039848 0.452093 0 0 0.7478 0 -0.039848 -0.295707 0 0.8999023 0.2983797
006 2 27 13 -0.040194 0.451793 0 0 0.7478 0 -0.040194 -0.296007 0 0.9044952 0.2987234
006 2 27 13 -0.040538 0.451487 0 0 0.7478 0 -0.040538 -0.296313 0 0.9087219 0.2990731
006 2 27 13 -0.04088 0.451176 0 0 0.7478 0 -0.04088 -0.296624 0 0.9131775 0.2994277
006 2 27 13 -0.04122 0.450861 0 0 0.7478 0 -0.04122 -0.296939 0 0.9174805 0.2997863
006 2 27 13 -0.041558 0.45054 0 0 0.7478 0 -0.041558 -0.29726 0 0.9217987 0.3001509
006 2 27 13 -0.041894 0.450214 0 0 0.7478 0 -0.041894 -0.297586 0 0.9261169 0.3005204
006 2 27 13 -0.042228 0.449883 0 0 0.7478 0 -0.042228 -0.297917 0 0.9302063 0.3008949
006 2 27 13 -0.042559 0.449547 0 0 0.7478 0 -0.042559 -0.298253 0 0.9344635 0.3012742
006 2 27 13 -0.042889 0.449206 0 0 0.7478 0 -0.042889 -0.298594 0 0.9386597 0.3016585
006 2 27 13 -0.043215 0.44886 0 0 0.7478 0 -0.043215 -0.29894 0 0.9427795 0.3020475
006 2 27 13 -0.04354 0.44851 0 0 0.7478 0 -0.04354 -0.29929 0 0.9470673 0.3024405
006 2 27 13 -0.043862 0.448154 0 0 0.7478 0 -0.043862 -0.299646 0 0.9512787 0.3028392
006 2 27 13 -0.044182 0.447794 0 0 0.7478 0 -0.044182 -0.300006 0 0.9554901 0.3032419
006 2 27 13 -0.0445 0.447429 0 0 0.7478 0 -0.0445 -0.300371 0 0.9596863 0.3036495
006 2 27 13 -0.044814 0.447059 0 0 0.7478 0 -0.044814 -0.300741 0 0.9637756 0.3040616
006 2 27 13 -0.045127 0.446684 0 0 0.7478 0 -0.045127 -0.301116 0 0.9683228 0.3044787
006 2 27 13 -0.045437 0.446305 0 0 0.7478 0 -0.045437 -0.301495 0 0.9729614 0.3048996
006 2 27 13 -0.045744 0.445921 0 0 0.7478 0 -0.045744 -0.301879 0 0.9775848 0.3053251
006 2 27 13 -0.046049 0.445533 0 0 0.7478 0 -0.046049 -0.302267 0 0.9817505 0.3057545
006 2 27 13 -0.046351 0.44514 0 0 0.7478 0 -0.046351 -0.30266 0 0.9862061 0.3061886
006 2 27 13 -0.046651 0.444742 0 0 0.7478 0 -0.046651 -0.303058 0 0.9963837 0.3066276
006 2 27 13 -0.046948 0.44434 0 0 0.7478 0 -0.046948 -0.30346 0 1.001663 0.3070702
006 2 27 13 -0.047242 0.443934 0 0 0.7478 0 -0.047242 -0.303866 0 1.005997 0.3075164
006 2 27 13 -0.047534 0.443523 0 0 0.7478 0 -0.047534 -0.304277 0 1.010208 0.3079675
006 2 27 13 -0.047823 0.443108 0 0 0.7478 0 -0.047823 -0.304692 0 1.014511 0.3084222
006 2 27 13 -0.048109 0.442688 0 0 0.7478 0 -0.048109 -0.305112 0 1.019196 0.3088815
006 2 27 13 -0.048392 0.442265 0 0 0.7478 0 -0.048392 -0.305535 0 1.023392 0.3093435
006 2 27 13 -0.048672 0.441837 0 0 0.7478 0 -0.048672 -0.305963 0 1.027634 0.3098101
006 2 27 13 -0.04895 0.441404 0 0 0.7478 0 -0.04895 -0.306396 0 1.031769 0.3102815
006 2 27 13 -0.049224 0.440968 0 0 0.7478 0 -0.049224 -0.306832 0 1.03627 0.3107553
006 2 27 13 -0.049496 0.440528 0 0 0.7478 0 -0.049496 -0.307272 0 1.040359 0.3112329
006 2 27 13 -0.049764 0.440083 0 0 0.7478 0 -0.049764 -0.307717 0 1.044495 0.3117149
006 2 27 13 -0.05003 0.439635 0 0 0.7478 0 -0.05003 -0.308165 0 1.048828 0.3121997
006 2 27 13 -0.050293 0.439182 0 0 0.7478 0 -0.050293 -0.308618 0 1.05307 0.3126891
006 2 27 13 -0.050553 0.438726 0 0 0.7478 0 -0.050553 -0.309074 0 1.057281 0.313181
006 2 27 13 -0.050809 0.438266 0 0 0.7478 0 -0.050809 -0.309534 0 1.061432 0.3136763
006 2 27 13 -0.051063 0.437802 0 0 0.7478 0 -0.051063 -0.309998 0 1.065857 0.3141754
006 2 27 13 -0.051313 0.437334 0 0 0.7478 0 -0.051313 -0.310466 0 1.07019 0.3146779
006 2 27 13 -0.051561 0.436862 0 0 0.7478 0 -0.051561 -0.310938 0 1.074356 0.315184
006 2 27 13 -0.051805 0.436387 0 0 0.7478 0 -0.051805 -0.311413 0 1.078491 0.3156926
006 2 27 13 -0.052046 0.435908 0 0 0.7478 0 -0.052046 -0.311892 0 1.082642 0.3162047
006 2 27 13 -0.052284 0.435426 0 0 0.7478 0 -0.052284 -0.312374 0 1.087128 0.3167193
006 2 27 13 -0.052518 0.43494 0 0 0.7478 0 -0.052518 -0.31286 0 1.091293 0.3172373
006 2 27 13 -0.052749 0.43445 0 0 0.7478 0 -0.052749 -0.31335 0 1.095459 0.3177588
006 2 27 13 -0.052977 0.433957 0 0 0.7478 0 -0.052977 -0.313843 0 1.099762 0.3182829
006 2 27 13 -0.053202 0.433461 0 0 0.7478 0 -0.053202 -0.314339 0 1.103973 0.3188094
006 2 27 13 -0.053424 0.432961 0 0 0.7478 0 -0.053424 -0.314839 0 1.108276 0.3193395
006 2 27 13 -0.053642 0.432458 0 0 0.7478 0 -0.053642 -0.315342 0 1.112457 0.3198719
006 2 27 13 -0.053856 0.431952 0 0 0.7478 0 -0.053856 -0.315848 0 1.116623 0.3204066
006 2 27 13 -0.054068 0.431443 0 0 0.7478 0 -0.054068 -0.316357 0 1.120804 0.3209441
006 2 27 13 -0.054276 0.43093 0 0 0.7478 0 -0.054276 -0.31687 0 1.125 0.3214848
006 2 27 13 -0.05448 0.430414 0 0 0.7478 0 -0.05448 -0.317386 0 1.129242 0.3220278
006 2 27 13 -0.054681 0.429896 0 0 0.7478 0 -0.054681 -0.317904 0 1.133667 0.3225724
006 2 27 13 -0.054879 0.429374 0 0 0.7478 0 -0.054879 -0.318426 0 1.13797 0.3231204
006 2 27 13 -0.055073 0.428849 0 0 0.7478 0 -0.055073 -0.318951 0 1.14212 0.3236708
006 2 27 13 -0.055263 0.428322 0 0 0.7478 0 -0.055263 -0.319478 0 1.146439 0.3242224
006 2 27 13 -0.05545 0.427791 0 0 0.7478 0 -0.05545 -0.320009 0 1.150772 0.3247775
006 2 27 13 -0.055634 0.427258 0 0 0.7478 0 -0.055634 -0.320542 0 1.155518 0.3253341
006 2 27 13 -0.055814 0.426722 0 0 0.7478 0 -0.055814 -0.321078 0 1.159744 0.325893
006 2 27 13 -0.05599 0.426184 0 0 0.7478 0 -0.05599 -0.321616 0 1.163849 0.3264532
006 2 27 13 -0.056163 0.425643 0 0 0.7478 0 -0.056163 -0.322157 0 1.168381 0.3270159
006 2 27 13 -0.056332 0.425099 0 0 0.7478 0 -0.056332 -0.322701 0 1.172592 0.3275808
006 2 27 13 -0.056498 0.424553 0 0 0.7478 0 -0.056498 -0.323247 0 1.176712 0.3281473
006 2 27 13 -0.056659 0.424004 0 0 0.7478 0 -0.056659 -0.323796 0 1.18103 0.3287158
006 2 27 13 -0.056818 0.423453 0 0 0.7478 0 -0.056818 -0.324347 0 1.185959 0.329286
006 2 27 13 -0.056972 0.4229 0 0 0.7478 0 -0.056972 -0.3249 0 1.191025 0.3298572
006 2 27 13 -0.057123 0.422344 0 0 0.7478 0 -0.057123 -0.325456 0 1.195389 0.330431
006 2 27 13 -0.05727 0.421786 0 0 0.7478 0 -0.05727 -0.326014 0 1.199997 0.331006
006 2 27 13 -0.057413 0.421226 0 0 0.7478 0 -0.057413 -0.326574 0 1.20488 0.3315823
006 2 27 13 -0.057553 0.420664 0 0 0.7478 0 -0.057553 -0.327136 0 1.209213 0.3321601
006 2 27 13 -0.057689 0.420099 0 0 0.7478 0 -0.057689 -0.327701 0 1.213333 0.3327401
006 2 27 13 -0.057821 0.419533 0 0 0.7478 0 -0.057821 -0.328267 0 1.217636 0.3333204
006 2 27 13 -0.057949 0.418965 0 0 0.7478 0 -0.057949 -0.328835 0 1.221909 0.333902
006 2 27 13 -0.058074 0.418394 0 0 0.7478 0 -0.058074 -0.329406 0 1.226273 0.334486
006 2 27 13 -0.058195 0.417822 0 0 0.7478 0 -0.058195 -0.329978 0 1.230423 0.3350703
006 2 27 13 -0.058311 0.417249 0 0 0.7478 0 -0.058311 -0.330551 0 1.234711 0.3356548
006 2 27 13 -0.058425 0.416673 0 0 0.7478 0 -0.058425 -0.331127 0 1.238937 0.3362418
006 2 27 13 -0.058534 0.416096 0 0 0.7478 0 -0.058534 -0.331704 0 1.243179 0.336829
006 2 27 13 -0.058639 0.415517 0 0 0.7478 0 -0.058639 -0.332283 0 1.248291 0.3374174
006 2 27 13 -0.058741 0.414937 0 0 0.7478 0 -0.058741 -0.332863 0 1.253479 0.3380063
006 2 27 13 -0.058838 0.414355 0 0 0.7478 0 -0.058838 -0.333445 0 1.257645 0.3385963
006 2 27 13 -0.058932 0.413772 0 0 0.7478 0 -0.058932 -0.334028 0 1.262421 0.3391868
006 2 27 13 -0.059022 0.413187 0 0 0.7478 0 -0.059022 -0.334613 0 1.267014 0.3397785
006 2 27 13 -0.059108 0.412601 0 0 0.7478 0 -0.059108 -0.335199 0 1.271301 0.3403706
006 2 27 13 -0.05919 0.412014 0 0 0.7478 0 -0.05919 -0.335786 0 1.275467 0.3409629
006 2 27 13 -0.059268 0.411425 0 0 0.7478 0 -0.059268 -0.336375 0 1.279602 0.3415565
006 2 27 13 -0.059342 0.410836 0 0 0.7478 0 -0.059342 -0.336964 0 1.283966 0.3421494
006 2 27 13 -0.059413 0.410245 0 0 0.7478 0 -0.059413 -0.337555 0 1.288635 0.3427438
006 2 27 13 -0.059479 0.409653 0 0 0.7478 0 -0.059479 -0.338147 0 1.292816 0.3433382
006 2 27 13 -0.059541 0.409061 0 0 0.7478 0 -0.059541 -0.338739 0 1.29689 0.343932
006 2 27 13 -0.0596 0.408467 0 0 0.7478 0 -0.0596 -0.339333 0 1.301086 0.3445273
006 2 27 13 -0.059654 0.407873 0 0 0.7478 0 -0.059654 -0.339927 0 1.30542 0.3451217
006 2 27 13 -0.059705 0.407278 0 0 0.7478 0 -0.059705 -0.340522 0 1.309555 0.3457165
006 2 27 13 -0.059751 0.406682 0 0 0.7478 0 -0.059751 -0.341118 0 1.313751 0.3463115
006 2 27 13 -0.059794 0.406085 0 0 0.7478 0 -0.059794 -0.341715 0 1.318069 0.346907
006 2 27 13 -0.059832 0.405488 0 0 0.7478 0 -0.059832 -0.342312 0 1.322296 0.3475016
006 2 27 13 -0.059867 0.40489 0 0 0.7478 0 -0.059867 -0.34291 0 1.326569 0.3480967
006 2 27 13 -0.059898 0.404292 0 0 0.7478 0 -0.059898 -0.343508 0 1.33075 0.3486911
006 2 27 13 -0.059924 0.403693 0 0 0.7478 0 -0.059924 -0.344107 0 1.335037 0.3492857
006 2 27 13 -0.059947 0.403094 0 0 0.7478 0 -0.059947 -0.344706 0 1.339233 0.3498798
006 2 27 13 -0.059965 0.402495 0 0 0.7478 0 -0.059965 -0.345305 0 1.343445 0.350473
006 2 27 13 -0.05998 0.401895 0 0 0.7478 0 -0.05998 -0.345905 0 1.347717 0.3510667
006 2 27 13 -0.059991 0.401295 0 0 0.7478 0 -0.059991 -0.346505 0 1.35231 0.3516598
006 2 27 13 -0.059997 0.400696 0 0 0.7478 0 -0.059997 -0.347104 0 1.356491 0.3522511
006 2 27 13 -0.06 0.400096 0 0 0.7478 0 -0.06 -0.347704 0 1.36055 0.3528428
006 2 27 13 -0.059999 0.399496 0 0 0.7478 0 -0.059999 -0.348304 0 1.364609 0.3534339
006 2 27 13 -0.059993 0.398896 0 0 0.7478 0 -0.059993 -0.348904 0 1.369156 0.3540242
006 2 27 13 -0.059984 0.398296 0 0 0.7478 0 -0.059984 -0.349504 0 1.373352 0.354614
006 2 27 13 -0.059971 0.397696 0 0 0.7478 0 -0.059971 -0.350104 0 1.377502 0.3552032
006 2 27 13 -0.059953 0.397097 0 0 0.7478 0 -0.059953 -0.350703 0 1.381607 0.3557906
006 2 27 13 -0.059932 0.396498 0 0 0.7478 0 -0.059932 -0.351302 0 1.3862 0.3563775
006 2 27 13 -0.059906 0.395899 0 0 0.7478 0 -0.059906 -0.351901 0 1.390366 0.3569636
006 2 27 13 -0.059877 0.3953 0 0 0.7478 0 -0.059877 -0.3525 0 1.394562 0.3575493
006 2 27 13 -0.059844 0.394702 0 0 0.7478 0 -0.059844 -0.353098 0 1.398712 0.3581333
006 2 27 13 -0.059806 0.394105 0 0 0.7478 0 -0.059806 -0.353695 0 1.402939 0.3587156
006 2 27 13 -0.059765 0.393508 0 0 0.7478 0 -0.059765 -0.354292 0 1.407227 0.3592975
006 2 27 13 -0.05972 0.392912 0 0 0.7478 0 -0.05972 -0.354888 0 1.411362 0.3598777
006 2 27 13 -0.059671 0.392317 0 0 0.7478 0 -0.059671 -0.355483 0 1.415527 0.3604563
006 2 27 13 -0.059617 0.391722 0 0 0.7478 0 -0.059617 -0.356078 0 1.419952 0.3610342
006 2 27 13 -0.05956 0.391128 0 0 0.7478 0 -0.05956 -0.356672 0 1.424103 0.3616107
006 2 27 13 -0.059499 0.390535 0 0 0.7478 0 -0.059499 -0.357265 0 1.428314 0.3621856
006 2 27 13 -0.059434 0.389943 0 0 0.7478 0 -0.059434 -0.357857 0 1.43248 0.3627589
006 2 27 13 -0.059365 0.389352 0 0 0.7478 0 -0.059365 -0.358448 0 1.436935 0.3633307
006 2 27 13 -0.059292 0.388762 0 0 0.7478 0 -0.059292 -0.359038 0 1.44101 0.3639008
006 2 27 13 -0.059215 0.388174 0 0 0.7478 0 -0.059215 -0.359626 0 1.445328 0.3644685
006 2 27 13 -0.059134 0.387586 0 0 0.7478 0 -0.059134 -0.360214 0 1.449646 0.3650355
006 2 27 13 -0.05905 0.386999 0 0 0.7478 0 -0.05905 -0.360801 0 1.454544 0.3656012
006 2 27 13 -0.058961 0.386414 0 0 0.7478 0 -0.058961 -0.361386 0 1.458679 0.3661642
006 2 27 13 -0.058869 0.385831 0 0 0.7478 0 -0.058869 -0.361969 0 1.462784 0.3667248
006 2 27 13 -0.058772 0.385248 0 0 0.7478 0 -0.058772 -0.362552 0 1.467163 0.3672848
006 2 27 13 -0.058672 0.384668 0 0 0.7478 0 -0.058672 -0.363132 0 1.471359 0.3678413
006 2 27 13 -0.058568 0.384088 0 0 0.7478 0 -0.058568 -0.363712 0 1.475479 0.3683974
006 2 27 13 -0.05846 0.383511 0 0 0.7478 0 -0.05846 -0.364289 0 1.479645 0.3689499
006 2 27 13 -0.058348 0.382934 0 0 0.7478 0 -0.058348 -0.364866 0 1.483917 0.3695019
006 2 27 13 -0.058232 0.38236 0 0 0.7478 0 -0.058232 -0.36544 0 1.488266 0.3700505
006 2 27 13 -0.058113 0.381788 0 0 0.7478 0 -0.058113 -0.366012 0 1.492401 0.3705967
006 2 27 13 -0.057989 0.381217 0 0 0.7478 0 -0.057989 -0.366583 0 1.496475 0.3711412
006 2 27 13 -0.057862 0.380648 0 0 0.7478 0 -0.057862 -0.367152 0 1.500748 0.3716834
006 2 27 13 -0.057731 0.380081 0 0 0.7478 0 -0.057731 -0.367719 0 1.50502 0.3722232
006 2 27 13 -0.057597 0.379516 0 0 0.7478 0 -0.057597 -0.368284 0 1.509369 0.3727607
006 2 27 13 -0.057458 0.378953 0 0 0.7478 0 -0.057458 -0.368847 0 1.513458 0.3732955
006 2 27 13 -0.057316 0.378392 0 0 0.7478 0 -0.057316 -0.369408 0 1.5177 0.373828
006 2 27 13 -0.05717 0.377834 0 0 0.7478 0 -0.05717 -0.369966 0 1.52211 0.3743571
006 2 27 13 -0.057021 0.377277 0 0 0.7478 0 -0.057021 -0.370523 0 1.526428 0.3748849
006 2 27 13 -0.056867 0.376723 0 0 0.7478 0 -0.056867 -0.371077 0 1.530548 0.3754091
006 2 27 13 -0.05671 0.376171 0 0 0.7478 0 -0.05671 -0.371629 0 1.534912 0.375931
006 2 27 13 -0.056549 0.375622 0 0 0.7478 0 -0.056549 -0.372178 0 1.539032 0.3764495
006 2 27 13 -0.056385 0.375075 0 0 0.7478 0 -0.056385 -0.372725 0 1.543243 0.3769658
006 2 27 13 -0.056217 0.37453 0 0 0.7478 0 -0.056217 -0.37327 0 1.547577 0.3774796
006 2 27 13 -0.056046 0.373988 0 0 0.7478 0 -0.056046 -0.373812 0 1.551895 0.3779902
006 2 27 13 -0.05587 0.373449 0 0 0.7478 0 -0.05587 -0.374351 0 1.556091 0.3784972
006 2 27 13 -0.055692 0.372912 0 0 0.7478 0 -0.055692 -0.374888 0 1.560471 0.3790021
006 2 27 13 -0.055509 0.372378 0 0 0.7478 0 -0.055509 -0.375422 0 1.564682 0.3795035
006 2 27 13 -0.055323 0.371847 0 0 0.7478 0 -0.055323 -0.375953 0 1.569153 0.3800017
006 2 27 13 -0.055134 0.371318 0 0 0.7478 0 -0.055134 -0.376482 0 1.573578 0.3804976
006 2 27 13 -0.054941 0.370793 0 0 0.7478 0 -0.054941 -0.377007 0 1.577759 0.3809892
006 2 27 13 -0.054744 0.37027 0 0 0.7478 0 -0.054744 -0.37753 0 1.581985 0.3814784
006 2 27 13 -0.054544 0.36975 0 0 0.7478 0 -0.054544 -0.37805 0 1.586548 0.3819645
006 2 27 13 -0.054341 0.369234 0 0 0.7478 0 -0.054341 -0.378566 0 1.590683 0.3824463
006 2 27 13 -0.054134 0.36872 0 0 0.7478 0 -0.054134 -0.37908 0 1.594925 0.3829257
006 2 27 13 -0.053924 0.36821 0 0 0.7478 0 -0.053924 -0.37959 0 1.599091 0.383401
006 2 27 13 -0.05371 0.367703 0 0 0.7478 0 -0.05371 -0.380097 0 1.603333 0.383873
006 2 27 13 -0.053493 0.367199 0 0 0.7478 0 -0.053493 -0.380601 0 1.607574 0.3843418
006 2 27 13 -0.053273 0.366698 0 0 0.7478 0 -0.053273 -0.381102 0 1.611664 0.3848074
006 2 27 13 -0.053049 0.3662 0 0 0.7478 0 -0.053049 -0.3816 0 1.615921 0.3852697
006 2 27 13 -0.052822 0.365706 0 0 0.7478 0 -0.052822 -0.382094 0 1.620178 0.3857279
006 2 27 13 -0.052592 0.365216 0 0 0.7478 0 -0.052592 -0.382584 0 1.624573 0.3861819
006 2 27 13 -0.052359 0.364729 0 0 0.7478 0 -0.052359 -0.383071 0 1.62883 0.3866327
006 2 27 13 -0.052122 0.364245 0 0 0.7478 0 -0.052122 -0.383555 0 1.633102 0.3870803
006 2 27 13 -0.051882 0.363765 0 0 0.7478 0 -0.051882 -0.384035 0 1.637314 0.3875237
006 2 27 13 -0.051639 0.363289 0 0 0.7478 0 -0.051639 -0.384511 0 1.641449 0.387963
006 2 27 13 -0.051392 0.362816 0 0 0.7478 0 -0.051392 -0.384984 0 1.645691 0.388399
006 2 27 13 -0.051143 0.362347 0 0 0.7478 0 -0.051143 -0.385453 0 1.649902 0.3888311
006 2 27 13 -0.05089 0.361882 0 0 0.7478 0 -0.05089 -0.385918 0 1.65416 0.3892589
006 2 27 13 -0.050635 0.36142 0 0 0.7478 0 -0.050635 -0.38638 0 1.658295 0.3896837
006 2 27 13 -0.050376 0.360962 0 0 0.7478 0 -0.050376 -0.386838 0 1.662369 0.3901043
006 2 27 13 -0.050114 0.360509 0 0 0.7478 0 -0.050114 -0.387291 0 1.666733 0.3905198
006 2 27 13 -0.049849 0.360059 0 0 0.7478 0 -0.049849 -0.387741 0 1.671127 0.3909322
006 2 27 13 -0.049582 0.359613 0 0 0.7478 0 -0.049582 -0.388187 0 1.675934 0.3913407
006 2 27 13 -0.049311 0.359172 0 0 0.7478 0 -0.049311 -0.388628 0 1.680191 0.3917439
006 2 27 13 -0.049037 0.358734 0 0 0.7478 0 -0.049037 -0.389066 0 1.686066 0.3921441
006 2 27 13 -0.048761 0.358301 0 0 0.7478 0 -0.048761 -0.389499 0 1.692291 0.3925393
006 2 27 13 -0.048481 0.357871 0 0 0.7478 0 -0.048481 -0.389929 0 1.696426 0.3929313
006 2 27 13 -0.048199 0.357446 0 0 0.7478 0 -0.048199 -0.390354 0 1.700912 0.3933184
006 2 27 13 -0.047914 0.357025 0 0 0.7478 0 -0.047914 -0.390775 0 1.705292 0.3937015
006 2 27 13 -0.047626 0.356609 0 0 0.7478 0 -0.047626 -0.391191 0 1.709534 0.3940794
006 2 27 13 -0.047335 0.356196 0 0 0.7478 0 -0.047335 -0.391604 0 1.713715 0.3944544
006 2 27 13 -0.047042 0.355789 0 0 0.7478 0 -0.047042 -0.392011 0 1.718063 0.3948235
006 2 27 13 -0.046746 0.355385 0 0 0.7478 0 -0.046746 -0.392415 0 1.722458 0.3951895
006 2 27 13 -0.046447 0.354986 0 0 0.7478 0 -0.046447 -0.392814 0 1.726822 0.3955504
006 2 27 13 -0.046146 0.354592 0 0 0.7478 0 -0.046146 -0.393208 0 1.730911 0.3959065
006 2 27 13 -0.045842 0.354202 0 0 0.7478 0 -0.045842 -0.393598 0 1.735336 0.3962586
006 2 27 13 -0.045535 0.353817 0 0 0.7478 0 -0.045535 -0.393983 0 1.739685 0.3966056
006 2 27 13 -0.045226 0.353436 0 0 0.7478 0 -0.045226 -0.394364 0 1.743851 0.3969488
006 2 27 13 -0.044914 0.35306 0 0 0.7478 0 -0.044914 -0.39474 0 1.748199 0.397287
006 2 27 13 -0.0446 0.352688 0 0 0.7478 0 -0.0446 -0.395112 0 1.752716 0.3976212
006 2 27 13 -0.044283 0.352322 0 0 0.7478 0 -0.044283 -0.395478 0 1.756882 0.3979495
006 2 27 13 -0.043964 0.35196 0 0 0.7478 0 -0.043964 -0.39584 0 1.761047 0.3982739
006 2 27 13 -0.043643 0.351603 0 0 0.7478 0 -0.043643 -0.396197 0 1.765366 0.3985935
006 2 27 13 -0.043319 0.351251 0 0 0.7478 0 -0.043319 -0.396549 0 1.769699 0.398908
006 2 27 13 -0.042993 0.350903 0 0 0.7478 0 -0.042993 -0.396897 0 1.774078 0.3992188
006 2 27 13 -0.042665 0.350561 0 0 0.7478 0 -0.042665 -0.397239 0 1.778275 0.3995236
006 2 27 13 -0.042334 0.350223 0 0 0.7478 0 -0.042334 -0.397577 0 1.782364 0.3998245
006 2 27 13 -0.042001 0.349891 0 0 0.7478 0 -0.042001 -0.397909 0 1.787033 0.4001195
006 2 27 13 -0.041666 0.349563 0 0 0.7478 0 -0.041666 -0.398237 0 1.791229 0.4004107
006 2 27 13 -0.041328 0.349241 0 0 0.7478 0 -0.041328 -0.398559 0 1.795441 0.4006959
006 2 27 13 -0.040989 0.348924 0 0 0.7478 0 -0.040989 -0.398876 0 1.799637 0.4009765
006 2 27 13 -0.040647 0.348611 0 0 0.7478 0 -0.040647 -0.399189 0 1.80394 0.4012531
006 2 27 13 -0.040304 0.348304 0 0 0.7478 0 -0.040304 -0.399496 0 1.808197 0.4015239
006 2 27 13 -0.039958 0.348002 0 0 0.7478 0 -0.039958 -0.399798 0 1.812363 0.4017898
006 2 27 13 -0.03961 0.347705 0 0 0.7478 0 -0.03961 -0.400095 0 1.816498 0.4020509
006 2 27 13 -0.039261 0.347414 0 0 0.7478 0 -0.039261 -0.400386 0 1.820663 0.4023063
006 2 27 13 -0.038909 0.347128 0 0 0.7478 0 -0.038909 -0.400672 0 1.824768 0.4025567
006 2 27 13 -0.038556 0.346847 0 0 0.7478 0 -0.038556 -0.400953 0 1.829086 0.4028025
006 2 27 13 -0.038201 0.346571 0 0 0.7478 0 -0.038201 -0.401229 0 1.833374 0.4030434
006 2 27 13 -0.037843 0.346301 0 0 0.7478 0 -0.037843 -0.401499 0 1.837509 0.4032785
006 2 27 13 -0.037485 0.346036 0 0 0.7478 0 -0.037485 -0.401764 0 1.841873 0.4035089
006 2 27 13 -0.037124 0.345776 0 0 0.7478 0 -0.037124 -0.402024 0 1.846252 0.4037344
006 2 27 13 -0.036762 0.345522 0 0 0.7478 0 -0.036762 -0.402278 0 1.850494 0.4039542
006 2 27 13 -0.036398 0.345273 0 0 0.7478 0 -0.036398 -0.402527 0 1.854767 0.4041692
006 2 27 13 -0.036032 0.34503 0 0 0.7478 0 -0.036032 -0.40277 0 1.858917 0.4043785
006 2 27 13 -0.035665 0.344792 0 0 0.7478 0 -0.035665 -0.403008 0 1.863098 0.404583
006 2 27 13 -0.035296 0.34456 0 0 0.7478 0 -0.035296 -0.40324 0 1.867508 0.4047818
006 2 27 13 -0.034926 0.344333 0 0 0.7478 0 -0.034926 -0.403467 0 1.871857 0.4049759
006 2 27 13 -0.034554 0.344112 0 0 0.7478 0 -0.034554 -0.403688 0 1.876083 0.4051641
006 2 27 13 -0.03418 0.343897 0 0 0.7478 0 -0.03418 -0.403903 0 1.880234 0.4053466
006 2 27 13 -0.033806 0.343687 0 0 0.7478 0 -0.033806 -0.404113 0 1.884476 0.4055246
006 2 27 13 -0.03343 0.343483 0 0 0.7478 0 -0.03343 -0.404317 0 1.888763 0.4056967
006 2 27 13 -0.033052 0.343284 0 0 0.7478 0 -0.033052 -0.404516 0 1.892883 0.405864
006 2 27 13 -0.032673 0.343091 0 0 0.7478 0 -0.032673 -0.404709 0 1.897003 0.4060257
006 2 27 13 -0.032293 0.342904 0 0 0.7478 0 -0.032293 -0.404896 0 1.901215 0.4061817
006 2 27 13 -0.031912 0.342722 0 0 0.7478 0 -0.031912 -0.405078 0 1.90564 0.4063331
006 2 27 13 -0.03153 0.342547 0 0 0.7478 0 -0.03153 -0.405253 0 1.909821 0.4064777
006 2 27 13 -0.031146 0.342376 0 0 0.7478 0 -0.031146 -0.405424 0 1.914001 0.4066186
006 2 27 13 -0.030761 0.342212 0 0 0.7478 0 -0.030761 -0.405588 0 1.918396 0.4067528
006 2 27 13 -0.030376 0.342054 0 0 0.7478 0 -0.030376 -0.405746 0 1.922485 0.4068814
006 2 27 13 -0.029989 0.341901 0 0 0.7478 0 -0.029989 -0.405899 0 1.926743 0.4070053
006 2 27 13 -0.029601 0.341754 0 0 0.7478 0 -0.029601 -0.406046 0 1.930893 0.4071235
006 2 27 13 -0.029212 0.341613 0 0 0.7478 0 -0.029212 -0.406187 0 1.935226 0.4072361
006 2 27 13 -0.028822 0.341478 0 0 0.7478 0 -0.028822 -0.406322 0 1.939423 0.4073429
006 2 27 13 -0.028432 0.341348 0 0 0.7478 0 -0.028432 -0.406452 0 1.943573 0.4074452
006 2 27 13 -0.02804 0.341225 0 0 0.7478 0 -0.02804 -0.406575 0 1.947861 0.4075407
006 2 27 13 -0.027648 0.341107 0 0 0.7478 0 -0.027648 -0.406693 0 1.952179 0.4076317
006 2 27 13 -0.027255 0.340995 0 0 0.7478 0 -0.027255 -0.406805 0 1.956497 0.407717
006 2 27 13 -0.026861 0.340889 0 0 0.7478 0 -0.026861 -0.406911 0 1.960663 0.4077966
006 2 27 13 -0.026467 0.340789 0 0 0.7478 0 -0.026467 -0.407011 0 1.964783 0.4078706
006 2 27 13 -0.026072 0.340695 0 0 0.7478 0 -0.026072 -0.407105 0 1.969696 0.407939
006 2 27 13 -0.025676 0.340607 0 0 0.7478 0 -0.025676 -0.407193 0 1.973877 0.4080017
006 2 27 13 -0.02528 0.340525 0 0 0.7478 0 -0.02528 -0.407275 0 1.977997 0.4080588
006 2 27 13 -0.024883 0.340449 0 0 0.7478 0 -0.024883 -0.407351 0 1.9823 0.4081103
006 2 27 13 -0.024486 0.340379 0 0 0.7478 0 -0.024486 -0.407421 0 1.98674 0.4081561
006 2 27 13 -0.024088 0.340314 0 0 0.7478 0 -0.024088 -0.407486 0 1.990906 0.4081973
006 2 27 13 -0.02369 0.340256 0 0 0.7478 0 -0.02369 -0.407544 0 1.99501 0.4082319
006 2 27 13 -0.023292 0.340204 0 0 0.7478 0 -0.023292 -0.407596 0 1.999084 0.408261
006 2 27 13 -0.022893 0.340157 0 0 0.7478 0 -0.022893 -0.407643 0 2.003418 0.4082853
006 2 27 13 -0.022494 0.340117 0 0 0.7478 0 -0.022494 -0.407683 0 2.007675 0.4083031
006 2 27 13 -0.022095 0.340082 0 0 0.7478 0 -0.022095 -0.407718 0 2.011795 0.4083163
006 2 27 13 -0.021695 0.340054 0 0 0.7478 0 -0.021695 -0.407746 0 2.016129 0.4083228
006 2 27 13 -0.021295 0.340031 0 0 0.7478 0 -0.021295 -0.407769 0 2.020416 0.4083247
006 2 27 13 -0.020895 0.340015 0 0 0.7478 0 -0.020895 -0.407785 0 2.024628 0.40832
006 2 27 13 -0.020496 0.340005 0 0 0.7478 0 -0.020496 -0.407795 0 2.028854 0.4083097
006 2 27 13 -0.020096 0.34 0 0 0.7478 0 -0.020096 -0.4078 0 2.033081 0.4082949
006 2 27 13 -0.019696 0.340002 0 0 0.7478 0 -0.019696 -0.407798 0 2.037323 0.4082733
006 2 27 13 -0.019296 0.340009 0 0 0.7478 0 -0.019296 -0.407791 0 2.041489 0.4082473
006 2 27 13 -0.018896 0.340023 0 0 0.7478 0 -0.018896 -0.407777 0 2.045807 0.4082145
006 2 27 13 -0.018496 0.340042 0 0 0.7478 0 -0.018496 -0.407758 0 2.050003 0.4081773
006 2 27 13 -0.018096 0.340068 0 0 0.7478 0 -0.018096 -0.407732 0 2.054367 0.4081334
006 2 27 13 -0.017697 0.3401 0 0 0.7478 0 -0.017697 -0.4077 0 2.058563 0.4080839
006 2 27 13 -0.017298 0.340137 0 0 0.7478 0 -0.017298 -0.407663 0 2.062668 0.4080298
006 2 27 13 -0.016899 0.340181 0 0 0.7478 0 -0.016899 -0.407619 0 2.067047 0.4079691
006 2 27 13 -0.0165 0.34023 0 0 0.7478 0 -0.0165 -0.40757 0 2.071228 0.4079038
006 2 27 13 -0.016102 0.340286 0 0 0.7478 0 -0.016102 -0.407514 0 2.075394 0.407832
006 2 27 13 -0.015704 0.340347 0 0 0.7478 0 -0.015704 -0.407453 0 2.079514 0.4077555
006 2 27 13 -0.015306 0.340414 0 0 0.7478 0 -0.015306 -0.407386 0 2.083786 0.4076734
006 2 27 13 -0.014909 0.340488 0 0 0.7478 0 -0.014909 -0.407312 0 2.088089 0.4075848
006 2 27 13 -0.014513 0.340567 0 0 0.7478 0 -0.014513 -0.407233 0 2.092194 0.4074915
006 2 27 13 -0.014117 0.340652 0 0 0.7478 0 -0.014117 -0.407148 0 2.096344 0.4073927
006 2 27 13 -0.013722 0.340744 0 0 0.7478 0 -0.013722 -0.407056 0 2.100662 0.4072872
006 2 27 13 -0.013327 0.340841 0 0 0.7478 0 -0.013327 -0.406959 0 2.104843 0.4071772
006 2 27 13 -0.012933 0.340944 0 0 0.7478 0 -0.012933 -0.406856 0 2.109268 0.4070615
006 2 27 13 -0.01254 0.341053 0 0 0.7478 0 -0.01254 -0.406747 0 2.113434 0.4069403
006 2 27 13 -0.012147 0.341168 0 0 0.7478 0 -0.012147 -0.406632 0 2.117661 0.4068134
006 2 27 13 -0.011755 0.341288 0 0 0.7478 0 -0.011755 -0.406512 0 2.121796 0.4066819
006 2 27 13 -0.011364 0.341415 0 0 0.7478 0 -0.011364 -0.406385 0 2.126099 0.4065438
006 2 27 13 -0.010974 0.341548 0 0 0.7478 0 -0.010974 -0.406252 0 2.130219 0.4064002
006 2 27 13 -0.010585 0.341686 0 0 0.7478 0 -0.010585 -0.406114 0 2.134811 0.4062519
006 2 27 13 -0.010196 0.34183 0 0 0.7478 0 -0.010196 -0.40597 0 2.138962 0.406098
006 2 27 13 -0.009809 0.34198 0 0 0.7478 0 -0.009809 -0.40582 0 2.143097 0.4059385
006 2 27 13 -0.009423 0.342136 0 0 0.7478 0 -0.009423 -0.405664 0 2.147491 0.4057734
006 2 27 13 -0.009038 0.342297 0 0 0.7478 0 -0.009038 -0.405503 0 2.151825 0.4056037
006 2 27 13 -0.008654 0.342465 0 0 0.7478 0 -0.008654 -0.405335 0 2.156036 0.4054274
006 2 27 13 -0.008271 0.342638 0 0 0.7478 0 -0.008271 -0.405162 0 2.160172 0.4052464
006 2 27 13 -0.007889 0.342816 0 0 0.7478 0 -0.007889 -0.404984 0 2.164291 0.4050608
006 2 27 13 -0.007508 0.343001 0 0 0.7478 0 -0.007508 -0.404799 0 2.169235 0.4048686
006 2 27 13 -0.007129 0.343191 0 0 0.7478 0 -0.007129 -0.404609 0 2.173386 0.4046718
006 2 27 13 -0.006751 0.343387 0 0 0.7478 0 -0.006751 -0.404413 0 2.177582 0.4044693
006 2 27 13 -0.006374 0.343589 0 0 0.7478 0 -0.006374 -0.404211 0 2.182129 0.4042612
006 2 27 13 -0.005999 0.343796 0 0 0.7478 0 -0.005999 -0.404004 0 2.187424 0.4040485
006 2 27 13 -0.005625 0.344009 0 0 0.7478 0 -0.005625 -0.403791 0 2.192032 0.4038302
006 2 27 13 -0.005252 0.344227 0 0 0.7478 0 -0.005252 -0.403573 0 2.196854 0.4036072
006 2 27 13 -0.004881 0.344451 0 0 0.7478 0 -0.004881 -0.403349 0 2.201828 0.4033785
006 2 27 13 -0.004511 0.344681 0 0 0.7478 0 -0.004511 -0.403119 0 2.206482 0.4031442
006 2 27 13 -0.004143 0.344916 0 0 0.7478 0 -0.004143 -0.402884 0 2.210678 0.4029053
006 2 27 13 -0.003777 0.345156 0 0 0.7478 0 -0.003777 -0.402644 0 2.214798 0.4026617
006 2 27 13 -0.003412 0.345402 0 0 0.7478 0 -0.003412 -0.402398 0 2.219208 0.4024125
006 2 27 13 -0.003049 0.345654 0 0 0.7478 0 -0.003049 -0.402146 0 2.223373 0.4021575
006 2 27 13 -0.002687 0.345911 0 0 0.7478 0 -0.002687 -0.401889 0 2.227615 0.401898
006 2 27 13 -0.002328 0.346173 0 0 0.7478 0 -0.002328 -0.401627 0 2.231705 0.4016337
006 2 27 13 -0.00197 0.346441 0 0 0.7478 0 -0.00197 -0.401359 0 2.236115 0.4013638
006 2 27 13 -0.001614 0.346714 0 0 0.7478 0 -0.001614 -0.401086 0 2.240372 0.4010892
006 2 27 13 -0.001259 0.346993 0 0 0.7478 0 -0.001259 -0.400807 0 2.244537 0.400809
006 2 27 13 -0.000907 0.347276 0 0 0.7478 0 -0.000907 -0.400524 0 2.249542 0.400525
006 2 27 13 -0.000556 0.347566 0 0 0.7478 0 -0.000556 -0.400234 0 2.254379 0.4002344
006 2 27 13 -0.000208 0.34786 0 0 0.7478 0 -0.000208 -0.39994 0 2.258606 0.39994
006 2 27 13 0.000139 0.348159 0 0 0.7478 0 0.000139 -0.399641 0 2.263428 0.399641
006 2 27 13 0.000483 0.348464 0 0 0.7478 0 0.000483 -0.399336 0 2.267929 0.3993363
006 2 27 13 0.000826 0.348774 0 0 0.7478 0 0.000826 -0.399026 0 2.272217 0.3990268
006 2 27 13 0.001166 0.349089 0 0 0.7478 0 0.001166 -0.398711 0 2.276352 0.3987127
006 2 27 13 0.001505 0.349409 0 0 0.7478 0 0.001505 -0.398391 0 2.280441 0.3983938
006 2 27 13 0.001841 0.349734 0 0 0.7478 0 0.001841 -0.398066 0 2.284943 0.3980702
006 2 27 13 0.002175 0.350064 0 0 0.7478 0 0.002175 -0.397736 0 2.289291 0.3977419
006 2 27 13 0.002507 0.350399 0 0 0.7478 0 0.002507 -0.397401 0 2.293427 0.3974089
006 2 27 13 0.002836 0.350739 0 0 0.7478 0 0.002836 -0.397061 0 2.297485 0.3970711
006 2 27 13 0.003164 0.351084 0 0 0.7478 0 0.003164 -0.396716 0 2.301819 0.3967286
006 2 27 13 0.003489 0.351434 0 0 0.7478 0 0.003489 -0.396366 0 2.306137 0.3963814
006 2 27 13 0.003811 0.351789 0 0 0.7478 0 0.003811 -0.396011 0 2.310257 0.3960293
006 2 27 13 0.004131 0.352148 0 0 0.7478 0 0.004131 -0.395652 0 2.314499 0.3956735
006 2 27 13 0.004449 0.352513 0 0 0.7478 0 0.004449 -0.395287 0 2.318848 0.395312
006 2 27 13 0.004764 0.352882 0 0 0.7478 0 0.004764 -0.394918 0 2.322998 0.3949467
006 2 27 13 0.005077 0.353256 0 0 0.7478 0 0.005077 -0.394544 0 2.327301 0.3945766
006 2 27 13 0.005388 0.353634 0 0 0.7478 0 0.005388 -0.394166 0 2.331421 0.3942028
006 2 27 13 0.005696 0.354017 0 0 0.7478 0 0.005696 -0.393783 0 2.33577 0.3938242
006 2 27 13 0.006001 0.354405 0 0 0.7478 0 0.006001 -0.393395 0 2.339981 0.3934408
006 2 27 13 0.006303 0.354797 0 0 0.7478 0 0.006303 -0.393003 0 2.344269 0.3930535
006 2 27 13 0.006604 0.355194 0 0 0.7478 0 0.006604 -0.392606 0 2.348587 0.3926615
006 2 27 13 0.006901 0.355595 0 0 0.7478 0 0.006901 -0.392205 0 2.353043 0.3922657
006 2 27 13 0.007196 0.356001 0 0 0.7478 0 0.007196 -0.391799 0 2.357376 0.391865
006 2 27 13 0.007488 0.356411 0 0 0.7478 0 0.007488 -0.391389 0 2.361481 0.3914606
006 2 27 13 0.007777 0.356826 0 0 0.7478 0 0.007777 -0.390974 0 2.365814 0.3910513
006 2 27 13 0.008063 0.357245 0 0 0.7478 0 0.008063 -0.390555 0 2.370132 0.3906382
006 2 27 13 0.008347 0.357668 0 0 0.7478 0 0.008347 -0.390132 0 2.374283 0.3902213
006 2 27 13 0.008628 0.358095 0 0 0.7478 0 0.008628 -0.389705 0 2.37854 0.3898005
006 2 27 13 0.008906 0.358526 0 0 0.7478 0 0.008906 -0.389274 0 2.382721 0.3893759
006 2 27 13 0.009181 0.358962 0 0 0.7478 0 0.009181 -0.388838 0 2.387314 0.3889464
006 2 27 13 0.009453 0.359402 0 0 0.7478 0 0.009453 -0.388398 0 2.391495 0.388513
006 2 27 13 0.009722 0.359846 0 0 0.7478 0 0.009722 -0.387954 0 2.395798 0.3880758
006 2 27 13 0.009988 0.360293 0 0 0.7478 0 0.009988 -0.387507 0 2.40004 0.3876357
006 2 27 13 0.010251 0.360745 0 0 0.7478 0 0.010251 -0.387055 0 2.404251 0.3871907
006 2 27 13 0.010511 0.361201 0 0 0.7478 0 0.010511 -0.386599 0 2.408661 0.3867418
006 2 27 13 0.010769 0.361661 0 0 0.7478 0 0.010769 -0.386139 0 2.412796 0.3862891
006 2 27 13 0.011023 0.362124 0 0 0.7478 0 0.011023 -0.385676 0 2.41713 0.3858335
006 2 27 13 0.011274 0.362591 0 0 0.7478 0 0.011274 -0.385209 0 2.421326 0.385374
006 2 27 13 0.011521 0.363062 0 0 0.7478 0 0.011521 -0.384738 0 2.425583 0.3849105
006 2 27 13 0.011766 0.363537 0 0 0.7478 0 0.011766 -0.384263 0 2.429672 0.3844431
006 2 27 13 0.012008 0.364015 0 0 0.7478 0 0.012008 -0.383785 0 2.433929 0.3839728
006 2 27 13 0.012246 0.364497 0 0 0.7478 0 0.012246 -0.383303 0 2.438171 0.3834985
006 2 27 13 0.012481 0.364983 0 0 0.7478 0 0.012481 -0.382817 0 2.442307 0.3830204
006 2 27 13 0.012713 0.365471 0 0 0.7478 0 0.012713 -0.382329 0 2.446732 0.3825403
006 2 27 13 0.012941 0.365964 0 0 0.7478 0 0.012941 -0.381836 0 2.451294 0.3820552
006 2 27 13 0.013167 0.36646 0 0 0.7478 0 0.013167 -0.38134 0 2.456436 0.3815672
006 2 27 13 0.013389 0.366959 0 0 0.7478 0 0.013389 -0.380841 0 2.460785 0.3810763
006 2 27 13 0.013607 0.367461 0 0 0.7478 0 0.013607 -0.380339 0 2.464996 0.3805823
006 2 27 13 0.013822 0.367967 0 0 0.7478 0 0.013822 -0.379833 0 2.470001 0.3800844
006 2 27 13 0.014034 0.368476 0 0 0.7478 0 0.014034 -0.379324 0 2.474182 0.3795835
006 2 27 13 0.014243 0.368988 0 0 0.7478 0 0.014243 -0.378812 0 2.484512 0.3790797
006 2 27 13 0.014448 0.369503 0 0 0.7478 0 0.014448 -0.378297 0 2.489426 0.3785728
006 2 27 13 0.014649 0.370021 0 0 0.7478 0 0.014649 -0.377779 0 2.493591 0.3780629
006 2 27 13 0.014847 0.370543 0 0 0.7478 0 0.014847 -0.377257 0 2.497696 0.377549
006 2 27 13 0.015042 0.371067 0 0 0.7478 0 0.015042 -0.376733 0 2.502274 0.3770331
006 2 27 13 0.015233 0.371594 0 0 0.7478 0 0.015233 -0.376206 0 2.506622 0.3765143
006 2 27 13 0.015421 0.372124 0 0 0.7478 0 0.015421 -0.375676 0 2.510895 0.3759924
006 2 27 13 0.015605 0.372657 0 0 0.7478 0 0.015605 -0.375143 0 2.51503 0.3754674
006 2 27 13 0.015785 0.373192 0 0 0.7478 0 0.015785 -0.374608 0 2.519394 0.3749404
006 2 27 13 0.015962 0.37373 0 0 0.7478 0 0.015962 -0.37407 0 2.523621 0.3744104
006 2 27 13 0.016136 0.374271 0 0 0.7478 0 0.016136 -0.373529 0 2.528 0.3738773
006 2 27 13 0.016305 0.374814 0 0 0.7478 0 0.016305 -0.372986 0 2.532181 0.3733422
006 2 27 13 0.016471 0.37536 0 0 0.7478 0 0.016471 -0.37244 0 2.53656 0.372804
006 2 27 13 0.016634 0.375908 0 0 0.7478 0 0.016634 -0.371892 0 2.540741 0.3722638
006 2 27 13 0.016793 0.376459 0 0 0.7478 0 0.016793 -0.371341 0 2.54483 0.3717205
006 2 27 13 0.016948 0.377012 0 0 0.7478 0 0.016948 -0.370788 0 2.549149 0.3711751
006 2 27 13 0.017099 0.377567 0 0 0.7478 0 0.017099 -0.370233 0 2.553452 0.3706276
006 2 27 13 0.017247 0.378125 0 0 0.7478 0 0.017247 -0.369675 0 2.557526 0.3700771
006 2 27 13 0.017391 0.378685 0 0 0.7478 0 0.017391 -0.369115 0 2.56163 0.3695244
006 2 27 13 0.017531 0.379247 0 0 0.7478 0 0.017531 -0.368553 0 2.565918 0.3689697
006 2 27 13 0.017668 0.379811 0 0 0.7478 0 0.017668 -0.367989 0 2.570282 0.3684129
006 2 27 13 0.0178 0.380377 0 0 0.7478 0 0.0178 -0.367423 0 2.574509 0.3678539
006 2 27 13 0.017929 0.380945 0 0 0.7478 0 0.017929 -0.366855 0 2.578659 0.3672929
006 2 27 13 0.018054 0.381515 0 0 0.7478 0 0.018054 -0.366285 0 2.582947 0.3667296
006 2 27 13 0.018176 0.382086 0 0 0.7478 0 0.018176 -0.365714 0 2.587341 0.3661654
006 2 27 13 0.018293 0.38266 0 0 0.7478 0 0.018293 -0.36514 0 2.591629 0.3655979
006 2 27 13 0.018407 0.383235 0 0 0.7478 0 0.018407 -0.364565 0 2.595779 0.3650294
006 2 27 13 0.018517 0.383812 0 0 0.7478 0 0.018517 -0.363988 0 2.599976 0.3644587
006 2 27 13 0.018623 0.384391 0 0 0.7478 0 0.018623 -0.363409 0 2.604126 0.3638858
006 2 27 13 0.018725 0.384971 0 0 0.7478 0 0.018725 -0.362829 0 2.608444 0.3633119
006 2 27 13 0.018823 0.385552 0 0 0.7478 0 0.018823 -0.362248 0 2.612686 0.3627367
006 2 27 13 0.018917 0.386135 0 0 0.7478 0 0.018917 -0.361665 0 2.616913 0.3621594
006 2 27 13 0.019008 0.38672 0 0 0.7478 0 0.019008 -0.36108 0 2.621078 0.36158
006 2 27 13 0.019094 0.387306 0 0 0.7478 0 0.019094 -0.360494 0 2.625336 0.3609993
006 2 27 13 0.019177 0.387893 0 0 0.7478 0 0.019177 -0.359907 0 2.62941 0.3604175
006 2 27 13 0.019256 0.388481 0 0 0.7478 0 0.019256 -0.359319 0 2.633698 0.3598346
006 2 27 13 0.019331 0.38907 0 0 0.7478 0 0.019331 -0.35873 0 2.637909 0.3592505
006 2 27 13 0.019402 0.389661 0 0 0.7478 0 0.019402 -0.358139 0 2.642044 0.3586642
006 2 27 13 0.019469 0.390252 0 0 0.7478 0 0.019469 -0.357548 0 2.646347 0.3580777
006 2 27 13 0.019532 0.390845 0 0 0.7478 0 0.019532 -0.356955 0 2.650909 0.357489
006 2 27 13 0.019591 0.391438 0 0 0.7478 0 0.019591 -0.356362 0 2.655212 0.3569001
006 2 27 13 0.019646 0.392032 0 0 0.7478 0 0.019646 -0.355768 0 2.659409 0.35631
006 2 27 13 0.019697 0.392628 0 0 0.7478 0 0.019697 -0.355172 0 2.663605 0.3557177
006 2 27 13 0.019744 0.393223 0 0 0.7478 0 0.019744 -0.354577 0 2.66803 0.3551263
006 2 27 13 0.019787 0.39382 0 0 0.7478 0 0.019787 -0.35398 0 2.672241 0.3545326
006 2 27 13 0.019826 0.394417 0 0 0.7478 0 0.019826 -0.353383 0 2.676437 0.3539387
006 2 27 13 0.019862 0.395015 0 0 0.7478 0 0.019862 -0.352785 0 2.680725 0.3533437
006 2 27 13 0.019893 0.395613 0 0 0.7478 0 0.019893 -0.352187 0 2.685867 0.3527484
006 2 27 13 0.01992 0.396211 0 0 0.7478 0 0.01992 -0.351589 0 2.690918 0.3521529
006 2 27 13 0.019943 0.39681 0 0 0.7478 0 0.019943 -0.35099 0 2.695129 0.3515561
006 2 27 13 0.019963 0.39741 0 0 0.7478 0 0.019963 -0.35039 0 2.699432 0.3509582
006 2 27 13 0.019978 0.398009 0 0 0.7478 0 0.019978 -0.349791 0 2.703735 0.350361
006 2 27 13 0.019989 0.398609 0 0 0.7478 0 0.019989 -0.349191 0 2.708038 0.3497626
006 2 27 13 0.019997 0.399209 0 0 0.7478 0 0.019997 -0.348591 0 2.712311 0.3491641
006 2 27 13 0.02 0.399809 0 0 0.7478 0 0.02 -0.347991 0 2.716568 0.3485653
006 2 27 13 0.02 0.4 0 0 0.7478 0 0.02 -0.3478 0 2.720749 0.3483745
