006 2 26 10 0.02 0.4 0 0 0.7478 0 0.02 -0.3478 0 0 0.3483745
006 2 26 10 0.019999 0.4004 0 0 0.7478 0 0.019999 -0.3474 0 0.004348755 0.3479752
006 2 26 10 0.019996 0.4008 0 0 0.7478 0 0.019996 -0.347 0 0.008712769 0.3475756
006 2 26 10 0.019991 0.4012 0 0 0.7478 0 0.019991 -0.3466 0 0.01286316 0.347176
006 2 26 10 0.019984 0.4016 0 0 0.7478 0 0.019984 -0.3462 0 0.01716614 0.3467763
006 2 26 10 0.019975 0.401999 0 0 0.7478 0 0.019975 -0.345801 0 0.02157593 0.3463774
006 2 26 10 0.019964 0.402399 0 0 0.7478 0 0.019964 -0.345401 0 0.02693176 0.3459775
006 2 26 10 0.019951 0.402798 0 0 0.7478 0 0.019951 -0.345002 0 0.03158569 0.3455784
006 2 26 10 0.019936 0.403197 0 0 0.7478 0 0.019936 -0.344603 0 0.03604126 0.3451791
006 2 26 10 0.019919 0.403595 0 0 0.7478 0 0.019919 -0.344205 0 0.04020691 0.3447809
006 2 26 10 0.0199 0.403993 0 0 0.7478 0 0.0199 -0.343807 0 0.04447937 0.3443824
006 2 26 10 0.019879 0.404391 0 0 0.7478 0 0.019879 -0.343409 0 0.04875183 0.3439839
006 2 26 10 0.019856 0.404788 0 0 0.7478 0 0.019856 -0.343012 0 0.0531311 0.3435862
006 2 26 10 0.019831 0.405185 0 0 0.7478 0 0.019831 -0.342615 0 0.05731201 0.3431884
006 2 26 10 0.019804 0.405582 0 0 0.7478 0 0.019804 -0.342218 0 0.06169128 0.3427905
006 2 26 10 0.019775 0.405978 0 0 0.7478 0 0.019775 -0.341822 0 0.06604004 0.3423935
006 2 26 10 0.019745 0.406373 0 0 0.7478 0 0.019745 -0.341427 0 0.0703125 0.3419974
006 2 26 10 0.019712 0.406767 0 0 0.7478 0 0.019712 -0.341033 0 0.07443237 0.3416022
006 2 26 10 0.019677 0.407161 0 0 0.7478 0 0.019677 -0.340639 0 0.0786438 0.3412068
006 2 26 10 0.01964 0.407554 0 0 0.7478 0 0.01964 -0.340246 0 0.08305359 0.3408124
006 2 26 10 0.019601 0.407947 0 0 0.7478 0 0.019601 -0.339853 0 0.08746338 0.3404178
006 2 26 10 0.019561 0.408338 0 0 0.7478 0 0.019561 -0.339462 0 0.09165955 0.3400251
006 2 26 10 0.019518 0.408729 0 0 0.7478 0 0.019518 -0.339071 0 0.09577942 0.3396323
006 2 26 10 0.019473 0.409119 0 0 0.7478 0 0.019473 -0.338681 0 0.1000671 0.3392403
006 2 26 10 0.019427 0.409508 0 0 0.7478 0 0.019427 -0.338292 0 0.1048431 0.3388493
006 2 26 10 0.019378 0.409896 0 0 0.7478 0 0.019378 -0.337904 0 0.108963 0.3384592
006 2 26 10 0.019328 0.410283 0 0 0.7478 0 0.019328 -0.337517 0 0.1131134 0.3380699
006 2 26 10 0.019275 0.410669 0 0 0.7478 0 0.019275 -0.337131 0 0.1173248 0.3376816
006 2 26 10 0.019221 0.411054 0 0 0.7478 0 0.019221 -0.336746 0 0.1217194 0.3372941
006 2 26 10 0.019165 0.411438 0 0 0.7478 0 0.019165 -0.336362 0 0.1258087 0.3369075
006 2 26 10 0.019107 0.411821 0 0 0.7478 0 0.019107 -0.335979 0 0.1299744 0.3365219
006 2 26 10 0.019047 0.412202 0 0 0.7478 0 0.019047 -0.335598 0 0.1342773 0.3361381
006 2 26 10 0.018985 0.412583 0 0 0.7478 0 0.018985 -0.335217 0 0.1385193 0.3357542
006 2 26 10 0.018921 0.412962 0 0 0.7478 0 0.018921 -0.334838 0 0.142868 0.3353721
006 2 26 10 0.018855 0.413339 0 0 0.7478 0 0.018855 -0.334461 0 0.1469574 0.334992
006 2 26 10 0.018787 0.413716 0 0 0.7478 0 0.018787 -0.334084 0 0.1511841 0.3346118
006 2 26 10 0.018718 0.414091 0 0 0.7478 0 0.018718 -0.333709 0 0.155304 0.3342336
006 2 26 10 0.018647 0.414465 0 0 0.7478 0 0.018647 -0.333335 0 0.1593781 0.3338561
006 2 26 10 0.018573 0.414837 0 0 0.7478 0 0.018573 -0.332963 0 0.1636505 0.3334806
006 2 26 10 0.018498 0.415208 0 0 0.7478 0 0.018498 -0.332592 0 0.1678619 0.333106
006 2 26 10 0.018421 0.415577 0 0 0.7478 0 0.018421 -0.332223 0 0.172226 0.3327333
006 2 26 10 0.018342 0.415944 0 0 0.7478 0 0.018342 -0.331856 0 0.1763916 0.3323625
006 2 26 10 0.018262 0.41631 0 0 0.7478 0 0.018262 -0.33149 0 0.1805573 0.3319926
006 2 26 10 0.018179 0.416675 0 0 0.7478 0 0.018179 -0.331125 0 0.1850281 0.3316236
006 2 26 10 0.018095 0.417038 0 0 0.7478 0 0.018095 -0.330762 0 0.1891479 0.3312566
006 2 26 10 0.018009 0.417399 0 0 0.7478 0 0.018009 -0.330401 0 0.1934357 0.3308914
006 2 26 10 0.017921 0.417758 0 0 0.7478 0 0.017921 -0.330042 0 0.1977081 0.3305282
006 2 26 10 0.017831 0.418115 0 0 0.7478 0 0.017831 -0.329685 0 0.2027435 0.3301668
006 2 26 10 0.01774 0.418471 0 0 0.7478 0 0.01774 -0.329329 0 0.2073059 0.3298064
006 2 26 10 0.017647 0.418825 0 0 0.7478 0 0.017647 -0.328975 0 0.2115479 0.329448
006 2 26 10 0.017552 0.419177 0 0 0.7478 0 0.017552 -0.328623 0 0.2156982 0.3290914
006 2 26 10 0.017455 0.419527 0 0 0.7478 0 0.017455 -0.328273 0 0.2200012 0.3287367
006 2 26 10 0.017356 0.419875 0 0 0.7478 0 0.017356 -0.327925 0 0.2242737 0.328384
006 2 26 10 0.017256 0.420221 0 0 0.7478 0 0.017256 -0.327579 0 0.2286072 0.3280332
006 2 26 10 0.017154 0.420565 0 0 0.7478 0 0.017154 -0.327235 0 0.2328644 0.3276843
006 2 26 10 0.01705 0.420907 0 0 0.7478 0 0.01705 -0.326893 0 0.2372284 0.3273373
006 2 26 10 0.016945 0.421247 0 0 0.7478 0 0.016945 -0.326553 0 0.2415771 0.3269923
006 2 26 10 0.016838 0.421585 0 0 0.7478 0 0.016838 -0.326215 0 0.2459259 0.3266493
006 2 26 10 0.016729 0.421921 0 0 0.7478 0 0.016729 -0.325879 0 0.2502441 0.3263081
006 2 26 10 0.016619 0.422254 0 0 0.7478 0 0.016619 -0.325546 0 0.2544098 0.3259699
006 2 26 10 0.016507 0.422586 0 0 0.7478 0 0.016507 -0.325214 0 0.2585754 0.3256327
006 2 26 10 0.016393 0.422915 0 0 0.7478 0 0.016393 -0.324885 0 0.2628479 0.3252983
006 2 26 10 0.016278 0.423241 0 0 0.7478 0 0.016278 -0.324559 0 0.2669983 0.3249669
006 2 26 10 0.016161 0.423566 0 0 0.7478 0 0.016161 -0.324234 0 0.2711945 0.3246365
006 2 26 10 0.016042 0.423888 0 0 0.7478 0 0.016042 -0.323912 0 0.2752838 0.324309
006 2 26 10 0.015922 0.424207 0 0 0.7478 0 0.015922 -0.323593 0 0.2793884 0.3239845
006 2 26 10 0.0158 0.424525 0 0 0.7478 0 0.0158 -0.323275 0 0.2840576 0.3236609
006 2 26 10 0.015676 0.424839 0 0 0.7478 0 0.015676 -0.322961 0 0.288208 0.3233412
006 2 26 10 0.015551 0.425152 0 0 0.7478 0 0.015551 -0.322648 0 0.2924347 0.3230225
006 2 26 10 0.015425 0.425461 0 0 0.7478 0 0.015425 -0.322339 0 0.2966614 0.3227079
006 2 26 10 0.015297 0.425769 0 0 0.7478 0 0.015297 -0.322031 0 0.3011017 0.3223941
006 2 26 10 0.015167 0.426073 0 0 0.7478 0 0.015167 -0.321727 0 0.3055115 0.3220843
006 2 26 10 0.015036 0.426375 0 0 0.7478 0 0.015036 -0.321425 0 0.3096771 0.3217765
006 2 26 10 0.014903 0.426675 0 0 0.7478 0 0.014903 -0.321125 0 0.3138428 0.3214706
006 2 26 10 0.014769 0.426972 0 0 0.7478 0 0.014769 -0.320828 0 0.3182373 0.3211677
006 2 26 10 0.014634 0.427266 0 0 0.7478 0 0.014634 -0.320534 0 0.3226166 0.3208679
006 2 26 10 0.014497 0.427557 0 0 0.7478 0 0.014497 -0.320243 0 0.3267212 0.3205709
006 2 26 10 0.014358 0.427845 0 0 0.7478 0 0.014358 -0.319955 0 0.3309174 0.320277
006 2 26 10 0.014218 0.428131 0 0 0.7478 0 0.014218 -0.319669 0 0.3352966 0.319985
006 2 26 10 0.014077 0.428414 0 0 0.7478 0 0.014077 -0.319386 0 0.339386 0.3196961
006 2 26 10 0.013934 0.428694 0 0 0.7478 0 0.013934 -0.319106 0 0.3436279 0.3194101
006 2 26 10 0.01379 0.428971 0 0 0.7478 0 0.01379 -0.318829 0 0.3478394 0.3191271
006 2 26 10 0.013644 0.429246 0 0 0.7478 0 0.013644 -0.318554 0 0.3522339 0.318846
006 2 26 10 0.013498 0.429517 0 0 0.7478 0 0.013498 -0.318283 0 0.3626556 0.3185691
006 2 26 10 0.013349 0.429786 0 0 0.7478 0 0.013349 -0.318014 0 0.3677368 0.318294
006 2 26 10 0.0132 0.430051 0 0 0.7478 0 0.0132 -0.317749 0 0.3719788 0.3180231
006 2 26 10 0.013049 0.430314 0 0 0.7478 0 0.013049 -0.317486 0 0.3761444 0.317754
006 2 26 10 0.012897 0.430573 0 0 0.7478 0 0.012897 -0.317227 0 0.3802338 0.317489
006 2 26 10 0.012743 0.43083 0 0 0.7478 0 0.012743 -0.31697 0 0.3847656 0.3172261
006 2 26 10 0.012588 0.431083 0 0 0.7478 0 0.012588 -0.316717 0 0.3889313 0.316967
006 2 26 10 0.012432 0.431333 0 0 0.7478 0 0.012432 -0.316467 0 0.3931427 0.3167111
006 2 26 10 0.012275 0.43158 0 0 0.7478 0 0.012275 -0.31622 0 0.3972626 0.3164581
006 2 26 10 0.012116 0.431824 0 0 0.7478 0 0.012116 -0.315976 0 0.4016266 0.3162082
006 2 26 10 0.011957 0.432065 0 0 0.7478 0 0.011957 -0.315735 0 0.4058838 0.3159613
006 2 26 10 0.011796 0.432302 0 0 0.7478 0 0.011796 -0.315498 0 0.4100189 0.3157184
006 2 26 10 0.011634 0.432537 0 0 0.7478 0 0.011634 -0.315263 0 0.4141235 0.3154776
006 2 26 10 0.01147 0.432768 0 0 0.7478 0 0.01147 -0.315032 0 0.4184875 0.3152407
006 2 26 10 0.011306 0.432995 0 0 0.7478 0 0.011306 -0.314805 0 0.4228516 0.3150079
006 2 26 10 0.01114 0.43322 0 0 0.7478 0 0.01114 -0.31458 0 0.427002 0.3147772
006 2 26 10 0.010974 0.433441 0 0 0.7478 0 0.010974 -0.314359 0 0.4311981 0.3145505
006 2 26 10 0.010806 0.433659 0 0 0.7478 0 0.010806 -0.314141 0 0.4355927 0.3143268
006 2 26 10 0.010637 0.433873 0 0 0.7478 0 0.010637 -0.313927 0 0.4398041 0.3141071
006 2 26 10 0.010467 0.434084 0 0 0.7478 0 0.010467 -0.313716 0 0.4443359 0.3138905
006 2 26 10 0.010296 0.434292 0 0 0.7478 0 0.010296 -0.313508 0 0.4484711 0.313677
006 2 26 10 0.010124 0.434496 0 0 0.7478 0 0.010124 -0.313304 0 0.4527588 0.3134675
006 2 26 10 0.009951 0.434697 0 0 0.7478 0 0.009951 -0.313103 0 0.4568329 0.3132611
006 2 26 10 0.009777 0.434894 0 0 0.7478 0 0.009777 -0.312906 0 0.4611359 0.3130587
006 2 26 10 0.009602 0.435088 0 0 0.7478 0 0.009602 -0.312712 0 0.4653778 0.3128594
006 2 26 10 0.009427 0.435278 0 0 0.7478 0 0.009427 -0.312522 0 0.4698792 0.3126642
006 2 26 10 0.00925 0.435465 0 0 0.7478 0 0.00925 -0.312335 0 0.4741211 0.3124719
006 2 26 10 0.009072 0.435648 0 0 0.7478 0 0.009072 -0.312152 0 0.478241 0.3122838
006 2 26 10 0.008893 0.435828 0 0 0.7478 0 0.008893 -0.311972 0 0.4826813 0.3120987
006 2 26 10 0.008714 0.436004 0 0 0.7478 0 0.008714 -0.311796 0 0.4871216 0.3119177
006 2 26 10 0.008533 0.436176 0 0 0.7478 0 0.008533 -0.311624 0 0.491333 0.3117408
006 2 26 10 0.008352 0.436345 0 0 0.7478 0 0.008352 -0.311455 0 0.4955292 0.3115669
006 2 26 10 0.00817 0.436511 0 0 0.7478 0 0.00817 -0.311289 0 0.4999542 0.3113962
006 2 26 10 0.007987 0.436672 0 0 0.7478 0 0.007987 -0.311128 0 0.5042725 0.3112305
006 2 26 10 0.007803 0.43683 0 0 0.7478 0 0.007803 -0.31097 0 0.508316 0.3110678
006 2 26 10 0.007618 0.436984 0 0 0.7478 0 0.007618 -0.310816 0 0.5124054 0.3109093
006 2 26 10 0.007433 0.437135 0 0 0.7478 0 0.007433 -0.310665 0 0.5166473 0.3107539
006 2 26 10 0.007247 0.437282 0 0 0.7478 0 0.007247 -0.310518 0 0.520813 0.3106025
006 2 26 10 0.00706 0.437425 0 0 0.7478 0 0.00706 -0.310375 0 0.5251312 0.3104553
006 2 26 10 0.006873 0.437564 0 0 0.7478 0 0.006873 -0.310236 0 0.5293427 0.3103121
006 2 26 10 0.006685 0.4377 0 0 0.7478 0 0.006685 -0.3101 0 0.5335999 0.3101721
006 2 26 10 0.006496 0.437831 0 0 0.7478 0 0.006496 -0.309969 0 0.5378723 0.310037
006 2 26 10 0.006306 0.437959 0 0 0.7478 0 0.006306 -0.309841 0 0.5422363 0.3099051
006 2 26 10 0.006116 0.438084 0 0 0.7478 0 0.006116 -0.309716 0 0.5464325 0.3097764
006 2 26 10 0.005926 0.438204 0 0 0.7478 0 0.005926 -0.309596 0 0.5507202 0.3096527
006 2 26 10 0.005734 0.438321 0 0 0.7478 0 0.005734 -0.309479 0 0.5549469 0.3095321
006 2 26 10 0.005542 0.438433 0 0 0.7478 0 0.005542 -0.309367 0 0.5591125 0.3094167
006 2 26 10 0.00535 0.438542 0 0 0.7478 0 0.00535 -0.309258 0 0.5634003 0.3093043
006 2 26 10 0.005157 0.438647 0 0 0.7478 0 0.005157 -0.309153 0 0.5676117 0.309196
006 2 26 10 0.004964 0.438749 0 0 0.7478 0 0.004964 -0.309051 0 0.5717468 0.3090909
006 2 26 10 0.00477 0.438846 0 0 0.7478 0 0.00477 -0.308954 0 0.5758209 0.3089908
006 2 26 10 0.004575 0.438939 0 0 0.7478 0 0.004575 -0.308861 0 0.5798798 0.3088949
006 2 26 10 0.00438 0.439029 0 0 0.7478 0 0.00438 -0.308771 0 0.5841827 0.308802
006 2 26 10 0.004185 0.439115 0 0 0.7478 0 0.004185 -0.308685 0 0.5883179 0.3087133
006 2 26 10 0.003989 0.439196 0 0 0.7478 0 0.003989 -0.308604 0 0.5924225 0.3086298
006 2 26 10 0.003793 0.439274 0 0 0.7478 0 0.003793 -0.308526 0 0.5966797 0.3085493
006 2 26 10 0.003596 0.439348 0 0 0.7478 0 0.003596 -0.308452 0 0.6009827 0.3084729
006 2 26 10 0.003399 0.439418 0 0 0.7478 0 0.003399 -0.308382 0 0.6053009 0.3084007
006 2 26 10 0.003202 0.439484 0 0 0.7478 0 0.003202 -0.308316 0 0.6095276 0.3083326
006 2 26 10 0.003005 0.439546 0 0 0.7478 0 0.003005 -0.308254 0 0.6138153 0.3082686
006 2 26 10 0.002807 0.439604 0 0 0.7478 0 0.002807 -0.308196 0 0.6180878 0.3082088
006 2 26 10 0.002608 0.439658 0 0 0.7478 0 0.002608 -0.308142 0 0.6224823 0.308153
006 2 26 10 0.00241 0.439709 0 0 0.7478 0 0.00241 -0.308091 0 0.6269226 0.3081004
006 2 26 10 0.002211 0.439755 0 0 0.7478 0 0.002211 -0.308045 0 0.631073 0.3080529
006 2 26 10 0.002013 0.439797 0 0 0.7478 0 0.002013 -0.308003 0 0.6355743 0.3080096
006 2 26 10 0.001813 0.439835 0 0 0.7478 0 0.001813 -0.307965 0 0.6397705 0.3079703
006 2 26 10 0.001614 0.43987 0 0 0.7478 0 0.001614 -0.30793 0 0.6440125 0.3079342
006 2 26 10 0.001415 0.4399 0 0 0.7478 0 0.001415 -0.3079 0 0.6482086 0.3079032
006 2 26 10 0.001215 0.439926 0 0 0.7478 0 0.001215 -0.307874 0 0.652832 0.3078764
006 2 26 10 0.001015 0.439948 0 0 0.7478 0 0.001015 -0.307852 0 0.6575165 0.3078536
006 2 26 10 0.000816 0.439967 0 0 0.7478 0 0.000816 -0.307833 0 0.6623077 0.3078341
006 2 26 10 0.000616 0.439981 0 0 0.7478 0 0.000616 -0.307819 0 0.6670227 0.3078196
006 2 26 10 0.000416 0.439991 0 0 0.7478 0 0.000416 -0.307809 0 0.6715393 0.3078093
006 2 26 10 0.000216 0.439998 0 0 0.7478 0 0.000216 -0.307802 0 0.675705 0.3078021
006 2 26 10 1.6E-05 0.44 0 0 0.7478 0 1.6E-05 -0.3078 0 0.6799316 0.3078
006 2 26 10 -0.000184 0.439998 0 0 0.7478 0 -0.000184 -0.307802 0 0.6843109 0.3078021
006 2 26 10 -0.000384 0.439993 0 0 0.7478 0 -0.000384 -0.307807 0 0.6884918 0.3078072
006 2 26 10 -0.000584 0.439983 0 0 0.7478 0 -0.000584 -0.307817 0 0.6927032 0.3078175
006 2 26 10 -0.000784 0.439969 0 0 0.7478 0 -0.000784 -0.307831 0 0.6969452 0.307832
006 2 26 10 -0.000984 0.439952 0 0 0.7478 0 -0.000984 -0.307848 0 0.7016144 0.3078496
006 2 26 10 -0.001183 0.43993 0 0 0.7478 0 -0.001183 -0.30787 0 0.7067108 0.3078722
006 2 26 10 -0.001383 0.439904 0 0 0.7478 0 -0.001383 -0.307896 0 0.7109375 0.3078991
006 2 26 10 -0.001582 0.439875 0 0 0.7478 0 -0.001582 -0.307925 0 0.7150574 0.307929
006 2 26 10 -0.001782 0.439841 0 0 0.7478 0 -0.001782 -0.307959 0 0.7193909 0.3079641
006 2 26 10 -0.001981 0.439803 0 0 0.7478 0 -0.001981 -0.307997 0 0.7237549 0.3080034
006 2 26 10 -0.00218 0.439762 0 0 0.7478 0 -0.00218 -0.308038 0 0.7281799 0.3080457
006 2 26 10 -0.002378 0.439716 0 0 0.7478 0 -0.002378 -0.308084 0 0.7323761 0.3080932
006 2 26 10 -0.002577 0.439667 0 0 0.7478 0 -0.002577 -0.308133 0 0.7367401 0.3081437
006 2 26 10 -0.002775 0.439613 0 0 0.7478 0 -0.002775 -0.308187 0 0.7408905 0.3081995
006 2 26 10 -0.002973 0.439556 0 0 0.7478 0 -0.002973 -0.308244 0 0.7451172 0.3082583
006 2 26 10 -0.003171 0.439494 0 0 0.7478 0 -0.003171 -0.308306 0 0.7497101 0.3083223
006 2 26 10 -0.003368 0.439429 0 0 0.7478 0 -0.003368 -0.308371 0 0.753952 0.3083894
006 2 26 10 -0.003565 0.439359 0 0 0.7478 0 -0.003565 -0.308441 0 0.7580414 0.3084616
006 2 26 10 -0.003762 0.439286 0 0 0.7478 0 -0.003762 -0.308514 0 0.7624817 0.3085369
006 2 26 10 -0.003958 0.439209 0 0 0.7478 0 -0.003958 -0.308591 0 0.7667389 0.3086164
006 2 26 10 -0.004154 0.439128 0 0 0.7478 0 -0.004154 -0.308672 0 0.7710876 0.3086999
006 2 26 10 -0.004349 0.439043 0 0 0.7478 0 -0.004349 -0.308757 0 0.7752991 0.3087876
006 2 26 10 -0.004544 0.438954 0 0 0.7478 0 -0.004544 -0.308846 0 0.7800903 0.3088794
006 2 26 10 -0.004739 0.438861 0 0 0.7478 0 -0.004739 -0.308939 0 0.7846069 0.3089753
006 2 26 10 -0.004933 0.438764 0 0 0.7478 0 -0.004933 -0.309036 0 0.7887573 0.3090754
006 2 26 10 -0.005126 0.438664 0 0 0.7478 0 -0.005126 -0.309136 0 0.7928314 0.3091785
006 2 26 10 -0.005319 0.438559 0 0 0.7478 0 -0.005319 -0.309241 0 0.7969666 0.3092867
006 2 26 10 -0.005512 0.438451 0 0 0.7478 0 -0.005512 -0.309349 0 0.8012848 0.3093981
006 2 26 10 -0.005704 0.438339 0 0 0.7478 0 -0.005704 -0.309461 0 0.8055573 0.3095136
006 2 26 10 -0.005895 0.438223 0 0 0.7478 0 -0.005895 -0.309577 0 0.809906 0.3096331
006 2 26 10 -0.006086 0.438103 0 0 0.7478 0 -0.006086 -0.309697 0 0.8139954 0.3097568
006 2 26 10 -0.006276 0.437979 0 0 0.7478 0 -0.006276 -0.309821 0 0.8183746 0.3098845
006 2 26 10 -0.006466 0.437852 0 0 0.7478 0 -0.006466 -0.309948 0 0.8227386 0.3100154
006 2 26 10 -0.006655 0.437721 0 0 0.7478 0 -0.006655 -0.310079 0 0.826828 0.3101504
006 2 26 10 -0.006843 0.437586 0 0 0.7478 0 -0.006843 -0.310214 0 0.8309784 0.3102894
006 2 26 10 -0.007031 0.437447 0 0 0.7478 0 -0.007031 -0.310353 0 0.8353577 0.3104326
006 2 26 10 -0.007217 0.437305 0 0 0.7478 0 -0.007217 -0.310495 0 0.8395386 0.3105789
006 2 26 10 -0.007404 0.437158 0 0 0.7478 0 -0.007404 -0.310642 0 0.8439026 0.3107302
006 2 26 10 -0.007589 0.437008 0 0 0.7478 0 -0.007589 -0.310792 0 0.8480835 0.3108847
006 2 26 10 -0.007774 0.436855 0 0 0.7478 0 -0.007774 -0.310945 0 0.8527832 0.3110421
006 2 26 10 -0.007958 0.436698 0 0 0.7478 0 -0.007958 -0.311102 0 0.8573151 0.3112037
006 2 26 10 -0.008141 0.436537 0 0 0.7478 0 -0.008141 -0.311263 0 0.8616943 0.3113694
006 2 26 10 -0.008323 0.436372 0 0 0.7478 0 -0.008323 -0.311428 0 0.8659821 0.3115392
006 2 26 10 -0.008504 0.436204 0 0 0.7478 0 -0.008504 -0.311596 0 0.8702698 0.311712
006 2 26 10 -0.008685 0.436032 0 0 0.7478 0 -0.008685 -0.311768 0 0.8743439 0.3118889
006 2 26 10 -0.008865 0.435856 0 0 0.7478 0 -0.008865 -0.311944 0 0.8784943 0.3120699
006 2 26 10 -0.009044 0.435677 0 0 0.7478 0 -0.009044 -0.312123 0 0.8828278 0.312254
006 2 26 10 -0.009221 0.435494 0 0 0.7478 0 -0.009221 -0.312306 0 0.8870087 0.3124421
006 2 26 10 -0.009398 0.435308 0 0 0.7478 0 -0.009398 -0.312492 0 0.8913574 0.3126333
006 2 26 10 -0.009575 0.435119 0 0 0.7478 0 -0.009575 -0.312681 0 0.8955078 0.3128276
006 2 26 10 -0.00975 0.434925 0 0 0.7478 0 -0.00975 -0.312875 0 0.8998566 0.3130268
006 2 26 10 -0.009924 0.434729 0 0 0.7478 0 -0.009924 -0.313071 0 0.9041748 0.3132282
006 2 26 10 -0.010097 0.434528 0 0 0.7478 0 -0.010097 -0.313272 0 0.9082794 0.3134347
006 2 26 10 -0.010269 0.434325 0 0 0.7478 0 -0.010269 -0.313475 0 0.9124146 0.3136431
006 2 26 10 -0.01044 0.434118 0 0 0.7478 0 -0.01044 -0.313682 0 0.9166718 0.3138557
006 2 26 10 -0.01061 0.433907 0 0 0.7478 0 -0.01061 -0.313893 0 0.9209747 0.3140723
006 2 26 10 -0.010779 0.433693 0 0 0.7478 0 -0.010779 -0.314107 0 0.9252472 0.3142919
006 2 26 10 -0.010947 0.433476 0 0 0.7478 0 -0.010947 -0.314324 0 0.9293976 0.3145145
006 2 26 10 -0.011114 0.433255 0 0 0.7478 0 -0.011114 -0.314545 0 0.934082 0.3147413
006 2 26 10 -0.01128 0.433031 0 0 0.7478 0 -0.01128 -0.314769 0 0.9382935 0.314971
006 2 26 10 -0.011444 0.432804 0 0 0.7478 0 -0.011444 -0.314996 0 0.9426117 0.3152038
006 2 26 10 -0.011608 0.432574 0 0 0.7478 0 -0.011608 -0.315226 0 0.9467926 0.3154396
006 2 26 10 -0.01177 0.43234 0 0 0.7478 0 -0.01177 -0.31546 0 0.9512024 0.3156795
006 2 26 10 -0.011931 0.432103 0 0 0.7478 0 -0.011931 -0.315697 0 0.9553986 0.3159223
006 2 26 10 -0.012091 0.431863 0 0 0.7478 0 -0.012091 -0.315937 0 0.9596405 0.3161682
006 2 26 10 -0.01225 0.431619 0 0 0.7478 0 -0.01225 -0.316181 0 0.9642181 0.3164182
006 2 26 10 -0.012407 0.431373 0 0 0.7478 0 -0.012407 -0.316427 0 0.9685974 0.3166701
006 2 26 10 -0.012563 0.431123 0 0 0.7478 0 -0.012563 -0.316677 0 0.9727936 0.3169261
006 2 26 10 -0.012718 0.43087 0 0 0.7478 0 -0.012718 -0.31693 0 0.9770203 0.3171851
006 2 26 10 -0.012872 0.430614 0 0 0.7478 0 -0.012872 -0.317186 0 0.9811554 0.3174471
006 2 26 10 -0.013025 0.430355 0 0 0.7478 0 -0.013025 -0.317445 0 0.9857635 0.3177121
006 2 26 10 -0.013176 0.430093 0 0 0.7478 0 -0.013176 -0.317707 0 0.9898834 0.3179801
006 2 26 10 -0.013326 0.429828 0 0 0.7478 0 -0.013326 -0.317972 0 0.9941559 0.3182511
006 2 26 10 -0.013474 0.42956 0 0 0.7478 0 -0.013474 -0.31824 0 0.9982605 0.3185251
006 2 26 10 -0.013621 0.429289 0 0 0.7478 0 -0.013621 -0.318511 0 1.002869 0.3188021
006 2 26 10 -0.013767 0.429015 0 0 0.7478 0 -0.013767 -0.318785 0 1.006989 0.3190821
006 2 26 10 -0.013911 0.428739 0 0 0.7478 0 -0.013911 -0.319061 0 1.011078 0.3193641
006 2 26 10 -0.014054 0.428459 0 0 0.7478 0 -0.014054 -0.319341 0 1.015259 0.3196501
006 2 26 10 -0.014196 0.428176 0 0 0.7478 0 -0.014196 -0.319624 0 1.019592 0.3199391
006 2 26 10 -0.014336 0.427891 0 0 0.7478 0 -0.014336 -0.319909 0 1.023895 0.32023
006 2 26 10 -0.014475 0.427603 0 0 0.7478 0 -0.014475 -0.320197 0 1.028 0.320524
006 2 26 10 -0.014612 0.427312 0 0 0.7478 0 -0.014612 -0.320488 0 1.032272 0.3208209
006 2 26 10 -0.014748 0.427019 0 0 0.7478 0 -0.014748 -0.320781 0 1.036819 0.3211198
006 2 26 10 -0.014882 0.426722 0 0 0.7478 0 -0.014882 -0.321078 0 1.041031 0.3214227
006 2 26 10 -0.015015 0.426423 0 0 0.7478 0 -0.015015 -0.321377 0 1.045288 0.3217275
006 2 26 10 -0.015146 0.426122 0 0 0.7478 0 -0.015146 -0.321678 0 1.049515 0.3220344
006 2 26 10 -0.015276 0.425817 0 0 0.7478 0 -0.015276 -0.321983 0 1.053864 0.3223451
006 2 26 10 -0.015405 0.425511 0 0 0.7478 0 -0.015405 -0.322289 0 1.057999 0.322657
006 2 26 10 -0.015531 0.425201 0 0 0.7478 0 -0.015531 -0.322599 0 1.062271 0.3229726
006 2 26 10 -0.015657 0.424889 0 0 0.7478 0 -0.015657 -0.322911 0 1.066742 0.3232903
006 2 26 10 -0.01578 0.424575 0 0 0.7478 0 -0.01578 -0.323225 0 1.07106 0.3236099
006 2 26 10 -0.015902 0.424258 0 0 0.7478 0 -0.015902 -0.323542 0 1.07518 0.3239326
006 2 26 10 -0.016023 0.423939 0 0 0.7478 0 -0.016023 -0.323861 0 1.079254 0.3242571
006 2 26 10 -0.016142 0.423617 0 0 0.7478 0 -0.016142 -0.324183 0 1.08371 0.3245846
006 2 26 10 -0.016259 0.423293 0 0 0.7478 0 -0.016259 -0.324507 0 1.087982 0.3249141
006 2 26 10 -0.016375 0.422967 0 0 0.7478 0 -0.016375 -0.324833 0 1.092133 0.3252454
006 2 26 10 -0.016489 0.422638 0 0 0.7478 0 -0.016489 -0.325162 0 1.096298 0.3255798
006 2 26 10 -0.016601 0.422307 0 0 0.7478 0 -0.016601 -0.325493 0 1.100662 0.3259161
006 2 26 10 -0.016712 0.421974 0 0 0.7478 0 -0.016712 -0.325826 0 1.105042 0.3262543
006 2 26 10 -0.016821 0.421639 0 0 0.7478 0 -0.016821 -0.326161 0 1.109177 0.3265945
006 2 26 10 -0.016928 0.421301 0 0 0.7478 0 -0.016928 -0.326499 0 1.113541 0.3269375
006 2 26 10 -0.017034 0.420962 0 0 0.7478 0 -0.017034 -0.326838 0 1.117859 0.3272816
006 2 26 10 -0.017138 0.42062 0 0 0.7478 0 -0.017138 -0.32718 0 1.122192 0.3276286
006 2 26 10 -0.01724 0.420276 0 0 0.7478 0 -0.01724 -0.327524 0 1.126358 0.3279774
006 2 26 10 -0.017341 0.41993 0 0 0.7478 0 -0.017341 -0.32787 0 1.130447 0.3283283
006 2 26 10 -0.017439 0.419583 0 0 0.7478 0 -0.017439 -0.328217 0 1.134781 0.32868
006 2 26 10 -0.017536 0.419233 0 0 0.7478 0 -0.017536 -0.328567 0 1.138977 0.3290346
006 2 26 10 -0.017632 0.418881 0 0 0.7478 0 -0.017632 -0.328919 0 1.143311 0.3293912
006 2 26 10 -0.017725 0.418528 0 0 0.7478 0 -0.017725 -0.329272 0 1.147415 0.3297487
006 2 26 10 -0.017817 0.418172 0 0 0.7478 0 -0.017817 -0.329628 0 1.152023 0.3301091
006 2 26 10 -0.017907 0.417815 0 0 0.7478 0 -0.017907 -0.329985 0 1.156189 0.3304705
006 2 26 10 -0.017995 0.417456 0 0 0.7478 0 -0.017995 -0.330344 0 1.160294 0.3308338
006 2 26 10 -0.018081 0.417095 0 0 0.7478 0 -0.018081 -0.330705 0 1.164566 0.3311989
006 2 26 10 -0.018166 0.416733 0 0 0.7478 0 -0.018166 -0.331067 0 1.168961 0.331565
006 2 26 10 -0.018249 0.416369 0 0 0.7478 0 -0.018249 -0.331431 0 1.173126 0.331933
006 2 26 10 -0.01833 0.416003 0 0 0.7478 0 -0.01833 -0.331797 0 1.177231 0.3323029
006 2 26 10 -0.018409 0.415635 0 0 0.7478 0 -0.018409 -0.332165 0 1.181564 0.3326747
006 2 26 10 -0.018486 0.415266 0 0 0.7478 0 -0.018486 -0.332534 0 1.186066 0.3330474
006 2 26 10 -0.018561 0.414896 0 0 0.7478 0 -0.018561 -0.332904 0 1.190216 0.333421
006 2 26 10 -0.018635 0.414524 0 0 0.7478 0 -0.018635 -0.333276 0 1.194382 0.3337966
006 2 26 10 -0.018707 0.414151 0 0 0.7478 0 -0.018707 -0.333649 0 1.198837 0.334173
006 2 26 10 -0.018777 0.413776 0 0 0.7478 0 -0.018777 -0.334024 0 1.204178 0.3345513
006 2 26 10 -0.018844 0.4134 0 0 0.7478 0 -0.018844 -0.3344 0 1.208878 0.3349305
006 2 26 10 -0.018911 0.413022 0 0 0.7478 0 -0.018911 -0.334778 0 1.212967 0.3353117
006 2 26 10 -0.018975 0.412643 0 0 0.7478 0 -0.018975 -0.335157 0 1.217361 0.3356937
006 2 26 10 -0.019037 0.412263 0 0 0.7478 0 -0.019037 -0.335537 0 1.221878 0.3360766
006 2 26 10 -0.019097 0.411882 0 0 0.7478 0 -0.019097 -0.335918 0 1.226089 0.3364604
006 2 26 10 -0.019156 0.411499 0 0 0.7478 0 -0.019156 -0.336301 0 1.230164 0.3368461
006 2 26 10 -0.019212 0.411115 0 0 0.7478 0 -0.019212 -0.336685 0 1.234375 0.3372327
006 2 26 10 -0.019267 0.410731 0 0 0.7478 0 -0.019267 -0.337069 0 1.238571 0.3376192
006 2 26 10 -0.01932 0.410345 0 0 0.7478 0 -0.01932 -0.337455 0 1.242874 0.3380076
006 2 26 10 -0.01937 0.409958 0 0 0.7478 0 -0.01937 -0.337842 0 1.247055 0.3383968
006 2 26 10 -0.019419 0.40957 0 0 0.7478 0 -0.019419 -0.33823 0 1.251297 0.338787
006 2 26 10 -0.019466 0.409181 0 0 0.7478 0 -0.019466 -0.338619 0 1.255707 0.3391781
006 2 26 10 -0.019511 0.408791 0 0 0.7478 0 -0.019511 -0.339009 0 1.259872 0.33957
006 2 26 10 -0.019554 0.408401 0 0 0.7478 0 -0.019554 -0.339399 0 1.26416 0.3399618
006 2 26 10 -0.019595 0.408009 0 0 0.7478 0 -0.019595 -0.339791 0 1.268616 0.3403555
006 2 26 10 -0.019634 0.407617 0 0 0.7478 0 -0.019634 -0.340183 0 1.272827 0.3407491
006 2 26 10 -0.019671 0.407224 0 0 0.7478 0 -0.019671 -0.340576 0 1.276932 0.3411436
006 2 26 10 -0.019706 0.40683 0 0 0.7478 0 -0.019706 -0.34097 0 1.281204 0.3415389
006 2 26 10 -0.019739 0.406436 0 0 0.7478 0 -0.019739 -0.341364 0 1.285736 0.3419342
006 2 26 10 -0.019771 0.406041 0 0 0.7478 0 -0.019771 -0.341759 0 1.289902 0.3423304
006 2 26 10 -0.0198 0.405645 0 0 0.7478 0 -0.0198 -0.342155 0 1.294022 0.3427274
006 2 26 10 -0.019827 0.405249 0 0 0.7478 0 -0.019827 -0.342551 0 1.298203 0.3431243
006 2 26 10 -0.019852 0.404852 0 0 0.7478 0 -0.019852 -0.342948 0 1.302704 0.3435221
006 2 26 10 -0.019876 0.404454 0 0 0.7478 0 -0.019876 -0.343346 0 1.306854 0.3439208
006 2 26 10 -0.019897 0.404057 0 0 0.7478 0 -0.019897 -0.343743 0 1.31102 0.3443184
006 2 26 10 -0.019916 0.403659 0 0 0.7478 0 -0.019916 -0.344141 0 1.315216 0.3447168
006 2 26 10 -0.019933 0.40326 0 0 0.7478 0 -0.019933 -0.34454 0 1.319656 0.3451161
006 2 26 10 -0.019949 0.402861 0 0 0.7478 0 -0.019949 -0.344939 0 1.323929 0.3455154
006 2 26 10 -0.019962 0.402462 0 0 0.7478 0 -0.019962 -0.345338 0 1.328201 0.3459145
006 2 26 10 -0.019973 0.402063 0 0 0.7478 0 -0.019973 -0.345737 0 1.332489 0.3463134
006 2 26 10 -0.019983 0.401663 0 0 0.7478 0 -0.019983 -0.346137 0 1.336914 0.3467133
006 2 26 10 -0.01999 0.401263 0 0 0.7478 0 -0.01999 -0.346537 0 1.341095 0.3471131
006 2 26 10 -0.019995 0.400864 0 0 0.7478 0 -0.019995 -0.346936 0 1.345413 0.3475117
006 2 26 10 -0.019999 0.400464 0 0 0.7478 0 -0.019999 -0.347336 0 1.349777 0.3479113
006 2 26 10 -0.02 0.400064 0 0 0.7478 0 -0.02 -0.347736 0 1.354477 0.3483107
006 2 26 10 -0.019999 0.399664 0 0 0.7478 0 -0.019999 -0.348136 0 1.358612 0.3487099
006 2 26 10 -0.019997 0.399264 0 0 0.7478 0 -0.019997 -0.348536 0 1.362946 0.3491092
006 2 26 10 -0.019992 0.398864 0 0 0.7478 0 -0.019992 -0.348936 0 1.367264 0.3495082
006 2 26 10 -0.019985 0.398464 0 0 0.7478 0 -0.019985 -0.349336 0 1.371445 0.3499072
006 2 26 10 -0.019977 0.398064 0 0 0.7478 0 -0.019977 -0.349736 0 1.375534 0.3503061
006 2 26 10 -0.019966 0.397665 0 0 0.7478 0 -0.019966 -0.350135 0 1.379654 0.3507038
006 2 26 10 -0.019953 0.397266 0 0 0.7478 0 -0.019953 -0.350534 0 1.384247 0.3511014
006 2 26 10 -0.019939 0.396867 0 0 0.7478 0 -0.019939 -0.350933 0 1.388428 0.351499
006 2 26 10 -0.019922 0.396468 0 0 0.7478 0 -0.019922 -0.351332 0 1.392685 0.3518964
006 2 26 10 -0.019903 0.39607 0 0 0.7478 0 -0.019903 -0.35173 0 1.396927 0.3522927
006 2 26 10 -0.019883 0.395672 0 0 0.7478 0 -0.019883 -0.352128 0 1.40123 0.3526889
006 2 26 10 -0.01986 0.395275 0 0 0.7478 0 -0.01986 -0.352525 0 1.405716 0.353084
006 2 26 10 -0.019835 0.394878 0 0 0.7478 0 -0.019835 -0.352922 0 1.409805 0.3534789
006 2 26 10 -0.019809 0.394481 0 0 0.7478 0 -0.019809 -0.353319 0 1.413895 0.3538738
006 2 26 10 -0.01978 0.394085 0 0 0.7478 0 -0.01978 -0.353715 0 1.418121 0.3542676
006 2 26 10 -0.01975 0.39369 0 0 0.7478 0 -0.01975 -0.35411 0 1.422409 0.3546603
006 2 26 10 -0.019717 0.393296 0 0 0.7478 0 -0.019717 -0.354504 0 1.426559 0.3550519
006 2 26 10 -0.019683 0.392902 0 0 0.7478 0 -0.019683 -0.354898 0 1.430847 0.3554434
006 2 26 10 -0.019646 0.392508 0 0 0.7478 0 -0.019646 -0.355292 0 1.435181 0.3558348
006 2 26 10 -0.019608 0.392116 0 0 0.7478 0 -0.019608 -0.355684 0 1.439407 0.356224
006 2 26 10 -0.019567 0.391724 0 0 0.7478 0 -0.019567 -0.356076 0 1.444 0.3566132
006 2 26 10 -0.019525 0.391333 0 0 0.7478 0 -0.019525 -0.356467 0 1.448425 0.3570013
006 2 26 10 -0.019481 0.390943 0 0 0.7478 0 -0.019481 -0.356857 0 1.452774 0.3573883
006 2 26 10 -0.019434 0.390554 0 0 0.7478 0 -0.019434 -0.357246 0 1.457108 0.3577742
006 2 26 10 -0.019386 0.390166 0 0 0.7478 0 -0.019386 -0.357634 0 1.461273 0.358159
006 2 26 10 -0.019336 0.389778 0 0 0.7478 0 -0.019336 -0.358022 0 1.465652 0.3585438
006 2 26 10 -0.019284 0.389392 0 0 0.7478 0 -0.019284 -0.358408 0 1.470062 0.3589264
006 2 26 10 -0.01923 0.389007 0 0 0.7478 0 -0.01923 -0.358793 0 1.474167 0.3593079
006 2 26 10 -0.019174 0.388623 0 0 0.7478 0 -0.019174 -0.359177 0 1.478333 0.3596884
006 2 26 10 -0.019116 0.38824 0 0 0.7478 0 -0.019116 -0.35956 0 1.482681 0.3600678
006 2 26 10 -0.019056 0.387858 0 0 0.7478 0 -0.019056 -0.359942 0 1.486893 0.3604461
006 2 26 10 -0.018995 0.387478 0 0 0.7478 0 -0.018995 -0.360322 0 1.490982 0.3608223
006 2 26 10 -0.018931 0.387099 0 0 0.7478 0 -0.018931 -0.360701 0 1.495178 0.3611974
006 2 26 10 -0.018866 0.386721 0 0 0.7478 0 -0.018866 -0.361079 0 1.499435 0.3615715
006 2 26 10 -0.018798 0.386344 0 0 0.7478 0 -0.018798 -0.361456 0 1.503738 0.3619444
006 2 26 10 -0.018729 0.385969 0 0 0.7478 0 -0.018729 -0.361831 0 1.507828 0.3623154
006 2 26 10 -0.018658 0.385595 0 0 0.7478 0 -0.018658 -0.362205 0 1.511978 0.3626852
006 2 26 10 -0.018585 0.385222 0 0 0.7478 0 -0.018585 -0.362578 0 1.516205 0.363054
006 2 26 10 -0.01851 0.384851 0 0 0.7478 0 -0.01851 -0.362949 0 1.52066 0.3634207
006 2 26 10 -0.018434 0.384482 0 0 0.7478 0 -0.018434 -0.363318 0 1.524979 0.3637854
006 2 26 10 -0.018355 0.384114 0 0 0.7478 0 -0.018355 -0.363686 0 1.529388 0.3641489
006 2 26 10 -0.018275 0.383748 0 0 0.7478 0 -0.018275 -0.364052 0 1.533951 0.3645104
006 2 26 10 -0.018193 0.383383 0 0 0.7478 0 -0.018193 -0.364417 0 1.5383 0.3648708
006 2 26 10 -0.018109 0.38302 0 0 0.7478 0 -0.018109 -0.36478 0 1.54277 0.3652292
006 2 26 10 -0.018023 0.382659 0 0 0.7478 0 -0.018023 -0.365141 0 1.547028 0.3655855
006 2 26 10 -0.017935 0.382299 0 0 0.7478 0 -0.017935 -0.365501 0 1.551483 0.3659407
006 2 26 10 -0.017846 0.381941 0 0 0.7478 0 -0.017846 -0.365859 0 1.555847 0.366294
006 2 26 10 -0.017755 0.381585 0 0 0.7478 0 -0.017755 -0.366215 0 1.559998 0.3666452
006 2 26 10 -0.017662 0.381231 0 0 0.7478 0 -0.017662 -0.366569 0 1.564301 0.3669942
006 2 26 10 -0.017567 0.380879 0 0 0.7478 0 -0.017567 -0.366921 0 1.568787 0.3673413
006 2 26 10 -0.01747 0.380529 0 0 0.7478 0 -0.01747 -0.367271 0 1.572891 0.3676862
006 2 26 10 -0.017372 0.38018 0 0 0.7478 0 -0.017372 -0.36762 0 1.577072 0.3680302
006 2 26 10 -0.017272 0.379834 0 0 0.7478 0 -0.017272 -0.367966 0 1.581223 0.3683711
006 2 26 10 -0.017171 0.379489 0 0 0.7478 0 -0.017171 -0.368311 0 1.5858 0.368711
006 2 26 10 -0.017067 0.379147 0 0 0.7478 0 -0.017067 -0.368653 0 1.589966 0.3690479
006 2 26 10 -0.016962 0.378807 0 0 0.7478 0 -0.016962 -0.368993 0 1.594208 0.3693826
006 2 26 10 -0.016855 0.378468 0 0 0.7478 0 -0.016855 -0.369332 0 1.598297 0.3697164
006 2 26 10 -0.016747 0.378132 0 0 0.7478 0 -0.016747 -0.369668 0 1.602951 0.3700471
006 2 26 10 -0.016637 0.377799 0 0 0.7478 0 -0.016637 -0.370001 0 1.607178 0.3703749
006 2 26 10 -0.016525 0.377467 0 0 0.7478 0 -0.016525 -0.370333 0 1.611343 0.3707015
006 2 26 10 -0.016411 0.377138 0 0 0.7478 0 -0.016411 -0.370662 0 1.615845 0.3710251
006 2 26 10 -0.016296 0.37681 0 0 0.7478 0 -0.016296 -0.37099 0 1.620331 0.3713477
006 2 26 10 -0.016179 0.376486 0 0 0.7478 0 -0.016179 -0.371314 0 1.62468 0.3716663
006 2 26 10 -0.016061 0.376163 0 0 0.7478 0 -0.016061 -0.371637 0 1.62883 0.3719839
006 2 26 10 -0.015941 0.375843 0 0 0.7478 0 -0.015941 -0.371957 0 1.63298 0.3722984
006 2 26 10 -0.015819 0.375526 0 0 0.7478 0 -0.015819 -0.372274 0 1.637222 0.3726099
006 2 26 10 -0.015696 0.375211 0 0 0.7478 0 -0.015696 -0.372589 0 1.641388 0.3729194
006 2 26 10 -0.015571 0.374898 0 0 0.7478 0 -0.015571 -0.372902 0 1.645676 0.3732269
006 2 26 10 -0.015445 0.374588 0 0 0.7478 0 -0.015445 -0.373212 0 1.649933 0.3735314
006 2 26 10 -0.015317 0.37428 0 0 0.7478 0 -0.015317 -0.37352 0 1.654083 0.3738339
006 2 26 10 -0.015188 0.373975 0 0 0.7478 0 -0.015188 -0.373825 0 1.658173 0.3741334
006 2 26 10 -0.015057 0.373673 0 0 0.7478 0 -0.015057 -0.374127 0 1.662476 0.3744299
006 2 26 10 -0.014925 0.373373 0 0 0.7478 0 -0.014925 -0.374427 0 1.666656 0.3747243
006 2 26 10 -0.014791 0.373076 0 0 0.7478 0 -0.014791 -0.374724 0 1.670883 0.3750158
006 2 26 10 -0.014655 0.372781 0 0 0.7478 0 -0.014655 -0.375019 0 1.675034 0.3753052
006 2 26 10 -0.014519 0.372489 0 0 0.7478 0 -0.014519 -0.375311 0 1.679108 0.3755917
006 2 26 10 -0.01438 0.3722 0 0 0.7478 0 -0.01438 -0.3756 0 1.683533 0.3758751
006 2 26 10 -0.014241 0.371914 0 0 0.7478 0 -0.014241 -0.375886 0 1.687836 0.3761557
006 2 26 10 -0.0141 0.371631 0 0 0.7478 0 -0.0141 -0.376169 0 1.691971 0.3764332
006 2 26 10 -0.013957 0.37135 0 0 0.7478 0 -0.013957 -0.37645 0 1.69635 0.3767087
006 2 26 10 -0.013813 0.371072 0 0 0.7478 0 -0.013813 -0.376728 0 1.70105 0.3769811
006 2 26 10 -0.013668 0.370798 0 0 0.7478 0 -0.013668 -0.377002 0 1.705719 0.3772497
006 2 26 10 -0.013521 0.370526 0 0 0.7478 0 -0.013521 -0.377274 0 1.709824 0.3775162
006 2 26 10 -0.013373 0.370257 0 0 0.7478 0 -0.013373 -0.377543 0 1.713928 0.3777798
006 2 26 10 -0.013224 0.369991 0 0 0.7478 0 -0.013224 -0.377809 0 1.718262 0.3780403
006 2 26 10 -0.013073 0.369728 0 0 0.7478 0 -0.013073 -0.378072 0 1.722839 0.378298
006 2 26 10 -0.012921 0.369468 0 0 0.7478 0 -0.012921 -0.378332 0 1.727005 0.3785526
006 2 26 10 -0.012768 0.369211 0 0 0.7478 0 -0.012768 -0.378589 0 1.731094 0.3788042
006 2 26 10 -0.012613 0.368957 0 0 0.7478 0 -0.012613 -0.378843 0 1.735443 0.3790529
006 2 26 10 -0.012457 0.368707 0 0 0.7478 0 -0.012457 -0.379093 0 1.7397 0.3792976
006 2 26 10 -0.0123 0.368459 0 0 0.7478 0 -0.0123 -0.379341 0 1.743973 0.3795403
006 2 26 10 -0.012142 0.368215 0 0 0.7478 0 -0.012142 -0.379585 0 1.748077 0.3797791
006 2 26 10 -0.011982 0.367973 0 0 0.7478 0 -0.011982 -0.379827 0 1.75322 0.3800159
006 2 26 10 -0.011821 0.367735 0 0 0.7478 0 -0.011821 -0.380065 0 1.757523 0.3802488
006 2 26 10 -0.01166 0.3675 0 0 0.7478 0 -0.01166 -0.3803 0 1.761887 0.3804787
006 2 26 10 -0.011496 0.367269 0 0 0.7478 0 -0.011496 -0.380531 0 1.766602 0.3807046
006 2 26 10 -0.011332 0.367041 0 0 0.7478 0 -0.011332 -0.380759 0 1.770737 0.3809276
006 2 26 10 -0.011167 0.366816 0 0 0.7478 0 -0.011167 -0.380984 0 1.774796 0.3811476
006 2 26 10 -0.011 0.366594 0 0 0.7478 0 -0.011 -0.381206 0 1.779419 0.3813646
006 2 26 10 -0.010833 0.366376 0 0 0.7478 0 -0.010833 -0.381424 0 1.783905 0.3815778
006 2 26 10 -0.010664 0.366161 0 0 0.7478 0 -0.010664 -0.381639 0 1.788071 0.3817879
006 2 26 10 -0.010494 0.365949 0 0 0.7478 0 -0.010494 -0.381851 0 1.792282 0.3819952
006 2 26 10 -0.010324 0.365741 0 0 0.7478 0 -0.010324 -0.382059 0 1.796417 0.3821985
006 2 26 10 -0.010152 0.365536 0 0 0.7478 0 -0.010152 -0.382264 0 1.800766 0.3823988
006 2 26 10 -0.009979 0.365335 0 0 0.7478 0 -0.009979 -0.382465 0 1.805435 0.3825952
006 2 26 10 -0.009805 0.365137 0 0 0.7478 0 -0.009805 -0.382663 0 1.81012 0.3827886
006 2 26 10 -0.00963 0.364943 0 0 0.7478 0 -0.00963 -0.382857 0 1.814407 0.3829781
006 2 26 10 -0.009455 0.364752 0 0 0.7478 0 -0.009455 -0.383048 0 1.818817 0.3831647
006 2 26 10 -0.009278 0.364564 0 0 0.7478 0 -0.009278 -0.383236 0 1.82312 0.3833483
006 2 26 10 -0.0091 0.364381 0 0 0.7478 0 -0.0091 -0.383419 0 1.827271 0.383527
006 2 26 10 -0.008922 0.3642 0 0 0.7478 0 -0.008922 -0.3836 0 1.831894 0.3837037
006 2 26 10 -0.008742 0.364024 0 0 0.7478 0 -0.008742 -0.383776 0 1.836227 0.3838755
006 2 26 10 -0.008562 0.363851 0 0 0.7478 0 -0.008562 -0.383949 0 1.846054 0.3840444
006 2 26 10 -0.008381 0.363681 0 0 0.7478 0 -0.008381 -0.384119 0 1.851044 0.3842104
006 2 26 10 -0.008199 0.363516 0 0 0.7478 0 -0.008199 -0.384284 0 1.855331 0.3843714
006 2 26 10 -0.008016 0.363353 0 0 0.7478 0 -0.008016 -0.384447 0 1.859436 0.3845305
006 2 26 10 -0.007832 0.363195 0 0 0.7478 0 -0.007832 -0.384605 0 1.863693 0.3846847
006 2 26 10 -0.007648 0.36304 0 0 0.7478 0 -0.007648 -0.38476 0 1.867996 0.384836
006 2 26 10 -0.007463 0.362889 0 0 0.7478 0 -0.007463 -0.384911 0 1.872345 0.3849834
006 2 26 10 -0.007277 0.362742 0 0 0.7478 0 -0.007277 -0.385058 0 1.876602 0.3851267
006 2 26 10 -0.00709 0.362598 0 0 0.7478 0 -0.00709 -0.385202 0 1.880692 0.3852672
006 2 26 10 -0.006903 0.362458 0 0 0.7478 0 -0.006903 -0.385342 0 1.885513 0.3854038
006 2 26 10 -0.006715 0.362322 0 0 0.7478 0 -0.006715 -0.385478 0 1.88974 0.3855365
006 2 26 10 -0.006526 0.362189 0 0 0.7478 0 -0.006526 -0.385611 0 1.894043 0.3856662
006 2 26 10 -0.006337 0.362061 0 0 0.7478 0 -0.006337 -0.385739 0 1.898163 0.3857911
006 2 26 10 -0.006147 0.361936 0 0 0.7478 0 -0.006147 -0.385864 0 1.902679 0.385913
006 2 26 10 -0.005956 0.361815 0 0 0.7478 0 -0.005956 -0.385985 0 1.906784 0.3860309
006 2 26 10 -0.005765 0.361698 0 0 0.7478 0 -0.005765 -0.386102 0 1.910919 0.386145
006 2 26 10 -0.005573 0.361584 0 0 0.7478 0 -0.005573 -0.386216 0 1.91507 0.3862562
006 2 26 10 -0.005381 0.361475 0 0 0.7478 0 -0.005381 -0.386325 0 1.919388 0.3863625
006 2 26 10 -0.005188 0.361369 0 0 0.7478 0 -0.005188 -0.386431 0 1.923889 0.3864658
006 2 26 10 -0.004994 0.361267 0 0 0.7478 0 -0.004994 -0.386533 0 1.928055 0.3865652
006 2 26 10 -0.0048 0.361169 0 0 0.7478 0 -0.0048 -0.386631 0 1.932236 0.3866608
006 2 26 10 -0.004606 0.361075 0 0 0.7478 0 -0.004606 -0.386725 0 1.9366 0.3867524
006 2 26 10 -0.004411 0.360985 0 0 0.7478 0 -0.004411 -0.386815 0 1.940964 0.3868401
006 2 26 10 -0.004216 0.360899 0 0 0.7478 0 -0.004216 -0.386901 0 1.945404 0.386924
006 2 26 10 -0.00402 0.360816 0 0 0.7478 0 -0.00402 -0.386984 0 1.949783 0.3870049
006 2 26 10 -0.003824 0.360738 0 0 0.7478 0 -0.003824 -0.387062 0 1.953964 0.3870809
006 2 26 10 -0.003628 0.360663 0 0 0.7478 0 -0.003628 -0.387137 0 1.958206 0.387154
006 2 26 10 -0.003431 0.360593 0 0 0.7478 0 -0.003431 -0.387207 0 1.962677 0.3872222
006 2 26 10 -0.003234 0.360526 0 0 0.7478 0 -0.003234 -0.387274 0 1.967163 0.3872875
006 2 26 10 -0.003036 0.360464 0 0 0.7478 0 -0.003036 -0.387336 0 1.97139 0.3873479
006 2 26 10 -0.002838 0.360405 0 0 0.7478 0 -0.002838 -0.387395 0 1.97554 0.3874054
006 2 26 10 -0.00264 0.36035 0 0 0.7478 0 -0.00264 -0.38745 0 1.979691 0.387459
006 2 26 10 -0.002442 0.360299 0 0 0.7478 0 -0.002442 -0.387501 0 1.98407 0.3875087
006 2 26 10 -0.002243 0.360252 0 0 0.7478 0 -0.002243 -0.387548 0 1.988205 0.3875545
006 2 26 10 -0.002044 0.360209 0 0 0.7478 0 -0.002044 -0.387591 0 1.992371 0.3875964
006 2 26 10 -0.001845 0.360171 0 0 0.7478 0 -0.001845 -0.387629 0 1.996521 0.3876334
006 2 26 10 -0.001646 0.360136 0 0 0.7478 0 -0.001646 -0.387664 0 2.000839 0.3876675
006 2 26 10 -0.001447 0.360105 0 0 0.7478 0 -0.001447 -0.387695 0 2.005463 0.3876977
006 2 26 10 -0.001247 0.360078 0 0 0.7478 0 -0.001247 -0.387722 0 2.009949 0.387724
006 2 26 10 -0.001047 0.360055 0 0 0.7478 0 -0.001047 -0.387745 0 2.014618 0.3877464
006 2 26 10 -0.000848 0.360036 0 0 0.7478 0 -0.000848 -0.387764 0 2.019608 0.3877649
006 2 26 10 -0.000648 0.360021 0 0 0.7478 0 -0.000648 -0.387779 0 2.024399 0.3877795
006 2 26 10 -0.000448 0.36001 0 0 0.7478 0 -0.000448 -0.38779 0 2.028488 0.3877903
006 2 26 10 -0.000248 0.360003 0 0 0.7478 0 -0.000248 -0.387797 0 2.03273 0.3877971
006 2 26 10 -4.8E-05 0.36 0 0 0.7478 0 -4.8E-05 -0.3878 0 2.037033 0.3878
006 2 26 10 0.000152 0.360001 0 0 0.7478 0 0.000152 -0.387799 0 2.041595 0.387799
006 2 26 10 0.000352 0.360006 0 0 0.7478 0 0.000352 -0.387794 0 2.045898 0.3877942
006 2 26 10 0.000552 0.360015 0 0 0.7478 0 0.000552 -0.387785 0 2.050171 0.3877854
006 2 26 10 0.000752 0.360028 0 0 0.7478 0 0.000752 -0.387772 0 2.054382 0.3877727
006 2 26 10 0.000952 0.360045 0 0 0.7478 0 0.000952 -0.387755 0 2.058502 0.3877561
006 2 26 10 0.001152 0.360066 0 0 0.7478 0 0.001152 -0.387734 0 2.062851 0.3877357
006 2 26 10 0.001351 0.360091 0 0 0.7478 0 0.001351 -0.387709 0 2.067123 0.3877113
006 2 26 10 0.001551 0.36012 0 0 0.7478 0 0.001551 -0.38768 0 2.071411 0.3876831
006 2 26 10 0.00175 0.360153 0 0 0.7478 0 0.00175 -0.387647 0 2.075485 0.3876509
006 2 26 10 0.001949 0.36019 0 0 0.7478 0 0.001949 -0.38761 0 2.079651 0.3876149
006 2 26 10 0.002148 0.360231 0 0 0.7478 0 0.002148 -0.387569 0 2.084045 0.3875749
006 2 26 10 0.002347 0.360276 0 0 0.7478 0 0.002347 -0.387524 0 2.088211 0.3875311
006 2 26 10 0.002545 0.360325 0 0 0.7478 0 0.002545 -0.387475 0 2.092468 0.3874833
006 2 26 10 0.002744 0.360378 0 0 0.7478 0 0.002744 -0.387422 0 2.09668 0.3874317
006 2 26 10 0.002942 0.360435 0 0 0.7478 0 0.002942 -0.387365 0 2.100983 0.3873762
006 2 26 10 0.003139 0.360496 0 0 0.7478 0 0.003139 -0.387304 0 2.105331 0.3873167
006 2 26 10 0.003337 0.360561 0 0 0.7478 0 0.003337 -0.387239 0 2.109528 0.3872534
006 2 26 10 0.003534 0.360629 0 0 0.7478 0 0.003534 -0.387171 0 2.113663 0.3871871
006 2 26 10 0.00373 0.360702 0 0 0.7478 0 0.00373 -0.387098 0 2.117874 0.387116
006 2 26 10 0.003927 0.360778 0 0 0.7478 0 0.003927 -0.387022 0 2.122177 0.3870419
006 2 26 10 0.004122 0.360859 0 0 0.7478 0 0.004122 -0.386941 0 2.126419 0.386963
006 2 26 10 0.004318 0.360943 0 0 0.7478 0 0.004318 -0.386857 0 2.130585 0.3868811
006 2 26 10 0.004513 0.361032 0 0 0.7478 0 0.004513 -0.386768 0 2.134964 0.3867943
006 2 26 10 0.004708 0.361124 0 0 0.7478 0 0.004708 -0.386676 0 2.139114 0.3867047
006 2 26 10 0.004902 0.36122 0 0 0.7478 0 0.004902 -0.38658 0 2.143448 0.3866111
006 2 26 10 0.005095 0.36132 0 0 0.7478 0 0.005095 -0.38648 0 2.147903 0.3865136
006 2 26 10 0.005289 0.361424 0 0 0.7478 0 0.005289 -0.386376 0 2.152802 0.3864122
006 2 26 10 0.005481 0.361531 0 0 0.7478 0 0.005481 -0.386269 0 2.157059 0.3863079
006 2 26 10 0.005673 0.361643 0 0 0.7478 0 0.005673 -0.386157 0 2.161163 0.3861986
006 2 26 10 0.005865 0.361758 0 0 0.7478 0 0.005865 -0.386042 0 2.165421 0.3860866
006 2 26 10 0.006056 0.361878 0 0 0.7478 0 0.006056 -0.385922 0 2.16983 0.3859695
006 2 26 10 0.006246 0.362001 0 0 0.7478 0 0.006246 -0.385799 0 2.173965 0.3858495
006 2 26 10 0.006436 0.362127 0 0 0.7478 0 0.006436 -0.385673 0 2.178116 0.3857267
006 2 26 10 0.006625 0.362258 0 0 0.7478 0 0.006625 -0.385542 0 2.182465 0.3855989
006 2 26 10 0.006813 0.362392 0 0 0.7478 0 0.006813 -0.385408 0 2.18718 0.3854682
006 2 26 10 0.007001 0.362531 0 0 0.7478 0 0.007001 -0.385269 0 2.19136 0.3853326
006 2 26 10 0.007188 0.362672 0 0 0.7478 0 0.007188 -0.385128 0 2.195496 0.3851951
006 2 26 10 0.007374 0.362818 0 0 0.7478 0 0.007374 -0.384982 0 2.200195 0.3850526
006 2 26 10 0.00756 0.362967 0 0 0.7478 0 0.00756 -0.384833 0 2.204849 0.3849072
006 2 26 10 0.007744 0.36312 0 0 0.7478 0 0.007744 -0.38468 0 2.209122 0.3847579
006 2 26 10 0.007928 0.363277 0 0 0.7478 0 0.007928 -0.384523 0 2.213257 0.3846047
006 2 26 10 0.008112 0.363438 0 0 0.7478 0 0.008112 -0.384362 0 2.217514 0.3844476
006 2 26 10 0.008294 0.363602 0 0 0.7478 0 0.008294 -0.384198 0 2.221863 0.3842875
006 2 26 10 0.008476 0.363769 0 0 0.7478 0 0.008476 -0.384031 0 2.226334 0.3841245
006 2 26 10 0.008656 0.363941 0 0 0.7478 0 0.008656 -0.383859 0 2.230484 0.3839566
006 2 26 10 0.008836 0.364116 0 0 0.7478 0 0.008836 -0.383684 0 2.234711 0.3837857
006 2 26 10 0.009015 0.364294 0 0 0.7478 0 0.009015 -0.383506 0 2.2388 0.3836119
006 2 26 10 0.009193 0.364476 0 0 0.7478 0 0.009193 -0.383324 0 2.243027 0.3834342
006 2 26 10 0.00937 0.364662 0 0 0.7478 0 0.00937 -0.383138 0 2.247162 0.3832526
006 2 26 10 0.009547 0.364851 0 0 0.7478 0 0.009547 -0.382949 0 2.251526 0.383068
006 2 26 10 0.009722 0.365044 0 0 0.7478 0 0.009722 -0.382756 0 2.255707 0.3828794
006 2 26 10 0.009896 0.36524 0 0 0.7478 0 0.009896 -0.38256 0 2.259872 0.382688
006 2 26 10 0.010069 0.36544 0 0 0.7478 0 0.010069 -0.38236 0 2.264191 0.3824925
006 2 26 10 0.010242 0.365643 0 0 0.7478 0 0.010242 -0.382157 0 2.268524 0.3822942
006 2 26 10 0.010413 0.365849 0 0 0.7478 0 0.010413 -0.381951 0 2.272659 0.3820929
006 2 26 10 0.010583 0.366059 0 0 0.7478 0 0.010583 -0.381741 0 2.27681 0.3818877
006 2 26 10 0.010752 0.366272 0 0 0.7478 0 0.010752 -0.381528 0 2.28093 0.3816794
006 2 26 10 0.01092 0.366489 0 0 0.7478 0 0.01092 -0.381311 0 2.285385 0.3814673
006 2 26 10 0.011087 0.366709 0 0 0.7478 0 0.011087 -0.381091 0 2.289551 0.3812522
006 2 26 10 0.011253 0.366933 0 0 0.7478 0 0.011253 -0.380867 0 2.293716 0.3810332
006 2 26 10 0.011418 0.367159 0 0 0.7478 0 0.011418 -0.380641 0 2.297852 0.3808122
006 2 26 10 0.011582 0.367389 0 0 0.7478 0 0.011582 -0.380411 0 2.30249 0.3805873
006 2 26 10 0.011744 0.367623 0 0 0.7478 0 0.011744 -0.380177 0 2.306702 0.3803583
006 2 26 10 0.011906 0.367859 0 0 0.7478 0 0.011906 -0.379941 0 2.31102 0.3801275
006 2 26 10 0.012066 0.368099 0 0 0.7478 0 0.012066 -0.379701 0 2.315155 0.3798926
006 2 26 10 0.012225 0.368342 0 0 0.7478 0 0.012225 -0.379458 0 2.319489 0.3796549
006 2 26 10 0.012382 0.368588 0 0 0.7478 0 0.012382 -0.379212 0 2.323914 0.3794141
006 2 26 10 0.012539 0.368837 0 0 0.7478 0 0.012539 -0.378963 0 2.328049 0.3791704
006 2 26 10 0.012694 0.369089 0 0 0.7478 0 0.012694 -0.378711 0 2.332184 0.3789237
006 2 26 10 0.012848 0.369345 0 0 0.7478 0 0.012848 -0.378455 0 2.336456 0.378673
006 2 26 10 0.013 0.369603 0 0 0.7478 0 0.013 -0.378197 0 2.340607 0.3784204
006 2 26 10 0.013152 0.369865 0 0 0.7478 0 0.013152 -0.377935 0 2.344849 0.3781638
006 2 26 10 0.013302 0.370129 0 0 0.7478 0 0.013302 -0.377671 0 2.34903 0.3779052
006 2 26 10 0.01345 0.370397 0 0 0.7478 0 0.01345 -0.377403 0 2.353378 0.3776426
006 2 26 10 0.013598 0.370667 0 0 0.7478 0 0.013598 -0.377133 0 2.357437 0.377378
006 2 26 10 0.013744 0.370941 0 0 0.7478 0 0.013744 -0.376859 0 2.361801 0.3771095
006 2 26 10 0.013888 0.371217 0 0 0.7478 0 0.013888 -0.376583 0 2.366196 0.376839
006 2 26 10 0.014032 0.371496 0 0 0.7478 0 0.014032 -0.376304 0 2.370438 0.3765655
006 2 26 10 0.014173 0.371778 0 0 0.7478 0 0.014173 -0.376022 0 2.374557 0.376289
006 2 26 10 0.014314 0.372063 0 0 0.7478 0 0.014314 -0.375737 0 2.378632 0.3760095
006 2 26 10 0.014453 0.372351 0 0 0.7478 0 0.014453 -0.375449 0 2.383102 0.3757271
006 2 26 10 0.01459 0.372641 0 0 0.7478 0 0.01459 -0.375159 0 2.387253 0.3754426
006 2 26 10 0.014726 0.372935 0 0 0.7478 0 0.014726 -0.374865 0 2.391434 0.3751541
006 2 26 10 0.014861 0.37323 0 0 0.7478 0 0.014861 -0.37457 0 2.395599 0.3748647
006 2 26 10 0.014994 0.373529 0 0 0.7478 0 0.014994 -0.374271 0 2.399857 0.3745712
006 2 26 10 0.015126 0.37383 0 0 0.7478 0 0.015126 -0.37397 0 2.404221 0.3742757
006 2 26 10 0.015256 0.374134 0 0 0.7478 0 0.015256 -0.373666 0 2.408585 0.3739773
006 2 26 10 0.015384 0.37444 0 0 0.7478 0 0.015384 -0.37336 0 2.412735 0.3736768
006 2 26 10 0.015511 0.374749 0 0 0.7478 0 0.015511 -0.373051 0 2.417038 0.3733733
006 2 26 10 0.015637 0.375061 0 0 0.7478 0 0.015637 -0.372739 0 2.421341 0.3730668
006 2 26 10 0.015761 0.375375 0 0 0.7478 0 0.015761 -0.372425 0 2.425797 0.3727584
006 2 26 10 0.015883 0.375691 0 0 0.7478 0 0.015883 -0.372109 0 2.430161 0.3724478
006 2 26 10 0.016004 0.37601 0 0 0.7478 0 0.016004 -0.37179 0 2.434647 0.3721343
006 2 26 10 0.016123 0.376331 0 0 0.7478 0 0.016123 -0.371469 0 2.438858 0.3718187
006 2 26 10 0.01624 0.376655 0 0 0.7478 0 0.01624 -0.371145 0 2.44313 0.3715001
006 2 26 10 0.016356 0.376981 0 0 0.7478 0 0.016356 -0.370819 0 2.447266 0.3711795
006 2 26 10 0.016471 0.377309 0 0 0.7478 0 0.016471 -0.370491 0 2.451553 0.3708569
006 2 26 10 0.016583 0.37764 0 0 0.7478 0 0.016583 -0.37016 0 2.455627 0.3705313
006 2 26 10 0.016694 0.377973 0 0 0.7478 0 0.016694 -0.369827 0 2.459976 0.3702036
006 2 26 10 0.016804 0.378308 0 0 0.7478 0 0.016804 -0.369492 0 2.464325 0.3698739
006 2 26 10 0.016911 0.378645 0 0 0.7478 0 0.016911 -0.369155 0 2.468811 0.3695422
006 2 26 10 0.017017 0.378984 0 0 0.7478 0 0.017017 -0.368816 0 2.472931 0.3692084
006 2 26 10 0.017121 0.379325 0 0 0.7478 0 0.017121 -0.368475 0 2.477066 0.3688725
006 2 26 10 0.017224 0.379669 0 0 0.7478 0 0.017224 -0.368131 0 2.481354 0.3685337
006 2 26 10 0.017325 0.380014 0 0 0.7478 0 0.017325 -0.367786 0 2.485947 0.3681938
006 2 26 10 0.017424 0.380362 0 0 0.7478 0 0.017424 -0.367438 0 2.490097 0.3678509
006 2 26 10 0.017521 0.380711 0 0 0.7478 0 0.017521 -0.367089 0 2.494247 0.3675069
006 2 26 10 0.017617 0.381063 0 0 0.7478 0 0.017617 -0.366737 0 2.498352 0.3671599
006 2 26 10 0.01771 0.381416 0 0 0.7478 0 0.01771 -0.366384 0 2.502838 0.3668118
006 2 26 10 0.017802 0.381771 0 0 0.7478 0 0.017802 -0.366029 0 2.507065 0.3664616
006 2 26 10 0.017893 0.382128 0 0 0.7478 0 0.017893 -0.365672 0 2.511444 0.3661095
006 2 26 10 0.017981 0.382487 0 0 0.7478 0 0.017981 -0.365313 0 2.515656 0.3657553
006 2 26 10 0.018068 0.382847 0 0 0.7478 0 0.018068 -0.364953 0 2.52002 0.3654
006 2 26 10 0.018153 0.383209 0 0 0.7478 0 0.018153 -0.364591 0 2.524323 0.3650426
006 2 26 10 0.018236 0.383573 0 0 0.7478 0 0.018236 -0.364227 0 2.528458 0.3646832
006 2 26 10 0.018317 0.383939 0 0 0.7478 0 0.018317 -0.363861 0 2.532684 0.3643217
006 2 26 10 0.018396 0.384306 0 0 0.7478 0 0.018396 -0.363494 0 2.537048 0.3639592
006 2 26 10 0.018474 0.384675 0 0 0.7478 0 0.018474 -0.363125 0 2.541275 0.3635946
006 2 26 10 0.01855 0.385045 0 0 0.7478 0 0.01855 -0.362755 0 2.545731 0.363229
006 2 26 10 0.018623 0.385417 0 0 0.7478 0 0.018623 -0.362383 0 2.549957 0.3628612
006 2 26 10 0.018695 0.38579 0 0 0.7478 0 0.018695 -0.36201 0 2.554153 0.3624924
006 2 26 10 0.018766 0.386164 0 0 0.7478 0 0.018766 -0.361636 0 2.558258 0.3621226
006 2 26 10 0.018834 0.38654 0 0 0.7478 0 0.018834 -0.36126 0 2.562637 0.3617506
006 2 26 10 0.0189 0.386918 0 0 0.7478 0 0.0189 -0.360882 0 2.566971 0.3613766
006 2 26 10 0.018965 0.387296 0 0 0.7478 0 0.018965 -0.360504 0 2.571365 0.3610025
006 2 26 10 0.019027 0.387676 0 0 0.7478 0 0.019027 -0.360124 0 2.57547 0.3606263
006 2 26 10 0.019088 0.388058 0 0 0.7478 0 0.019088 -0.359742 0 2.579712 0.3602481
006 2 26 10 0.019147 0.38844 0 0 0.7478 0 0.019147 -0.35936 0 2.584061 0.3598697
006 2 26 10 0.019203 0.388823 0 0 0.7478 0 0.019203 -0.358977 0 2.588226 0.3594902
006 2 26 10 0.019258 0.389208 0 0 0.7478 0 0.019258 -0.358592 0 2.592346 0.3591087
006 2 26 10 0.019311 0.389594 0 0 0.7478 0 0.019311 -0.358206 0 2.596436 0.3587261
006 2 26 10 0.019362 0.38998 0 0 0.7478 0 0.019362 -0.35782 0 2.600693 0.3583435
006 2 26 10 0.019412 0.390368 0 0 0.7478 0 0.019412 -0.357432 0 2.605255 0.3579587
006 2 26 10 0.019459 0.390757 0 0 0.7478 0 0.019459 -0.357043 0 2.60936 0.3575729
006 2 26 10 0.019504 0.391147 0 0 0.7478 0 0.019504 -0.356653 0 2.613571 0.3571859
006 2 26 10 0.019547 0.391537 0 0 0.7478 0 0.019547 -0.356263 0 2.618332 0.3567988
006 2 26 10 0.019589 0.391928 0 0 0.7478 0 0.019589 -0.355872 0 2.622726 0.3564107
006 2 26 10 0.019628 0.392321 0 0 0.7478 0 0.019628 -0.355479 0 2.626877 0.3560205
006 2 26 10 0.019665 0.392713 0 0 0.7478 0 0.019665 -0.355087 0 2.631012 0.3556311
006 2 26 10 0.019701 0.393107 0 0 0.7478 0 0.019701 -0.354693 0 2.635269 0.3552397
006 2 26 10 0.019734 0.393502 0 0 0.7478 0 0.019734 -0.354298 0 2.639389 0.3548471
006 2 26 10 0.019766 0.393897 0 0 0.7478 0 0.019766 -0.353903 0 2.643707 0.3544545
006 2 26 10 0.019795 0.394292 0 0 0.7478 0 0.019795 -0.353508 0 2.647827 0.3540618
006 2 26 10 0.019823 0.394688 0 0 0.7478 0 0.019823 -0.353112 0 2.65213 0.3536679
006 2 26 10 0.019848 0.395085 0 0 0.7478 0 0.019848 -0.352715 0 2.656219 0.353273
006 2 26 10 0.019872 0.395482 0 0 0.7478 0 0.019872 -0.352318 0 2.660309 0.352878
006 2 26 10 0.019894 0.39588 0 0 0.7478 0 0.019894 -0.35192 0 2.664658 0.3524818
006 2 26 10 0.019913 0.396278 0 0 0.7478 0 0.019913 -0.351522 0 2.669357 0.3520856
006 2 26 10 0.019931 0.396676 0 0 0.7478 0 0.019931 -0.351124 0 2.674103 0.3516892
006 2 26 10 0.019946 0.397075 0 0 0.7478 0 0.019946 -0.350725 0 2.678192 0.3512917
006 2 26 10 0.01996 0.397474 0 0 0.7478 0 0.01996 -0.350326 0 2.682693 0.3508941
006 2 26 10 0.019972 0.397874 0 0 0.7478 0 0.019972 -0.349926 0 2.686981 0.3504955
006 2 26 10 0.019981 0.398273 0 0 0.7478 0 0.019981 -0.349527 0 2.691132 0.3500977
006 2 26 10 0.019989 0.398673 0 0 0.7478 0 0.019989 -0.349127 0 2.695251 0.3496988
006 2 26 10 0.019995 0.399073 0 0 0.7478 0 0.019995 -0.348727 0 2.700394 0.3492998
006 2 26 10 0.019998 0.399473 0 0 0.7478 0 0.019998 -0.348327 0 2.705154 0.3489006
006 2 26 10 0.02 0.399873 0 0 0.7478 0 0.02 -0.347927 0 2.709488 0.3485013
006 2 26 10 0.02 0.4 0 0 0.7478 0 0.02 -0.3478 0 2.71373 0.3483745
