006 2 29 14 0 0.42 0 0 0.7478 0 0 -0.3278 0 0 0.3278
006 2 29 14 0 0.419998 0.0006 0 0.7478 0 0 -0.327802 0.0006 0.004104614 0.3278026
006 2 29 14 0 0.419992 0.0012 0 0.7478 0 0 -0.327808 0.0012 0.008621216 0.3278102
006 2 29 14 0 0.419982 0.0018 0 0.7478 0 0 -0.327818 0.0018 0.01278687 0.3278229
006 2 29 14 0 0.419968 0.002399 0 0.7478 0 0 -0.327832 0.002399 0.01730347 0.3278408
006 2 29 14 0 0.41995 0.002999 0 0.7478 0 0 -0.32785 0.002999 0.0216217 0.3278637
006 2 29 14 0 0.419928 0.003598 0 0.7478 0 0 -0.327872 0.003598 0.02578735 0.3278917
006 2 29 14 0 0.419902 0.004197 0 0.7478 0 0 -0.327898 0.004197 0.03004456 0.3279248
006 2 29 14 0 0.419872 0.004795 0 0.7478 0 0 -0.327928 0.004795 0.03479004 0.327963
006 2 29 14 0 0.419838 0.005393 0 0.7478 0 0 -0.327962 0.005393 0.03913879 0.3280063
006 2 29 14 0 0.4198 0.00599 0 0.7478 0 0 -0.328 0.00599 0.04330444 0.3280547
006 2 29 14 0 0.419758 0.006587 0 0.7478 0 0 -0.328042 0.006587 0.04750061 0.3281081
006 2 29 14 0 0.419712 0.007183 0 0.7478 0 0 -0.328088 0.007183 0.05206299 0.3281666
006 2 29 14 0 0.419662 0.007778 0 0.7478 0 0 -0.328138 0.007778 0.05628967 0.3282302
006 2 29 14 0 0.419609 0.008373 0 0.7478 0 0 -0.328191 0.008373 0.06056213 0.3282978
006 2 29 14 0 0.419551 0.008966 0 0.7478 0 0 -0.328249 0.008966 0.06474304 0.3283714
006 2 29 14 0 0.419489 0.009559 0 0.7478 0 0 -0.328311 0.009559 0.06904602 0.3284501
006 2 29 14 0 0.419423 0.010151 0 0.7478 0 0 -0.328377 0.010151 0.07318115 0.3285338
006 2 29 14 0 0.419354 0.010742 0 0.7478 0 0 -0.328446 0.010742 0.07751465 0.3286216
006 2 29 14 0 0.41928 0.011332 0 0.7478 0 0 -0.32852 0.011332 0.08190918 0.3287154
006 2 29 14 0 0.419203 0.01192 0 0.7478 0 0 -0.328597 0.01192 0.08625793 0.3288131
006 2 29 14 0 0.419121 0.012508 0 0.7478 0 0 -0.328679 0.012508 0.0904541 0.3289169
006 2 29 14 0 0.419036 0.013094 0 0.7478 0 0 -0.328764 0.013094 0.09461975 0.3290246
006 2 29 14 0 0.418947 0.013679 0 0.7478 0 0 -0.328853 0.013679 0.09933472 0.3291374
006 2 29 14 0 0.418854 0.014262 0 0.7478 0 0 -0.328946 0.014262 0.1035767 0.329255
006 2 29 14 0 0.418756 0.014844 0 0.7478 0 0 -0.329044 0.014844 0.1077576 0.3293786
006 2 29 14 0 0.418656 0.015425 0 0.7478 0 0 -0.329144 0.015425 0.1118774 0.3295052
006 2 29 14 0 0.418551 0.016004 0 0.7478 0 0 -0.329249 0.016004 0.1163177 0.3296377
006 2 29 14 0 0.418442 0.016581 0 0.7478 0 0 -0.329358 0.016581 0.1207581 0.3297751
006 2 29 14 0 0.41833 0.017157 0 0.7478 0 0 -0.32947 0.017157 0.1248627 0.3299164
006 2 29 14 0 0.418213 0.017731 0 0.7478 0 0 -0.329587 0.017731 0.1289368 0.3300636
006 2 29 14 0 0.418093 0.018304 0 0.7478 0 0 -0.329707 0.018304 0.1331482 0.3302147
006 2 29 14 0 0.417969 0.018874 0 0.7478 0 0 -0.329831 0.018874 0.1375427 0.3303705
006 2 29 14 0 0.417842 0.019443 0 0.7478 0 0 -0.329958 0.019443 0.1426086 0.3305303
006 2 29 14 0 0.41771 0.020009 0 0.7478 0 0 -0.33009 0.020009 0.1472321 0.3306959
006 2 29 14 0 0.417575 0.020574 0 0.7478 0 0 -0.330225 0.020574 0.1518097 0.3308653
006 2 29 14 0 0.417436 0.021136 0 0.7478 0 0 -0.330364 0.021136 0.1560516 0.3310394
006 2 29 14 0 0.417293 0.021697 0 0.7478 0 0 -0.330507 0.021697 0.1604309 0.3312184
006 2 29 14 0 0.417147 0.022255 0 0.7478 0 0 -0.330653 0.022255 0.1646423 0.3314011
006 2 29 14 0 0.416996 0.022811 0 0.7478 0 0 -0.330804 0.022811 0.1692657 0.3315895
006 2 29 14 0 0.416842 0.023365 0 0.7478 0 0 -0.330958 0.023365 0.1734772 0.3317817
006 2 29 14 0 0.416685 0.023917 0 0.7478 0 0 -0.331115 0.023917 0.1777191 0.3319776
006 2 29 14 0 0.416524 0.024466 0 0.7478 0 0 -0.331276 0.024466 0.1818848 0.3321782
006 2 29 14 0 0.416359 0.025012 0 0.7478 0 0 -0.331441 0.025012 0.1863098 0.3323834
006 2 29 14 0 0.41619 0.025556 0 0.7478 0 0 -0.33161 0.025556 0.190506 0.3325933
006 2 29 14 0 0.416018 0.026098 0 0.7478 0 0 -0.331782 0.026098 0.1945953 0.3328068
006 2 29 14 0 0.415842 0.026637 0 0.7478 0 0 -0.331958 0.026637 0.1991119 0.333025
006 2 29 14 0 0.415663 0.027173 0 0.7478 0 0 -0.332137 0.027173 0.2033081 0.3332467
006 2 29 14 0 0.41548 0.027707 0 0.7478 0 0 -0.33232 0.027707 0.20755 0.333473
006 2 29 14 0 0.415293 0.028238 0 0.7478 0 0 -0.332507 0.028238 0.211731 0.3337039
006 2 29 14 0 0.415103 0.028766 0 0.7478 0 0 -0.332697 0.028766 0.2167053 0.3339383
006 2 29 14 0 0.41491 0.029291 0 0.7478 0 0 -0.33289 0.029291 0.2223816 0.3341762
006 2 29 14 0 0.414713 0.029813 0 0.7478 0 0 -0.333087 0.029813 0.227066 0.3344185
006 2 29 14 0 0.414512 0.030332 0 0.7478 0 0 -0.333288 0.030332 0.2314148 0.3346654
006 2 29 14 0 0.414308 0.030848 0 0.7478 0 0 -0.333492 0.030848 0.235733 0.3349157
006 2 29 14 0 0.414101 0.031361 0 0.7478 0 0 -0.333699 0.031361 0.240036 0.3351694
006 2 29 14 0 0.41389 0.031871 0 0.7478 0 0 -0.33391 0.031871 0.2441559 0.3354276
006 2 29 14 0 0.413676 0.032378 0 0.7478 0 0 -0.334124 0.032378 0.2483826 0.3356891
006 2 29 14 0 0.413459 0.032881 0 0.7478 0 0 -0.334341 0.032881 0.2526398 0.335954
006 2 29 14 0 0.413238 0.033382 0 0.7478 0 0 -0.334562 0.033382 0.256897 0.3362232
006 2 29 14 0 0.413013 0.033879 0 0.7478 0 0 -0.334787 0.033879 0.2611542 0.3364968
006 2 29 14 0 0.412786 0.034372 0 0.7478 0 0 -0.335014 0.034372 0.2654114 0.3367726
006 2 29 14 0 0.412555 0.034862 0 0.7478 0 0 -0.335245 0.034862 0.2701874 0.3370528
006 2 29 14 0 0.412321 0.035349 0 0.7478 0 0 -0.335479 0.035349 0.2743683 0.3373362
006 2 29 14 0 0.412084 0.035832 0 0.7478 0 0 -0.335716 0.035832 0.2786102 0.3376228
006 2 29 14 0 0.411843 0.036311 0 0.7478 0 0 -0.335957 0.036311 0.2828064 0.3379136
006 2 29 14 0 0.4116 0.036787 0 0.7478 0 0 -0.3362 0.036787 0.286972 0.3382066
006 2 29 14 0 0.411353 0.037259 0 0.7478 0 0 -0.336447 0.037259 0.2910614 0.3385038
006 2 29 14 0 0.411103 0.037728 0 0.7478 0 0 -0.336697 0.037728 0.2956696 0.3388042
006 2 29 14 0 0.41085 0.038192 0 0.7478 0 0 -0.33695 0.038192 0.3000946 0.3391075
006 2 29 14 0 0.410594 0.038653 0 0.7478 0 0 -0.337206 0.038653 0.3048096 0.3394141
006 2 29 14 0 0.410334 0.03911 0 0.7478 0 0 -0.337466 0.03911 0.3089294 0.3397247
006 2 29 14 0 0.410072 0.039563 0 0.7478 0 0 -0.337728 0.039563 0.3130493 0.3400374
006 2 29 14 0 0.409807 0.040012 0 0.7478 0 0 -0.337993 0.040012 0.3176117 0.3403531
006 2 29 14 0 0.409539 0.040457 0 0.7478 0 0 -0.338261 0.040457 0.3218842 0.3406718
006 2 29 14 0 0.409268 0.040898 0 0.7478 0 0 -0.338532 0.040898 0.3259735 0.3409935
006 2 29 14 0 0.408993 0.041335 0 0.7478 0 0 -0.338807 0.041335 0.3301239 0.3413191
006 2 29 14 0 0.408716 0.041768 0 0.7478 0 0 -0.339084 0.041768 0.3345947 0.3416468
006 2 29 14 0 0.408437 0.042197 0 0.7478 0 0 -0.339363 0.042197 0.338913 0.3419763
006 2 29 14 0 0.408154 0.042621 0 0.7478 0 0 -0.339646 0.042621 0.3429871 0.3423097
006 2 29 14 0 0.407868 0.043041 0 0.7478 0 0 -0.339932 0.043041 0.3473358 0.342646
006 2 29 14 0 0.40758 0.043457 0 0.7478 0 0 -0.34022 0.043457 0.3516235 0.3429842
006 2 29 14 0 0.407289 0.043869 0 0.7478 0 0 -0.340511 0.043869 0.3557892 0.3433253
006 2 29 14 0 0.406995 0.044276 0 0.7478 0 0 -0.340805 0.044276 0.3599854 0.343669
006 2 29 14 0 0.406699 0.044679 0 0.7478 0 0 -0.341101 0.044679 0.364151 0.3440147
006 2 29 14 0 0.406399 0.045077 0 0.7478 0 0 -0.341401 0.045077 0.368515 0.344364
006 2 29 14 0 0.406097 0.045471 0 0.7478 0 0 -0.341703 0.045471 0.3728485 0.3447152
006 2 29 14 0 0.405793 0.04586 0 0.7478 0 0 -0.342007 0.04586 0.3771973 0.345068
006 2 29 14 0 0.405486 0.046244 0 0.7478 0 0 -0.342314 0.046244 0.3816223 0.3454235
006 2 29 14 0 0.405176 0.046624 0 0.7478 0 0 -0.342624 0.046624 0.3858643 0.3457817
006 2 29 14 0 0.404864 0.047 0 0.7478 0 0 -0.342936 0.047 0.3900909 0.3461417
006 2 29 14 0 0.40455 0.04737 0 0.7478 0 0 -0.34325 0.04737 0.3943329 0.3465032
006 2 29 14 0 0.404233 0.047736 0 0.7478 0 0 -0.343567 0.047736 0.3991089 0.3468674
006 2 29 14 0 0.403913 0.048097 0 0.7478 0 0 -0.343887 0.048097 0.4037781 0.3472342
006 2 29 14 0 0.403592 0.048453 0 0.7478 0 0 -0.344208 0.048453 0.4084015 0.3476015
006 2 29 14 0 0.403267 0.048805 0 0.7478 0 0 -0.344533 0.048805 0.4125214 0.3479726
006 2 29 14 0 0.402941 0.049151 0 0.7478 0 0 -0.344859 0.049151 0.4170685 0.348344
006 2 29 14 0 0.402612 0.049493 0 0.7478 0 0 -0.345188 0.049493 0.4213867 0.3487181
006 2 29 14 0 0.402281 0.04983 0 0.7478 0 0 -0.345519 0.04983 0.4255981 0.3490937
006 2 29 14 0 0.401948 0.050162 0 0.7478 0 0 -0.345852 0.050162 0.4297333 0.3494708
006 2 29 14 0 0.401612 0.050488 0 0.7478 0 0 -0.346188 0.050488 0.4340668 0.3498502
006 2 29 14 0 0.401274 0.05081 0 0.7478 0 0 -0.346526 0.05081 0.4384155 0.3502313
006 2 29 14 0 0.400935 0.051126 0 0.7478 0 0 -0.346865 0.051126 0.4425964 0.3506126
006 2 29 14 0 0.400593 0.051438 0 0.7478 0 0 -0.347207 0.051438 0.4467773 0.3509965
006 2 29 14 0 0.400249 0.051744 0 0.7478 0 0 -0.347551 0.051744 0.4512939 0.3513817
006 2 29 14 0 0.399903 0.052045 0 0.7478 0 0 -0.347897 0.052045 0.4559174 0.3517684
006 2 29 14 0 0.399555 0.052341 0 0.7478 0 0 -0.348245 0.052341 0.4602203 0.3521564
006 2 29 14 0 0.399205 0.052632 0 0.7478 0 0 -0.348595 0.052632 0.464325 0.3525459
006 2 29 14 0 0.398853 0.052917 0 0.7478 0 0 -0.348947 0.052917 0.4686584 0.3529365
006 2 29 14 0 0.398499 0.053198 0 0.7478 0 0 -0.349301 0.053198 0.4729614 0.3533288
006 2 29 14 0 0.398144 0.053472 0 0.7478 0 0 -0.349656 0.053472 0.477417 0.353721
006 2 29 14 0 0.397786 0.053742 0 0.7478 0 0 -0.350014 0.053742 0.4815674 0.3541158
006 2 29 14 0 0.397427 0.054006 0 0.7478 0 0 -0.350373 0.054006 0.4858398 0.3545108
006 2 29 14 0 0.397066 0.054265 0 0.7478 0 0 -0.350734 0.054265 0.4900665 0.3549071
006 2 29 14 0 0.396704 0.054518 0 0.7478 0 0 -0.351096 0.054518 0.4946594 0.3553035
006 2 29 14 0 0.396339 0.054766 0 0.7478 0 0 -0.351461 0.054766 0.499115 0.3557023
006 2 29 14 0 0.395974 0.055008 0 0.7478 0 0 -0.351826 0.055008 0.5034332 0.3561003
006 2 29 14 0 0.395606 0.055245 0 0.7478 0 0 -0.352194 0.055245 0.5075531 0.3565005
006 2 29 14 0 0.395237 0.055476 0 0.7478 0 0 -0.352563 0.055476 0.5117035 0.3569009
006 2 29 14 0 0.394866 0.055702 0 0.7478 0 0 -0.352934 0.055702 0.5159607 0.3573025
006 2 29 14 0 0.394494 0.055922 0 0.7478 0 0 -0.353306 0.055922 0.5202789 0.3577043
006 2 29 14 0 0.394121 0.056137 0 0.7478 0 0 -0.353679 0.056137 0.524353 0.3581064
006 2 29 14 0 0.393746 0.056346 0 0.7478 0 0 -0.354054 0.056346 0.5284424 0.3585095
006 2 29 14 0 0.39337 0.056549 0 0.7478 0 0 -0.35443 0.056549 0.5326691 0.3589128
006 2 29 14 0 0.392992 0.056747 0 0.7478 0 0 -0.354808 0.056747 0.5368958 0.3593173
006 2 29 14 0 0.392613 0.056939 0 0.7478 0 0 -0.355187 0.056939 0.5411987 0.3597219
006 2 29 14 0 0.392233 0.057125 0 0.7478 0 0 -0.355567 0.057125 0.5453033 0.3601266
006 2 29 14 0 0.391851 0.057306 0 0.7478 0 0 -0.355949 0.057306 0.5495911 0.3605325
006 2 29 14 0 0.391469 0.057481 0 0.7478 0 0 -0.356331 0.057481 0.5538788 0.3609374
006 2 29 14 0 0.391085 0.05765 0 0.7478 0 0 -0.356715 0.05765 0.5581818 0.3613435
006 2 29 14 0 0.3907 0.057813 0 0.7478 0 0 -0.3571 0.057813 0.5623016 0.3617496
006 2 29 14 0 0.390314 0.057971 0 0.7478 0 0 -0.357486 0.057971 0.5665436 0.3621559
006 2 29 14 0 0.389927 0.058123 0 0.7478 0 0 -0.357873 0.058123 0.5708923 0.3625622
006 2 29 14 0 0.389539 0.058269 0 0.7478 0 0 -0.358261 0.058269 0.5751801 0.3629686
006 2 29 14 0 0.38915 0.058409 0 0.7478 0 0 -0.35865 0.058409 0.5794678 0.3633751
006 2 29 14 0 0.38876 0.058543 0 0.7478 0 0 -0.35904 0.058543 0.5837708 0.3637815
006 2 29 14 0 0.38837 0.058672 0 0.7478 0 0 -0.35943 0.058672 0.5879517 0.3641872
006 2 29 14 0 0.387978 0.058794 0 0.7478 0 0 -0.359822 0.058794 0.5921326 0.3645937
006 2 29 14 0 0.387586 0.058911 0 0.7478 0 0 -0.360214 0.058911 0.5963745 0.3649995
006 2 29 14 0 0.387193 0.059022 0 0.7478 0 0 -0.360607 0.059022 0.6007538 0.3654053
006 2 29 14 0 0.386799 0.059127 0 0.7478 0 0 -0.361001 0.059127 0.6048737 0.365811
006 2 29 14 0 0.386404 0.059226 0 0.7478 0 0 -0.361396 0.059226 0.6090546 0.3662168
006 2 29 14 0 0.386009 0.059319 0 0.7478 0 0 -0.361791 0.059319 0.6132355 0.3666217
006 2 29 14 0 0.385613 0.059406 0 0.7478 0 0 -0.362187 0.059406 0.6179199 0.3670266
006 2 29 14 0 0.385217 0.059488 0 0.7478 0 0 -0.362583 0.059488 0.6220398 0.3674306
006 2 29 14 0 0.38482 0.059563 0 0.7478 0 0 -0.36298 0.059563 0.6262207 0.3678345
006 2 29 14 0 0.384423 0.059632 0 0.7478 0 0 -0.363377 0.059632 0.6306458 0.3682374
006 2 29 14 0 0.384025 0.059695 0 0.7478 0 0 -0.363775 0.059695 0.6351776 0.3686404
006 2 29 14 0 0.383627 0.059753 0 0.7478 0 0 -0.364173 0.059753 0.6394653 0.3690425
006 2 29 14 0 0.383228 0.059804 0 0.7478 0 0 -0.364572 0.059804 0.6435547 0.3694445
006 2 29 14 0 0.382829 0.05985 0 0.7478 0 0 -0.364971 0.05985 0.6476593 0.3698457
006 2 29 14 0 0.38243 0.059889 0 0.7478 0 0 -0.36537 0.059889 0.6519318 0.3702457
006 2 29 14 0 0.382031 0.059923 0 0.7478 0 0 -0.365769 0.059923 0.6560516 0.370645
006 2 29 14 0 0.381631 0.05995 0 0.7478 0 0 -0.366169 0.05995 0.6603088 0.3710441
006 2 29 14 0 0.381232 0.059972 0 0.7478 0 0 -0.366568 0.059972 0.6643982 0.3714414
006 2 29 14 0 0.380832 0.059987 0 0.7478 0 0 -0.366968 0.059987 0.6686707 0.3718386
006 2 29 14 0 0.380432 0.059997 0 0.7478 0 0 -0.367368 0.059997 0.6727905 0.372235
006 2 29 14 0 0.380032 0.06 0 0.7478 0 0 -0.367768 0.06 0.6769714 0.3726302
006 2 29 14 0 0.379632 0.059997 0 0.7478 0 0 -0.368168 0.059997 0.6812592 0.3730246
006 2 29 14 0 0.379232 0.059989 0 0.7478 0 0 -0.368568 0.059989 0.6855469 0.373418
006 2 29 14 0 0.378832 0.059974 0 0.7478 0 0 -0.368968 0.059974 0.6898041 0.3738104
006 2 29 14 0 0.378432 0.059954 0 0.7478 0 0 -0.369368 0.059954 0.6940613 0.3742021
006 2 29 14 0 0.378033 0.059927 0 0.7478 0 0 -0.369767 0.059927 0.6985016 0.3745916
006 2 29 14 0 0.377633 0.059895 0 0.7478 0 0 -0.370167 0.059895 0.7026367 0.3749813
006 2 29 14 0 0.377234 0.059856 0 0.7478 0 0 -0.370566 0.059856 0.7067566 0.375369
006 2 29 14 0 0.376835 0.059812 0 0.7478 0 0 -0.370965 0.059812 0.7108612 0.3757559
006 2 29 14 0 0.376437 0.059761 0 0.7478 0 0 -0.371363 0.059761 0.7163086 0.3761407
006 2 29 14 0 0.376038 0.059705 0 0.7478 0 0 -0.371762 0.059705 0.7211609 0.3765258
006 2 29 14 0 0.375641 0.059643 0 0.7478 0 0 -0.372159 0.059643 0.7259369 0.3769079
006 2 29 14 0 0.375243 0.059574 0 0.7478 0 0 -0.372557 0.059574 0.7301025 0.37729
006 2 29 14 0 0.374846 0.0595 0 0.7478 0 0 -0.372954 0.0595 0.734436 0.3776704
006 2 29 14 0 0.37445 0.05942 0 0.7478 0 0 -0.37335 0.05942 0.7387085 0.3780489
006 2 29 14 0 0.374054 0.059333 0 0.7478 0 0 -0.373746 0.059333 0.7428436 0.3784263
006 2 29 14 0 0.373659 0.059241 0 0.7478 0 0 -0.374141 0.059241 0.7470703 0.378802
006 2 29 14 0 0.373264 0.059143 0 0.7478 0 0 -0.374536 0.059143 0.7515564 0.3791769
006 2 29 14 0 0.37287 0.059039 0 0.7478 0 0 -0.37493 0.059039 0.7557831 0.3795499
006 2 29 14 0 0.372477 0.058929 0 0.7478 0 0 -0.375323 0.058929 0.7602234 0.379921
006 2 29 14 0 0.372084 0.058813 0 0.7478 0 0 -0.375716 0.058813 0.7643738 0.3802913
006 2 29 14 0 0.371693 0.058692 0 0.7478 0 0 -0.376107 0.058692 0.768631 0.3806589
006 2 29 14 0 0.371302 0.058564 0 0.7478 0 0 -0.376498 0.058564 0.7729034 0.3810256
006 2 29 14 0 0.370912 0.058431 0 0.7478 0 0 -0.376888 0.058431 0.7770844 0.3813905
006 2 29 14 0 0.370523 0.058292 0 0.7478 0 0 -0.377277 0.058292 0.7814178 0.3817537
006 2 29 14 0 0.370135 0.058147 0 0.7478 0 0 -0.377665 0.058147 0.785675 0.3821151
006 2 29 14 0 0.369748 0.057996 0 0.7478 0 0 -0.378052 0.057996 0.789917 0.3824746
006 2 29 14 0 0.369361 0.057839 0 0.7478 0 0 -0.378439 0.057839 0.7942047 0.3828334
006 2 29 14 0 0.368976 0.057677 0 0.7478 0 0 -0.378824 0.057677 0.7990265 0.3831896
006 2 29 14 0 0.368592 0.057508 0 0.7478 0 0 -0.379208 0.057508 0.8043823 0.3835438
006 2 29 14 0 0.36821 0.057334 0 0.7478 0 0 -0.37959 0.057334 0.8091736 0.3838955
006 2 29 14 0 0.367828 0.057155 0 0.7478 0 0 -0.379972 0.057155 0.8133087 0.3842465
006 2 29 14 0 0.367448 0.056969 0 0.7478 0 0 -0.380352 0.056969 0.8182373 0.3845947
006 2 29 14 0 0.367068 0.056778 0 0.7478 0 0 -0.380732 0.056778 0.8224792 0.3849424
006 2 29 14 0 0.366691 0.056581 0 0.7478 0 0 -0.381109 0.056581 0.8266144 0.3852862
006 2 29 14 0 0.366314 0.056379 0 0.7478 0 0 -0.381486 0.056379 0.830719 0.3856296
006 2 29 14 0 0.365939 0.056171 0 0.7478 0 0 -0.381861 0.056171 0.8413086 0.3859702
006 2 29 14 0 0.365565 0.055957 0 0.7478 0 0 -0.382235 0.055957 0.8467407 0.3863092
006 2 29 14 0 0.365193 0.055738 0 0.7478 0 0 -0.382607 0.055738 0.8512726 0.3866456
006 2 29 14 0 0.364822 0.055513 0 0.7478 0 0 -0.382978 0.055513 0.8554688 0.3869804
006 2 29 14 0 0.364453 0.055282 0 0.7478 0 0 -0.383347 0.055282 0.8596954 0.3873125
006 2 29 14 0 0.364085 0.055046 0 0.7478 0 0 -0.383715 0.055046 0.8637848 0.3876432
006 2 29 14 0 0.363719 0.054805 0 0.7478 0 0 -0.384081 0.054805 0.8683167 0.3879714
006 2 29 14 0 0.363354 0.054558 0 0.7478 0 0 -0.384446 0.054558 0.8724976 0.3882979
006 2 29 14 0 0.362991 0.054305 0 0.7478 0 0 -0.384809 0.054305 0.8766785 0.3886219
006 2 29 14 0 0.36263 0.054048 0 0.7478 0 0 -0.38517 0.054048 0.8809967 0.3889436
006 2 29 14 0 0.362271 0.053784 0 0.7478 0 0 -0.385529 0.053784 0.8855286 0.3892625
006 2 29 14 0 0.361913 0.053516 0 0.7478 0 0 -0.385887 0.053516 0.8896637 0.3895802
006 2 29 14 0 0.361557 0.053242 0 0.7478 0 0 -0.386243 0.053242 0.8937531 0.3898953
006 2 29 14 0 0.361203 0.052962 0 0.7478 0 0 -0.386597 0.052962 0.8987274 0.3902079
006 2 29 14 0 0.360851 0.052678 0 0.7478 0 0 -0.386949 0.052678 0.9029541 0.3905182
006 2 29 14 0 0.360501 0.052388 0 0.7478 0 0 -0.387299 0.052388 0.9070892 0.3908261
006 2 29 14 0 0.360152 0.052093 0 0.7478 0 0 -0.387648 0.052093 0.9113312 0.3911325
006 2 29 14 0 0.359806 0.051793 0 0.7478 0 0 -0.387994 0.051793 0.9155731 0.3914356
006 2 29 14 0 0.359462 0.051487 0 0.7478 0 0 -0.388338 0.051487 0.9201813 0.3917363
006 2 29 14 0 0.35912 0.051176 0 0.7478 0 0 -0.38868 0.051176 0.9243164 0.3920346
006 2 29 14 0 0.35878 0.050861 0 0.7478 0 0 -0.38902 0.050861 0.9283905 0.3923307
006 2 29 14 0 0.358442 0.05054 0 0.7478 0 0 -0.389358 0.05054 0.9325867 0.3926244
006 2 29 14 0 0.358106 0.050214 0 0.7478 0 0 -0.389694 0.050214 0.9368896 0.3929158
006 2 29 14 0 0.357772 0.049883 0 0.7478 0 0 -0.390028 0.049883 0.9412231 0.393205
006 2 29 14 0 0.357441 0.049547 0 0.7478 0 0 -0.390359 0.049547 0.9453888 0.3934909
006 2 29 14 0 0.357111 0.049206 0 0.7478 0 0 -0.390689 0.049206 0.9498596 0.3937755
006 2 29 14 0 0.356785 0.04886 0 0.7478 0 0 -0.391015 0.04886 0.9539948 0.3940559
006 2 29 14 0 0.35646 0.04851 0 0.7478 0 0 -0.39134 0.04851 0.9583588 0.3943352
006 2 29 14 0 0.356138 0.048154 0 0.7478 0 0 -0.391662 0.048154 0.9626923 0.3946111
006 2 29 14 0 0.355818 0.047794 0 0.7478 0 0 -0.391982 0.047794 0.9671936 0.394885
006 2 29 14 0 0.3555 0.047429 0 0.7478 0 0 -0.3923 0.047429 0.9713745 0.3951567
006 2 29 14 0 0.355186 0.047059 0 0.7478 0 0 -0.392614 0.047059 0.9755096 0.3954242
006 2 29 14 0 0.354873 0.046684 0 0.7478 0 0 -0.392927 0.046684 0.9797821 0.3956906
006 2 29 14 0 0.354563 0.046305 0 0.7478 0 0 -0.393237 0.046305 0.9841003 0.3959539
006 2 29 14 0 0.354256 0.045921 0 0.7478 0 0 -0.393544 0.045921 0.9883423 0.3962141
006 2 29 14 0 0.353951 0.045533 0 0.7478 0 0 -0.393849 0.045533 0.9924316 0.3964723
006 2 29 14 0 0.353649 0.04514 0 0.7478 0 0 -0.394151 0.04514 0.9965973 0.3967274
006 2 29 14 0 0.353349 0.044742 0 0.7478 0 0 -0.394451 0.044742 1.001221 0.3969804
006 2 29 14 0 0.353052 0.04434 0 0.7478 0 0 -0.394748 0.04434 1.005417 0.3972304
006 2 29 14 0 0.352758 0.043934 0 0.7478 0 0 -0.395042 0.043934 1.009552 0.3974775
006 2 29 14 0 0.352466 0.043523 0 0.7478 0 0 -0.395334 0.043523 1.013626 0.3977225
006 2 29 14 0 0.352177 0.043108 0 0.7478 0 0 -0.395623 0.043108 1.018204 0.3979647
006 2 29 14 0 0.351891 0.042688 0 0.7478 0 0 -0.395909 0.042688 1.022385 0.3982037
006 2 29 14 0 0.351608 0.042265 0 0.7478 0 0 -0.396192 0.042265 1.026489 0.39844
006 2 29 14 0 0.351328 0.041837 0 0.7478 0 0 -0.396472 0.041837 1.030624 0.3986732
006 2 29 14 0 0.35105 0.041404 0 0.7478 0 0 -0.39675 0.041404 1.035172 0.3989045
006 2 29 14 0 0.350776 0.040968 0 0.7478 0 0 -0.397024 0.040968 1.039413 0.3991321
006 2 29 14 0 0.350504 0.040528 0 0.7478 0 0 -0.397296 0.040528 1.043594 0.3993578
006 2 29 14 0 0.350236 0.040083 0 0.7478 0 0 -0.397564 0.040083 1.047714 0.3995795
006 2 29 14 0 0.34997 0.039635 0 0.7478 0 0 -0.39783 0.039635 1.052063 0.3997995
006 2 29 14 0 0.349707 0.039182 0 0.7478 0 0 -0.398093 0.039182 1.056412 0.4000166
006 2 29 14 0 0.349447 0.038726 0 0.7478 0 0 -0.398353 0.038726 1.060776 0.4002309
006 2 29 14 0 0.349191 0.038266 0 0.7478 0 0 -0.398609 0.038266 1.06514 0.4004415
006 2 29 14 0 0.348937 0.037802 0 0.7478 0 0 -0.398863 0.037802 1.069366 0.4006503
006 2 29 14 0 0.348687 0.037334 0 0.7478 0 0 -0.399113 0.037334 1.073456 0.4008554
006 2 29 14 0 0.348439 0.036862 0 0.7478 0 0 -0.399361 0.036862 1.077744 0.4010586
006 2 29 14 0 0.348195 0.036387 0 0.7478 0 0 -0.399605 0.036387 1.082001 0.4012582
006 2 29 14 0 0.347954 0.035908 0 0.7478 0 0 -0.399846 0.035908 1.086258 0.4014551
006 2 29 14 0 0.347716 0.035426 0 0.7478 0 0 -0.400084 0.035426 1.090927 0.4016494
006 2 29 14 0 0.347482 0.03494 0 0.7478 0 0 -0.400318 0.03494 1.095215 0.4018399
006 2 29 14 0 0.347251 0.03445 0 0.7478 0 0 -0.400549 0.03445 1.09967 0.4020277
006 2 29 14 0 0.347023 0.033957 0 0.7478 0 0 -0.400777 0.033957 1.103836 0.4022129
006 2 29 14 0 0.346798 0.033461 0 0.7478 0 0 -0.401002 0.033461 1.107986 0.4023956
006 2 29 14 0 0.346576 0.032961 0 0.7478 0 0 -0.401224 0.032961 1.112106 0.4025756
006 2 29 14 0 0.346358 0.032458 0 0.7478 0 0 -0.401442 0.032458 1.116287 0.402752
006 2 29 14 0 0.346144 0.031952 0 0.7478 0 0 -0.401656 0.031952 1.120682 0.4029249
006 2 29 14 0 0.345932 0.031443 0 0.7478 0 0 -0.401868 0.031443 1.125183 0.4030962
006 2 29 14 0 0.345724 0.03093 0 0.7478 0 0 -0.402076 0.03093 1.129379 0.4032639
006 2 29 14 0 0.34552 0.030414 0 0.7478 0 0 -0.40228 0.030414 1.133636 0.403428
006 2 29 14 0 0.345319 0.029896 0 0.7478 0 0 -0.402481 0.029896 1.138229 0.4035898
006 2 29 14 0 0.345121 0.029374 0 0.7478 0 0 -0.402679 0.029374 1.142456 0.4037489
006 2 29 14 0 0.344927 0.028849 0 0.7478 0 0 -0.402873 0.028849 1.146637 0.4039046
006 2 29 14 0 0.344737 0.028322 0 0.7478 0 0 -0.403063 0.028322 1.151337 0.4040568
006 2 29 14 0 0.34455 0.027791 0 0.7478 0 0 -0.40325 0.027791 1.155548 0.4042065
006 2 29 14 0 0.344366 0.027258 0 0.7478 0 0 -0.403434 0.027258 1.159775 0.4043538
006 2 29 14 0 0.344186 0.026722 0 0.7478 0 0 -0.403614 0.026722 1.163895 0.4044976
006 2 29 14 0 0.34401 0.026184 0 0.7478 0 0 -0.40379 0.026184 1.168228 0.4046381
006 2 29 14 0 0.343837 0.025643 0 0.7478 0 0 -0.403963 0.025643 1.172424 0.4047761
006 2 29 14 0 0.343668 0.025099 0 0.7478 0 0 -0.404132 0.025099 1.17662 0.4049106
006 2 29 14 0 0.343502 0.024553 0 0.7478 0 0 -0.404298 0.024553 1.180893 0.4050428
006 2 29 14 0 0.343341 0.024004 0 0.7478 0 0 -0.404459 0.024004 1.18541 0.4051707
006 2 29 14 0 0.343182 0.023453 0 0.7478 0 0 -0.404618 0.023453 1.189545 0.4052971
006 2 29 14 0 0.343028 0.0229 0 0.7478 0 0 -0.404772 0.0229 1.193665 0.4054193
006 2 29 14 0 0.342877 0.022344 0 0.7478 0 0 -0.404923 0.022344 1.198044 0.405539
006 2 29 14 0 0.34273 0.021786 0 0.7478 0 0 -0.40507 0.021786 1.202499 0.4056554
006 2 29 14 0 0.342587 0.021226 0 0.7478 0 0 -0.405213 0.021226 1.206894 0.4057685
006 2 29 14 0 0.342447 0.020664 0 0.7478 0 0 -0.405353 0.020664 1.211121 0.4058793
006 2 29 14 0 0.342311 0.020099 0 0.7478 0 0 -0.405489 0.020099 1.216187 0.4059868
006 2 29 14 0 0.342179 0.019533 0 0.7478 0 0 -0.405621 0.019533 1.22142 0.406091
006 2 29 14 0 0.342051 0.018965 0 0.7478 0 0 -0.405749 0.018965 1.226089 0.406192
006 2 29 14 0 0.341926 0.018394 0 0.7478 0 0 -0.405874 0.018394 1.230225 0.4062906
006 2 29 14 0 0.341805 0.017822 0 0.7478 0 0 -0.405995 0.017822 1.234711 0.406386
006 2 29 14 0 0.341689 0.017249 0 0.7478 0 0 -0.406111 0.017249 1.239456 0.4064772
006 2 29 14 0 0.341575 0.016673 0 0.7478 0 0 -0.406225 0.016673 1.243698 0.406567
006 2 29 14 0 0.341466 0.016096 0 0.7478 0 0 -0.406334 0.016096 1.24791 0.4066527
006 2 29 14 0 0.341361 0.015517 0 0.7478 0 0 -0.406439 0.015517 1.252411 0.4067351
006 2 29 14 0 0.341259 0.014937 0 0.7478 0 0 -0.406541 0.014937 1.256821 0.4068153
006 2 29 14 0 0.341162 0.014355 0 0.7478 0 0 -0.406638 0.014355 1.261139 0.4068913
006 2 29 14 0 0.341068 0.013772 0 0.7478 0 0 -0.406732 0.013772 1.265289 0.4069651
006 2 29 14 0 0.340978 0.013187 0 0.7478 0 0 -0.406822 0.013187 1.269623 0.4070357
006 2 29 14 0 0.340892 0.012601 0 0.7478 0 0 -0.406908 0.012601 1.273773 0.407103
006 2 29 14 0 0.34081 0.012014 0 0.7478 0 0 -0.40699 0.012014 1.27803 0.4071673
006 2 29 14 0 0.340732 0.011425 0 0.7478 0 0 -0.407068 0.011425 1.282211 0.4072283
006 2 29 14 0 0.340658 0.010836 0 0.7478 0 0 -0.407142 0.010836 1.286392 0.4072861
006 2 29 14 0 0.340587 0.010245 0 0.7478 0 0 -0.407213 0.010245 1.290695 0.4073418
006 2 29 14 0 0.340521 0.009653 0 0.7478 0 0 -0.407279 0.009653 1.295792 0.4073934
006 2 29 14 0 0.340459 0.009061 0 0.7478 0 0 -0.407341 0.009061 1.300354 0.4074417
006 2 29 14 0 0.3404 0.008467 0 0.7478 0 0 -0.4074 0.008467 1.304825 0.407488
006 2 29 14 0 0.340346 0.007873 0 0.7478 0 0 -0.407454 0.007873 1.309265 0.40753
006 2 29 14 0 0.340295 0.007278 0 0.7478 0 0 -0.407505 0.007278 1.313385 0.40757
006 2 29 14 0 0.340249 0.006682 0 0.7478 0 0 -0.407551 0.006682 1.317856 0.4076058
006 2 29 14 0 0.340206 0.006085 0 0.7478 0 0 -0.407594 0.006085 1.322128 0.4076394
006 2 29 14 0 0.340168 0.005488 0 0.7478 0 0 -0.407632 0.005488 1.326279 0.4076689
006 2 29 14 0 0.340133 0.00489 0 0.7478 0 0 -0.407667 0.00489 1.330429 0.4076963
006 2 29 14 0 0.340102 0.004292 0 0.7478 0 0 -0.407698 0.004292 1.334793 0.4077206
006 2 29 14 0 0.340076 0.003693 0 0.7478 0 0 -0.407724 0.003693 1.33905 0.4077407
006 2 29 14 0 0.340053 0.003094 0 0.7478 0 0 -0.407747 0.003094 1.343185 0.4077587
006 2 29 14 0 0.340035 0.002495 0 0.7478 0 0 -0.407765 0.002495 1.347549 0.4077726
006 2 29 14 0 0.34002 0.001895 0 0.7478 0 0 -0.40778 0.001895 1.351883 0.4077844
006 2 29 14 0 0.340009 0.001295 0 0.7478 0 0 -0.407791 0.001295 1.356049 0.407793
006 2 29 14 0 0.340003 0.000696 0 0.7478 0 0 -0.407797 0.000696 1.360382 0.4077976
006 2 29 14 0 0.34 9.6E-05 0 0.7478 0 0 -0.4078 9.6E-05 1.364639 0.4078
006 2 29 14 0 0.340001 -0.000504 0 0.7478 0 0 -0.407799 -0.000504 1.369125 0.4077993
006 2 29 14 0 0.340007 -0.001104 0 0.7478 0 0 -0.407793 -0.001104 1.373474 0.4077945
006 2 29 14 0 0.340016 -0.001704 0 0.7478 0 0 -0.407784 -0.001704 1.377838 0.4077876
006 2 29 14 0 0.340029 -0.002304 0 0.7478 0 0 -0.407771 -0.002304 1.38205 0.4077775
006 2 29 14 0 0.340047 -0.002903 0 0.7478 0 0 -0.407753 -0.002903 1.386292 0.4077633
006 2 29 14 0 0.340068 -0.003502 0 0.7478 0 0 -0.407732 -0.003502 1.390671 0.407747
006 2 29 14 0 0.340094 -0.004101 0 0.7478 0 0 -0.407706 -0.004101 1.394806 0.4077266
006 2 29 14 0 0.340123 -0.0047 0 0.7478 0 0 -0.407677 -0.0047 1.399185 0.4077041
006 2 29 14 0 0.340156 -0.005298 0 0.7478 0 0 -0.407644 -0.005298 1.403351 0.4076784
006 2 29 14 0 0.340194 -0.005895 0 0.7478 0 0 -0.407606 -0.005895 1.407501 0.4076486
006 2 29 14 0 0.340235 -0.006492 0 0.7478 0 0 -0.407565 -0.006492 1.411652 0.4076167
006 2 29 14 0 0.34028 -0.007088 0 0.7478 0 0 -0.40752 -0.007088 1.415894 0.4075816
006 2 29 14 0 0.340329 -0.007683 0 0.7478 0 0 -0.407471 -0.007683 1.420212 0.4075434
006 2 29 14 0 0.340383 -0.008278 0 0.7478 0 0 -0.407417 -0.008278 1.424362 0.4075011
006 2 29 14 0 0.34044 -0.008872 0 0.7478 0 0 -0.40736 -0.008872 1.428467 0.4074566
006 2 29 14 0 0.340501 -0.009465 0 0.7478 0 0 -0.407299 -0.009465 1.432816 0.407409
006 2 29 14 0 0.340566 -0.010057 0 0.7478 0 0 -0.407234 -0.010057 1.437134 0.4073581
006 2 29 14 0 0.340635 -0.010648 0 0.7478 0 0 -0.407165 -0.010648 1.441467 0.4073042
006 2 29 14 0 0.340708 -0.011238 0 0.7478 0 0 -0.407092 -0.011238 1.445587 0.4072471
006 2 29 14 0 0.340785 -0.011826 0 0.7478 0 0 -0.407015 -0.011826 1.449829 0.4071868
006 2 29 14 0 0.340866 -0.012414 0 0.7478 0 0 -0.406934 -0.012414 1.453964 0.4071233
006 2 29 14 0 0.34095 -0.013001 0 0.7478 0 0 -0.40685 -0.013001 1.458328 0.4070576
006 2 29 14 0 0.341039 -0.013586 0 0.7478 0 0 -0.406761 -0.013586 1.462494 0.4069878
006 2 29 14 0 0.341131 -0.014169 0 0.7478 0 0 -0.406669 -0.014169 1.466812 0.4069158
006 2 29 14 0 0.341228 -0.014752 0 0.7478 0 0 -0.406572 -0.014752 1.4711 0.4068395
006 2 29 14 0 0.341328 -0.015332 0 0.7478 0 0 -0.406472 -0.015332 1.475281 0.4067611
006 2 29 14 0 0.341432 -0.015912 0 0.7478 0 0 -0.406368 -0.015912 1.479614 0.4066794
006 2 29 14 0 0.34154 -0.016489 0 0.7478 0 0 -0.40626 -0.016489 1.483917 0.4065945
006 2 29 14 0 0.341652 -0.017066 0 0.7478 0 0 -0.406148 -0.017066 1.488129 0.4065064
006 2 29 14 0 0.341768 -0.01764 0 0.7478 0 0 -0.406032 -0.01764 1.49231 0.406415
006 2 29 14 0 0.341887 -0.018212 0 0.7478 0 0 -0.405913 -0.018212 1.49675 0.4063213
006 2 29 14 0 0.342011 -0.018783 0 0.7478 0 0 -0.405789 -0.018783 1.501358 0.4062235
006 2 29 14 0 0.342138 -0.019352 0 0.7478 0 0 -0.405662 -0.019352 1.505539 0.4061233
006 2 29 14 0 0.342269 -0.019919 0 0.7478 0 0 -0.405531 -0.019919 1.50972 0.4060199
006 2 29 14 0 0.342403 -0.020484 0 0.7478 0 0 -0.405397 -0.020484 1.513779 0.4059142
006 2 29 14 0 0.342542 -0.021047 0 0.7478 0 0 -0.405258 -0.021047 1.518295 0.4058042
006 2 29 14 0 0.342684 -0.021608 0 0.7478 0 0 -0.405116 -0.021608 1.522659 0.4056918
006 2 29 14 0 0.34283 -0.022166 0 0.7478 0 0 -0.40497 -0.022166 1.527023 0.4055762
006 2 29 14 0 0.342979 -0.022723 0 0.7478 0 0 -0.404821 -0.022723 1.531296 0.4054582
006 2 29 14 0 0.343133 -0.023277 0 0.7478 0 0 -0.404667 -0.023277 1.535797 0.4053359
006 2 29 14 0 0.34329 -0.023829 0 0.7478 0 0 -0.40451 -0.023829 1.540131 0.4052112
006 2 29 14 0 0.343451 -0.024378 0 0.7478 0 0 -0.404349 -0.024378 1.544357 0.4050832
006 2 29 14 0 0.343615 -0.024925 0 0.7478 0 0 -0.404185 -0.024925 1.54866 0.4049528
006 2 29 14 0 0.343783 -0.02547 0 0.7478 0 0 -0.404017 -0.02547 1.552872 0.404819
006 2 29 14 0 0.343954 -0.026012 0 0.7478 0 0 -0.403846 -0.026012 1.557205 0.4046828
006 2 29 14 0 0.34413 -0.026551 0 0.7478 0 0 -0.40367 -0.026551 1.561493 0.4045422
006 2 29 14 0 0.344308 -0.027088 0 0.7478 0 0 -0.403492 -0.027088 1.566086 0.4044002
006 2 29 14 0 0.344491 -0.027622 0 0.7478 0 0 -0.403309 -0.027622 1.570343 0.4042538
006 2 29 14 0 0.344677 -0.028153 0 0.7478 0 0 -0.403123 -0.028153 1.574524 0.4041049
006 2 29 14 0 0.344866 -0.028682 0 0.7478 0 0 -0.402934 -0.028682 1.578812 0.4039535
006 2 29 14 0 0.345059 -0.029207 0 0.7478 0 0 -0.402741 -0.029207 1.58313 0.4037986
006 2 29 14 0 0.345256 -0.02973 0 0.7478 0 0 -0.402544 -0.02973 1.587524 0.4036404
006 2 29 14 0 0.345456 -0.03025 0 0.7478 0 0 -0.402344 -0.03025 1.59169 0.4034795
006 2 29 14 0 0.345659 -0.030766 0 0.7478 0 0 -0.402141 -0.030766 1.595825 0.4033161
006 2 29 14 0 0.345866 -0.03128 0 0.7478 0 0 -0.401934 -0.03128 1.600311 0.4031493
006 2 29 14 0 0.346076 -0.03179 0 0.7478 0 0 -0.401724 -0.03179 1.60466 0.4029799
006 2 29 14 0 0.34629 -0.032297 0 0.7478 0 0 -0.40151 -0.032297 1.608795 0.4028069
006 2 29 14 0 0.346507 -0.032801 0 0.7478 0 0 -0.401293 -0.032801 1.613312 0.4026313
006 2 29 14 0 0.346727 -0.033302 0 0.7478 0 0 -0.401073 -0.033302 1.618774 0.4024532
006 2 29 14 0 0.346951 -0.0338 0 0.7478 0 0 -0.400849 -0.0338 1.623306 0.4022715
006 2 29 14 0 0.347178 -0.034294 0 0.7478 0 0 -0.400622 -0.034294 1.627991 0.4020871
006 2 29 14 0 0.347408 -0.034784 0 0.7478 0 0 -0.400392 -0.034784 1.632568 0.4019001
006 2 29 14 0 0.347641 -0.035271 0 0.7478 0 0 -0.400159 -0.035271 1.63739 0.4017105
006 2 29 14 0 0.347878 -0.035755 0 0.7478 0 0 -0.399922 -0.035755 1.641953 0.4015171
006 2 29 14 0 0.348118 -0.036235 0 0.7478 0 0 -0.399682 -0.036235 1.646088 0.4013211
006 2 29 14 0 0.348361 -0.036711 0 0.7478 0 0 -0.399439 -0.036711 1.650467 0.4011224
006 2 29 14 0 0.348608 -0.037184 0 0.7478 0 0 -0.399192 -0.037184 1.654633 0.4009201
006 2 29 14 0 0.348857 -0.037653 0 0.7478 0 0 -0.398943 -0.037653 1.658997 0.4007159
006 2 29 14 0 0.34911 -0.038118 0 0.7478 0 0 -0.39869 -0.038118 1.663162 0.400508
006 2 29 14 0 0.349365 -0.03858 0 0.7478 0 0 -0.398435 -0.03858 1.667618 0.4002985
006 2 29 14 0 0.349624 -0.039038 0 0.7478 0 0 -0.398176 -0.039038 1.671783 0.4000851
006 2 29 14 0 0.349886 -0.039491 0 0.7478 0 0 -0.397914 -0.039491 1.676086 0.3998688
006 2 29 14 0 0.350151 -0.039941 0 0.7478 0 0 -0.397649 -0.039941 1.680374 0.3996499
006 2 29 14 0 0.350418 -0.040387 0 0.7478 0 0 -0.397382 -0.040387 1.684891 0.3994291
006 2 29 14 0 0.350689 -0.040828 0 0.7478 0 0 -0.397111 -0.040828 1.689102 0.3992043
006 2 29 14 0 0.350963 -0.041266 0 0.7478 0 0 -0.396837 -0.041266 1.693512 0.3989768
006 2 29 14 0 0.351239 -0.041699 0 0.7478 0 0 -0.396561 -0.041699 1.698425 0.3987473
006 2 29 14 0 0.351519 -0.042129 0 0.7478 0 0 -0.396281 -0.042129 1.703125 0.3985141
006 2 29 14 0 0.351801 -0.042554 0 0.7478 0 0 -0.395999 -0.042554 1.707306 0.3982788
006 2 29 14 0 0.352086 -0.042975 0 0.7478 0 0 -0.395714 -0.042975 1.711472 0.3980407
006 2 29 14 0 0.352374 -0.043391 0 0.7478 0 0 -0.395426 -0.043391 1.716461 0.3977996
006 2 29 14 0 0.352665 -0.043804 0 0.7478 0 0 -0.395135 -0.043804 1.721725 0.3975556
006 2 29 14 0 0.352958 -0.044211 0 0.7478 0 0 -0.394842 -0.044211 1.726135 0.3973095
006 2 29 14 0 0.353254 -0.044615 0 0.7478 0 0 -0.394546 -0.044615 1.730331 0.3970605
006 2 29 14 0 0.353553 -0.045014 0 0.7478 0 0 -0.394247 -0.045014 1.734665 0.3968084
006 2 29 14 0 0.353854 -0.045408 0 0.7478 0 0 -0.393946 -0.045408 1.739075 0.3965543
006 2 29 14 0 0.354158 -0.045798 0 0.7478 0 0 -0.393642 -0.045798 1.743286 0.3962972
006 2 29 14 0 0.354465 -0.046183 0 0.7478 0 0 -0.393335 -0.046183 1.747437 0.396037
006 2 29 14 0 0.354774 -0.046564 0 0.7478 0 0 -0.393026 -0.046564 1.751953 0.3957747
006 2 29 14 0 0.355086 -0.04694 0 0.7478 0 0 -0.392714 -0.04694 1.756149 0.3955094
006 2 29 14 0 0.3554 -0.047312 0 0.7478 0 0 -0.3924 -0.047312 1.760361 0.3952419
006 2 29 14 0 0.355717 -0.047678 0 0.7478 0 0 -0.392083 -0.047678 1.76442 0.3949712
006 2 29 14 0 0.356036 -0.04804 0 0.7478 0 0 -0.391764 -0.04804 1.768646 0.3946984
006 2 29 14 0 0.356357 -0.048397 0 0.7478 0 0 -0.391443 -0.048397 1.772812 0.3944235
006 2 29 14 0 0.356681 -0.048749 0 0.7478 0 0 -0.391119 -0.048749 1.77713 0.3941453
006 2 29 14 0 0.357007 -0.049097 0 0.7478 0 0 -0.390793 -0.049097 1.781509 0.393865
006 2 29 14 0 0.357335 -0.049439 0 0.7478 0 0 -0.390465 -0.049439 1.785782 0.3935824
006 2 29 14 0 0.357666 -0.049777 0 0.7478 0 0 -0.390134 -0.049777 1.789948 0.3932967
006 2 29 14 0 0.357999 -0.050109 0 0.7478 0 0 -0.389801 -0.050109 1.794037 0.3930086
006 2 29 14 0 0.358334 -0.050437 0 0.7478 0 0 -0.389466 -0.050437 1.798477 0.3927183
006 2 29 14 0 0.358672 -0.050759 0 0.7478 0 0 -0.389128 -0.050759 1.802719 0.3924246
006 2 29 14 0 0.359011 -0.051076 0 0.7478 0 0 -0.388789 -0.051076 1.806885 0.3921296
006 2 29 14 0 0.359353 -0.051389 0 0.7478 0 0 -0.388447 -0.051389 1.810974 0.3918315
006 2 29 14 0 0.359696 -0.051696 0 0.7478 0 0 -0.388104 -0.051696 1.815125 0.3915319
006 2 29 14 0 0.360042 -0.051998 0 0.7478 0 0 -0.387758 -0.051998 1.819443 0.3912289
006 2 29 14 0 0.36039 -0.052295 0 0.7478 0 0 -0.38741 -0.052295 1.823624 0.3909236
006 2 29 14 0 0.360739 -0.052586 0 0.7478 0 0 -0.387061 -0.052586 1.827866 0.3906168
006 2 29 14 0 0.361091 -0.052872 0 0.7478 0 0 -0.386709 -0.052872 1.832108 0.3903067
006 2 29 14 0 0.361444 -0.053153 0 0.7478 0 0 -0.386356 -0.053153 1.836365 0.3899951
006 2 29 14 0 0.361799 -0.053429 0 0.7478 0 0 -0.386001 -0.053429 1.840668 0.3896812
006 2 29 14 0 0.362157 -0.053699 0 0.7478 0 0 -0.385643 -0.053699 1.844818 0.3893637
006 2 29 14 0 0.362515 -0.053964 0 0.7478 0 0 -0.385285 -0.053964 1.84903 0.3890458
006 2 29 14 0 0.362876 -0.054224 0 0.7478 0 0 -0.384924 -0.054224 1.853271 0.3887245
006 2 29 14 0 0.363238 -0.054478 0 0.7478 0 0 -0.384562 -0.054478 1.857681 0.3884016
006 2 29 14 0 0.363602 -0.054727 0 0.7478 0 0 -0.384198 -0.054727 1.861816 0.3880762
006 2 29 14 0 0.363968 -0.05497 0 0.7478 0 0 -0.383832 -0.05497 1.865997 0.3877482
006 2 29 14 0 0.364335 -0.055208 0 0.7478 0 0 -0.383465 -0.055208 1.870209 0.3874188
006 2 29 14 0 0.364704 -0.05544 0 0.7478 0 0 -0.383096 -0.05544 1.874374 0.3870867
006 2 29 14 0 0.365074 -0.055667 0 0.7478 0 0 -0.382726 -0.055667 1.878677 0.3867531
006 2 29 14 0 0.365446 -0.055888 0 0.7478 0 0 -0.382354 -0.055888 1.88298 0.3864169
006 2 29 14 0 0.36582 -0.056103 0 0.7478 0 0 -0.38198 -0.056103 1.887314 0.3860781
006 2 29 14 0 0.366194 -0.056313 0 0.7478 0 0 -0.381606 -0.056313 1.891479 0.3857386
006 2 29 14 0 0.36657 -0.056517 0 0.7478 0 0 -0.38123 -0.056517 1.895599 0.3853965
006 2 29 14 0 0.366948 -0.056716 0 0.7478 0 0 -0.380852 -0.056716 1.900177 0.3850519
006 2 29 14 0 0.367327 -0.056909 0 0.7478 0 0 -0.380473 -0.056909 1.904343 0.3847055
006 2 29 14 0 0.367707 -0.057096 0 0.7478 0 0 -0.380093 -0.057096 1.908478 0.3843574
006 2 29 14 0 0.368088 -0.057278 0 0.7478 0 0 -0.379712 -0.057278 1.912659 0.3840078
006 2 29 14 0 0.36847 -0.057453 0 0.7478 0 0 -0.37933 -0.057453 1.916962 0.3836562
006 2 29 14 0 0.368854 -0.057624 0 0.7478 0 0 -0.378946 -0.057624 1.921417 0.3833022
006 2 29 14 0 0.369239 -0.057788 0 0.7478 0 0 -0.378561 -0.057788 1.92627 0.3829463
006 2 29 14 0 0.369624 -0.057946 0 0.7478 0 0 -0.378176 -0.057946 1.930481 0.3825896
006 2 29 14 0 0.370011 -0.058099 0 0.7478 0 0 -0.377789 -0.058099 1.934799 0.3822303
006 2 29 14 0 0.370399 -0.058246 0 0.7478 0 0 -0.377401 -0.058246 1.939056 0.3818692
006 2 29 14 0 0.370788 -0.058387 0 0.7478 0 0 -0.377012 -0.058387 1.94342 0.3815063
006 2 29 14 0 0.371178 -0.058522 0 0.7478 0 0 -0.376622 -0.058522 1.947769 0.3811416
006 2 29 14 0 0.371568 -0.058652 0 0.7478 0 0 -0.376232 -0.058652 1.952591 0.3807763
006 2 29 14 0 0.37196 -0.058775 0 0.7478 0 0 -0.37584 -0.058775 1.957184 0.3804079
006 2 29 14 0 0.372352 -0.058893 0 0.7478 0 0 -0.375448 -0.058893 1.962341 0.3800389
006 2 29 14 0 0.372745 -0.059005 0 0.7478 0 0 -0.375055 -0.059005 1.966614 0.3796681
006 2 29 14 0 0.373139 -0.059111 0 0.7478 0 0 -0.374661 -0.059111 1.97081 0.3792954
006 2 29 14 0 0.373533 -0.059211 0 0.7478 0 0 -0.374267 -0.059211 1.975098 0.3789218
006 2 29 14 0 0.373928 -0.059305 0 0.7478 0 0 -0.373872 -0.059305 1.979446 0.3785464
006 2 29 14 0 0.374324 -0.059393 0 0.7478 0 0 -0.373476 -0.059393 1.983932 0.3781691
006 2 29 14 0 0.37472 -0.059475 0 0.7478 0 0 -0.37308 -0.059475 1.988235 0.3777909
006 2 29 14 0 0.375117 -0.059551 0 0.7478 0 0 -0.372683 -0.059551 1.992493 0.3774108
006 2 29 14 0 0.375514 -0.059621 0 0.7478 0 0 -0.372286 -0.059621 1.996658 0.3770299
006 2 29 14 0 0.375912 -0.059686 0 0.7478 0 0 -0.371888 -0.059686 2.001389 0.3766472
006 2 29 14 0 0.37631 -0.059744 0 0.7478 0 0 -0.37149 -0.059744 2.005661 0.3762634
006 2 29 14 0 0.376708 -0.059796 0 0.7478 0 0 -0.371092 -0.059796 2.009842 0.3758787
006 2 29 14 0 0.377107 -0.059843 0 0.7478 0 0 -0.370693 -0.059843 2.014206 0.3754923
006 2 29 14 0 0.377506 -0.059883 0 0.7478 0 0 -0.370294 -0.059883 2.019348 0.3751048
006 2 29 14 0 0.377905 -0.059918 0 0.7478 0 0 -0.369895 -0.059918 2.023483 0.3747165
006 2 29 14 0 0.378305 -0.059946 0 0.7478 0 0 -0.369495 -0.059946 2.027618 0.3743261
006 2 29 14 0 0.378705 -0.059969 0 0.7478 0 0 -0.369095 -0.059969 2.031891 0.373935
006 2 29 14 0 0.379105 -0.059985 0 0.7478 0 0 -0.368695 -0.059985 2.036194 0.3735428
006 2 29 14 0 0.379504 -0.059995 0 0.7478 0 0 -0.368296 -0.059995 2.040436 0.3731506
006 2 29 14 0 0.379904 -0.06 0 0.7478 0 0 -0.367896 -0.06 2.044724 0.3727566
006 2 29 14 0 0.380304 -0.059998 0 0.7478 0 0 -0.367496 -0.059998 2.048935 0.3723615
006 2 29 14 0 0.380704 -0.059991 0 0.7478 0 0 -0.367096 -0.059991 2.053131 0.3719656
006 2 29 14 0 0.381104 -0.059977 0 0.7478 0 0 -0.366696 -0.059977 2.057373 0.3715686
006 2 29 14 0 0.381504 -0.059958 0 0.7478 0 0 -0.366296 -0.059958 2.061569 0.3711707
006 2 29 14 0 0.381904 -0.059932 0 0.7478 0 0 -0.365896 -0.059932 2.065826 0.3707718
006 2 29 14 0 0.382303 -0.0599 0 0.7478 0 0 -0.365497 -0.0599 2.070084 0.3703729
006 2 29 14 0 0.382702 -0.059863 0 0.7478 0 0 -0.365098 -0.059863 2.07431 0.3699732
006 2 29 14 0 0.383101 -0.059819 0 0.7478 0 0 -0.364699 -0.059819 2.078644 0.3695723
006 2 29 14 0 0.3835 -0.05977 0 0.7478 0 0 -0.3643 -0.05977 2.082947 0.3691706
006 2 29 14 0 0.383898 -0.059714 0 0.7478 0 0 -0.363902 -0.059714 2.087158 0.3687688
006 2 29 14 0 0.384296 -0.059653 0 0.7478 0 0 -0.363504 -0.059653 2.091385 0.3683662
006 2 29 14 0 0.384694 -0.059586 0 0.7478 0 0 -0.363106 -0.059586 2.095551 0.3679626
006 2 29 14 0 0.385091 -0.059512 0 0.7478 0 0 -0.362709 -0.059512 2.100021 0.3675588
006 2 29 14 0 0.385487 -0.059433 0 0.7478 0 0 -0.362313 -0.059433 2.104218 0.3671552
006 2 29 14 0 0.385883 -0.059348 0 0.7478 0 0 -0.361917 -0.059348 2.108398 0.3667507
006 2 29 14 0 0.386278 -0.059256 0 0.7478 0 0 -0.361522 -0.059256 2.112518 0.366346
006 2 29 14 0 0.386673 -0.059159 0 0.7478 0 0 -0.361127 -0.059159 2.116791 0.3659405
006 2 29 14 0 0.387067 -0.059056 0 0.7478 0 0 -0.360733 -0.059056 2.120987 0.3655351
006 2 29 14 0 0.38746 -0.058947 0 0.7478 0 0 -0.36034 -0.058947 2.125198 0.3651296
006 2 29 14 0 0.387853 -0.058832 0 0.7478 0 0 -0.359947 -0.058832 2.129501 0.3647232
006 2 29 14 0 0.388245 -0.058712 0 0.7478 0 0 -0.359555 -0.058712 2.13382 0.364317
006 2 29 14 0 0.388636 -0.058585 0 0.7478 0 0 -0.359164 -0.058585 2.138138 0.3639107
006 2 29 14 0 0.389026 -0.058452 0 0.7478 0 0 -0.358774 -0.058452 2.142242 0.3635044
006 2 29 14 0 0.389415 -0.058314 0 0.7478 0 0 -0.358385 -0.058314 2.146347 0.3630982
006 2 29 14 0 0.389804 -0.05817 0 0.7478 0 0 -0.357996 -0.05817 2.150772 0.3626912
006 2 29 14 0 0.390191 -0.05802 0 0.7478 0 0 -0.357609 -0.05802 2.154907 0.3622851
006 2 29 14 0 0.390577 -0.057864 0 0.7478 0 0 -0.357223 -0.057864 2.159546 0.3618791
006 2 29 14 0 0.390962 -0.057703 0 0.7478 0 0 -0.356838 -0.057703 2.163635 0.3614734
006 2 29 14 0 0.391346 -0.057535 0 0.7478 0 0 -0.356454 -0.057535 2.168121 0.3610675
006 2 29 14 0 0.391729 -0.057362 0 0.7478 0 0 -0.356071 -0.057362 2.172287 0.3606618
006 2 29 14 0 0.392111 -0.057184 0 0.7478 0 0 -0.355689 -0.057184 2.176498 0.3602564
006 2 29 14 0 0.392492 -0.056999 0 0.7478 0 0 -0.355308 -0.056999 2.180832 0.3598509
006 2 29 14 0 0.392871 -0.056809 0 0.7478 0 0 -0.354929 -0.056809 2.185577 0.3594466
006 2 29 14 0 0.393249 -0.056613 0 0.7478 0 0 -0.354551 -0.056613 2.189758 0.3590424
006 2 29 14 0 0.393626 -0.056411 0 0.7478 0 0 -0.354174 -0.056411 2.193863 0.3586383
006 2 29 14 0 0.394001 -0.056204 0 0.7478 0 0 -0.353799 -0.056204 2.198242 0.3582354
006 2 29 14 0 0.394375 -0.055991 0 0.7478 0 0 -0.353425 -0.055991 2.202698 0.3578327
006 2 29 14 0 0.394748 -0.055773 0 0.7478 0 0 -0.353052 -0.055773 2.207291 0.3574302
006 2 29 14 0 0.395119 -0.055549 0 0.7478 0 0 -0.352681 -0.055549 2.211548 0.3570288
006 2 29 14 0 0.395489 -0.055319 0 0.7478 0 0 -0.352311 -0.055319 2.216461 0.3566276
006 2 29 14 0 0.395857 -0.055084 0 0.7478 0 0 -0.351943 -0.055084 2.221161 0.3562276
006 2 29 14 0 0.396223 -0.054844 0 0.7478 0 0 -0.351577 -0.054844 2.225418 0.3558289
006 2 29 14 0 0.396588 -0.054598 0 0.7478 0 0 -0.351212 -0.054598 2.229752 0.3554305
006 2 29 14 0 0.396951 -0.054346 0 0.7478 0 0 -0.350849 -0.054346 2.234482 0.3550331
006 2 29 14 0 0.397313 -0.054089 0 0.7478 0 0 -0.350487 -0.054089 2.239227 0.3546361
006 2 29 14 0 0.397672 -0.053827 0 0.7478 0 0 -0.350128 -0.053827 2.243942 0.3542414
006 2 29 14 0 0.39803 -0.053559 0 0.7478 0 0 -0.34977 -0.053559 2.248474 0.3538469
006 2 29 14 0 0.398386 -0.053286 0 0.7478 0 0 -0.349414 -0.053286 2.253494 0.3534537
006 2 29 14 0 0.398741 -0.053007 0 0.7478 0 0 -0.349059 -0.053007 2.258362 0.3530608
006 2 29 14 0 0.399093 -0.052724 0 0.7478 0 0 -0.348707 -0.052724 2.262436 0.3526704
006 2 29 14 0 0.399444 -0.052434 0 0.7478 0 0 -0.348356 -0.052434 2.266693 0.35228
006 2 29 14 0 0.399792 -0.05214 0 0.7478 0 0 -0.348008 -0.05214 2.270874 0.3518922
006 2 29 14 0 0.400139 -0.051841 0 0.7478 0 0 -0.347661 -0.051841 2.274994 0.3515048
006 2 29 14 0 0.400483 -0.051536 0 0.7478 0 0 -0.347317 -0.051536 2.279373 0.3511197
006 2 29 14 0 0.400826 -0.051226 0 0.7478 0 0 -0.346974 -0.051226 2.284027 0.350735
006 2 29 14 0 0.401166 -0.050911 0 0.7478 0 0 -0.346634 -0.050911 2.288437 0.3503528
006 2 29 14 0 0.401505 -0.050591 0 0.7478 0 0 -0.346295 -0.050591 2.292831 0.349971
006 2 29 14 0 0.401841 -0.050266 0 0.7478 0 0 -0.345959 -0.050266 2.297546 0.3495916
006 2 29 14 0 0.402175 -0.049936 0 0.7478 0 0 -0.345625 -0.049936 2.302139 0.3492137
006 2 29 14 0 0.402507 -0.049601 0 0.7478 0 0 -0.345293 -0.049601 2.306534 0.3488373
006 2 29 14 0 0.402836 -0.049261 0 0.7478 0 0 -0.344964 -0.049261 2.310806 0.3484635
006 2 29 14 0 0.403164 -0.048916 0 0.7478 0 0 -0.344636 -0.048916 2.315002 0.3480901
006 2 29 14 0 0.403489 -0.048566 0 0.7478 0 0 -0.344311 -0.048566 2.319412 0.3477193
006 2 29 14 0 0.403811 -0.048211 0 0.7478 0 0 -0.343989 -0.048211 2.323608 0.347351
006 2 29 14 0 0.404131 -0.047852 0 0.7478 0 0 -0.343669 -0.047852 2.327835 0.3469844
006 2 29 14 0 0.404449 -0.047487 0 0.7478 0 0 -0.343351 -0.047487 2.338013 0.3466192
006 2 29 14 0 0.404764 -0.047118 0 0.7478 0 0 -0.343036 -0.047118 2.342392 0.3462569
006 2 29 14 0 0.405077 -0.046744 0 0.7478 0 0 -0.342723 -0.046744 2.346619 0.345896
006 2 29 14 0 0.405388 -0.046366 0 0.7478 0 0 -0.342412 -0.046366 2.350967 0.3455369
006 2 29 14 0 0.405696 -0.045983 0 0.7478 0 0 -0.342104 -0.045983 2.355148 0.3451805
006 2 29 14 0 0.406001 -0.045595 0 0.7478 0 0 -0.341799 -0.045595 2.359375 0.3448267
006 2 29 14 0 0.406303 -0.045203 0 0.7478 0 0 -0.341497 -0.045203 2.36351 0.3444757
006 2 29 14 0 0.406604 -0.044806 0 0.7478 0 0 -0.341196 -0.044806 2.368134 0.3441254
006 2 29 14 0 0.406901 -0.044405 0 0.7478 0 0 -0.340899 -0.044405 2.372299 0.3437789
006 2 29 14 0 0.407196 -0.043999 0 0.7478 0 0 -0.340604 -0.043999 2.376434 0.3434341
006 2 29 14 0 0.407488 -0.043589 0 0.7478 0 0 -0.340312 -0.043589 2.380692 0.3430922
006 2 29 14 0 0.407777 -0.043174 0 0.7478 0 0 -0.340023 -0.043174 2.385162 0.342753
006 2 29 14 0 0.408063 -0.042755 0 0.7478 0 0 -0.339737 -0.042755 2.389343 0.3424167
006 2 29 14 0 0.408347 -0.042332 0 0.7478 0 0 -0.339453 -0.042332 2.393509 0.3420823
006 2 29 14 0 0.408628 -0.041905 0 0.7478 0 0 -0.339172 -0.041905 2.397858 0.3417509
006 2 29 14 0 0.408906 -0.041474 0 0.7478 0 0 -0.338894 -0.041474 2.402252 0.3414223
006 2 29 14 0 0.409181 -0.041038 0 0.7478 0 0 -0.338619 -0.041038 2.406448 0.3410967
006 2 29 14 0 0.409453 -0.040598 0 0.7478 0 0 -0.338347 -0.040598 2.410629 0.3407739
006 2 29 14 0 0.409722 -0.040154 0 0.7478 0 0 -0.338078 -0.040154 2.414917 0.3404542
006 2 29 14 0 0.409988 -0.039707 0 0.7478 0 0 -0.337812 -0.039707 2.419312 0.3401376
006 2 29 14 0 0.410251 -0.039255 0 0.7478 0 0 -0.337549 -0.039255 2.423416 0.3398239
006 2 29 14 0 0.410511 -0.038799 0 0.7478 0 0 -0.337289 -0.038799 2.427704 0.3395132
006 2 29 14 0 0.410769 -0.038339 0 0.7478 0 0 -0.337031 -0.038339 2.432037 0.3392046
006 2 29 14 0 0.411023 -0.037876 0 0.7478 0 0 -0.336777 -0.037876 2.436356 0.3389002
006 2 29 14 0 0.411274 -0.037409 0 0.7478 0 0 -0.336526 -0.037409 2.440598 0.3385988
006 2 29 14 0 0.411521 -0.036938 0 0.7478 0 0 -0.336279 -0.036938 2.444885 0.3383016
006 2 29 14 0 0.411766 -0.036463 0 0.7478 0 0 -0.336034 -0.036463 2.44928 0.3380065
006 2 29 14 0 0.412008 -0.035985 0 0.7478 0 0 -0.335792 -0.035985 2.453735 0.3377146
006 2 29 14 0 0.412246 -0.035503 0 0.7478 0 0 -0.335554 -0.035503 2.458054 0.3374269
006 2 29 14 0 0.412481 -0.035017 0 0.7478 0 0 -0.335319 -0.035017 2.462341 0.3371424
006 2 29 14 0 0.412713 -0.034529 0 0.7478 0 0 -0.335087 -0.034529 2.466949 0.3368613
006 2 29 14 0 0.412941 -0.034036 0 0.7478 0 0 -0.334859 -0.034036 2.47168 0.3365843
006 2 29 14 0 0.413167 -0.03354 0 0.7478 0 0 -0.334633 -0.03354 2.475952 0.3363096
006 2 29 14 0 0.413389 -0.033041 0 0.7478 0 0 -0.334411 -0.033041 2.480347 0.3360393
006 2 29 14 0 0.413607 -0.032539 0 0.7478 0 0 -0.334193 -0.032539 2.484726 0.3357733
006 2 29 14 0 0.413822 -0.032033 0 0.7478 0 0 -0.333978 -0.032033 2.488815 0.3355107
006 2 29 14 0 0.414034 -0.031524 0 0.7478 0 0 -0.333766 -0.031524 2.493073 0.3352514
006 2 29 14 0 0.414243 -0.031012 0 0.7478 0 0 -0.333557 -0.031012 2.497742 0.3349955
006 2 29 14 0 0.414448 -0.030497 0 0.7478 0 0 -0.333352 -0.030497 2.502121 0.3347441
006 2 29 14 0 0.414649 -0.029979 0 0.7478 0 0 -0.333151 -0.029979 2.506348 0.3344971
006 2 29 14 0 0.414847 -0.029457 0 0.7478 0 0 -0.332953 -0.029457 2.510544 0.3342535
006 2 29 14 0 0.415042 -0.028933 0 0.7478 0 0 -0.332758 -0.028933 2.514816 0.3340135
006 2 29 14 0 0.415233 -0.028406 0 0.7478 0 0 -0.332567 -0.028406 2.519241 0.3337779
006 2 29 14 0 0.415421 -0.027876 0 0.7478 0 0 -0.332379 -0.027876 2.523422 0.3335459
006 2 29 14 0 0.415605 -0.027343 0 0.7478 0 0 -0.332195 -0.027343 2.527542 0.3333184
006 2 29 14 0 0.415785 -0.026808 0 0.7478 0 0 -0.332015 -0.026808 2.53186 0.3330955
006 2 29 14 0 0.415962 -0.02627 0 0.7478 0 0 -0.331838 -0.02627 2.536057 0.3328762
006 2 29 14 0 0.416136 -0.025729 0 0.7478 0 0 -0.331664 -0.025729 2.540329 0.3326605
006 2 29 14 0 0.416305 -0.025186 0 0.7478 0 0 -0.331495 -0.025186 2.54454 0.3324504
006 2 29 14 0 0.416471 -0.02464 0 0.7478 0 0 -0.331329 -0.02464 2.548996 0.3322439
006 2 29 14 0 0.416634 -0.024092 0 0.7478 0 0 -0.331166 -0.024092 2.553192 0.3320412
006 2 29 14 0 0.416793 -0.023541 0 0.7478 0 0 -0.331007 -0.023541 2.55751 0.331843
006 2 29 14 0 0.416948 -0.022988 0 0.7478 0 0 -0.330852 -0.022988 2.561661 0.3316496
006 2 29 14 0 0.417099 -0.022433 0 0.7478 0 0 -0.330701 -0.022433 2.566162 0.331461
006 2 29 14 0 0.417247 -0.021875 0 0.7478 0 0 -0.330553 -0.021875 2.570541 0.331276
006 2 29 14 0 0.417391 -0.021315 0 0.7478 0 0 -0.330409 -0.021315 2.574799 0.3310958
006 2 29 14 0 0.417531 -0.020753 0 0.7478 0 0 -0.330269 -0.020753 2.579056 0.3309204
006 2 29 14 0 0.417668 -0.020189 0 0.7478 0 0 -0.330132 -0.020189 2.583466 0.3307487
006 2 29 14 0 0.4178 -0.019623 0 0.7478 0 0 -0.33 -0.019623 2.587769 0.3305829
006 2 29 14 0 0.417929 -0.019055 0 0.7478 0 0 -0.329871 -0.019055 2.591904 0.3304209
006 2 29 14 0 0.418054 -0.018485 0 0.7478 0 0 -0.329746 -0.018485 2.596161 0.3302637
006 2 29 14 0 0.418176 -0.017914 0 0.7478 0 0 -0.329624 -0.017914 2.600616 0.3301104
006 2 29 14 0 0.418293 -0.01734 0 0.7478 0 0 -0.329507 -0.01734 2.604767 0.3299629
006 2 29 14 0 0.418407 -0.016765 0 0.7478 0 0 -0.329393 -0.016765 2.608902 0.3298194
006 2 29 14 0 0.418517 -0.016188 0 0.7478 0 0 -0.329283 -0.016188 2.612991 0.3296807
006 2 29 14 0 0.418623 -0.015609 0 0.7478 0 0 -0.329177 -0.015609 2.617676 0.3295469
006 2 29 14 0 0.418725 -0.015029 0 0.7478 0 0 -0.329075 -0.015029 2.621841 0.329418
006 2 29 14 0 0.418823 -0.014448 0 0.7478 0 0 -0.328977 -0.014448 2.626068 0.3292941
006 2 29 14 0 0.418917 -0.013865 0 0.7478 0 0 -0.328883 -0.013865 2.630188 0.3291751
006 2 29 14 0 0.419008 -0.01328 0 0.7478 0 0 -0.328792 -0.01328 2.634521 0.32906
006 2 29 14 0 0.419094 -0.012694 0 0.7478 0 0 -0.328706 -0.012694 2.638809 0.328951
006 2 29 14 0 0.419177 -0.012107 0 0.7478 0 0 -0.328623 -0.012107 2.642914 0.3288459
006 2 29 14 0 0.419256 -0.011519 0 0.7478 0 0 -0.328544 -0.011519 2.647125 0.3287458
006 2 29 14 0 0.419331 -0.01093 0 0.7478 0 0 -0.328469 -0.01093 2.651642 0.3286508
006 2 29 14 0 0.419402 -0.010339 0 0.7478 0 0 -0.328398 -0.010339 2.655838 0.3285607
006 2 29 14 0 0.419469 -0.009748 0 0.7478 0 0 -0.328331 -0.009748 2.660187 0.3284757
006 2 29 14 0 0.419532 -0.009155 0 0.7478 0 0 -0.328268 -0.009155 2.664337 0.3283956
006 2 29 14 0 0.419591 -0.008562 0 0.7478 0 0 -0.328209 -0.008562 2.668686 0.3283207
006 2 29 14 0 0.419646 -0.007968 0 0.7478 0 0 -0.328154 -0.007968 2.672836 0.3282507
006 2 29 14 0 0.419697 -0.007372 0 0.7478 0 0 -0.328103 -0.007372 2.677048 0.3281858
006 2 29 14 0 0.419744 -0.006777 0 0.7478 0 0 -0.328056 -0.006777 2.681427 0.328126
006 2 29 14 0 0.419787 -0.00618 0 0.7478 0 0 -0.328013 -0.00618 2.68573 0.3280712
006 2 29 14 0 0.419826 -0.005583 0 0.7478 0 0 -0.327974 -0.005583 2.689957 0.3280215
006 2 29 14 0 0.419862 -0.004985 0 0.7478 0 0 -0.327938 -0.004985 2.694077 0.3279759
006 2 29 14 0 0.419893 -0.004387 0 0.7478 0 0 -0.327907 -0.004387 2.698578 0.3279364
006 2 29 14 0 0.41992 -0.003789 0 0.7478 0 0 -0.32788 -0.003789 2.702835 0.3279019
006 2 29 14 0 0.419943 -0.00319 0 0.7478 0 0 -0.327857 -0.00319 2.707047 0.3278725
006 2 29 14 0 0.419963 -0.00259 0 0.7478 0 0 -0.327837 -0.00259 2.711182 0.3278472
006 2 29 14 0 0.419978 -0.001991 0 0.7478 0 0 -0.327822 -0.001991 2.716095 0.327828
006 2 29 14 0 0.419989 -0.001391 0 0.7478 0 0 -0.327811 -0.001391 2.72171 0.3278139
006 2 29 14 0 0.419997 -0.000791 0 0.7478 0 0 -0.327803 -0.000791 2.725861 0.3278039
006 2 29 14 0 0.42 -0.000191 0 0.7478 0 0 -0.3278 -0.000191 2.729965 0.3278
006 2 29 14 0 0.42 0 0 0.7478 0 0 -0.3278 0 2.734543 0.3278
