006 2 17 12 0 0.4 0.02 0 0.7478 0 0 -0.3478 0.02 0 0.3483745
006 2 17 12 0.0004 0.4 0.019999 0 0.7478 0 0.0004 -0.3478 0.019999 0.004760742 0.3483747
006 2 17 12 0.0008 0.4 0.019996 0 0.7478 0 0.0008 -0.3478 0.019996 0.009658813 0.3483752
006 2 17 12 0.0012 0.4 0.019991 0 0.7478 0 0.0012 -0.3478 0.019991 0.01425934 0.3483761
006 2 17 12 0.0016 0.4 0.019984 0 0.7478 0 0.0016 -0.3478 0.019984 0.01904297 0.3483773
006 2 17 12 0.001999 0.4 0.019975 0 0.7478 0 0.001999 -0.3478 0.019975 0.02333832 0.3483789
006 2 17 12 0.002399 0.4 0.019964 0 0.7478 0 0.002399 -0.3478 0.019964 0.02747345 0.3483807
006 2 17 12 0.002798 0.4 0.019951 0 0.7478 0 0.002798 -0.3478 0.019951 0.03180695 0.348383
006 2 17 12 0.003197 0.4 0.019936 0 0.7478 0 0.003197 -0.3478 0.019936 0.03601837 0.3483856
006 2 17 12 0.003595 0.4 0.019919 0 0.7478 0 0.003595 -0.3478 0.019919 0.04029083 0.3483885
006 2 17 12 0.003993 0.4 0.0199 0 0.7478 0 0.003993 -0.3478 0.0199 0.0447998 0.3483917
006 2 17 12 0.004391 0.4 0.019879 0 0.7478 0 0.004391 -0.3478 0.019879 0.04980469 0.3483953
006 2 17 12 0.004788 0.4 0.019856 0 0.7478 0 0.004788 -0.3478 0.019856 0.05409241 0.3483992
006 2 17 12 0.005185 0.4 0.019831 0 0.7478 0 0.005185 -0.3478 0.019831 0.05831909 0.3484035
006 2 17 12 0.005582 0.4 0.019804 0 0.7478 0 0.005582 -0.3478 0.019804 0.06280518 0.3484081
006 2 17 12 0.005978 0.4 0.019775 0 0.7478 0 0.005978 -0.3478 0.019775 0.06717682 0.348413
006 2 17 12 0.006373 0.4 0.019745 0 0.7478 0 0.006373 -0.3478 0.019745 0.07149506 0.3484183
006 2 17 12 0.006767 0.4 0.019712 0 0.7478 0 0.006767 -0.3478 0.019712 0.07566833 0.3484239
006 2 17 12 0.007161 0.4 0.019677 0 0.7478 0 0.007161 -0.3478 0.019677 0.08102417 0.3484297
006 2 17 12 0.007554 0.4 0.01964 0 0.7478 0 0.007554 -0.3478 0.01964 0.08628082 0.348436
006 2 17 12 0.007947 0.4 0.019601 0 0.7478 0 0.007947 -0.3478 0.019601 0.09052277 0.3484425
006 2 17 12 0.008338 0.4 0.019561 0 0.7478 0 0.008338 -0.3478 0.019561 0.09474182 0.3484494
006 2 17 12 0.008729 0.4 0.019518 0 0.7478 0 0.008729 -0.3478 0.019518 0.09912109 0.3484566
006 2 17 12 0.009119 0.4 0.019473 0 0.7478 0 0.009119 -0.3478 0.019473 0.1037216 0.348464
006 2 17 12 0.009508 0.4 0.019427 0 0.7478 0 0.009508 -0.3478 0.019427 0.1081696 0.3484719
006 2 17 12 0.009896 0.4 0.019378 0 0.7478 0 0.009896 -0.3478 0.019378 0.1123276 0.3484799
006 2 17 12 0.010283 0.4 0.019328 0 0.7478 0 0.010283 -0.3478 0.019328 0.1167068 0.3484884
006 2 17 12 0.010669 0.4 0.019275 0 0.7478 0 0.010669 -0.3478 0.019275 0.1208801 0.348497
006 2 17 12 0.011054 0.4 0.019221 0 0.7478 0 0.011054 -0.3478 0.019221 0.1251984 0.3485061
006 2 17 12 0.011438 0.4 0.019165 0 0.7478 0 0.011438 -0.3478 0.019165 0.1293564 0.3485154
006 2 17 12 0.011821 0.4 0.019107 0 0.7478 0 0.011821 -0.3478 0.019107 0.1338501 0.348525
006 2 17 12 0.012202 0.4 0.019047 0 0.7478 0 0.012202 -0.3478 0.019047 0.1388855 0.3485348
006 2 17 12 0.012583 0.4 0.018985 0 0.7478 0 0.012583 -0.3478 0.018985 0.1437607 0.348545
006 2 17 12 0.012962 0.4 0.018921 0 0.7478 0 0.012962 -0.3478 0.018921 0.1481018 0.3485554
006 2 17 12 0.013339 0.4 0.018855 0 0.7478 0 0.013339 -0.3478 0.018855 0.1523285 0.348566
006 2 17 12 0.013716 0.4 0.018787 0 0.7478 0 0.013716 -0.3478 0.018787 0.1565857 0.348577
006 2 17 12 0.014091 0.4 0.018718 0 0.7478 0 0.014091 -0.3478 0.018718 0.1615372 0.3485882
006 2 17 12 0.014465 0.4 0.018647 0 0.7478 0 0.014465 -0.3478 0.018647 0.1661682 0.3485997
006 2 17 12 0.014837 0.4 0.018573 0 0.7478 0 0.014837 -0.3478 0.018573 0.1703339 0.3486114
006 2 17 12 0.015208 0.4 0.018498 0 0.7478 0 0.015208 -0.3478 0.018498 0.1744614 0.3486234
006 2 17 12 0.015577 0.4 0.018421 0 0.7478 0 0.015577 -0.3478 0.018421 0.178566 0.3486356
006 2 17 12 0.015944 0.4 0.018342 0 0.7478 0 0.015944 -0.3478 0.018342 0.1833344 0.3486481
006 2 17 12 0.01631 0.4 0.018262 0 0.7478 0 0.01631 -0.3478 0.018262 0.1874466 0.3486608
006 2 17 12 0.016675 0.4 0.018179 0 0.7478 0 0.016675 -0.3478 0.018179 0.1916199 0.3486737
006 2 17 12 0.017038 0.4 0.018095 0 0.7478 0 0.017038 -0.3478 0.018095 0.195961 0.3486869
006 2 17 12 0.017399 0.4 0.018009 0 0.7478 0 0.017399 -0.3478 0.018009 0.200264 0.3487003
006 2 17 12 0.017758 0.4 0.017921 0 0.7478 0 0.017758 -0.3478 0.017921 0.2045746 0.3487138
006 2 17 12 0.018115 0.4 0.017831 0 0.7478 0 0.018115 -0.3478 0.017831 0.2087936 0.3487276
006 2 17 12 0.018471 0.4 0.01774 0 0.7478 0 0.018471 -0.3478 0.01774 0.2129288 0.3487416
006 2 17 12 0.018825 0.4 0.017647 0 0.7478 0 0.018825 -0.3478 0.017647 0.2172394 0.3487558
006 2 17 12 0.019177 0.4 0.017552 0 0.7478 0 0.019177 -0.3478 0.017552 0.2213821 0.3487702
006 2 17 12 0.019527 0.4 0.017455 0 0.7478 0 0.019527 -0.3478 0.017455 0.225708 0.3487848
006 2 17 12 0.019875 0.4 0.017356 0 0.7478 0 0.019875 -0.3478 0.017356 0.2298584 0.3487995
006 2 17 12 0.020221 0.4 0.017256 0 0.7478 0 0.020221 -0.3478 0.017256 0.2341232 0.3488144
006 2 17 12 0.020565 0.4 0.017154 0 0.7478 0 0.020565 -0.3478 0.017154 0.2382126 0.3488295
006 2 17 12 0.020907 0.4 0.01705 0 0.7478 0 0.020907 -0.3478 0.01705 0.2425079 0.3488447
006 2 17 12 0.021247 0.4 0.016945 0 0.7478 0 0.021247 -0.3478 0.016945 0.2467957 0.3488601
006 2 17 12 0.021585 0.4 0.016838 0 0.7478 0 0.021585 -0.3478 0.016838 0.2511063 0.3488757
006 2 17 12 0.021921 0.4 0.016729 0 0.7478 0 0.021921 -0.3478 0.016729 0.2552872 0.3488914
006 2 17 12 0.022254 0.4 0.016619 0 0.7478 0 0.022254 -0.3478 0.016619 0.2594833 0.3489072
006 2 17 12 0.022586 0.4 0.016507 0 0.7478 0 0.022586 -0.3478 0.016507 0.2641144 0.3489233
006 2 17 12 0.022915 0.4 0.016393 0 0.7478 0 0.022915 -0.3478 0.016393 0.2685394 0.3489393
006 2 17 12 0.023241 0.4 0.016278 0 0.7478 0 0.023241 -0.3478 0.016278 0.272644 0.3489555
006 2 17 12 0.023566 0.4 0.016161 0 0.7478 0 0.023566 -0.3478 0.016161 0.2767639 0.3489719
006 2 17 12 0.023888 0.4 0.016042 0 0.7478 0 0.023888 -0.3478 0.016042 0.281044 0.3489883
006 2 17 12 0.024207 0.4 0.015922 0 0.7478 0 0.024207 -0.3478 0.015922 0.2860031 0.3490047
006 2 17 12 0.024525 0.4 0.0158 0 0.7478 0 0.024525 -0.3478 0.0158 0.290184 0.3490214
006 2 17 12 0.024839 0.4 0.015676 0 0.7478 0 0.024839 -0.3478 0.015676 0.2949371 0.349038
006 2 17 12 0.025152 0.4 0.015551 0 0.7478 0 0.025152 -0.3478 0.015551 0.2995758 0.3490548
006 2 17 12 0.025461 0.4 0.015425 0 0.7478 0 0.025461 -0.3478 0.015425 0.3043671 0.3490717
006 2 17 12 0.025769 0.4 0.015297 0 0.7478 0 0.025769 -0.3478 0.015297 0.3086166 0.3490886
006 2 17 12 0.026073 0.4 0.015167 0 0.7478 0 0.026073 -0.3478 0.015167 0.3128357 0.3491055
006 2 17 12 0.026375 0.4 0.015036 0 0.7478 0 0.026375 -0.3478 0.015036 0.317215 0.3491226
006 2 17 12 0.026675 0.4 0.014903 0 0.7478 0 0.026675 -0.3478 0.014903 0.321434 0.3491396
006 2 17 12 0.026972 0.4 0.014769 0 0.7478 0 0.026972 -0.3478 0.014769 0.3257523 0.3491568
006 2 17 12 0.027266 0.4 0.014634 0 0.7478 0 0.027266 -0.3478 0.014634 0.3299561 0.3491739
006 2 17 12 0.027557 0.4 0.014497 0 0.7478 0 0.027557 -0.3478 0.014497 0.3343964 0.349191
006 2 17 12 0.027845 0.4 0.014358 0 0.7478 0 0.027845 -0.3478 0.014358 0.3385544 0.3492081
006 2 17 12 0.028131 0.4 0.014218 0 0.7478 0 0.028131 -0.3478 0.014218 0.343071 0.3492253
006 2 17 12 0.028414 0.4 0.014077 0 0.7478 0 0.028414 -0.3478 0.014077 0.348259 0.3492425
006 2 17 12 0.028694 0.4 0.013934 0 0.7478 0 0.028694 -0.3478 0.013934 0.3525467 0.3492597
006 2 17 12 0.028971 0.4 0.01379 0 0.7478 0 0.028971 -0.3478 0.01379 0.3568878 0.3492768
006 2 17 12 0.029246 0.4 0.013644 0 0.7478 0 0.029246 -0.3478 0.013644 0.3610153 0.349294
006 2 17 12 0.029517 0.4 0.013498 0 0.7478 0 0.029517 -0.3478 0.013498 0.3654404 0.3493111
006 2 17 12 0.029786 0.4 0.013349 0 0.7478 0 0.029786 -0.3478 0.013349 0.3696289 0.3493282
006 2 17 12 0.030051 0.4 0.0132 0 0.7478 0 0.030051 -0.3478 0.0132 0.3738098 0.3493453
006 2 17 12 0.030314 0.4 0.013049 0 0.7478 0 0.030314 -0.3478 0.013049 0.3779144 0.3493623
006 2 17 12 0.030573 0.4 0.012897 0 0.7478 0 0.030573 -0.3478 0.012897 0.3823471 0.3493793
006 2 17 12 0.03083 0.4 0.012743 0 0.7478 0 0.03083 -0.3478 0.012743 0.3866959 0.3493962
006 2 17 12 0.031083 0.4 0.012588 0 0.7478 0 0.031083 -0.3478 0.012588 0.390976 0.349413
006 2 17 12 0.031333 0.4 0.012432 0 0.7478 0 0.031333 -0.3478 0.012432 0.3952255 0.3494297
006 2 17 12 0.03158 0.4 0.012275 0 0.7478 0 0.03158 -0.3478 0.012275 0.3997116 0.3494464
006 2 17 12 0.031824 0.4 0.012116 0 0.7478 0 0.031824 -0.3478 0.012116 0.4040604 0.349463
006 2 17 12 0.032065 0.4 0.011957 0 0.7478 0 0.032065 -0.3478 0.011957 0.4082413 0.3494796
006 2 17 12 0.032302 0.4 0.011796 0 0.7478 0 0.032302 -0.3478 0.011796 0.4126816 0.3494959
006 2 17 12 0.032537 0.4 0.011634 0 0.7478 0 0.032537 -0.3478 0.011634 0.4171829 0.3495123
006 2 17 12 0.032768 0.4 0.01147 0 0.7478 0 0.032768 -0.3478 0.01147 0.4214325 0.3495285
006 2 17 12 0.032995 0.4 0.011306 0 0.7478 0 0.032995 -0.3478 0.011306 0.4257965 0.3495445
006 2 17 12 0.03322 0.4 0.01114 0 0.7478 0 0.03322 -0.3478 0.01114 0.4301147 0.3495604
006 2 17 12 0.033441 0.4 0.010974 0 0.7478 0 0.033441 -0.3478 0.010974 0.4343338 0.3495763
006 2 17 12 0.033659 0.4 0.010806 0 0.7478 0 0.033659 -0.3478 0.010806 0.4386063 0.3495919
006 2 17 12 0.033873 0.4 0.010637 0 0.7478 0 0.033873 -0.3478 0.010637 0.4429016 0.3496074
006 2 17 12 0.034084 0.4 0.010467 0 0.7478 0 0.034084 -0.3478 0.010467 0.4471054 0.3496228
006 2 17 12 0.034292 0.4 0.010296 0 0.7478 0 0.034292 -0.3478 0.010296 0.4513474 0.3496381
006 2 17 12 0.034496 0.4 0.010124 0 0.7478 0 0.034496 -0.3478 0.010124 0.4554596 0.3496531
006 2 17 12 0.034697 0.4 0.009951 0 0.7478 0 0.034697 -0.3478 0.009951 0.4596634 0.349668
006 2 17 12 0.034894 0.4 0.009777 0 0.7478 0 0.034894 -0.3478 0.009777 0.4641724 0.3496827
006 2 17 12 0.035088 0.4 0.009602 0 0.7478 0 0.035088 -0.3478 0.009602 0.4683151 0.3496973
006 2 17 12 0.035278 0.4 0.009427 0 0.7478 0 0.035278 -0.3478 0.009427 0.4724197 0.3497117
006 2 17 12 0.035465 0.4 0.00925 0 0.7478 0 0.035465 -0.3478 0.00925 0.4765625 0.3497258
006 2 17 12 0.035648 0.4 0.009072 0 0.7478 0 0.035648 -0.3478 0.009072 0.4809341 0.3497398
006 2 17 12 0.035828 0.4 0.008893 0 0.7478 0 0.035828 -0.3478 0.008893 0.4852829 0.3497536
006 2 17 12 0.036004 0.4 0.008714 0 0.7478 0 0.036004 -0.3478 0.008714 0.4894104 0.3497671
006 2 17 12 0.036176 0.4 0.008533 0 0.7478 0 0.036176 -0.3478 0.008533 0.4936142 0.3497804
006 2 17 12 0.036345 0.4 0.008352 0 0.7478 0 0.036345 -0.3478 0.008352 0.4979019 0.3497936
006 2 17 12 0.036511 0.4 0.00817 0 0.7478 0 0.036511 -0.3478 0.00817 0.5022659 0.3498066
006 2 17 12 0.036672 0.4 0.007987 0 0.7478 0 0.036672 -0.3478 0.007987 0.5063705 0.3498192
006 2 17 12 0.03683 0.4 0.007803 0 0.7478 0 0.03683 -0.3478 0.007803 0.5106964 0.3498316
006 2 17 12 0.036984 0.4 0.007618 0 0.7478 0 0.036984 -0.3478 0.007618 0.5150909 0.3498438
006 2 17 12 0.037135 0.4 0.007433 0 0.7478 0 0.037135 -0.3478 0.007433 0.5194016 0.3498558
006 2 17 12 0.037282 0.4 0.007247 0 0.7478 0 0.037282 -0.3478 0.007247 0.5237503 0.3498676
006 2 17 12 0.037425 0.4 0.00706 0 0.7478 0 0.037425 -0.3478 0.00706 0.5278702 0.349879
006 2 17 12 0.037564 0.4 0.006873 0 0.7478 0 0.037564 -0.3478 0.006873 0.5322037 0.3498901
006 2 17 12 0.0377 0.4 0.006685 0 0.7478 0 0.0377 -0.3478 0.006685 0.5365601 0.3499011
006 2 17 12 0.037831 0.4 0.006496 0 0.7478 0 0.037831 -0.3478 0.006496 0.5407333 0.3499117
006 2 17 12 0.037959 0.4 0.006306 0 0.7478 0 0.037959 -0.3478 0.006306 0.5449905 0.3499221
006 2 17 12 0.038084 0.4 0.006116 0 0.7478 0 0.038084 -0.3478 0.006116 0.5494003 0.3499323
006 2 17 12 0.038204 0.4 0.005926 0 0.7478 0 0.038204 -0.3478 0.005926 0.5535431 0.3499421
006 2 17 12 0.038321 0.4 0.005734 0 0.7478 0 0.038321 -0.3478 0.005734 0.5577011 0.3499517
006 2 17 12 0.038433 0.4 0.005542 0 0.7478 0 0.038433 -0.3478 0.005542 0.5620499 0.3499609
006 2 17 12 0.038542 0.4 0.00535 0 0.7478 0 0.038542 -0.3478 0.00535 0.5664749 0.3499699
006 2 17 12 0.038647 0.4 0.005157 0 0.7478 0 0.038647 -0.3478 0.005157 0.5706024 0.3499786
006 2 17 12 0.038749 0.4 0.004964 0 0.7478 0 0.038749 -0.3478 0.004964 0.5748138 0.3499871
006 2 17 12 0.038846 0.4 0.00477 0 0.7478 0 0.038846 -0.3478 0.00477 0.579216 0.3499951
006 2 17 12 0.038939 0.4 0.004575 0 0.7478 0 0.038939 -0.3478 0.004575 0.5846252 0.3500029
006 2 17 12 0.039029 0.4 0.00438 0 0.7478 0 0.039029 -0.3478 0.00438 0.5889511 0.3500104
006 2 17 12 0.039115 0.4 0.004185 0 0.7478 0 0.039115 -0.3478 0.004185 0.593071 0.3500176
006 2 17 12 0.039196 0.4 0.003989 0 0.7478 0 0.039196 -0.3478 0.003989 0.5973434 0.3500244
006 2 17 12 0.039274 0.4 0.003793 0 0.7478 0 0.039274 -0.3478 0.003793 0.6015701 0.3500309
006 2 17 12 0.039348 0.4 0.003596 0 0.7478 0 0.039348 -0.3478 0.003596 0.6059647 0.3500372
006 2 17 12 0.039418 0.4 0.003399 0 0.7478 0 0.039418 -0.3478 0.003399 0.6101761 0.3500431
006 2 17 12 0.039484 0.4 0.003202 0 0.7478 0 0.039484 -0.3478 0.003202 0.6143799 0.3500487
006 2 17 12 0.039546 0.4 0.003005 0 0.7478 0 0.039546 -0.3478 0.003005 0.6185608 0.3500539
006 2 17 12 0.039604 0.4 0.002807 0 0.7478 0 0.039604 -0.3478 0.002807 0.6229706 0.3500588
006 2 17 12 0.039658 0.4 0.002608 0 0.7478 0 0.039658 -0.3478 0.002608 0.6270752 0.3500634
006 2 17 12 0.039709 0.4 0.00241 0 0.7478 0 0.039709 -0.3478 0.00241 0.6373367 0.3500678
006 2 17 12 0.039755 0.4 0.002211 0 0.7478 0 0.039755 -0.3478 0.002211 0.6421738 0.3500717
006 2 17 12 0.039797 0.4 0.002013 0 0.7478 0 0.039797 -0.3478 0.002013 0.6465912 0.3500752
006 2 17 12 0.039835 0.4 0.001813 0 0.7478 0 0.039835 -0.3478 0.001813 0.6510696 0.3500785
006 2 17 12 0.03987 0.4 0.001614 0 0.7478 0 0.03987 -0.3478 0.001614 0.6556015 0.3500815
006 2 17 12 0.0399 0.4 0.001415 0 0.7478 0 0.0399 -0.3478 0.001415 0.6598129 0.350084
006 2 17 12 0.039926 0.4 0.001215 0 0.7478 0 0.039926 -0.3478 0.001215 0.6643982 0.3500863
006 2 17 12 0.039948 0.4 0.001015 0 0.7478 0 0.039948 -0.3478 0.001015 0.668602 0.3500881
006 2 17 12 0.039967 0.4 0.000816 0 0.7478 0 0.039967 -0.3478 0.000816 0.6729584 0.3500898
006 2 17 12 0.039981 0.4 0.000616 0 0.7478 0 0.039981 -0.3478 0.000616 0.6770935 0.350091
006 2 17 12 0.039991 0.4 0.000416 0 0.7478 0 0.039991 -0.3478 0.000416 0.6814346 0.3500918
006 2 17 12 0.039998 0.4 0.000216 0 0.7478 0 0.039998 -0.3478 0.000216 0.685791 0.3500924
006 2 17 12 0.04 0.4 1.6E-05 0 0.7478 0 0.04 -0.3478 1.6E-05 0.6899948 0.3500926
006 2 17 12 0.039998 0.4 -0.000184 0 0.7478 0 0.039998 -0.3478 -0.000184 0.6941605 0.3500924
006 2 17 12 0.039993 0.4 -0.000384 0 0.7478 0 0.039993 -0.3478 -0.000384 0.6983948 0.350092
006 2 17 12 0.039983 0.4 -0.000584 0 0.7478 0 0.039983 -0.3478 -0.000584 0.7027664 0.3500911
006 2 17 12 0.039969 0.4 -0.000784 0 0.7478 0 0.039969 -0.3478 -0.000784 0.7070847 0.3500899
006 2 17 12 0.039952 0.4 -0.000984 0 0.7478 0 0.039952 -0.3478 -0.000984 0.7112198 0.3500885
006 2 17 12 0.03993 0.4 -0.001183 0 0.7478 0 0.03993 -0.3478 -0.001183 0.7157135 0.3500866
006 2 17 12 0.039904 0.4 -0.001383 0 0.7478 0 0.039904 -0.3478 -0.001383 0.7198639 0.3500844
006 2 17 12 0.039875 0.4 -0.001582 0 0.7478 0 0.039875 -0.3478 -0.001582 0.7241058 0.3500819
006 2 17 12 0.039841 0.4 -0.001782 0 0.7478 0 0.039841 -0.3478 -0.001782 0.7281647 0.350079
006 2 17 12 0.039803 0.4 -0.001981 0 0.7478 0 0.039803 -0.3478 -0.001981 0.7325821 0.3500758
006 2 17 12 0.039762 0.4 -0.00218 0 0.7478 0 0.039762 -0.3478 -0.00218 0.7369614 0.3500723
006 2 17 12 0.039716 0.4 -0.002378 0 0.7478 0 0.039716 -0.3478 -0.002378 0.7413177 0.3500684
006 2 17 12 0.039667 0.4 -0.002577 0 0.7478 0 0.039667 -0.3478 -0.002577 0.7456055 0.3500642
006 2 17 12 0.039613 0.4 -0.002775 0 0.7478 0 0.039613 -0.3478 -0.002775 0.7501221 0.3500596
006 2 17 12 0.039556 0.4 -0.002973 0 0.7478 0 0.039556 -0.3478 -0.002973 0.7543259 0.3500548
006 2 17 12 0.039494 0.4 -0.003171 0 0.7478 0 0.039494 -0.3478 -0.003171 0.7584763 0.3500495
006 2 17 12 0.039429 0.4 -0.003368 0 0.7478 0 0.039429 -0.3478 -0.003368 0.7628632 0.350044
006 2 17 12 0.039359 0.4 -0.003565 0 0.7478 0 0.039359 -0.3478 -0.003565 0.7673492 0.3500381
006 2 17 12 0.039286 0.4 -0.003762 0 0.7478 0 0.039286 -0.3478 -0.003762 0.7715683 0.350032
006 2 17 12 0.039209 0.4 -0.003958 0 0.7478 0 0.039209 -0.3478 -0.003958 0.7758102 0.3500255
006 2 17 12 0.039128 0.4 -0.004154 0 0.7478 0 0.039128 -0.3478 -0.004154 0.7800903 0.3500187
006 2 17 12 0.039043 0.4 -0.004349 0 0.7478 0 0.039043 -0.3478 -0.004349 0.7845612 0.3500116
006 2 17 12 0.038954 0.4 -0.004544 0 0.7478 0 0.038954 -0.3478 -0.004544 0.7887192 0.3500041
006 2 17 12 0.038861 0.4 -0.004739 0 0.7478 0 0.038861 -0.3478 -0.004739 0.7928391 0.3499964
006 2 17 12 0.038764 0.4 -0.004933 0 0.7478 0 0.038764 -0.3478 -0.004933 0.7970963 0.3499883
006 2 17 12 0.038664 0.4 -0.005126 0 0.7478 0 0.038664 -0.3478 -0.005126 0.8016739 0.34998
006 2 17 12 0.038559 0.4 -0.005319 0 0.7478 0 0.038559 -0.3478 -0.005319 0.806015 0.3499713
006 2 17 12 0.038451 0.4 -0.005512 0 0.7478 0 0.038451 -0.3478 -0.005512 0.810173 0.3499624
006 2 17 12 0.038339 0.4 -0.005704 0 0.7478 0 0.038339 -0.3478 -0.005704 0.8144302 0.3499532
006 2 17 12 0.038223 0.4 -0.005895 0 0.7478 0 0.038223 -0.3478 -0.005895 0.8187256 0.3499437
006 2 17 12 0.038103 0.4 -0.006086 0 0.7478 0 0.038103 -0.3478 -0.006086 0.8230896 0.3499339
006 2 17 12 0.037979 0.4 -0.006276 0 0.7478 0 0.037979 -0.3478 -0.006276 0.8272018 0.3499237
006 2 17 12 0.037852 0.4 -0.006466 0 0.7478 0 0.037852 -0.3478 -0.006466 0.8314819 0.3499134
006 2 17 12 0.037721 0.4 -0.006655 0 0.7478 0 0.037721 -0.3478 -0.006655 0.8357697 0.3499028
006 2 17 12 0.037586 0.4 -0.006843 0 0.7478 0 0.037586 -0.3478 -0.006843 0.8399734 0.3498919
006 2 17 12 0.037447 0.4 -0.007031 0 0.7478 0 0.037447 -0.3478 -0.007031 0.8443451 0.3498808
006 2 17 12 0.037305 0.4 -0.007217 0 0.7478 0 0.037305 -0.3478 -0.007217 0.8485641 0.3498694
006 2 17 12 0.037158 0.4 -0.007404 0 0.7478 0 0.037158 -0.3478 -0.007404 0.8527908 0.3498576
006 2 17 12 0.037008 0.4 -0.007589 0 0.7478 0 0.037008 -0.3478 -0.007589 0.856987 0.3498457
006 2 17 12 0.036855 0.4 -0.007774 0 0.7478 0 0.036855 -0.3478 -0.007774 0.8610916 0.3498336
006 2 17 12 0.036698 0.4 -0.007958 0 0.7478 0 0.036698 -0.3478 -0.007958 0.8655777 0.3498212
006 2 17 12 0.036537 0.4 -0.008141 0 0.7478 0 0.036537 -0.3478 -0.008141 0.8698425 0.3498086
006 2 17 12 0.036372 0.4 -0.008323 0 0.7478 0 0.036372 -0.3478 -0.008323 0.8741074 0.3497957
006 2 17 12 0.036204 0.4 -0.008504 0 0.7478 0 0.036204 -0.3478 -0.008504 0.878212 0.3497826
006 2 17 12 0.036032 0.4 -0.008685 0 0.7478 0 0.036032 -0.3478 -0.008685 0.8826828 0.3497693
006 2 17 12 0.035856 0.4 -0.008865 0 0.7478 0 0.035856 -0.3478 -0.008865 0.8868408 0.3497557
006 2 17 12 0.035677 0.4 -0.009044 0 0.7478 0 0.035677 -0.3478 -0.009044 0.8909912 0.349742
006 2 17 12 0.035494 0.4 -0.009221 0 0.7478 0 0.035494 -0.3478 -0.009221 0.8951645 0.349728
006 2 17 12 0.035308 0.4 -0.009398 0 0.7478 0 0.035308 -0.3478 -0.009398 0.8994598 0.3497139
006 2 17 12 0.035119 0.4 -0.009575 0 0.7478 0 0.035119 -0.3478 -0.009575 0.9037781 0.3496997
006 2 17 12 0.034925 0.4 -0.00975 0 0.7478 0 0.034925 -0.3478 -0.00975 0.9078522 0.3496851
006 2 17 12 0.034729 0.4 -0.009924 0 0.7478 0 0.034729 -0.3478 -0.009924 0.9119873 0.3496704
006 2 17 12 0.034528 0.4 -0.010097 0 0.7478 0 0.034528 -0.3478 -0.010097 0.9163208 0.3496555
006 2 17 12 0.034325 0.4 -0.010269 0 0.7478 0 0.034325 -0.3478 -0.010269 0.9204636 0.3496405
006 2 17 12 0.034118 0.4 -0.01044 0 0.7478 0 0.034118 -0.3478 -0.01044 0.9247437 0.3496253
006 2 17 12 0.033907 0.4 -0.01061 0 0.7478 0 0.033907 -0.3478 -0.01061 0.9289093 0.3496099
006 2 17 12 0.033693 0.4 -0.010779 0 0.7478 0 0.033693 -0.3478 -0.010779 0.9333038 0.3495944
006 2 17 12 0.033476 0.4 -0.010947 0 0.7478 0 0.033476 -0.3478 -0.010947 0.9374008 0.3495788
006 2 17 12 0.033255 0.4 -0.011114 0 0.7478 0 0.033255 -0.3478 -0.011114 0.941597 0.3495629
006 2 17 12 0.033031 0.4 -0.01128 0 0.7478 0 0.033031 -0.3478 -0.01128 0.945961 0.349547
006 2 17 12 0.032804 0.4 -0.011444 0 0.7478 0 0.032804 -0.3478 -0.011444 0.9502106 0.349531
006 2 17 12 0.032574 0.4 -0.011608 0 0.7478 0 0.032574 -0.3478 -0.011608 0.9543152 0.3495149
006 2 17 12 0.03234 0.4 -0.01177 0 0.7478 0 0.03234 -0.3478 -0.01177 0.9584808 0.3494985
006 2 17 12 0.032103 0.4 -0.011931 0 0.7478 0 0.032103 -0.3478 -0.011931 0.9628448 0.3494822
006 2 17 12 0.031863 0.4 -0.012091 0 0.7478 0 0.031863 -0.3478 -0.012091 0.9673538 0.3494657
006 2 17 12 0.031619 0.4 -0.01225 0 0.7478 0 0.031619 -0.3478 -0.01225 0.9715805 0.3494491
006 2 17 12 0.031373 0.4 -0.012407 0 0.7478 0 0.031373 -0.3478 -0.012407 0.975708 0.3494324
006 2 17 12 0.031123 0.4 -0.012563 0 0.7478 0 0.031123 -0.3478 -0.012563 0.9799194 0.3494157
006 2 17 12 0.03087 0.4 -0.012718 0 0.7478 0 0.03087 -0.3478 -0.012718 0.9851074 0.3493988
006 2 17 12 0.030614 0.4 -0.012872 0 0.7478 0 0.030614 -0.3478 -0.012872 0.9899597 0.3493819
006 2 17 12 0.030355 0.4 -0.013025 0 0.7478 0 0.030355 -0.3478 -0.013025 0.9940948 0.349365
006 2 17 12 0.030093 0.4 -0.013176 0 0.7478 0 0.030093 -0.3478 -0.013176 0.9983368 0.349348
006 2 17 12 0.029828 0.4 -0.013326 0 0.7478 0 0.029828 -0.3478 -0.013326 1.002701 0.349331
006 2 17 12 0.02956 0.4 -0.013474 0 0.7478 0 0.02956 -0.3478 -0.013474 1.006874 0.3493139
006 2 17 12 0.029289 0.4 -0.013621 0 0.7478 0 0.029289 -0.3478 -0.013621 1.011116 0.3492967
006 2 17 12 0.029015 0.4 -0.013767 0 0.7478 0 0.029015 -0.3478 -0.013767 1.015549 0.3492796
006 2 17 12 0.028739 0.4 -0.013911 0 0.7478 0 0.028739 -0.3478 -0.013911 1.019722 0.3492625
006 2 17 12 0.028459 0.4 -0.014054 0 0.7478 0 0.028459 -0.3478 -0.014054 1.024017 0.3492453
006 2 17 12 0.028176 0.4 -0.014196 0 0.7478 0 0.028176 -0.3478 -0.014196 1.028419 0.3492281
006 2 17 12 0.027891 0.4 -0.014336 0 0.7478 0 0.027891 -0.3478 -0.014336 1.033485 0.3492109
006 2 17 12 0.027603 0.4 -0.014475 0 0.7478 0 0.027603 -0.3478 -0.014475 1.037582 0.3491938
006 2 17 12 0.027312 0.4 -0.014612 0 0.7478 0 0.027312 -0.3478 -0.014612 1.041977 0.3491766
006 2 17 12 0.027019 0.4 -0.014748 0 0.7478 0 0.027019 -0.3478 -0.014748 1.046242 0.3491595
006 2 17 12 0.026722 0.4 -0.014882 0 0.7478 0 0.026722 -0.3478 -0.014882 1.051971 0.3491423
006 2 17 12 0.026423 0.4 -0.015015 0 0.7478 0 0.026423 -0.3478 -0.015015 1.056229 0.3491253
006 2 17 12 0.026122 0.4 -0.015146 0 0.7478 0 0.026122 -0.3478 -0.015146 1.060394 0.3491083
006 2 17 12 0.025817 0.4 -0.015276 0 0.7478 0 0.025817 -0.3478 -0.015276 1.065025 0.3490913
006 2 17 12 0.025511 0.4 -0.015405 0 0.7478 0 0.025511 -0.3478 -0.015405 1.069412 0.3490744
006 2 17 12 0.025201 0.4 -0.015531 0 0.7478 0 0.025201 -0.3478 -0.015531 1.073509 0.3490575
006 2 17 12 0.024889 0.4 -0.015657 0 0.7478 0 0.024889 -0.3478 -0.015657 1.077904 0.3490407
006 2 17 12 0.024575 0.4 -0.01578 0 0.7478 0 0.024575 -0.3478 -0.01578 1.083191 0.349024
006 2 17 12 0.024258 0.4 -0.015902 0 0.7478 0 0.024258 -0.3478 -0.015902 1.087776 0.3490074
006 2 17 12 0.023939 0.4 -0.016023 0 0.7478 0 0.023939 -0.3478 -0.016023 1.091904 0.3489909
006 2 17 12 0.023617 0.4 -0.016142 0 0.7478 0 0.023617 -0.3478 -0.016142 1.09613 0.3489744
006 2 17 12 0.023293 0.4 -0.016259 0 0.7478 0 0.023293 -0.3478 -0.016259 1.100479 0.3489581
006 2 17 12 0.022967 0.4 -0.016375 0 0.7478 0 0.022967 -0.3478 -0.016375 1.104805 0.3489419
006 2 17 12 0.022638 0.4 -0.016489 0 0.7478 0 0.022638 -0.3478 -0.016489 1.108932 0.3489258
006 2 17 12 0.022307 0.4 -0.016601 0 0.7478 0 0.022307 -0.3478 -0.016601 1.113121 0.3489098
006 2 17 12 0.021974 0.4 -0.016712 0 0.7478 0 0.021974 -0.3478 -0.016712 1.117622 0.3488939
006 2 17 12 0.021639 0.4 -0.016821 0 0.7478 0 0.021639 -0.3478 -0.016821 1.122185 0.3488782
006 2 17 12 0.021301 0.4 -0.016928 0 0.7478 0 0.021301 -0.3478 -0.016928 1.126396 0.3488626
006 2 17 12 0.020962 0.4 -0.017034 0 0.7478 0 0.020962 -0.3478 -0.017034 1.130745 0.3488472
006 2 17 12 0.02062 0.4 -0.017138 0 0.7478 0 0.02062 -0.3478 -0.017138 1.134995 0.348832
006 2 17 12 0.020276 0.4 -0.01724 0 0.7478 0 0.020276 -0.3478 -0.01724 1.139107 0.3488168
006 2 17 12 0.01993 0.4 -0.017341 0 0.7478 0 0.01993 -0.3478 -0.017341 1.143341 0.3488019
006 2 17 12 0.019583 0.4 -0.017439 0 0.7478 0 0.019583 -0.3478 -0.017439 1.147636 0.3487871
006 2 17 12 0.019233 0.4 -0.017536 0 0.7478 0 0.019233 -0.3478 -0.017536 1.15184 0.3487725
006 2 17 12 0.018881 0.4 -0.017632 0 0.7478 0 0.018881 -0.3478 -0.017632 1.156113 0.3487581
006 2 17 12 0.018528 0.4 -0.017725 0 0.7478 0 0.018528 -0.3478 -0.017725 1.160965 0.3487439
006 2 17 12 0.018172 0.4 -0.017817 0 0.7478 0 0.018172 -0.3478 -0.017817 1.165634 0.3487298
006 2 17 12 0.017815 0.4 -0.017907 0 0.7478 0 0.017815 -0.3478 -0.017907 1.169846 0.348716
006 2 17 12 0.017456 0.4 -0.017995 0 0.7478 0 0.017456 -0.3478 -0.017995 1.173958 0.3487024
006 2 17 12 0.017095 0.4 -0.018081 0 0.7478 0 0.017095 -0.3478 -0.018081 1.178223 0.348689
006 2 17 12 0.016733 0.4 -0.018166 0 0.7478 0 0.016733 -0.3478 -0.018166 1.182785 0.3486758
006 2 17 12 0.016369 0.4 -0.018249 0 0.7478 0 0.016369 -0.3478 -0.018249 1.187149 0.3486629
006 2 17 12 0.016003 0.4 -0.01833 0 0.7478 0 0.016003 -0.3478 -0.01833 1.191513 0.3486501
006 2 17 12 0.015635 0.4 -0.018409 0 0.7478 0 0.015635 -0.3478 -0.018409 1.196106 0.3486376
006 2 17 12 0.015266 0.4 -0.018486 0 0.7478 0 0.015266 -0.3478 -0.018486 1.200706 0.3486253
006 2 17 12 0.014896 0.4 -0.018561 0 0.7478 0 0.014896 -0.3478 -0.018561 1.205078 0.3486133
006 2 17 12 0.014524 0.4 -0.018635 0 0.7478 0 0.014524 -0.3478 -0.018635 1.209213 0.3486015
006 2 17 12 0.014151 0.4 -0.018707 0 0.7478 0 0.014151 -0.3478 -0.018707 1.213318 0.3485901
006 2 17 12 0.013776 0.4 -0.018777 0 0.7478 0 0.013776 -0.3478 -0.018777 1.217575 0.3485788
006 2 17 12 0.0134 0.4 -0.018844 0 0.7478 0 0.0134 -0.3478 -0.018844 1.222 0.3485678
006 2 17 12 0.013022 0.4 -0.018911 0 0.7478 0 0.013022 -0.3478 -0.018911 1.226219 0.3485571
006 2 17 12 0.012643 0.4 -0.018975 0 0.7478 0 0.012643 -0.3478 -0.018975 1.23056 0.3485466
006 2 17 12 0.012263 0.4 -0.019037 0 0.7478 0 0.012263 -0.3478 -0.019037 1.234772 0.3485364
006 2 17 12 0.011882 0.4 -0.019097 0 0.7478 0 0.011882 -0.3478 -0.019097 1.238907 0.3485265
006 2 17 12 0.011499 0.4 -0.019156 0 0.7478 0 0.011499 -0.3478 -0.019156 1.243515 0.3485169
006 2 17 12 0.011115 0.4 -0.019212 0 0.7478 0 0.011115 -0.3478 -0.019212 1.248009 0.3485075
006 2 17 12 0.010731 0.4 -0.019267 0 0.7478 0 0.010731 -0.3478 -0.019267 1.252281 0.3484985
006 2 17 12 0.010345 0.4 -0.01932 0 0.7478 0 0.010345 -0.3478 -0.01932 1.256409 0.3484898
006 2 17 12 0.009958 0.4 -0.01937 0 0.7478 0 0.009958 -0.3478 -0.01937 1.260612 0.3484813
006 2 17 12 0.00957 0.4 -0.019419 0 0.7478 0 0.00957 -0.3478 -0.019419 1.265015 0.3484731
006 2 17 12 0.009181 0.4 -0.019466 0 0.7478 0 0.009181 -0.3478 -0.019466 1.269112 0.3484653
006 2 17 12 0.008791 0.4 -0.019511 0 0.7478 0 0.008791 -0.3478 -0.019511 1.273254 0.3484577
006 2 17 12 0.008401 0.4 -0.019554 0 0.7478 0 0.008401 -0.3478 -0.019554 1.277405 0.3484505
006 2 17 12 0.008009 0.4 -0.019595 0 0.7478 0 0.008009 -0.3478 -0.019595 1.281654 0.3484436
006 2 17 12 0.007617 0.4 -0.019634 0 0.7478 0 0.007617 -0.3478 -0.019634 1.286041 0.348437
006 2 17 12 0.007224 0.4 -0.019671 0 0.7478 0 0.007224 -0.3478 -0.019671 1.290352 0.3484307
006 2 17 12 0.00683 0.4 -0.019706 0 0.7478 0 0.00683 -0.3478 -0.019706 1.294975 0.3484248
006 2 17 12 0.006436 0.4 -0.019739 0 0.7478 0 0.006436 -0.3478 -0.019739 1.299263 0.3484191
006 2 17 12 0.006041 0.4 -0.019771 0 0.7478 0 0.006041 -0.3478 -0.019771 1.303589 0.3484139
006 2 17 12 0.005645 0.4 -0.0198 0 0.7478 0 0.005645 -0.3478 -0.0198 1.307709 0.3484088
006 2 17 12 0.005249 0.4 -0.019827 0 0.7478 0 0.005249 -0.3478 -0.019827 1.311958 0.3484042
006 2 17 12 0.004852 0.4 -0.019852 0 0.7478 0 0.004852 -0.3478 -0.019852 1.316299 0.3483999
006 2 17 12 0.004454 0.4 -0.019876 0 0.7478 0 0.004454 -0.3478 -0.019876 1.320541 0.3483959
006 2 17 12 0.004057 0.4 -0.019897 0 0.7478 0 0.004057 -0.3478 -0.019897 1.324905 0.3483923
006 2 17 12 0.003659 0.4 -0.019916 0 0.7478 0 0.003659 -0.3478 -0.019916 1.329056 0.348389
006 2 17 12 0.00326 0.4 -0.019933 0 0.7478 0 0.00326 -0.3478 -0.019933 1.333611 0.348386
006 2 17 12 0.002861 0.4 -0.019949 0 0.7478 0 0.002861 -0.3478 -0.019949 1.337845 0.3483834
006 2 17 12 0.002462 0.4 -0.019962 0 0.7478 0 0.002462 -0.3478 -0.019962 1.342232 0.3483811
006 2 17 12 0.002063 0.4 -0.019973 0 0.7478 0 0.002063 -0.3478 -0.019973 1.346413 0.3483791
006 2 17 12 0.001663 0.4 -0.019983 0 0.7478 0 0.001663 -0.3478 -0.019983 1.350807 0.3483776
006 2 17 12 0.001263 0.4 -0.01999 0 0.7478 0 0.001263 -0.3478 -0.01999 1.355019 0.3483763
006 2 17 12 0.000864 0.4 -0.019995 0 0.7478 0 0.000864 -0.3478 -0.019995 1.359245 0.3483754
006 2 17 12 0.000464 0.4 -0.019999 0 0.7478 0 0.000464 -0.3478 -0.019999 1.363693 0.3483748
006 2 17 12 6.4E-05 0.4 -0.02 0 0.7478 0 6.4E-05 -0.3478 -0.02 1.367844 0.3483745
006 2 17 12 -0.000336 0.4 -0.019999 0 0.7478 0 -0.000336 -0.3478 -0.019999 1.372025 0.3483747
006 2 17 12 -0.000736 0.4 -0.019997 0 0.7478 0 -0.000736 -0.3478 -0.019997 1.376183 0.3483751
006 2 17 12 -0.001136 0.4 -0.019992 0 0.7478 0 -0.001136 -0.3478 -0.019992 1.380371 0.3483759
006 2 17 12 -0.001536 0.4 -0.019985 0 0.7478 0 -0.001536 -0.3478 -0.019985 1.384674 0.3483771
006 2 17 12 -0.001936 0.4 -0.019977 0 0.7478 0 -0.001936 -0.3478 -0.019977 1.388855 0.3483786
006 2 17 12 -0.002335 0.4 -0.019966 0 0.7478 0 -0.002335 -0.3478 -0.019966 1.392975 0.3483804
006 2 17 12 -0.002734 0.4 -0.019953 0 0.7478 0 -0.002734 -0.3478 -0.019953 1.397491 0.3483826
006 2 17 12 -0.003133 0.4 -0.019939 0 0.7478 0 -0.003133 -0.3478 -0.019939 1.401833 0.3483852
006 2 17 12 -0.003532 0.4 -0.019922 0 0.7478 0 -0.003532 -0.3478 -0.019922 1.405991 0.348388
006 2 17 12 -0.00393 0.4 -0.019903 0 0.7478 0 -0.00393 -0.3478 -0.019903 1.41008 0.3483912
006 2 17 12 -0.004328 0.4 -0.019883 0 0.7478 0 -0.004328 -0.3478 -0.019883 1.41433 0.3483948
006 2 17 12 -0.004725 0.4 -0.01986 0 0.7478 0 -0.004725 -0.3478 -0.01986 1.418526 0.3483986
006 2 17 12 -0.005122 0.4 -0.019835 0 0.7478 0 -0.005122 -0.3478 -0.019835 1.422935 0.3484028
006 2 17 12 -0.005519 0.4 -0.019809 0 0.7478 0 -0.005519 -0.3478 -0.019809 1.427094 0.3484074
006 2 17 12 -0.005915 0.4 -0.01978 0 0.7478 0 -0.005915 -0.3478 -0.01978 1.431358 0.3484122
006 2 17 12 -0.00631 0.4 -0.01975 0 0.7478 0 -0.00631 -0.3478 -0.01975 1.435616 0.3484174
006 2 17 12 -0.006704 0.4 -0.019717 0 0.7478 0 -0.006704 -0.3478 -0.019717 1.439789 0.3484229
006 2 17 12 -0.007098 0.4 -0.019683 0 0.7478 0 -0.007098 -0.3478 -0.019683 1.444283 0.3484288
006 2 17 12 -0.007492 0.4 -0.019646 0 0.7478 0 -0.007492 -0.3478 -0.019646 1.44854 0.348435
006 2 17 12 -0.007884 0.4 -0.019608 0 0.7478 0 -0.007884 -0.3478 -0.019608 1.452728 0.3484415
006 2 17 12 -0.008276 0.4 -0.019567 0 0.7478 0 -0.008276 -0.3478 -0.019567 1.456848 0.3484482
006 2 17 12 -0.008667 0.4 -0.019525 0 0.7478 0 -0.008667 -0.3478 -0.019525 1.460938 0.3484554
006 2 17 12 -0.009057 0.4 -0.019481 0 0.7478 0 -0.009057 -0.3478 -0.019481 1.465363 0.3484628
006 2 17 12 -0.009446 0.4 -0.019434 0 0.7478 0 -0.009446 -0.3478 -0.019434 1.46946 0.3484706
006 2 17 12 -0.009834 0.4 -0.019386 0 0.7478 0 -0.009834 -0.3478 -0.019386 1.473701 0.3484786
006 2 17 12 -0.010222 0.4 -0.019336 0 0.7478 0 -0.010222 -0.3478 -0.019336 1.477936 0.348487
006 2 17 12 -0.010608 0.4 -0.019284 0 0.7478 0 -0.010608 -0.3478 -0.019284 1.48291 0.3484957
006 2 17 12 -0.010993 0.4 -0.01923 0 0.7478 0 -0.010993 -0.3478 -0.01923 1.487053 0.3485046
006 2 17 12 -0.011377 0.4 -0.019174 0 0.7478 0 -0.011377 -0.3478 -0.019174 1.491173 0.3485138
006 2 17 12 -0.01176 0.4 -0.019116 0 0.7478 0 -0.01176 -0.3478 -0.019116 1.495239 0.3485234
006 2 17 12 -0.012142 0.4 -0.019056 0 0.7478 0 -0.012142 -0.3478 -0.019056 1.499878 0.3485332
006 2 17 12 -0.012522 0.4 -0.018995 0 0.7478 0 -0.012522 -0.3478 -0.018995 1.50428 0.3485433
006 2 17 12 -0.012901 0.4 -0.018931 0 0.7478 0 -0.012901 -0.3478 -0.018931 1.508469 0.3485537
006 2 17 12 -0.013279 0.4 -0.018866 0 0.7478 0 -0.013279 -0.3478 -0.018866 1.512619 0.3485643
006 2 17 12 -0.013656 0.4 -0.018798 0 0.7478 0 -0.013656 -0.3478 -0.018798 1.516953 0.3485752
006 2 17 12 -0.014031 0.4 -0.018729 0 0.7478 0 -0.014031 -0.3478 -0.018729 1.521126 0.3485864
006 2 17 12 -0.014405 0.4 -0.018658 0 0.7478 0 -0.014405 -0.3478 -0.018658 1.525536 0.3485978
006 2 17 12 -0.014778 0.4 -0.018585 0 0.7478 0 -0.014778 -0.3478 -0.018585 1.529915 0.3486096
006 2 17 12 -0.015149 0.4 -0.01851 0 0.7478 0 -0.015149 -0.3478 -0.01851 1.534187 0.3486215
006 2 17 12 -0.015518 0.4 -0.018434 0 0.7478 0 -0.015518 -0.3478 -0.018434 1.538277 0.3486337
006 2 17 12 -0.015886 0.4 -0.018355 0 0.7478 0 -0.015886 -0.3478 -0.018355 1.542603 0.3486461
006 2 17 12 -0.016252 0.4 -0.018275 0 0.7478 0 -0.016252 -0.3478 -0.018275 1.546768 0.3486588
006 2 17 12 -0.016617 0.4 -0.018193 0 0.7478 0 -0.016617 -0.3478 -0.018193 1.551079 0.3486717
006 2 17 12 -0.01698 0.4 -0.018109 0 0.7478 0 -0.01698 -0.3478 -0.018109 1.555222 0.3486848
006 2 17 12 -0.017341 0.4 -0.018023 0 0.7478 0 -0.017341 -0.3478 -0.018023 1.559364 0.3486981
006 2 17 12 -0.017701 0.4 -0.017935 0 0.7478 0 -0.017701 -0.3478 -0.017935 1.563889 0.3487117
006 2 17 12 -0.018059 0.4 -0.017846 0 0.7478 0 -0.018059 -0.3478 -0.017846 1.568016 0.3487254
006 2 17 12 -0.018415 0.4 -0.017755 0 0.7478 0 -0.018415 -0.3478 -0.017755 1.572182 0.3487394
006 2 17 12 -0.018769 0.4 -0.017662 0 0.7478 0 -0.018769 -0.3478 -0.017662 1.576485 0.3487536
006 2 17 12 -0.019121 0.4 -0.017567 0 0.7478 0 -0.019121 -0.3478 -0.017567 1.581566 0.3487679
006 2 17 12 -0.019471 0.4 -0.01747 0 0.7478 0 -0.019471 -0.3478 -0.01747 1.586708 0.3487824
006 2 17 12 -0.01982 0.4 -0.017372 0 0.7478 0 -0.01982 -0.3478 -0.017372 1.590897 0.3487971
006 2 17 12 -0.020166 0.4 -0.017272 0 0.7478 0 -0.020166 -0.3478 -0.017272 1.595131 0.348812
006 2 17 12 -0.020511 0.4 -0.017171 0 0.7478 0 -0.020511 -0.3478 -0.017171 1.599495 0.3488271
006 2 17 12 -0.020853 0.4 -0.017067 0 0.7478 0 -0.020853 -0.3478 -0.017067 1.603806 0.3488423
006 2 17 12 -0.021193 0.4 -0.016962 0 0.7478 0 -0.021193 -0.3478 -0.016962 1.607964 0.3488577
006 2 17 12 -0.021532 0.4 -0.016855 0 0.7478 0 -0.021532 -0.3478 -0.016855 1.612183 0.3488733
006 2 17 12 -0.021868 0.4 -0.016747 0 0.7478 0 -0.021868 -0.3478 -0.016747 1.616631 0.348889
006 2 17 12 -0.022201 0.4 -0.016637 0 0.7478 0 -0.022201 -0.3478 -0.016637 1.620789 0.3489047
006 2 17 12 -0.022533 0.4 -0.016525 0 0.7478 0 -0.022533 -0.3478 -0.016525 1.625084 0.3489207
006 2 17 12 -0.022862 0.4 -0.016411 0 0.7478 0 -0.022862 -0.3478 -0.016411 1.629318 0.3489367
006 2 17 12 -0.02319 0.4 -0.016296 0 0.7478 0 -0.02319 -0.3478 -0.016296 1.633781 0.3489529
006 2 17 12 -0.023514 0.4 -0.016179 0 0.7478 0 -0.023514 -0.3478 -0.016179 1.638062 0.3489692
006 2 17 12 -0.023837 0.4 -0.016061 0 0.7478 0 -0.023837 -0.3478 -0.016061 1.642395 0.3489857
006 2 17 12 -0.024157 0.4 -0.015941 0 0.7478 0 -0.024157 -0.3478 -0.015941 1.646652 0.3490022
006 2 17 12 -0.024474 0.4 -0.015819 0 0.7478 0 -0.024474 -0.3478 -0.015819 1.651016 0.3490187
006 2 17 12 -0.024789 0.4 -0.015696 0 0.7478 0 -0.024789 -0.3478 -0.015696 1.655273 0.3490354
006 2 17 12 -0.025102 0.4 -0.015571 0 0.7478 0 -0.025102 -0.3478 -0.015571 1.659393 0.3490521
006 2 17 12 -0.025412 0.4 -0.015445 0 0.7478 0 -0.025412 -0.3478 -0.015445 1.663879 0.349069
006 2 17 12 -0.02572 0.4 -0.015317 0 0.7478 0 -0.02572 -0.3478 -0.015317 1.668365 0.3490859
006 2 17 12 -0.026025 0.4 -0.015188 0 0.7478 0 -0.026025 -0.3478 -0.015188 1.672485 0.3491029
006 2 17 12 -0.026327 0.4 -0.015057 0 0.7478 0 -0.026327 -0.3478 -0.015057 1.676582 0.3491198
006 2 17 12 -0.026627 0.4 -0.014925 0 0.7478 0 -0.026627 -0.3478 -0.014925 1.680824 0.3491369
006 2 17 12 -0.026924 0.4 -0.014791 0 0.7478 0 -0.026924 -0.3478 -0.014791 1.685211 0.349154
006 2 17 12 -0.027219 0.4 -0.014655 0 0.7478 0 -0.027219 -0.3478 -0.014655 1.689339 0.3491711
006 2 17 12 -0.027511 0.4 -0.014519 0 0.7478 0 -0.027511 -0.3478 -0.014519 1.693481 0.3491883
006 2 17 12 -0.0278 0.4 -0.01438 0 0.7478 0 -0.0278 -0.3478 -0.01438 1.697891 0.3492055
006 2 17 12 -0.028086 0.4 -0.014241 0 0.7478 0 -0.028086 -0.3478 -0.014241 1.702286 0.3492227
006 2 17 12 -0.028369 0.4 -0.0141 0 0.7478 0 -0.028369 -0.3478 -0.0141 1.706505 0.3492398
006 2 17 12 -0.02865 0.4 -0.013957 0 0.7478 0 -0.02865 -0.3478 -0.013957 1.71067 0.349257
006 2 17 12 -0.028928 0.4 -0.013813 0 0.7478 0 -0.028928 -0.3478 -0.013813 1.714874 0.3492742
006 2 17 12 -0.029202 0.4 -0.013668 0 0.7478 0 -0.029202 -0.3478 -0.013668 1.719223 0.3492913
006 2 17 12 -0.029474 0.4 -0.013521 0 0.7478 0 -0.029474 -0.3478 -0.013521 1.723541 0.3493084
006 2 17 12 -0.029743 0.4 -0.013373 0 0.7478 0 -0.029743 -0.3478 -0.013373 1.727692 0.3493255
006 2 17 12 -0.030009 0.4 -0.013224 0 0.7478 0 -0.030009 -0.3478 -0.013224 1.732002 0.3493426
006 2 17 12 -0.030272 0.4 -0.013073 0 0.7478 0 -0.030272 -0.3478 -0.013073 1.73616 0.3493596
006 2 17 12 -0.030532 0.4 -0.012921 0 0.7478 0 -0.030532 -0.3478 -0.012921 1.740471 0.3493766
006 2 17 12 -0.030789 0.4 -0.012768 0 0.7478 0 -0.030789 -0.3478 -0.012768 1.744751 0.3493935
006 2 17 12 -0.031043 0.4 -0.012613 0 0.7478 0 -0.031043 -0.3478 -0.012613 1.749123 0.3494103
006 2 17 12 -0.031293 0.4 -0.012457 0 0.7478 0 -0.031293 -0.3478 -0.012457 1.753273 0.349427
006 2 17 12 -0.031541 0.4 -0.0123 0 0.7478 0 -0.031541 -0.3478 -0.0123 1.757469 0.3494438
006 2 17 12 -0.031785 0.4 -0.012142 0 0.7478 0 -0.031785 -0.3478 -0.012142 1.76181 0.3494604
006 2 17 12 -0.032027 0.4 -0.011982 0 0.7478 0 -0.032027 -0.3478 -0.011982 1.766502 0.3494769
006 2 17 12 -0.032265 0.4 -0.011821 0 0.7478 0 -0.032265 -0.3478 -0.011821 1.770752 0.3494934
006 2 17 12 -0.0325 0.4 -0.01166 0 0.7478 0 -0.0325 -0.3478 -0.01166 1.774963 0.3495097
006 2 17 12 -0.032731 0.4 -0.011496 0 0.7478 0 -0.032731 -0.3478 -0.011496 1.779106 0.3495258
006 2 17 12 -0.032959 0.4 -0.011332 0 0.7478 0 -0.032959 -0.3478 -0.011332 1.783806 0.3495419
006 2 17 12 -0.033184 0.4 -0.011167 0 0.7478 0 -0.033184 -0.3478 -0.011167 1.787994 0.3495579
006 2 17 12 -0.033406 0.4 -0.011 0 0.7478 0 -0.033406 -0.3478 -0.011 1.79213 0.3495737
006 2 17 12 -0.033624 0.4 -0.010833 0 0.7478 0 -0.033624 -0.3478 -0.010833 1.796242 0.3495894
006 2 17 12 -0.033839 0.4 -0.010664 0 0.7478 0 -0.033839 -0.3478 -0.010664 1.800583 0.349605
006 2 17 12 -0.034051 0.4 -0.010494 0 0.7478 0 -0.034051 -0.3478 -0.010494 1.804832 0.3496204
006 2 17 12 -0.034259 0.4 -0.010324 0 0.7478 0 -0.034259 -0.3478 -0.010324 1.809135 0.3496357
006 2 17 12 -0.034464 0.4 -0.010152 0 0.7478 0 -0.034464 -0.3478 -0.010152 1.813354 0.3496508
006 2 17 12 -0.034665 0.4 -0.009979 0 0.7478 0 -0.034665 -0.3478 -0.009979 1.817642 0.3496657
006 2 17 12 -0.034863 0.4 -0.009805 0 0.7478 0 -0.034863 -0.3478 -0.009805 1.822014 0.3496804
006 2 17 12 -0.035057 0.4 -0.00963 0 0.7478 0 -0.035057 -0.3478 -0.00963 1.826164 0.3496949
006 2 17 12 -0.035248 0.4 -0.009455 0 0.7478 0 -0.035248 -0.3478 -0.009455 1.830406 0.3497094
006 2 17 12 -0.035436 0.4 -0.009278 0 0.7478 0 -0.035436 -0.3478 -0.009278 1.834641 0.3497236
006 2 17 12 -0.035619 0.4 -0.0091 0 0.7478 0 -0.035619 -0.3478 -0.0091 1.838753 0.3497376
006 2 17 12 -0.0358 0.4 -0.008922 0 0.7478 0 -0.0358 -0.3478 -0.008922 1.843025 0.3497514
006 2 17 12 -0.035976 0.4 -0.008742 0 0.7478 0 -0.035976 -0.3478 -0.008742 1.847176 0.3497649
006 2 17 12 -0.036149 0.4 -0.008562 0 0.7478 0 -0.036149 -0.3478 -0.008562 1.851402 0.3497784
006 2 17 12 -0.036319 0.4 -0.008381 0 0.7478 0 -0.036319 -0.3478 -0.008381 1.85553 0.3497916
006 2 17 12 -0.036484 0.4 -0.008199 0 0.7478 0 -0.036484 -0.3478 -0.008199 1.859627 0.3498044
006 2 17 12 -0.036647 0.4 -0.008016 0 0.7478 0 -0.036647 -0.3478 -0.008016 1.863991 0.3498172
006 2 17 12 -0.036805 0.4 -0.007832 0 0.7478 0 -0.036805 -0.3478 -0.007832 1.868195 0.3498296
006 2 17 12 -0.03696 0.4 -0.007648 0 0.7478 0 -0.03696 -0.3478 -0.007648 1.872337 0.3498419
006 2 17 12 -0.037111 0.4 -0.007463 0 0.7478 0 -0.037111 -0.3478 -0.007463 1.876427 0.3498539
006 2 17 12 -0.037258 0.4 -0.007277 0 0.7478 0 -0.037258 -0.3478 -0.007277 1.880592 0.3498656
006 2 17 12 -0.037402 0.4 -0.00709 0 0.7478 0 -0.037402 -0.3478 -0.00709 1.884941 0.3498771
006 2 17 12 -0.037542 0.4 -0.006903 0 0.7478 0 -0.037542 -0.3478 -0.006903 1.88913 0.3498884
006 2 17 12 -0.037678 0.4 -0.006715 0 0.7478 0 -0.037678 -0.3478 -0.006715 1.893227 0.3498994
006 2 17 12 -0.037811 0.4 -0.006526 0 0.7478 0 -0.037811 -0.3478 -0.006526 1.897423 0.3499101
006 2 17 12 -0.037939 0.4 -0.006337 0 0.7478 0 -0.037939 -0.3478 -0.006337 1.901848 0.3499205
006 2 17 12 -0.038064 0.4 -0.006147 0 0.7478 0 -0.038064 -0.3478 -0.006147 1.906273 0.3499307
006 2 17 12 -0.038185 0.4 -0.005956 0 0.7478 0 -0.038185 -0.3478 -0.005956 1.910522 0.3499406
006 2 17 12 -0.038302 0.4 -0.005765 0 0.7478 0 -0.038302 -0.3478 -0.005765 1.91478 0.3499502
006 2 17 12 -0.038416 0.4 -0.005573 0 0.7478 0 -0.038416 -0.3478 -0.005573 1.918915 0.3499595
006 2 17 12 -0.038525 0.4 -0.005381 0 0.7478 0 -0.038525 -0.3478 -0.005381 1.92321 0.3499685
006 2 17 12 -0.038631 0.4 -0.005188 0 0.7478 0 -0.038631 -0.3478 -0.005188 1.927582 0.3499773
006 2 17 12 -0.038733 0.4 -0.004994 0 0.7478 0 -0.038733 -0.3478 -0.004994 1.932053 0.3499857
006 2 17 12 -0.038831 0.4 -0.0048 0 0.7478 0 -0.038831 -0.3478 -0.0048 1.936272 0.3499939
006 2 17 12 -0.038925 0.4 -0.004606 0 0.7478 0 -0.038925 -0.3478 -0.004606 1.940392 0.3500017
006 2 17 12 -0.039015 0.4 -0.004411 0 0.7478 0 -0.039015 -0.3478 -0.004411 1.944679 0.3500092
006 2 17 12 -0.039101 0.4 -0.004216 0 0.7478 0 -0.039101 -0.3478 -0.004216 1.949196 0.3500164
006 2 17 12 -0.039184 0.4 -0.00402 0 0.7478 0 -0.039184 -0.3478 -0.00402 1.95343 0.3500234
006 2 17 12 -0.039262 0.4 -0.003824 0 0.7478 0 -0.039262 -0.3478 -0.003824 1.957573 0.3500299
006 2 17 12 -0.039337 0.4 -0.003628 0 0.7478 0 -0.039337 -0.3478 -0.003628 1.962013 0.3500363
006 2 17 12 -0.039407 0.4 -0.003431 0 0.7478 0 -0.039407 -0.3478 -0.003431 1.966675 0.3500422
006 2 17 12 -0.039474 0.4 -0.003234 0 0.7478 0 -0.039474 -0.3478 -0.003234 1.970871 0.3500478
006 2 17 12 -0.039536 0.4 -0.003036 0 0.7478 0 -0.039536 -0.3478 -0.003036 1.975044 0.3500531
006 2 17 12 -0.039595 0.4 -0.002838 0 0.7478 0 -0.039595 -0.3478 -0.002838 1.979179 0.350058
006 2 17 12 -0.03965 0.4 -0.00264 0 0.7478 0 -0.03965 -0.3478 -0.00264 1.98381 0.3500627
006 2 17 12 -0.039701 0.4 -0.002442 0 0.7478 0 -0.039701 -0.3478 -0.002442 1.98822 0.3500671
006 2 17 12 -0.039748 0.4 -0.002243 0 0.7478 0 -0.039748 -0.3478 -0.002243 1.992477 0.3500711
006 2 17 12 -0.039791 0.4 -0.002044 0 0.7478 0 -0.039791 -0.3478 -0.002044 1.996773 0.3500748
006 2 17 12 -0.039829 0.4 -0.001845 0 0.7478 0 -0.039829 -0.3478 -0.001845 2.00103 0.350078
006 2 17 12 -0.039864 0.4 -0.001646 0 0.7478 0 -0.039864 -0.3478 -0.001646 2.005318 0.350081
006 2 17 12 -0.039895 0.4 -0.001447 0 0.7478 0 -0.039895 -0.3478 -0.001447 2.009415 0.3500836
006 2 17 12 -0.039922 0.4 -0.001247 0 0.7478 0 -0.039922 -0.3478 -0.001247 2.013626 0.3500859
006 2 17 12 -0.039945 0.4 -0.001047 0 0.7478 0 -0.039945 -0.3478 -0.001047 2.017776 0.3500879
006 2 17 12 -0.039964 0.4 -0.000848 0 0.7478 0 -0.039964 -0.3478 -0.000848 2.022087 0.3500895
006 2 17 12 -0.039979 0.4 -0.000648 0 0.7478 0 -0.039979 -0.3478 -0.000648 2.026161 0.3500908
006 2 17 12 -0.03999 0.4 -0.000448 0 0.7478 0 -0.03999 -0.3478 -0.000448 2.030365 0.3500918
006 2 17 12 -0.039997 0.4 -0.000248 0 0.7478 0 -0.039997 -0.3478 -0.000248 2.034698 0.3500924
006 2 17 12 -0.04 0.4 -4.8E-05 0 0.7478 0 -0.04 -0.3478 -4.8E-05 2.038933 0.3500926
006 2 17 12 -0.039999 0.4 0.000152 0 0.7478 0 -0.039999 -0.3478 0.000152 2.043236 0.3500925
006 2 17 12 -0.039994 0.4 0.000352 0 0.7478 0 -0.039994 -0.3478 0.000352 2.047485 0.3500921
006 2 17 12 -0.039985 0.4 0.000552 0 0.7478 0 -0.039985 -0.3478 0.000552 2.051949 0.3500913
006 2 17 12 -0.039972 0.4 0.000752 0 0.7478 0 -0.039972 -0.3478 0.000752 2.056175 0.3500902
006 2 17 12 -0.039955 0.4 0.000952 0 0.7478 0 -0.039955 -0.3478 0.000952 2.060387 0.3500888
006 2 17 12 -0.039934 0.4 0.001152 0 0.7478 0 -0.039934 -0.3478 0.001152 2.064873 0.350087
006 2 17 12 -0.039909 0.4 0.001351 0 0.7478 0 -0.039909 -0.3478 0.001351 2.069115 0.3500848
006 2 17 12 -0.03988 0.4 0.001551 0 0.7478 0 -0.03988 -0.3478 0.001551 2.073364 0.3500823
006 2 17 12 -0.039847 0.4 0.00175 0 0.7478 0 -0.039847 -0.3478 0.00175 2.077736 0.3500795
006 2 17 12 -0.03981 0.4 0.001949 0 0.7478 0 -0.03981 -0.3478 0.001949 2.082962 0.3500764
006 2 17 12 -0.039769 0.4 0.002148 0 0.7478 0 -0.039769 -0.3478 0.002148 2.087906 0.3500729
006 2 17 12 -0.039724 0.4 0.002347 0 0.7478 0 -0.039724 -0.3478 0.002347 2.092148 0.350069
006 2 17 12 -0.039675 0.4 0.002545 0 0.7478 0 -0.039675 -0.3478 0.002545 2.096481 0.3500649
006 2 17 12 -0.039622 0.4 0.002744 0 0.7478 0 -0.039622 -0.3478 0.002744 2.101067 0.3500604
006 2 17 12 -0.039565 0.4 0.002942 0 0.7478 0 -0.039565 -0.3478 0.002942 2.111374 0.3500555
006 2 17 12 -0.039504 0.4 0.003139 0 0.7478 0 -0.039504 -0.3478 0.003139 2.115837 0.3500504
006 2 17 12 -0.039439 0.4 0.003337 0 0.7478 0 -0.039439 -0.3478 0.003337 2.119934 0.3500448
006 2 17 12 -0.039371 0.4 0.003534 0 0.7478 0 -0.039371 -0.3478 0.003534 2.124184 0.3500391
006 2 17 12 -0.039298 0.4 0.00373 0 0.7478 0 -0.039298 -0.3478 0.00373 2.128311 0.350033
006 2 17 12 -0.039222 0.4 0.003927 0 0.7478 0 -0.039222 -0.3478 0.003927 2.132729 0.3500266
006 2 17 12 -0.039141 0.4 0.004122 0 0.7478 0 -0.039141 -0.3478 0.004122 2.136909 0.3500198
006 2 17 12 -0.039057 0.4 0.004318 0 0.7478 0 -0.039057 -0.3478 0.004318 2.141022 0.3500127
006 2 17 12 -0.038968 0.4 0.004513 0 0.7478 0 -0.038968 -0.3478 0.004513 2.145271 0.3500053
006 2 17 12 -0.038876 0.4 0.004708 0 0.7478 0 -0.038876 -0.3478 0.004708 2.149658 0.3499976
006 2 17 12 -0.03878 0.4 0.004902 0 0.7478 0 -0.03878 -0.3478 0.004902 2.153862 0.3499896
006 2 17 12 -0.03868 0.4 0.005095 0 0.7478 0 -0.03868 -0.3478 0.005095 2.15831 0.3499813
006 2 17 12 -0.038576 0.4 0.005289 0 0.7478 0 -0.038576 -0.3478 0.005289 2.163086 0.3499727
006 2 17 12 -0.038469 0.4 0.005481 0 0.7478 0 -0.038469 -0.3478 0.005481 2.167564 0.3499639
006 2 17 12 -0.038357 0.4 0.005673 0 0.7478 0 -0.038357 -0.3478 0.005673 2.171852 0.3499547
006 2 17 12 -0.038242 0.4 0.005865 0 0.7478 0 -0.038242 -0.3478 0.005865 2.176086 0.3499452
006 2 17 12 -0.038122 0.4 0.006056 0 0.7478 0 -0.038122 -0.3478 0.006056 2.180298 0.3499354
006 2 17 12 -0.037999 0.4 0.006246 0 0.7478 0 -0.037999 -0.3478 0.006246 2.184792 0.3499254
006 2 17 12 -0.037873 0.4 0.006436 0 0.7478 0 -0.037873 -0.3478 0.006436 2.18895 0.3499151
006 2 17 12 -0.037742 0.4 0.006625 0 0.7478 0 -0.037742 -0.3478 0.006625 2.193062 0.3499045
006 2 17 12 -0.037608 0.4 0.006813 0 0.7478 0 -0.037608 -0.3478 0.006813 2.197479 0.3498937
006 2 17 12 -0.037469 0.4 0.007001 0 0.7478 0 -0.037469 -0.3478 0.007001 2.20211 0.3498825
006 2 17 12 -0.037328 0.4 0.007188 0 0.7478 0 -0.037328 -0.3478 0.007188 2.206345 0.3498712
006 2 17 12 -0.037182 0.4 0.007374 0 0.7478 0 -0.037182 -0.3478 0.007374 2.210503 0.3498596
006 2 17 12 -0.037033 0.4 0.00756 0 0.7478 0 -0.037033 -0.3478 0.00756 2.214752 0.3498477
006 2 17 12 -0.03688 0.4 0.007744 0 0.7478 0 -0.03688 -0.3478 0.007744 2.218933 0.3498356
006 2 17 12 -0.036723 0.4 0.007928 0 0.7478 0 -0.036723 -0.3478 0.007928 2.223167 0.3498232
006 2 17 12 -0.036562 0.4 0.008112 0 0.7478 0 -0.036562 -0.3478 0.008112 2.227257 0.3498105
006 2 17 12 -0.036398 0.4 0.008294 0 0.7478 0 -0.036398 -0.3478 0.008294 2.231453 0.3497977
006 2 17 12 -0.036231 0.4 0.008476 0 0.7478 0 -0.036231 -0.3478 0.008476 2.235672 0.3497847
006 2 17 12 -0.036059 0.4 0.008656 0 0.7478 0 -0.036059 -0.3478 0.008656 2.239777 0.3497714
006 2 17 12 -0.035884 0.4 0.008836 0 0.7478 0 -0.035884 -0.3478 0.008836 2.244087 0.3497579
006 2 17 12 -0.035706 0.4 0.009015 0 0.7478 0 -0.035706 -0.3478 0.009015 2.248642 0.3497442
006 2 17 12 -0.035524 0.4 0.009193 0 0.7478 0 -0.035524 -0.3478 0.009193 2.252907 0.3497303
006 2 17 12 -0.035338 0.4 0.00937 0 0.7478 0 -0.035338 -0.3478 0.00937 2.257179 0.3497162
006 2 17 12 -0.035149 0.4 0.009547 0 0.7478 0 -0.035149 -0.3478 0.009547 2.261314 0.3497019
006 2 17 12 -0.034956 0.4 0.009722 0 0.7478 0 -0.034956 -0.3478 0.009722 2.265884 0.3496874
006 2 17 12 -0.03476 0.4 0.009896 0 0.7478 0 -0.03476 -0.3478 0.009896 2.270073 0.3496727
006 2 17 12 -0.03456 0.4 0.010069 0 0.7478 0 -0.03456 -0.3478 0.010069 2.274155 0.3496578
006 2 17 12 -0.034357 0.4 0.010242 0 0.7478 0 -0.034357 -0.3478 0.010242 2.278267 0.3496429
006 2 17 12 -0.034151 0.4 0.010413 0 0.7478 0 -0.034151 -0.3478 0.010413 2.282722 0.3496277
006 2 17 12 -0.033941 0.4 0.010583 0 0.7478 0 -0.033941 -0.3478 0.010583 2.287033 0.3496124
006 2 17 12 -0.033728 0.4 0.010752 0 0.7478 0 -0.033728 -0.3478 0.010752 2.291138 0.3495969
006 2 17 12 -0.033511 0.4 0.01092 0 0.7478 0 -0.033511 -0.3478 0.01092 2.295578 0.3495813
006 2 17 12 -0.033291 0.4 0.011087 0 0.7478 0 -0.033291 -0.3478 0.011087 2.300041 0.3495655
006 2 17 12 -0.033067 0.4 0.011253 0 0.7478 0 -0.033067 -0.3478 0.011253 2.304337 0.3495496
006 2 17 12 -0.032841 0.4 0.011418 0 0.7478 0 -0.032841 -0.3478 0.011418 2.308418 0.3495336
006 2 17 12 -0.032611 0.4 0.011582 0 0.7478 0 -0.032611 -0.3478 0.011582 2.312599 0.3495175
006 2 17 12 -0.032377 0.4 0.011744 0 0.7478 0 -0.032377 -0.3478 0.011744 2.317009 0.3495011
006 2 17 12 -0.032141 0.4 0.011906 0 0.7478 0 -0.032141 -0.3478 0.011906 2.321259 0.3494848
006 2 17 12 -0.031901 0.4 0.012066 0 0.7478 0 -0.031901 -0.3478 0.012066 2.325768 0.3494683
006 2 17 12 -0.031658 0.4 0.012225 0 0.7478 0 -0.031658 -0.3478 0.012225 2.329971 0.3494517
006 2 17 12 -0.031412 0.4 0.012382 0 0.7478 0 -0.031412 -0.3478 0.012382 2.334366 0.3494351
006 2 17 12 -0.031163 0.4 0.012539 0 0.7478 0 -0.031163 -0.3478 0.012539 2.338409 0.3494184
006 2 17 12 -0.030911 0.4 0.012694 0 0.7478 0 -0.030911 -0.3478 0.012694 2.342773 0.3494016
006 2 17 12 -0.030655 0.4 0.012848 0 0.7478 0 -0.030655 -0.3478 0.012848 2.347069 0.3493847
006 2 17 12 -0.030397 0.4 0.013 0 0.7478 0 -0.030397 -0.3478 0.013 2.351295 0.3493677
006 2 17 12 -0.030135 0.4 0.013152 0 0.7478 0 -0.030135 -0.3478 0.013152 2.355492 0.3493507
006 2 17 12 -0.029871 0.4 0.013302 0 0.7478 0 -0.029871 -0.3478 0.013302 2.359627 0.3493337
006 2 17 12 -0.029603 0.4 0.01345 0 0.7478 0 -0.029603 -0.3478 0.01345 2.364044 0.3493166
006 2 17 12 -0.029333 0.4 0.013598 0 0.7478 0 -0.029333 -0.3478 0.013598 2.368347 0.3492995
006 2 17 12 -0.029059 0.4 0.013744 0 0.7478 0 -0.029059 -0.3478 0.013744 2.372589 0.3492824
006 2 17 12 -0.028783 0.4 0.013888 0 0.7478 0 -0.028783 -0.3478 0.013888 2.376778 0.3492652
006 2 17 12 -0.028504 0.4 0.014032 0 0.7478 0 -0.028504 -0.3478 0.014032 2.38118 0.3492481
006 2 17 12 -0.028222 0.4 0.014173 0 0.7478 0 -0.028222 -0.3478 0.014173 2.385529 0.3492309
006 2 17 12 -0.027937 0.4 0.014314 0 0.7478 0 -0.027937 -0.3478 0.014314 2.389656 0.3492137
006 2 17 12 -0.027649 0.4 0.014453 0 0.7478 0 -0.027649 -0.3478 0.014453 2.393776 0.3491965
006 2 17 12 -0.027359 0.4 0.01459 0 0.7478 0 -0.027359 -0.3478 0.01459 2.398834 0.3491793
006 2 17 12 -0.027065 0.4 0.014726 0 0.7478 0 -0.027065 -0.3478 0.014726 2.403175 0.3491621
006 2 17 12 -0.02677 0.4 0.014861 0 0.7478 0 -0.02677 -0.3478 0.014861 2.407425 0.3491451
006 2 17 12 -0.026471 0.4 0.014994 0 0.7478 0 -0.026471 -0.3478 0.014994 2.411766 0.349128
006 2 17 12 -0.02617 0.4 0.015126 0 0.7478 0 -0.02617 -0.3478 0.015126 2.416214 0.349111
006 2 17 12 -0.025866 0.4 0.015256 0 0.7478 0 -0.025866 -0.3478 0.015256 2.42038 0.349094
006 2 17 12 -0.02556 0.4 0.015384 0 0.7478 0 -0.02556 -0.3478 0.015384 2.424683 0.3490771
006 2 17 12 -0.025251 0.4 0.015511 0 0.7478 0 -0.025251 -0.3478 0.015511 2.428902 0.3490602
006 2 17 12 -0.024939 0.4 0.015637 0 0.7478 0 -0.024939 -0.3478 0.015637 2.433479 0.3490434
006 2 17 12 -0.024625 0.4 0.015761 0 0.7478 0 -0.024625 -0.3478 0.015761 2.43779 0.3490267
006 2 17 12 -0.024309 0.4 0.015883 0 0.7478 0 -0.024309 -0.3478 0.015883 2.442078 0.3490101
006 2 17 12 -0.02399 0.4 0.016004 0 0.7478 0 -0.02399 -0.3478 0.016004 2.44632 0.3489935
006 2 17 12 -0.023669 0.4 0.016123 0 0.7478 0 -0.023669 -0.3478 0.016123 2.450882 0.3489771
006 2 17 12 -0.023345 0.4 0.01624 0 0.7478 0 -0.023345 -0.3478 0.01624 2.455215 0.3489607
006 2 17 12 -0.023019 0.4 0.016356 0 0.7478 0 -0.023019 -0.3478 0.016356 2.459282 0.3489445
006 2 17 12 -0.022691 0.4 0.016471 0 0.7478 0 -0.022691 -0.3478 0.016471 2.463585 0.3489284
006 2 17 12 -0.02236 0.4 0.016583 0 0.7478 0 -0.02236 -0.3478 0.016583 2.467941 0.3489123
006 2 17 12 -0.022027 0.4 0.016694 0 0.7478 0 -0.022027 -0.3478 0.016694 2.472069 0.3488964
006 2 17 12 -0.021692 0.4 0.016804 0 0.7478 0 -0.021692 -0.3478 0.016804 2.476227 0.3488807
006 2 17 12 -0.021355 0.4 0.016911 0 0.7478 0 -0.021355 -0.3478 0.016911 2.480583 0.3488651
006 2 17 12 -0.021016 0.4 0.017017 0 0.7478 0 -0.021016 -0.3478 0.017017 2.484993 0.3488497
006 2 17 12 -0.020675 0.4 0.017121 0 0.7478 0 -0.020675 -0.3478 0.017121 2.489365 0.3488344
006 2 17 12 -0.020331 0.4 0.017224 0 0.7478 0 -0.020331 -0.3478 0.017224 2.49353 0.3488192
006 2 17 12 -0.019986 0.4 0.017325 0 0.7478 0 -0.019986 -0.3478 0.017325 2.497795 0.3488043
006 2 17 12 -0.019638 0.4 0.017424 0 0.7478 0 -0.019638 -0.3478 0.017424 2.502251 0.3487895
006 2 17 12 -0.019289 0.4 0.017521 0 0.7478 0 -0.019289 -0.3478 0.017521 2.506432 0.3487748
006 2 17 12 -0.018937 0.4 0.017617 0 0.7478 0 -0.018937 -0.3478 0.017617 2.51062 0.3487604
006 2 17 12 -0.018584 0.4 0.01771 0 0.7478 0 -0.018584 -0.3478 0.01771 2.514992 0.3487461
006 2 17 12 -0.018229 0.4 0.017802 0 0.7478 0 -0.018229 -0.3478 0.017802 2.519173 0.3487321
006 2 17 12 -0.017872 0.4 0.017893 0 0.7478 0 -0.017872 -0.3478 0.017893 2.523483 0.3487182
006 2 17 12 -0.017513 0.4 0.017981 0 0.7478 0 -0.017513 -0.3478 0.017981 2.527657 0.3487045
006 2 17 12 -0.017153 0.4 0.018068 0 0.7478 0 -0.017153 -0.3478 0.018068 2.532005 0.3486911
006 2 17 12 -0.016791 0.4 0.018153 0 0.7478 0 -0.016791 -0.3478 0.018153 2.536171 0.3486779
006 2 17 12 -0.016427 0.4 0.018236 0 0.7478 0 -0.016427 -0.3478 0.018236 2.540367 0.3486649
006 2 17 12 -0.016061 0.4 0.018317 0 0.7478 0 -0.016061 -0.3478 0.018317 2.544701 0.3486521
006 2 17 12 -0.015694 0.4 0.018396 0 0.7478 0 -0.015694 -0.3478 0.018396 2.549049 0.3486396
006 2 17 12 -0.015325 0.4 0.018474 0 0.7478 0 -0.015325 -0.3478 0.018474 2.5532 0.3486273
006 2 17 12 -0.014955 0.4 0.01855 0 0.7478 0 -0.014955 -0.3478 0.01855 2.557289 0.3486152
006 2 17 12 -0.014583 0.4 0.018623 0 0.7478 0 -0.014583 -0.3478 0.018623 2.561562 0.3486034
006 2 17 12 -0.01421 0.4 0.018695 0 0.7478 0 -0.01421 -0.3478 0.018695 2.56604 0.3485918
006 2 17 12 -0.013836 0.4 0.018766 0 0.7478 0 -0.013836 -0.3478 0.018766 2.570282 0.3485806
006 2 17 12 -0.01346 0.4 0.018834 0 0.7478 0 -0.01346 -0.3478 0.018834 2.574455 0.3485695
006 2 17 12 -0.013082 0.4 0.0189 0 0.7478 0 -0.013082 -0.3478 0.0189 2.578987 0.3485587
006 2 17 12 -0.012704 0.4 0.018965 0 0.7478 0 -0.012704 -0.3478 0.018965 2.584175 0.3485483
006 2 17 12 -0.012324 0.4 0.019027 0 0.7478 0 -0.012324 -0.3478 0.019027 2.588776 0.348538
006 2 17 12 -0.011942 0.4 0.019088 0 0.7478 0 -0.011942 -0.3478 0.019088 2.593513 0.348528
006 2 17 12 -0.01156 0.4 0.019147 0 0.7478 0 -0.01156 -0.3478 0.019147 2.597931 0.3485184
006 2 17 12 -0.011177 0.4 0.019203 0 0.7478 0 -0.011177 -0.3478 0.019203 2.602226 0.348509
006 2 17 12 -0.010792 0.4 0.019258 0 0.7478 0 -0.010792 -0.3478 0.019258 2.606461 0.3484999
006 2 17 12 -0.010406 0.4 0.019311 0 0.7478 0 -0.010406 -0.3478 0.019311 2.610657 0.3484911
006 2 17 12 -0.01002 0.4 0.019362 0 0.7478 0 -0.01002 -0.3478 0.019362 2.614891 0.3484826
006 2 17 12 -0.009632 0.4 0.019412 0 0.7478 0 -0.009632 -0.3478 0.019412 2.61908 0.3484744
006 2 17 12 -0.009243 0.4 0.019459 0 0.7478 0 -0.009243 -0.3478 0.019459 2.623428 0.3484665
006 2 17 12 -0.008853 0.4 0.019504 0 0.7478 0 -0.008853 -0.3478 0.019504 2.627777 0.3484589
006 2 17 12 -0.008463 0.4 0.019547 0 0.7478 0 -0.008463 -0.3478 0.019547 2.632111 0.3484516
006 2 17 12 -0.008072 0.4 0.019589 0 0.7478 0 -0.008072 -0.3478 0.019589 2.636414 0.3484447
006 2 17 12 -0.007679 0.4 0.019628 0 0.7478 0 -0.007679 -0.3478 0.019628 2.640579 0.348438
006 2 17 12 -0.007287 0.4 0.019665 0 0.7478 0 -0.007287 -0.3478 0.019665 2.645081 0.3484317
006 2 17 12 -0.006893 0.4 0.019701 0 0.7478 0 -0.006893 -0.3478 0.019701 2.649391 0.3484257
006 2 17 12 -0.006498 0.4 0.019734 0 0.7478 0 -0.006498 -0.3478 0.019734 2.653511 0.34842
006 2 17 12 -0.006103 0.4 0.019766 0 0.7478 0 -0.006103 -0.3478 0.019766 2.65757 0.3484147
006 2 17 12 -0.005708 0.4 0.019795 0 0.7478 0 -0.005708 -0.3478 0.019795 2.66188 0.3484096
006 2 17 12 -0.005312 0.4 0.019823 0 0.7478 0 -0.005312 -0.3478 0.019823 2.66658 0.3484049
006 2 17 12 -0.004915 0.4 0.019848 0 0.7478 0 -0.004915 -0.3478 0.019848 2.670769 0.3484005
006 2 17 12 -0.004518 0.4 0.019872 0 0.7478 0 -0.004518 -0.3478 0.019872 2.674957 0.3483965
006 2 17 12 -0.00412 0.4 0.019894 0 0.7478 0 -0.00412 -0.3478 0.019894 2.679161 0.3483928
006 2 17 12 -0.003722 0.4 0.019913 0 0.7478 0 -0.003722 -0.3478 0.019913 2.683617 0.3483894
006 2 17 12 -0.003324 0.4 0.019931 0 0.7478 0 -0.003324 -0.3478 0.019931 2.687775 0.3483865
006 2 17 12 -0.002925 0.4 0.019946 0 0.7478 0 -0.002925 -0.3478 0.019946 2.691948 0.3483838
006 2 17 12 -0.002526 0.4 0.01996 0 0.7478 0 -0.002526 -0.3478 0.01996 2.696129 0.3483814
006 2 17 12 -0.002126 0.4 0.019972 0 0.7478 0 -0.002126 -0.3478 0.019972 2.700409 0.3483794
006 2 17 12 -0.001727 0.4 0.019981 0 0.7478 0 -0.001727 -0.3478 0.019981 2.704704 0.3483777
006 2 17 12 -0.001327 0.4 0.019989 0 0.7478 0 -0.001327 -0.3478 0.019989 2.708977 0.3483765
006 2 17 12 -0.000927 0.4 0.019995 0 0.7478 0 -0.000927 -0.3478 0.019995 2.713646 0.3483755
006 2 17 12 -0.000527 0.4 0.019998 0 0.7478 0 -0.000527 -0.3478 0.019998 2.718201 0.3483748
006 2 17 12 -0.000127 0.4 0.02 0 0.7478 0 -0.000127 -0.3478 0.02 2.72287 0.3483746
006 2 17 12 0 0.4 0.02 0 0.7478 0 0 -0.3478 0.02 2.727676 0.3483745
