006 2 4 2 0 0.42 0 0 0.7478 0 0 -0.3278 0 0 0.3278
006 2 4 2 0 0.419999 0.0002 0 0.7478 0 0 -0.327801 0.0002 0.004585266 0.327801
006 2 4 2 0 0.419996 0.0004 0 0.7478 0 0 -0.327804 0.0004 0.009305954 0.3278042
006 2 4 2 0 0.419991 0.0006 0 0.7478 0 0 -0.327809 0.0006 0.01346397 0.3278095
006 2 4 2 0 0.419984 0.0008 0 0.7478 0 0 -0.327816 0.0008 0.01779938 0.327817
006 2 4 2 0 0.419975 0.001 0 0.7478 0 0 -0.327825 0.001 0.02193069 0.3278265
006 2 4 2 0 0.419964 0.001199 0 0.7478 0 0 -0.327836 0.001199 0.02637291 0.3278382
006 2 4 2 0 0.419951 0.001399 0 0.7478 0 0 -0.327849 0.001399 0.03068161 0.327852
006 2 4 2 0 0.419936 0.001598 0 0.7478 0 0 -0.327864 0.001598 0.03494263 0.3278679
006 2 4 2 0 0.419919 0.001798 0 0.7478 0 0 -0.327881 0.001798 0.03901672 0.3278859
006 2 4 2 0 0.4199 0.001997 0 0.7478 0 0 -0.3279 0.001997 0.04354477 0.3279061
006 2 4 2 0 0.419879 0.002196 0 0.7478 0 0 -0.327921 0.002196 0.04780388 0.3279283
006 2 4 2 0 0.419856 0.002394 0 0.7478 0 0 -0.327944 0.002394 0.05197906 0.3279527
006 2 4 2 0 0.419831 0.002593 0 0.7478 0 0 -0.327969 0.002593 0.05629349 0.3279792
006 2 4 2 0 0.419804 0.002791 0 0.7478 0 0 -0.327996 0.002791 0.06076622 0.3280078
006 2 4 2 0 0.419775 0.002989 0 0.7478 0 0 -0.328025 0.002989 0.06496239 0.3280386
006 2 4 2 0 0.419745 0.003186 0 0.7478 0 0 -0.328055 0.003186 0.06927681 0.3280705
006 2 4 2 0 0.419712 0.003384 0 0.7478 0 0 -0.328088 0.003384 0.07366371 0.3281054
006 2 4 2 0 0.419677 0.003581 0 0.7478 0 0 -0.328123 0.003581 0.07798004 0.3281425
006 2 4 2 0 0.41964 0.003777 0 0.7478 0 0 -0.32816 0.003777 0.08234024 0.3281817
006 2 4 2 0 0.419601 0.003973 0 0.7478 0 0 -0.328199 0.003973 0.08657074 0.328223
006 2 4 2 0 0.419561 0.004169 0 0.7478 0 0 -0.328239 0.004169 0.09098244 0.3282655
006 2 4 2 0 0.419518 0.004365 0 0.7478 0 0 -0.328282 0.004365 0.09537888 0.328311
006 2 4 2 0 0.419473 0.00456 0 0.7478 0 0 -0.328327 0.00456 0.09947205 0.3283587
006 2 4 2 0 0.419427 0.004754 0 0.7478 0 0 -0.328373 0.004754 0.103693 0.3284074
006 2 4 2 0 0.419378 0.004948 0 0.7478 0 0 -0.328422 0.004948 0.1079655 0.3284593
006 2 4 2 0 0.419328 0.005142 0 0.7478 0 0 -0.328472 0.005142 0.112236 0.3285122
006 2 4 2 0 0.419275 0.005335 0 0.7478 0 0 -0.328525 0.005335 0.1165257 0.3285683
006 2 4 2 0 0.419221 0.005527 0 0.7478 0 0 -0.328579 0.005527 0.1207447 0.3286255
006 2 4 2 0 0.419165 0.005719 0 0.7478 0 0 -0.328635 0.005719 0.1251068 0.3286847
006 2 4 2 0 0.419107 0.00591 0 0.7478 0 0 -0.328693 0.00591 0.1292782 0.3287461
006 2 4 2 0 0.419047 0.006101 0 0.7478 0 0 -0.328753 0.006101 0.1338024 0.3288096
006 2 4 2 0 0.418985 0.006291 0 0.7478 0 0 -0.328815 0.006291 0.13904 0.3288752
006 2 4 2 0 0.418921 0.006481 0 0.7478 0 0 -0.328879 0.006481 0.1438847 0.3289428
006 2 4 2 0 0.418855 0.00667 0 0.7478 0 0 -0.328945 0.00667 0.1479397 0.3290126
006 2 4 2 0 0.418787 0.006858 0 0.7478 0 0 -0.329013 0.006858 0.1520805 0.3290845
006 2 4 2 0 0.418718 0.007045 0 0.7478 0 0 -0.329082 0.007045 0.1565151 0.3291574
006 2 4 2 0 0.418647 0.007232 0 0.7478 0 0 -0.329153 0.007232 0.1609116 0.3292324
006 2 4 2 0 0.418573 0.007418 0 0.7478 0 0 -0.329227 0.007418 0.1650925 0.3293106
006 2 4 2 0 0.418498 0.007604 0 0.7478 0 0 -0.329302 0.007604 0.1693401 0.3293898
006 2 4 2 0 0.418421 0.007788 0 0.7478 0 0 -0.329379 0.007788 0.173624 0.3294711
006 2 4 2 0 0.418342 0.007972 0 0.7478 0 0 -0.329458 0.007972 0.1779976 0.3295544
006 2 4 2 0 0.418262 0.008155 0 0.7478 0 0 -0.329538 0.008155 0.1821518 0.3296389
006 2 4 2 0 0.418179 0.008337 0 0.7478 0 0 -0.329621 0.008337 0.1863174 0.3297264
006 2 4 2 0 0.418095 0.008519 0 0.7478 0 0 -0.329705 0.008519 0.1906548 0.329815
006 2 4 2 0 0.418009 0.008699 0 0.7478 0 0 -0.329791 0.008699 0.1953907 0.3299057
006 2 4 2 0 0.417921 0.008879 0 0.7478 0 0 -0.329879 0.008879 0.2001972 0.3299985
006 2 4 2 0 0.417831 0.009058 0 0.7478 0 0 -0.329969 0.009058 0.20471 0.3300933
006 2 4 2 0 0.41774 0.009236 0 0.7478 0 0 -0.33006 0.009236 0.2096233 0.3301892
006 2 4 2 0 0.417647 0.009413 0 0.7478 0 0 -0.330153 0.009413 0.2144299 0.3302872
006 2 4 2 0 0.417552 0.009589 0 0.7478 0 0 -0.330248 0.009589 0.2187157 0.3303872
006 2 4 2 0 0.417455 0.009764 0 0.7478 0 0 -0.330345 0.009764 0.2228661 0.3304892
006 2 4 2 0 0.417356 0.009938 0 0.7478 0 0 -0.330444 0.009938 0.2273102 0.3305934
006 2 4 2 0 0.417256 0.010111 0 0.7478 0 0 -0.330544 0.010111 0.2314644 0.3306986
006 2 4 2 0 0.417154 0.010283 0 0.7478 0 0 -0.330646 0.010283 0.235775 0.3308058
006 2 4 2 0 0.41705 0.010454 0 0.7478 0 0 -0.33075 0.010454 0.2401562 0.3309152
006 2 4 2 0 0.416945 0.010624 0 0.7478 0 0 -0.330855 0.010624 0.2445335 0.3310255
006 2 4 2 0 0.416838 0.010793 0 0.7478 0 0 -0.330962 0.010793 0.2486687 0.3311379
006 2 4 2 0 0.416729 0.01096 0 0.7478 0 0 -0.331071 0.01096 0.2528095 0.3312523
006 2 4 2 0 0.416619 0.011127 0 0.7478 0 0 -0.331181 0.011127 0.2571468 0.3313679
006 2 4 2 0 0.416507 0.011293 0 0.7478 0 0 -0.331293 0.011293 0.2613754 0.3314854
006 2 4 2 0 0.416393 0.011457 0 0.7478 0 0 -0.331407 0.011457 0.2655792 0.331605
006 2 4 2 0 0.416278 0.011621 0 0.7478 0 0 -0.331522 0.011621 0.2697334 0.3317256
006 2 4 2 0 0.416161 0.011783 0 0.7478 0 0 -0.331639 0.011783 0.2748756 0.3318483
006 2 4 2 0 0.416042 0.011944 0 0.7478 0 0 -0.331758 0.011944 0.2797871 0.3319729
006 2 4 2 0 0.415922 0.012104 0 0.7478 0 0 -0.331878 0.012104 0.2841148 0.3320986
006 2 4 2 0 0.4158 0.012262 0 0.7478 0 0 -0.332 0.012262 0.288372 0.3322263
006 2 4 2 0 0.415676 0.01242 0 0.7478 0 0 -0.332124 0.01242 0.2927361 0.3323561
006 2 4 2 0 0.415551 0.012576 0 0.7478 0 0 -0.332249 0.012576 0.2970829 0.3324869
006 2 4 2 0 0.415425 0.012731 0 0.7478 0 0 -0.332375 0.012731 0.3012047 0.3326187
006 2 4 2 0 0.415297 0.012884 0 0.7478 0 0 -0.332503 0.012884 0.3053741 0.3327525
006 2 4 2 0 0.415167 0.013037 0 0.7478 0 0 -0.332633 0.013037 0.3097572 0.3328884
006 2 4 2 0 0.415036 0.013188 0 0.7478 0 0 -0.332764 0.013188 0.3139877 0.3330252
006 2 4 2 0 0.414903 0.013337 0 0.7478 0 0 -0.332897 0.013337 0.3182259 0.333164
006 2 4 2 0 0.414769 0.013486 0 0.7478 0 0 -0.333031 0.013486 0.3222885 0.3333039
006 2 4 2 0 0.414634 0.013633 0 0.7478 0 0 -0.333166 0.013633 0.3267574 0.3334448
006 2 4 2 0 0.414497 0.013778 0 0.7478 0 0 -0.333303 0.013778 0.3309097 0.3335876
006 2 4 2 0 0.414358 0.013923 0 0.7478 0 0 -0.333442 0.013923 0.3353558 0.3337325
006 2 4 2 0 0.414218 0.014066 0 0.7478 0 0 -0.333582 0.014066 0.3396244 0.3338784
006 2 4 2 0 0.414077 0.014207 0 0.7478 0 0 -0.333723 0.014207 0.3440094 0.3340253
006 2 4 2 0 0.413934 0.014347 0 0.7478 0 0 -0.333866 0.014347 0.3481369 0.3341741
006 2 4 2 0 0.41379 0.014486 0 0.7478 0 0 -0.33401 0.014486 0.3522625 0.3343239
006 2 4 2 0 0.413644 0.014623 0 0.7478 0 0 -0.334156 0.014623 0.3566628 0.3344758
006 2 4 2 0 0.413498 0.014759 0 0.7478 0 0 -0.334302 0.014759 0.3609428 0.3346276
006 2 4 2 0 0.413349 0.014893 0 0.7478 0 0 -0.334451 0.014893 0.3651505 0.3347824
006 2 4 2 0 0.4132 0.015026 0 0.7478 0 0 -0.3346 0.015026 0.369297 0.3349372
006 2 4 2 0 0.413049 0.015157 0 0.7478 0 0 -0.334751 0.015157 0.3746662 0.3350939
006 2 4 2 0 0.412897 0.015287 0 0.7478 0 0 -0.334903 0.015287 0.3790112 0.3352517
006 2 4 2 0 0.412743 0.015415 0 0.7478 0 0 -0.335057 0.015415 0.3830395 0.3354114
006 2 4 2 0 0.412588 0.015541 0 0.7478 0 0 -0.335212 0.015541 0.3871403 0.3355721
006 2 4 2 0 0.412432 0.015667 0 0.7478 0 0 -0.335368 0.015667 0.3913593 0.3357337
006 2 4 2 0 0.412275 0.01579 0 0.7478 0 0 -0.335525 0.01579 0.3956947 0.3358963
006 2 4 2 0 0.412116 0.015912 0 0.7478 0 0 -0.335684 0.015912 0.3999443 0.3360609
006 2 4 2 0 0.411957 0.016032 0 0.7478 0 0 -0.335843 0.016032 0.4041443 0.3362254
006 2 4 2 0 0.411796 0.016151 0 0.7478 0 0 -0.336004 0.016151 0.4083881 0.3363919
006 2 4 2 0 0.411634 0.016268 0 0.7478 0 0 -0.336166 0.016268 0.412529 0.3365594
006 2 4 2 0 0.41147 0.016384 0 0.7478 0 0 -0.33633 0.016384 0.4168606 0.3367288
006 2 4 2 0 0.411306 0.016498 0 0.7478 0 0 -0.336494 0.016498 0.4210777 0.3368982
006 2 4 2 0 0.41114 0.01661 0 0.7478 0 0 -0.33666 0.01661 0.4253597 0.3370695
006 2 4 2 0 0.410974 0.016721 0 0.7478 0 0 -0.336826 0.016721 0.4295101 0.3372408
006 2 4 2 0 0.410806 0.016829 0 0.7478 0 0 -0.336994 0.016829 0.433672 0.3374139
006 2 4 2 0 0.410637 0.016937 0 0.7478 0 0 -0.337163 0.016937 0.4380207 0.3375881
006 2 4 2 0 0.410467 0.017042 0 0.7478 0 0 -0.337333 0.017042 0.4423428 0.3377632
006 2 4 2 0 0.410296 0.017146 0 0.7478 0 0 -0.337504 0.017146 0.4465828 0.3379392
006 2 4 2 0 0.410124 0.017248 0 0.7478 0 0 -0.337676 0.017248 0.4506397 0.3381162
006 2 4 2 0 0.409951 0.017348 0 0.7478 0 0 -0.337849 0.017348 0.4548874 0.3382941
006 2 4 2 0 0.409777 0.017447 0 0.7478 0 0 -0.338023 0.017447 0.4594002 0.3384729
006 2 4 2 0 0.409602 0.017544 0 0.7478 0 0 -0.338198 0.017544 0.4693069 0.3386527
006 2 4 2 0 0.409427 0.017639 0 0.7478 0 0 -0.338373 0.017639 0.4737854 0.3388324
006 2 4 2 0 0.40925 0.017733 0 0.7478 0 0 -0.33855 0.017733 0.4784222 0.3390141
006 2 4 2 0 0.409072 0.017824 0 0.7478 0 0 -0.338728 0.017824 0.4827785 0.3391966
006 2 4 2 0 0.408893 0.017914 0 0.7478 0 0 -0.338907 0.017914 0.4869595 0.3393801
006 2 4 2 0 0.408714 0.018002 0 0.7478 0 0 -0.339086 0.018002 0.4912758 0.3395635
006 2 4 2 0 0.408533 0.018088 0 0.7478 0 0 -0.339267 0.018088 0.4955883 0.3397488
006 2 4 2 0 0.408352 0.018173 0 0.7478 0 0 -0.339448 0.018173 0.4997845 0.3399341
006 2 4 2 0 0.40817 0.018255 0 0.7478 0 0 -0.33963 0.018255 0.5039101 0.3401202
006 2 4 2 0 0.407987 0.018336 0 0.7478 0 0 -0.339813 0.018336 0.508152 0.3403073
006 2 4 2 0 0.407803 0.018415 0 0.7478 0 0 -0.339997 0.018415 0.5123158 0.3404953
006 2 4 2 0 0.407618 0.018492 0 0.7478 0 0 -0.340182 0.018492 0.5165977 0.3406842
006 2 4 2 0 0.407433 0.018567 0 0.7478 0 0 -0.340367 0.018567 0.5207157 0.340873
006 2 4 2 0 0.407247 0.018641 0 0.7478 0 0 -0.340553 0.018641 0.5251751 0.3410628
006 2 4 2 0 0.40706 0.018712 0 0.7478 0 0 -0.34074 0.018712 0.5293808 0.3412534
006 2 4 2 0 0.406873 0.018782 0 0.7478 0 0 -0.340927 0.018782 0.5336342 0.341444
006 2 4 2 0 0.406685 0.01885 0 0.7478 0 0 -0.341115 0.01885 0.5378933 0.3416354
006 2 4 2 0 0.406496 0.018916 0 0.7478 0 0 -0.341304 0.018916 0.542141 0.3418278
006 2 4 2 0 0.406306 0.01898 0 0.7478 0 0 -0.341494 0.01898 0.5464439 0.342021
006 2 4 2 0 0.406116 0.019042 0 0.7478 0 0 -0.341684 0.019042 0.5505047 0.3422142
006 2 4 2 0 0.405926 0.019102 0 0.7478 0 0 -0.341874 0.019102 0.5547981 0.3424072
006 2 4 2 0 0.405734 0.01916 0 0.7478 0 0 -0.342066 0.01916 0.5592155 0.3426022
006 2 4 2 0 0.405542 0.019217 0 0.7478 0 0 -0.342258 0.019217 0.5636082 0.342797
006 2 4 2 0 0.40535 0.019271 0 0.7478 0 0 -0.34245 0.019271 0.5677242 0.3429918
006 2 4 2 0 0.405157 0.019324 0 0.7478 0 0 -0.342643 0.019324 0.5718555 0.3431875
006 2 4 2 0 0.404964 0.019374 0 0.7478 0 0 -0.342836 0.019374 0.5763397 0.343383
006 2 4 2 0 0.40477 0.019423 0 0.7478 0 0 -0.34303 0.019423 0.5804806 0.3435794
006 2 4 2 0 0.404575 0.01947 0 0.7478 0 0 -0.343225 0.01947 0.5846882 0.3437768
006 2 4 2 0 0.40438 0.019514 0 0.7478 0 0 -0.34342 0.019514 0.5888863 0.343974
006 2 4 2 0 0.404185 0.019557 0 0.7478 0 0 -0.343615 0.019557 0.5934467 0.3441711
006 2 4 2 0 0.403989 0.019598 0 0.7478 0 0 -0.343811 0.019598 0.5977325 0.3443691
006 2 4 2 0 0.403793 0.019637 0 0.7478 0 0 -0.344007 0.019637 0.6019363 0.344567
006 2 4 2 0 0.403596 0.019674 0 0.7478 0 0 -0.344204 0.019674 0.6061859 0.3447658
006 2 4 2 0 0.403399 0.019709 0 0.7478 0 0 -0.344401 0.019709 0.6104641 0.3449644
006 2 4 2 0 0.403202 0.019742 0 0.7478 0 0 -0.344598 0.019742 0.6146908 0.345163
006 2 4 2 0 0.403005 0.019773 0 0.7478 0 0 -0.344795 0.019773 0.6189651 0.3453615
006 2 4 2 0 0.402807 0.019802 0 0.7478 0 0 -0.344993 0.019802 0.6232376 0.3455608
006 2 4 2 0 0.402608 0.019829 0 0.7478 0 0 -0.345192 0.019829 0.627552 0.345761
006 2 4 2 0 0.40241 0.019854 0 0.7478 0 0 -0.34539 0.019854 0.6316643 0.3459602
006 2 4 2 0 0.402211 0.019877 0 0.7478 0 0 -0.345589 0.019877 0.635952 0.3461601
006 2 4 2 0 0.402013 0.019898 0 0.7478 0 0 -0.345787 0.019898 0.6402969 0.346359
006 2 4 2 0 0.401813 0.019918 0 0.7478 0 0 -0.345987 0.019918 0.6444817 0.3465599
006 2 4 2 0 0.401614 0.019935 0 0.7478 0 0 -0.346186 0.019935 0.6486092 0.3467595
006 2 4 2 0 0.401415 0.01995 0 0.7478 0 0 -0.346385 0.01995 0.6528244 0.346959
006 2 4 2 0 0.401215 0.019963 0 0.7478 0 0 -0.346585 0.019963 0.6573124 0.3471594
006 2 4 2 0 0.401015 0.019974 0 0.7478 0 0 -0.346785 0.019974 0.6615143 0.3473597
006 2 4 2 0 0.400816 0.019983 0 0.7478 0 0 -0.346984 0.019983 0.6657181 0.3475589
006 2 4 2 0 0.400616 0.019991 0 0.7478 0 0 -0.347184 0.019991 0.6699047 0.347759
006 2 4 2 0 0.400416 0.019996 0 0.7478 0 0 -0.347384 0.019996 0.6744442 0.347959
006 2 4 2 0 0.400216 0.019999 0 0.7478 0 0 -0.347584 0.019999 0.6786118 0.3481588
006 2 4 2 0 0.400016 0.02 0 0.7478 0 0 -0.347784 0.02 0.6826878 0.3483586
006 2 4 2 0 0.399816 0.019999 0 0.7478 0 0 -0.347984 0.019999 0.6868057 0.3485582
006 2 4 2 0 0.399616 0.019996 0 0.7478 0 0 -0.348184 0.019996 0.6910934 0.3487577
006 2 4 2 0 0.399416 0.019991 0 0.7478 0 0 -0.348384 0.019991 0.6953602 0.3489571
006 2 4 2 0 0.399216 0.019985 0 0.7478 0 0 -0.348584 0.019985 0.6994743 0.3491564
006 2 4 2 0 0.399016 0.019976 0 0.7478 0 0 -0.348784 0.019976 0.7036057 0.3493556
006 2 4 2 0 0.398817 0.019965 0 0.7478 0 0 -0.348983 0.019965 0.7080345 0.3495536
006 2 4 2 0 0.398617 0.019952 0 0.7478 0 0 -0.349183 0.019952 0.712326 0.3497525
006 2 4 2 0 0.398418 0.019937 0 0.7478 0 0 -0.349382 0.019937 0.716671 0.3499503
006 2 4 2 0 0.398218 0.01992 0 0.7478 0 0 -0.349582 0.01992 0.7208176 0.3501491
006 2 4 2 0 0.398019 0.019902 0 0.7478 0 0 -0.349781 0.019902 0.7251148 0.3503467
006 2 4 2 0 0.39782 0.019881 0 0.7478 0 0 -0.34998 0.019881 0.729248 0.3505442
006 2 4 2 0 0.397622 0.019858 0 0.7478 0 0 -0.350178 0.019858 0.7334404 0.3507406
006 2 4 2 0 0.397423 0.019833 0 0.7478 0 0 -0.350377 0.019833 0.7377453 0.3509379
006 2 4 2 0 0.397225 0.019807 0 0.7478 0 0 -0.350575 0.019807 0.7423553 0.3511341
006 2 4 2 0 0.397027 0.019778 0 0.7478 0 0 -0.350773 0.019778 0.7465115 0.3513301
006 2 4 2 0 0.396829 0.019747 0 0.7478 0 0 -0.350971 0.019747 0.7506676 0.3515261
006 2 4 2 0 0.396632 0.019714 0 0.7478 0 0 -0.351168 0.019714 0.7549839 0.3517209
006 2 4 2 0 0.396435 0.01968 0 0.7478 0 0 -0.351365 0.01968 0.7594013 0.3519157
006 2 4 2 0 0.396238 0.019643 0 0.7478 0 0 -0.351562 0.019643 0.7636375 0.3521103
006 2 4 2 0 0.396042 0.019604 0 0.7478 0 0 -0.351758 0.019604 0.7677994 0.3523038
006 2 4 2 0 0.395846 0.019564 0 0.7478 0 0 -0.351954 0.019564 0.7726822 0.3524973
006 2 4 2 0 0.395651 0.019521 0 0.7478 0 0 -0.352149 0.019521 0.7784672 0.3526896
006 2 4 2 0 0.395456 0.019477 0 0.7478 0 0 -0.352344 0.019477 0.7826843 0.3528819
006 2 4 2 0 0.395261 0.019431 0 0.7478 0 0 -0.352539 0.019431 0.7869549 0.353074
006 2 4 2 0 0.395067 0.019382 0 0.7478 0 0 -0.352733 0.019382 0.791296 0.3532651
006 2 4 2 0 0.394874 0.019332 0 0.7478 0 0 -0.352926 0.019332 0.7957954 0.3534551
006 2 4 2 0 0.394681 0.01928 0 0.7478 0 0 -0.353119 0.01928 0.8000069 0.3536449
006 2 4 2 0 0.394488 0.019226 0 0.7478 0 0 -0.353312 0.019226 0.8041134 0.3538347
006 2 4 2 0 0.394296 0.019169 0 0.7478 0 0 -0.353504 0.019169 0.8084755 0.3540233
006 2 4 2 0 0.394105 0.019111 0 0.7478 0 0 -0.353695 0.019111 0.8127174 0.3542109
006 2 4 2 0 0.393914 0.019052 0 0.7478 0 0 -0.353886 0.019052 0.8169613 0.3543985
006 2 4 2 0 0.393724 0.01899 0 0.7478 0 0 -0.354076 0.01899 0.8212833 0.3545849
006 2 4 2 0 0.393534 0.018926 0 0.7478 0 0 -0.354266 0.018926 0.8255692 0.3547712
006 2 4 2 0 0.393345 0.01886 0 0.7478 0 0 -0.354455 0.01886 0.8297806 0.3549564
006 2 4 2 0 0.393157 0.018793 0 0.7478 0 0 -0.354643 0.018793 0.8338909 0.3551406
006 2 4 2 0 0.392969 0.018724 0 0.7478 0 0 -0.354831 0.018724 0.8383102 0.3553247
006 2 4 2 0 0.392783 0.018652 0 0.7478 0 0 -0.355017 0.018652 0.8427563 0.3555066
006 2 4 2 0 0.392596 0.018579 0 0.7478 0 0 -0.355204 0.018579 0.8471603 0.3556895
006 2 4 2 0 0.392411 0.018504 0 0.7478 0 0 -0.355389 0.018504 0.8520164 0.3558704
006 2 4 2 0 0.392226 0.018427 0 0.7478 0 0 -0.355574 0.018427 0.8563919 0.3560511
006 2 4 2 0 0.392042 0.018349 0 0.7478 0 0 -0.355758 0.018349 0.8607006 0.3562309
006 2 4 2 0 0.391859 0.018268 0 0.7478 0 0 -0.355941 0.018268 0.8650799 0.3564095
006 2 4 2 0 0.391677 0.018186 0 0.7478 0 0 -0.356123 0.018186 0.8693981 0.3565871
006 2 4 2 0 0.391496 0.018102 0 0.7478 0 0 -0.356304 0.018102 0.8738556 0.3567635
006 2 4 2 0 0.391315 0.018016 0 0.7478 0 0 -0.356485 0.018016 0.8782368 0.3569399
006 2 4 2 0 0.391135 0.017928 0 0.7478 0 0 -0.356665 0.017928 0.8825264 0.3571153
006 2 4 2 0 0.390956 0.017839 0 0.7478 0 0 -0.356844 0.017839 0.8866768 0.3572896
006 2 4 2 0 0.390779 0.017747 0 0.7478 0 0 -0.357021 0.017747 0.891016 0.3574618
006 2 4 2 0 0.390602 0.017654 0 0.7478 0 0 -0.357198 0.017654 0.895546 0.357634
006 2 4 2 0 0.390425 0.017559 0 0.7478 0 0 -0.357375 0.017559 0.8997154 0.3578061
006 2 4 2 0 0.39025 0.017463 0 0.7478 0 0 -0.35755 0.017463 0.9038868 0.3579762
006 2 4 2 0 0.390076 0.017364 0 0.7478 0 0 -0.357724 0.017364 0.9081745 0.3581452
006 2 4 2 0 0.389903 0.017264 0 0.7478 0 0 -0.357897 0.017264 0.9125843 0.3583131
006 2 4 2 0 0.389731 0.017162 0 0.7478 0 0 -0.358069 0.017162 0.9174576 0.35848
006 2 4 2 0 0.38956 0.017059 0 0.7478 0 0 -0.35824 0.017059 0.9216995 0.3586459
006 2 4 2 0 0.38939 0.016954 0 0.7478 0 0 -0.35841 0.016954 0.9265842 0.3588108
006 2 4 2 0 0.389221 0.016847 0 0.7478 0 0 -0.358579 0.016847 0.9307384 0.3589745
006 2 4 2 0 0.389053 0.016738 0 0.7478 0 0 -0.358747 0.016738 0.9354439 0.3591372
006 2 4 2 0 0.388886 0.016628 0 0.7478 0 0 -0.358914 0.016628 0.9395523 0.359299
006 2 4 2 0 0.38872 0.016516 0 0.7478 0 0 -0.35908 0.016516 0.9438438 0.3594596
006 2 4 2 0 0.388556 0.016402 0 0.7478 0 0 -0.359244 0.016402 0.9479141 0.3596182
006 2 4 2 0 0.388392 0.016287 0 0.7478 0 0 -0.359408 0.016287 0.9520359 0.3597768
006 2 4 2 0 0.38823 0.01617 0 0.7478 0 0 -0.35957 0.01617 0.9564171 0.3599334
006 2 4 2 0 0.388069 0.016051 0 0.7478 0 0 -0.359731 0.016051 0.9607277 0.3600889
006 2 4 2 0 0.387909 0.015931 0 0.7478 0 0 -0.359891 0.015931 0.9648476 0.3602434
006 2 4 2 0 0.38775 0.01581 0 0.7478 0 0 -0.36005 0.01581 0.9690132 0.360397
006 2 4 2 0 0.387593 0.015686 0 0.7478 0 0 -0.360207 0.015686 0.9732933 0.3605484
006 2 4 2 0 0.387437 0.015561 0 0.7478 0 0 -0.360363 0.015561 0.9777355 0.3606988
006 2 4 2 0 0.387282 0.015435 0 0.7478 0 0 -0.360518 0.015435 0.9818554 0.3608482
006 2 4 2 0 0.387128 0.015307 0 0.7478 0 0 -0.360672 0.015307 0.9859848 0.3609967
006 2 4 2 0 0.386975 0.015178 0 0.7478 0 0 -0.360825 0.015178 0.9901772 0.3611441
006 2 4 2 0 0.386824 0.015047 0 0.7478 0 0 -0.360976 0.015047 0.9950047 0.3612895
006 2 4 2 0 0.386674 0.014914 0 0.7478 0 0 -0.361126 0.014914 0.9992218 0.3614338
006 2 4 2 0 0.386526 0.01478 0 0.7478 0 0 -0.361274 0.01478 1.003378 0.3615762
006 2 4 2 0 0.386379 0.014645 0 0.7478 0 0 -0.361421 0.014645 1.007713 0.3617176
006 2 4 2 0 0.386233 0.014508 0 0.7478 0 0 -0.361567 0.014508 1.011892 0.361858
006 2 4 2 0 0.386089 0.014369 0 0.7478 0 0 -0.361711 0.014369 1.016174 0.3619963
006 2 4 2 0 0.385946 0.014229 0 0.7478 0 0 -0.361854 0.014229 1.020285 0.3621336
006 2 4 2 0 0.385804 0.014088 0 0.7478 0 0 -0.361996 0.014088 1.024559 0.36227
006 2 4 2 0 0.385664 0.013946 0 0.7478 0 0 -0.362136 0.013946 1.028791 0.3624044
006 2 4 2 0 0.385525 0.013801 0 0.7478 0 0 -0.362275 0.013801 1.032904 0.3625377
006 2 4 2 0 0.385388 0.013656 0 0.7478 0 0 -0.362412 0.013656 1.037193 0.3626692
006 2 4 2 0 0.385252 0.013509 0 0.7478 0 0 -0.362548 0.013509 1.041456 0.3627996
006 2 4 2 0 0.385118 0.013361 0 0.7478 0 0 -0.362682 0.013361 1.045673 0.362928
006 2 4 2 0 0.384985 0.013212 0 0.7478 0 0 -0.362815 0.013212 1.049768 0.3630555
006 2 4 2 0 0.384854 0.013061 0 0.7478 0 0 -0.362946 0.013061 1.053946 0.3631809
006 2 4 2 0 0.384724 0.012909 0 0.7478 0 0 -0.363076 0.012909 1.058298 0.3633054
006 2 4 2 0 0.384595 0.012755 0 0.7478 0 0 -0.363205 0.012755 1.062544 0.3634289
006 2 4 2 0 0.384469 0.012601 0 0.7478 0 0 -0.363331 0.012601 1.066729 0.3635494
006 2 4 2 0 0.384343 0.012445 0 0.7478 0 0 -0.363457 0.012445 1.070843 0.36367
006 2 4 2 0 0.38422 0.012287 0 0.7478 0 0 -0.36358 0.012287 1.075657 0.3637876
006 2 4 2 0 0.384098 0.012129 0 0.7478 0 0 -0.363702 0.012129 1.079929 0.3639042
006 2 4 2 0 0.383977 0.011969 0 0.7478 0 0 -0.363823 0.011969 1.084068 0.3640198
006 2 4 2 0 0.383858 0.011809 0 0.7478 0 0 -0.363942 0.011809 1.088305 0.3641335
006 2 4 2 0 0.383741 0.011647 0 0.7478 0 0 -0.364059 0.011647 1.092611 0.3642452
006 2 4 2 0 0.383625 0.011483 0 0.7478 0 0 -0.364175 0.011483 1.096863 0.364356
006 2 4 2 0 0.383511 0.011319 0 0.7478 0 0 -0.364289 0.011319 1.100933 0.3644648
006 2 4 2 0 0.383399 0.011154 0 0.7478 0 0 -0.364401 0.011154 1.105112 0.3645717
006 2 4 2 0 0.383288 0.010987 0 0.7478 0 0 -0.364512 0.010987 1.110037 0.3646775
006 2 4 2 0 0.383179 0.010819 0 0.7478 0 0 -0.364621 0.010819 1.114342 0.3647814
006 2 4 2 0 0.383072 0.010651 0 0.7478 0 0 -0.364728 0.010651 1.118452 0.3648835
006 2 4 2 0 0.382966 0.010481 0 0.7478 0 0 -0.364834 0.010481 1.12258 0.3649845
006 2 4 2 0 0.382862 0.01031 0 0.7478 0 0 -0.364938 0.01031 1.127222 0.3650836
006 2 4 2 0 0.38276 0.010138 0 0.7478 0 0 -0.36504 0.010138 1.131372 0.3651807
006 2 4 2 0 0.382659 0.009965 0 0.7478 0 0 -0.365141 0.009965 1.135735 0.3652769
006 2 4 2 0 0.382561 0.009791 0 0.7478 0 0 -0.365239 0.009791 1.140081 0.3653702
006 2 4 2 0 0.382464 0.009616 0 0.7478 0 0 -0.365336 0.009616 1.144501 0.3654625
006 2 4 2 0 0.382368 0.009441 0 0.7478 0 0 -0.365432 0.009441 1.148739 0.3655539
006 2 4 2 0 0.382275 0.009264 0 0.7478 0 0 -0.365525 0.009264 1.152927 0.3656424
006 2 4 2 0 0.382183 0.009086 0 0.7478 0 0 -0.365617 0.009086 1.157261 0.3657299
006 2 4 2 0 0.382093 0.008907 0 0.7478 0 0 -0.365707 0.008907 1.161436 0.3658154
006 2 4 2 0 0.382005 0.008728 0 0.7478 0 0 -0.365795 0.008728 1.165621 0.3658991
006 2 4 2 0 0.381919 0.008548 0 0.7478 0 0 -0.365881 0.008548 1.169722 0.3659808
006 2 4 2 0 0.381834 0.008366 0 0.7478 0 0 -0.365966 0.008366 1.173985 0.3660616
006 2 4 2 0 0.381751 0.008184 0 0.7478 0 0 -0.366049 0.008184 1.178457 0.3661405
006 2 4 2 0 0.38167 0.008001 0 0.7478 0 0 -0.36613 0.008001 1.182795 0.3662174
006 2 4 2 0 0.381591 0.007818 0 0.7478 0 0 -0.366209 0.007818 1.186916 0.3662924
006 2 4 2 0 0.381514 0.007633 0 0.7478 0 0 -0.366286 0.007633 1.191219 0.3663655
006 2 4 2 0 0.381439 0.007448 0 0.7478 0 0 -0.366361 0.007448 1.195839 0.3664367
006 2 4 2 0 0.381365 0.007262 0 0.7478 0 0 -0.366435 0.007262 1.199924 0.3665069
006 2 4 2 0 0.381293 0.007075 0 0.7478 0 0 -0.366507 0.007075 1.204224 0.3665753
006 2 4 2 0 0.381223 0.006888 0 0.7478 0 0 -0.366577 0.006888 1.208607 0.3666417
006 2 4 2 0 0.381156 0.0067 0 0.7478 0 0 -0.366644 0.0067 1.212828 0.3667052
006 2 4 2 0 0.381089 0.006511 0 0.7478 0 0 -0.366711 0.006511 1.217176 0.3667688
006 2 4 2 0 0.381025 0.006322 0 0.7478 0 0 -0.366775 0.006322 1.221323 0.3668295
006 2 4 2 0 0.380963 0.006131 0 0.7478 0 0 -0.366837 0.006131 1.225641 0.3668882
006 2 4 2 0 0.380903 0.005941 0 0.7478 0 0 -0.366897 0.005941 1.229738 0.3669451
006 2 4 2 0 0.380844 0.00575 0 0.7478 0 0 -0.366956 0.00575 1.233891 0.367001
006 2 4 2 0 0.380788 0.005558 0 0.7478 0 0 -0.367012 0.005558 1.238594 0.3670541
006 2 4 2 0 0.380733 0.005365 0 0.7478 0 0 -0.367067 0.005365 1.243046 0.3671062
006 2 4 2 0 0.38068 0.005172 0 0.7478 0 0 -0.36712 0.005172 1.24724 0.3671564
006 2 4 2 0 0.38063 0.004979 0 0.7478 0 0 -0.36717 0.004979 1.251417 0.3672037
006 2 4 2 0 0.380581 0.004785 0 0.7478 0 0 -0.367219 0.004785 1.255777 0.3672501
006 2 4 2 0 0.380534 0.004591 0 0.7478 0 0 -0.367266 0.004591 1.260014 0.3672947
006 2 4 2 0 0.380489 0.004396 0 0.7478 0 0 -0.367311 0.004396 1.264177 0.3673373
006 2 4 2 0 0.380446 0.0042 0 0.7478 0 0 -0.367354 0.0042 1.268377 0.367378
006 2 4 2 0 0.380405 0.004005 0 0.7478 0 0 -0.367395 0.004005 1.273142 0.3674168
006 2 4 2 0 0.380366 0.003808 0 0.7478 0 0 -0.367434 0.003808 1.278021 0.3674537
006 2 4 2 0 0.380329 0.003612 0 0.7478 0 0 -0.367471 0.003612 1.282259 0.3674887
006 2 4 2 0 0.380294 0.003415 0 0.7478 0 0 -0.367506 0.003415 1.286354 0.3675219
006 2 4 2 0 0.380261 0.003218 0 0.7478 0 0 -0.367539 0.003218 1.2906 0.3675531
006 2 4 2 0 0.380229 0.00302 0 0.7478 0 0 -0.367571 0.00302 1.2952 0.3675834
006 2 4 2 0 0.3802 0.002822 0 0.7478 0 0 -0.3676 0.002822 1.299355 0.3676108
006 2 4 2 0 0.380173 0.002624 0 0.7478 0 0 -0.367627 0.002624 1.303602 0.3676364
006 2 4 2 0 0.380148 0.002426 0 0.7478 0 0 -0.367652 0.002426 1.307964 0.36766
006 2 4 2 0 0.380124 0.002227 0 0.7478 0 0 -0.367676 0.002227 1.312149 0.3676827
006 2 4 2 0 0.380103 0.002028 0 0.7478 0 0 -0.367697 0.002028 1.316551 0.3677026
006 2 4 2 0 0.380084 0.001829 0 0.7478 0 0 -0.367716 0.001829 1.320751 0.3677205
006 2 4 2 0 0.380067 0.00163 0 0.7478 0 0 -0.367733 0.00163 1.325081 0.3677366
006 2 4 2 0 0.380051 0.001431 0 0.7478 0 0 -0.367749 0.001431 1.329556 0.3677518
006 2 4 2 0 0.380038 0.001231 0 0.7478 0 0 -0.367762 0.001231 1.333773 0.3677641
006 2 4 2 0 0.380027 0.001031 0 0.7478 0 0 -0.367773 0.001031 1.338005 0.3677744
006 2 4 2 0 0.380017 0.000832 0 0.7478 0 0 -0.367783 0.000832 1.342369 0.3677839
006 2 4 2 0 0.38001 0.000632 0 0.7478 0 0 -0.36779 0.000632 1.346676 0.3677905
006 2 4 2 0 0.380005 0.000432 0 0.7478 0 0 -0.367795 0.000432 1.350725 0.3677952
006 2 4 2 0 0.380001 0.000232 0 0.7478 0 0 -0.367799 0.000232 1.355 0.3677991
006 2 4 2 0 0.38 3.2E-05 0 0.7478 0 0 -0.3678 3.2E-05 1.359293 0.3678
006 2 4 2 0 0.380001 -0.000168 0 0.7478 0 0 -0.367799 -0.000168 1.363499 0.367799
006 2 4 2 0 0.380003 -0.000368 0 0.7478 0 0 -0.367797 -0.000368 1.367661 0.3677972
006 2 4 2 0 0.380008 -0.000568 0 0.7478 0 0 -0.367792 -0.000568 1.371773 0.3677924
006 2 4 2 0 0.380015 -0.000768 0 0.7478 0 0 -0.367785 -0.000768 1.376406 0.3677858
006 2 4 2 0 0.380023 -0.000968 0 0.7478 0 0 -0.367777 -0.000968 1.38063 0.3677783
006 2 4 2 0 0.380034 -0.001167 0 0.7478 0 0 -0.367766 -0.001167 1.384897 0.3677678
006 2 4 2 0 0.380047 -0.001367 0 0.7478 0 0 -0.367753 -0.001367 1.389051 0.3677555
006 2 4 2 0 0.380061 -0.001567 0 0.7478 0 0 -0.367739 -0.001567 1.393875 0.3677423
006 2 4 2 0 0.380078 -0.001766 0 0.7478 0 0 -0.367722 -0.001766 1.398239 0.3677262
006 2 4 2 0 0.380097 -0.001965 0 0.7478 0 0 -0.367703 -0.001965 1.402433 0.3677082
006 2 4 2 0 0.380117 -0.002164 0 0.7478 0 0 -0.367683 -0.002164 1.406616 0.3676894
006 2 4 2 0 0.38014 -0.002363 0 0.7478 0 0 -0.36766 -0.002363 1.410854 0.3676676
006 2 4 2 0 0.380165 -0.002561 0 0.7478 0 0 -0.367635 -0.002561 1.41519 0.3676439
006 2 4 2 0 0.380191 -0.002759 0 0.7478 0 0 -0.367609 -0.002759 1.419273 0.3676193
006 2 4 2 0 0.38022 -0.002957 0 0.7478 0 0 -0.36758 -0.002957 1.423483 0.3675919
006 2 4 2 0 0.38025 -0.003155 0 0.7478 0 0 -0.36755 -0.003155 1.427681 0.3675635
006 2 4 2 0 0.380283 -0.003352 0 0.7478 0 0 -0.367517 -0.003352 1.431772 0.3675323
006 2 4 2 0 0.380317 -0.003549 0 0.7478 0 0 -0.367483 -0.003549 1.436155 0.3675001
006 2 4 2 0 0.380354 -0.003746 0 0.7478 0 0 -0.367446 -0.003746 1.440386 0.3674651
006 2 4 2 0 0.380392 -0.003942 0 0.7478 0 0 -0.367408 -0.003942 1.444637 0.3674291
006 2 4 2 0 0.380433 -0.004138 0 0.7478 0 0 -0.367367 -0.004138 1.448868 0.3673903
006 2 4 2 0 0.380475 -0.004334 0 0.7478 0 0 -0.367325 -0.004334 1.453089 0.3673505
006 2 4 2 0 0.380519 -0.004529 0 0.7478 0 0 -0.367281 -0.004529 1.457458 0.3673089
006 2 4 2 0 0.380566 -0.004723 0 0.7478 0 0 -0.367234 -0.004723 1.462008 0.3672644
006 2 4 2 0 0.380614 -0.004917 0 0.7478 0 0 -0.367186 -0.004917 1.466234 0.3672189
006 2 4 2 0 0.380664 -0.005111 0 0.7478 0 0 -0.367136 -0.005111 1.470448 0.3671716
006 2 4 2 0 0.380716 -0.005304 0 0.7478 0 0 -0.367084 -0.005304 1.475163 0.3671223
006 2 4 2 0 0.38077 -0.005496 0 0.7478 0 0 -0.36703 -0.005496 1.479349 0.3670711
006 2 4 2 0 0.380826 -0.005689 0 0.7478 0 0 -0.366974 -0.005689 1.484436 0.3670181
006 2 4 2 0 0.380884 -0.00588 0 0.7478 0 0 -0.366916 -0.00588 1.489113 0.3669631
006 2 4 2 0 0.380944 -0.006071 0 0.7478 0 0 -0.366856 -0.006071 1.494173 0.3669062
006 2 4 2 0 0.381005 -0.006261 0 0.7478 0 0 -0.366795 -0.006261 1.498562 0.3668484
006 2 4 2 0 0.381069 -0.006451 0 0.7478 0 0 -0.366731 -0.006451 1.502739 0.3667877
006 2 4 2 0 0.381134 -0.00664 0 0.7478 0 0 -0.366666 -0.00664 1.507137 0.3667261
006 2 4 2 0 0.381202 -0.006828 0 0.7478 0 0 -0.366598 -0.006828 1.511372 0.3666616
006 2 4 2 0 0.381271 -0.007016 0 0.7478 0 0 -0.366529 -0.007016 1.515684 0.3665961
006 2 4 2 0 0.381342 -0.007203 0 0.7478 0 0 -0.366458 -0.007203 1.519907 0.3665288
006 2 4 2 0 0.381415 -0.007389 0 0.7478 0 0 -0.366385 -0.007389 1.524187 0.3664595
006 2 4 2 0 0.38149 -0.007574 0 0.7478 0 0 -0.36631 -0.007574 1.528418 0.3663883
006 2 4 2 0 0.381566 -0.007759 0 0.7478 0 0 -0.366234 -0.007759 1.532578 0.3663161
006 2 4 2 0 0.381645 -0.007943 0 0.7478 0 0 -0.366155 -0.007943 1.536961 0.3662412
006 2 4 2 0 0.381725 -0.008126 0 0.7478 0 0 -0.366075 -0.008126 1.541258 0.3661652
006 2 4 2 0 0.381807 -0.008308 0 0.7478 0 0 -0.365993 -0.008308 1.545412 0.3660873
006 2 4 2 0 0.381891 -0.00849 0 0.7478 0 0 -0.365909 -0.00849 1.549555 0.3660075
006 2 4 2 0 0.381977 -0.008671 0 0.7478 0 0 -0.365823 -0.008671 1.553682 0.3659257
006 2 4 2 0 0.382065 -0.00885 0 0.7478 0 0 -0.365735 -0.00885 1.558067 0.365842
006 2 4 2 0 0.382154 -0.009029 0 0.7478 0 0 -0.365646 -0.009029 1.562252 0.3657574
006 2 4 2 0 0.382245 -0.009207 0 0.7478 0 0 -0.365555 -0.009207 1.566427 0.3656709
006 2 4 2 0 0.382338 -0.009384 0 0.7478 0 0 -0.365462 -0.009384 1.570585 0.3655824
006 2 4 2 0 0.382433 -0.009561 0 0.7478 0 0 -0.365367 -0.009561 1.574999 0.3654921
006 2 4 2 0 0.38253 -0.009736 0 0.7478 0 0 -0.36527 -0.009736 1.579342 0.3653997
006 2 4 2 0 0.382628 -0.00991 0 0.7478 0 0 -0.365172 -0.00991 1.584303 0.3653064
006 2 4 2 0 0.382728 -0.010083 0 0.7478 0 0 -0.365072 -0.010083 1.588839 0.3652112
006 2 4 2 0 0.382829 -0.010255 0 0.7478 0 0 -0.364971 -0.010255 1.593712 0.365115
006 2 4 2 0 0.382933 -0.010427 0 0.7478 0 0 -0.364867 -0.010427 1.598429 0.3650159
006 2 4 2 0 0.383038 -0.010597 0 0.7478 0 0 -0.364762 -0.010597 1.602592 0.3649159
006 2 4 2 0 0.383145 -0.010766 0 0.7478 0 0 -0.364655 -0.010766 1.606918 0.3648139
006 2 4 2 0 0.383253 -0.010934 0 0.7478 0 0 -0.364547 -0.010934 1.611286 0.3647109
006 2 4 2 0 0.383363 -0.011101 0 0.7478 0 0 -0.364437 -0.011101 1.615614 0.364606
006 2 4 2 0 0.383475 -0.011267 0 0.7478 0 0 -0.364325 -0.011267 1.620012 0.3644992
006 2 4 2 0 0.383589 -0.011431 0 0.7478 0 0 -0.364211 -0.011431 1.624352 0.3643903
006 2 4 2 0 0.383704 -0.011595 0 0.7478 0 0 -0.364096 -0.011595 1.628635 0.3642806
006 2 4 2 0 0.383821 -0.011757 0 0.7478 0 0 -0.363979 -0.011757 1.632784 0.3641688
006 2 4 2 0 0.383939 -0.011918 0 0.7478 0 0 -0.363861 -0.011918 1.637312 0.3640561
006 2 4 2 0 0.384059 -0.012078 0 0.7478 0 0 -0.363741 -0.012078 1.641621 0.3639415
006 2 4 2 0 0.384181 -0.012237 0 0.7478 0 0 -0.363619 -0.012237 1.645817 0.3638248
006 2 4 2 0 0.384304 -0.012395 0 0.7478 0 0 -0.363496 -0.012395 1.650244 0.3637072
006 2 4 2 0 0.384429 -0.012551 0 0.7478 0 0 -0.363371 -0.012551 1.65473 0.3635877
006 2 4 2 0 0.384555 -0.012706 0 0.7478 0 0 -0.363245 -0.012706 1.659176 0.3634671
006 2 4 2 0 0.384683 -0.01286 0 0.7478 0 0 -0.363117 -0.01286 1.663353 0.3633446
006 2 4 2 0 0.384812 -0.013013 0 0.7478 0 0 -0.362988 -0.013013 1.667503 0.3632212
006 2 4 2 0 0.384943 -0.013164 0 0.7478 0 0 -0.362857 -0.013164 1.671623 0.3630957
006 2 4 2 0 0.385075 -0.013314 0 0.7478 0 0 -0.362725 -0.013314 1.676088 0.3629692
006 2 4 2 0 0.385209 -0.013462 0 0.7478 0 0 -0.362591 -0.013462 1.680267 0.3628408
006 2 4 2 0 0.385345 -0.013609 0 0.7478 0 0 -0.362455 -0.013609 1.684395 0.3627104
006 2 4 2 0 0.385481 -0.013755 0 0.7478 0 0 -0.362319 -0.013755 1.688614 0.36258
006 2 4 2 0 0.38562 -0.0139 0 0.7478 0 0 -0.36218 -0.0139 1.693201 0.3624466
006 2 4 2 0 0.385759 -0.014043 0 0.7478 0 0 -0.362041 -0.014043 1.697592 0.3623132
006 2 4 2 0 0.3859 -0.014185 0 0.7478 0 0 -0.3619 -0.014185 1.701723 0.3621779
006 2 4 2 0 0.386043 -0.014325 0 0.7478 0 0 -0.361757 -0.014325 1.705816 0.3620405
006 2 4 2 0 0.386187 -0.014464 0 0.7478 0 0 -0.361613 -0.014464 1.710085 0.3619021
006 2 4 2 0 0.386332 -0.014601 0 0.7478 0 0 -0.361468 -0.014601 1.714462 0.3617628
006 2 4 2 0 0.386479 -0.014737 0 0.7478 0 0 -0.361321 -0.014737 1.718521 0.3616214
006 2 4 2 0 0.386627 -0.014872 0 0.7478 0 0 -0.361173 -0.014872 1.722593 0.361479
006 2 4 2 0 0.386776 -0.015005 0 0.7478 0 0 -0.361024 -0.015005 1.726992 0.3613357
006 2 4 2 0 0.386927 -0.015136 0 0.7478 0 0 -0.360873 -0.015136 1.731161 0.3611903
006 2 4 2 0 0.387079 -0.015266 0 0.7478 0 0 -0.360721 -0.015266 1.735447 0.3610439
006 2 4 2 0 0.387232 -0.015394 0 0.7478 0 0 -0.360568 -0.015394 1.739691 0.3608965
006 2 4 2 0 0.387387 -0.015521 0 0.7478 0 0 -0.360413 -0.015521 1.744123 0.360747
006 2 4 2 0 0.387543 -0.015647 0 0.7478 0 0 -0.360257 -0.015647 1.748283 0.3605966
006 2 4 2 0 0.3877 -0.015771 0 0.7478 0 0 -0.3601 -0.015771 1.752434 0.3604452
006 2 4 2 0 0.387858 -0.015893 0 0.7478 0 0 -0.359942 -0.015893 1.75683 0.3602927
006 2 4 2 0 0.388018 -0.016013 0 0.7478 0 0 -0.359782 -0.016013 1.761152 0.3601381
006 2 4 2 0 0.388179 -0.016132 0 0.7478 0 0 -0.359621 -0.016132 1.765484 0.3599826
006 2 4 2 0 0.38834 -0.01625 0 0.7478 0 0 -0.35946 -0.01625 1.769726 0.3598271
006 2 4 2 0 0.388504 -0.016366 0 0.7478 0 0 -0.359296 -0.016366 1.774845 0.3596685
006 2 4 2 0 0.388668 -0.01648 0 0.7478 0 0 -0.359132 -0.01648 1.779556 0.3595099
006 2 4 2 0 0.388833 -0.016592 0 0.7478 0 0 -0.358967 -0.016592 1.783882 0.3593502
006 2 4 2 0 0.389 -0.016703 0 0.7478 0 0 -0.3588 -0.016703 1.788183 0.3591886
006 2 4 2 0 0.389167 -0.016812 0 0.7478 0 0 -0.358633 -0.016812 1.792589 0.3590268
006 2 4 2 0 0.389336 -0.01692 0 0.7478 0 0 -0.358464 -0.01692 1.796928 0.3588631
006 2 4 2 0 0.389506 -0.017025 0 0.7478 0 0 -0.358294 -0.017025 1.801172 0.3586982
006 2 4 2 0 0.389676 -0.01713 0 0.7478 0 0 -0.358124 -0.01713 1.8053 0.3585334
006 2 4 2 0 0.389848 -0.017232 0 0.7478 0 0 -0.357952 -0.017232 1.809639 0.3583665
006 2 4 2 0 0.390021 -0.017333 0 0.7478 0 0 -0.357779 -0.017333 1.813828 0.3581986
006 2 4 2 0 0.390195 -0.017432 0 0.7478 0 0 -0.357605 -0.017432 1.818165 0.3580296
006 2 4 2 0 0.39037 -0.017529 0 0.7478 0 0 -0.35743 -0.017529 1.822334 0.3578596
006 2 4 2 0 0.390545 -0.017624 0 0.7478 0 0 -0.357255 -0.017624 1.826723 0.3576894
006 2 4 2 0 0.390722 -0.017718 0 0.7478 0 0 -0.357078 -0.017718 1.830923 0.3575173
006 2 4 2 0 0.3909 -0.01781 0 0.7478 0 0 -0.3569 -0.01781 1.835573 0.3573441
006 2 4 2 0 0.391078 -0.0179 0 0.7478 0 0 -0.356722 -0.0179 1.840357 0.3571708
006 2 4 2 0 0.391258 -0.017988 0 0.7478 0 0 -0.356542 -0.017988 1.844601 0.3569955
006 2 4 2 0 0.391438 -0.018075 0 0.7478 0 0 -0.356362 -0.018075 1.848814 0.3568201
006 2 4 2 0 0.391619 -0.018159 0 0.7478 0 0 -0.356181 -0.018159 1.85379 0.3566436
006 2 4 2 0 0.391801 -0.018242 0 0.7478 0 0 -0.355999 -0.018242 1.858231 0.3564661
006 2 4 2 0 0.391984 -0.018323 0 0.7478 0 0 -0.355816 -0.018323 1.862556 0.3562874
006 2 4 2 0 0.392168 -0.018403 0 0.7478 0 0 -0.355632 -0.018403 1.866686 0.3561078
006 2 4 2 0 0.392352 -0.01848 0 0.7478 0 0 -0.355448 -0.01848 1.870872 0.355928
006 2 4 2 0 0.392537 -0.018556 0 0.7478 0 0 -0.355263 -0.018556 1.875547 0.3557473
006 2 4 2 0 0.392723 -0.018629 0 0.7478 0 0 -0.355077 -0.018629 1.879801 0.3555653
006 2 4 2 0 0.39291 -0.018701 0 0.7478 0 0 -0.35489 -0.018701 1.883904 0.3553824
006 2 4 2 0 0.393097 -0.018771 0 0.7478 0 0 -0.354703 -0.018771 1.888092 0.3551993
006 2 4 2 0 0.393285 -0.018839 0 0.7478 0 0 -0.354515 -0.018839 1.892591 0.3550152
006 2 4 2 0 0.393474 -0.018905 0 0.7478 0 0 -0.354326 -0.018905 1.896891 0.3548299
006 2 4 2 0 0.393663 -0.01897 0 0.7478 0 0 -0.354137 -0.01897 1.900938 0.3546447
006 2 4 2 0 0.393853 -0.019032 0 0.7478 0 0 -0.353947 -0.019032 1.905029 0.3544583
006 2 4 2 0 0.394044 -0.019093 0 0.7478 0 0 -0.353756 -0.019093 1.909433 0.3542708
006 2 4 2 0 0.394235 -0.019151 0 0.7478 0 0 -0.353565 -0.019151 1.913593 0.3540833
006 2 4 2 0 0.394427 -0.019208 0 0.7478 0 0 -0.353373 -0.019208 1.917967 0.3538947
006 2 4 2 0 0.394619 -0.019263 0 0.7478 0 0 -0.353181 -0.019263 1.928045 0.3537059
006 2 4 2 0 0.394812 -0.019315 0 0.7478 0 0 -0.352988 -0.019315 1.932499 0.353516
006 2 4 2 0 0.395006 -0.019366 0 0.7478 0 0 -0.352794 -0.019366 1.936863 0.3533251
006 2 4 2 0 0.3952 -0.019415 0 0.7478 0 0 -0.3526 -0.019415 1.941277 0.3531341
006 2 4 2 0 0.395394 -0.019462 0 0.7478 0 0 -0.352406 -0.019462 1.945597 0.352943
006 2 4 2 0 0.395589 -0.019507 0 0.7478 0 0 -0.352211 -0.019507 1.950029 0.3527508
006 2 4 2 0 0.395784 -0.019551 0 0.7478 0 0 -0.352016 -0.019551 1.954481 0.3525585
006 2 4 2 0 0.39598 -0.019592 0 0.7478 0 0 -0.35182 -0.019592 1.958755 0.3523651
006 2 4 2 0 0.396176 -0.019631 0 0.7478 0 0 -0.351624 -0.019631 1.962906 0.3521715
006 2 4 2 0 0.396372 -0.019668 0 0.7478 0 0 -0.351428 -0.019668 1.96727 0.3519779
006 2 4 2 0 0.396569 -0.019704 0 0.7478 0 0 -0.351231 -0.019704 1.971453 0.3517832
006 2 4 2 0 0.396766 -0.019737 0 0.7478 0 0 -0.351034 -0.019737 1.976025 0.3515884
006 2 4 2 0 0.396964 -0.019768 0 0.7478 0 0 -0.350836 -0.019768 1.980139 0.3513924
006 2 4 2 0 0.397162 -0.019798 0 0.7478 0 0 -0.350638 -0.019798 1.984329 0.3511964
006 2 4 2 0 0.39736 -0.019825 0 0.7478 0 0 -0.35044 -0.019825 1.988501 0.3510003
006 2 4 2 0 0.397558 -0.01985 0 0.7478 0 0 -0.350242 -0.01985 1.9928 0.350804
006 2 4 2 0 0.397757 -0.019874 0 0.7478 0 0 -0.350043 -0.019874 1.997086 0.3506067
006 2 4 2 0 0.397956 -0.019895 0 0.7478 0 0 -0.349844 -0.019895 2.001215 0.3504092
006 2 4 2 0 0.398155 -0.019915 0 0.7478 0 0 -0.349645 -0.019915 2.005329 0.3502117
006 2 4 2 0 0.398354 -0.019932 0 0.7478 0 0 -0.349446 -0.019932 2.01009 0.350014
006 2 4 2 0 0.398553 -0.019948 0 0.7478 0 0 -0.349247 -0.019948 2.014936 0.3498162
006 2 4 2 0 0.398753 -0.019961 0 0.7478 0 0 -0.349047 -0.019961 2.019157 0.3496173
006 2 4 2 0 0.398953 -0.019973 0 0.7478 0 0 -0.348847 -0.019973 2.023546 0.3494183
006 2 4 2 0 0.399152 -0.019982 0 0.7478 0 0 -0.348648 -0.019982 2.027756 0.3492201
006 2 4 2 0 0.399352 -0.01999 0 0.7478 0 0 -0.348448 -0.01999 2.031996 0.3490209
006 2 4 2 0 0.399552 -0.019995 0 0.7478 0 0 -0.348248 -0.019995 2.036341 0.3488215
006 2 4 2 0 0.399752 -0.019998 0 0.7478 0 0 -0.348048 -0.019998 2.040552 0.348622
006 2 4 2 0 0.399952 -0.02 0 0.7478 0 0 -0.347848 -0.02 2.044773 0.3484225
006 2 4 2 0 0.400152 -0.019999 0 0.7478 0 0 -0.347648 -0.019999 2.049021 0.3482228
006 2 4 2 0 0.400352 -0.019997 0 0.7478 0 0 -0.347448 -0.019997 2.053253 0.348023
006 2 4 2 0 0.400552 -0.019992 0 0.7478 0 0 -0.347248 -0.019992 2.057728 0.347823
006 2 4 2 0 0.400752 -0.019986 0 0.7478 0 0 -0.347048 -0.019986 2.061924 0.347623
006 2 4 2 0 0.400952 -0.019977 0 0.7478 0 0 -0.346848 -0.019977 2.066095 0.3474228
006 2 4 2 0 0.401152 -0.019967 0 0.7478 0 0 -0.346648 -0.019967 2.070335 0.3472225
006 2 4 2 0 0.401351 -0.019954 0 0.7478 0 0 -0.346449 -0.019954 2.07476 0.3470231
006 2 4 2 0 0.401551 -0.01994 0 0.7478 0 0 -0.346249 -0.01994 2.078941 0.3468227
006 2 4 2 0 0.40175 -0.019923 0 0.7478 0 0 -0.34605 -0.019923 2.08308 0.346623
006 2 4 2 0 0.401949 -0.019905 0 0.7478 0 0 -0.345851 -0.019905 2.087179 0.3464233
006 2 4 2 0 0.402148 -0.019884 0 0.7478 0 0 -0.345652 -0.019884 2.091402 0.3462234
006 2 4 2 0 0.402347 -0.019862 0 0.7478 0 0 -0.345453 -0.019862 2.095757 0.3460235
006 2 4 2 0 0.402545 -0.019837 0 0.7478 0 0 -0.345255 -0.019837 2.099874 0.3458244
006 2 4 2 0 0.402744 -0.019811 0 0.7478 0 0 -0.345056 -0.019811 2.104074 0.3456242
006 2 4 2 0 0.402942 -0.019783 0 0.7478 0 0 -0.344858 -0.019783 2.108456 0.345425
006 2 4 2 0 0.403139 -0.019752 0 0.7478 0 0 -0.344661 -0.019752 2.112616 0.3452265
006 2 4 2 0 0.403337 -0.01972 0 0.7478 0 0 -0.344463 -0.01972 2.116953 0.345027
006 2 4 2 0 0.403534 -0.019685 0 0.7478 0 0 -0.344266 -0.019685 2.121111 0.3448283
006 2 4 2 0 0.40373 -0.019649 0 0.7478 0 0 -0.34407 -0.019649 2.125374 0.3446306
006 2 4 2 0 0.403927 -0.019611 0 0.7478 0 0 -0.343873 -0.019611 2.129499 0.3444317
006 2 4 2 0 0.404122 -0.019571 0 0.7478 0 0 -0.343678 -0.019571 2.13364 0.3442348
006 2 4 2 0 0.404318 -0.019528 0 0.7478 0 0 -0.343482 -0.019528 2.137987 0.3440367
006 2 4 2 0 0.404513 -0.019484 0 0.7478 0 0 -0.343287 -0.019484 2.142368 0.3438395
006 2 4 2 0 0.404708 -0.019438 0 0.7478 0 0 -0.343092 -0.019438 2.146479 0.3436422
006 2 4 2 0 0.404902 -0.01939 0 0.7478 0 0 -0.342898 -0.01939 2.150585 0.3434458
006 2 4 2 0 0.405095 -0.01934 0 0.7478 0 0 -0.342705 -0.01934 2.154846 0.3432502
006 2 4 2 0 0.405289 -0.019288 0 0.7478 0 0 -0.342511 -0.019288 2.159201 0.3430537
006 2 4 2 0 0.405481 -0.019234 0 0.7478 0 0 -0.342319 -0.019234 2.163334 0.3428589
006 2 4 2 0 0.405673 -0.019178 0 0.7478 0 0 -0.342127 -0.019178 2.167728 0.3426641
006 2 4 2 0 0.405865 -0.019121 0 0.7478 0 0 -0.341935 -0.019121 2.171892 0.3424692
006 2 4 2 0 0.406056 -0.019061 0 0.7478 0 0 -0.341744 -0.019061 2.176401 0.3422751
006 2 4 2 0 0.406246 -0.019 0 0.7478 0 0 -0.341554 -0.019 2.180553 0.3420821
006 2 4 2 0 0.406436 -0.018936 0 0.7478 0 0 -0.341364 -0.018936 2.184792 0.3418888
006 2 4 2 0 0.406625 -0.018871 0 0.7478 0 0 -0.341175 -0.018871 2.188972 0.3416965
006 2 4 2 0 0.406813 -0.018804 0 0.7478 0 0 -0.340987 -0.018804 2.193325 0.3415051
006 2 4 2 0 0.407001 -0.018735 0 0.7478 0 0 -0.340799 -0.018735 2.197714 0.3413135
006 2 4 2 0 0.407188 -0.018664 0 0.7478 0 0 -0.340612 -0.018664 2.201824 0.341123
006 2 4 2 0 0.407374 -0.018591 0 0.7478 0 0 -0.340426 -0.018591 2.205877 0.3409333
006 2 4 2 0 0.40756 -0.018516 0 0.7478 0 0 -0.34024 -0.018516 2.210127 0.3407435
006 2 4 2 0 0.407744 -0.01844 0 0.7478 0 0 -0.340056 -0.01844 2.214409 0.3405556
006 2 4 2 0 0.407928 -0.018361 0 0.7478 0 0 -0.339872 -0.018361 2.218649 0.3403676
006 2 4 2 0 0.408112 -0.018281 0 0.7478 0 0 -0.339688 -0.018281 2.222803 0.3401795
006 2 4 2 0 0.408294 -0.018199 0 0.7478 0 0 -0.339506 -0.018199 2.22714 0.3399934
006 2 4 2 0 0.408476 -0.018115 0 0.7478 0 0 -0.339324 -0.018115 2.231375 0.3398072
006 2 4 2 0 0.408656 -0.01803 0 0.7478 0 0 -0.339144 -0.01803 2.235609 0.3396229
006 2 4 2 0 0.408836 -0.017942 0 0.7478 0 0 -0.338964 -0.017942 2.240078 0.3394385
006 2 4 2 0 0.409015 -0.017853 0 0.7478 0 0 -0.338785 -0.017853 2.244913 0.3392551
006 2 4 2 0 0.409193 -0.017762 0 0.7478 0 0 -0.338607 -0.017762 2.249063 0.3390725
006 2 4 2 0 0.40937 -0.017669 0 0.7478 0 0 -0.33843 -0.017669 2.253225 0.3388909
006 2 4 2 0 0.409547 -0.017575 0 0.7478 0 0 -0.338253 -0.017575 2.257582 0.3387093
006 2 4 2 0 0.409722 -0.017478 0 0.7478 0 0 -0.338078 -0.017478 2.261822 0.3385295
006 2 4 2 0 0.409896 -0.01738 0 0.7478 0 0 -0.337904 -0.01738 2.265894 0.3383507
006 2 4 2 0 0.410069 -0.01728 0 0.7478 0 0 -0.337731 -0.01728 2.270033 0.3381728
006 2 4 2 0 0.410242 -0.017179 0 0.7478 0 0 -0.337558 -0.017179 2.275551 0.3379948
006 2 4 2 0 0.410413 -0.017075 0 0.7478 0 0 -0.337387 -0.017075 2.280067 0.3378188
006 2 4 2 0 0.410583 -0.01697 0 0.7478 0 0 -0.337217 -0.01697 2.284315 0.3376437
006 2 4 2 0 0.410752 -0.016864 0 0.7478 0 0 -0.337048 -0.016864 2.288551 0.3374696
006 2 4 2 0 0.41092 -0.016755 0 0.7478 0 0 -0.33688 -0.016755 2.292913 0.3372964
006 2 4 2 0 0.411087 -0.016645 0 0.7478 0 0 -0.336713 -0.016645 2.297239 0.3371241
006 2 4 2 0 0.411253 -0.016534 0 0.7478 0 0 -0.336547 -0.016534 2.301392 0.3369529
006 2 4 2 0 0.411418 -0.01642 0 0.7478 0 0 -0.336382 -0.01642 2.305492 0.3367825
006 2 4 2 0 0.411582 -0.016305 0 0.7478 0 0 -0.336218 -0.016305 2.309858 0.3366131
006 2 4 2 0 0.411744 -0.016189 0 0.7478 0 0 -0.336056 -0.016189 2.314045 0.3364457
006 2 4 2 0 0.411906 -0.01607 0 0.7478 0 0 -0.335894 -0.01607 2.318707 0.3362782
006 2 4 2 0 0.412066 -0.015951 0 0.7478 0 0 -0.335734 -0.015951 2.322903 0.3361127
006 2 4 2 0 0.412225 -0.015829 0 0.7478 0 0 -0.335575 -0.015829 2.327173 0.3359481
006 2 4 2 0 0.412382 -0.015706 0 0.7478 0 0 -0.335418 -0.015706 2.33132 0.3357855
006 2 4 2 0 0.412539 -0.015581 0 0.7478 0 0 -0.335261 -0.015581 2.335594 0.3356228
006 2 4 2 0 0.412694 -0.015455 0 0.7478 0 0 -0.335106 -0.015455 2.339764 0.3354622
006 2 4 2 0 0.412848 -0.015328 0 0.7478 0 0 -0.334952 -0.015328 2.344133 0.3353025
006 2 4 2 0 0.413 -0.015198 0 0.7478 0 0 -0.3348 -0.015198 2.348419 0.3351448
006 2 4 2 0 0.413152 -0.015068 0 0.7478 0 0 -0.334648 -0.015068 2.352743 0.334987
006 2 4 2 0 0.413302 -0.014935 0 0.7478 0 0 -0.334498 -0.014935 2.357082 0.3348312
006 2 4 2 0 0.41345 -0.014802 0 0.7478 0 0 -0.33435 -0.014802 2.361252 0.3346775
006 2 4 2 0 0.413598 -0.014666 0 0.7478 0 0 -0.334202 -0.014666 2.3654 0.3345236
006 2 4 2 0 0.413744 -0.01453 0 0.7478 0 0 -0.334056 -0.01453 2.369638 0.3343718
006 2 4 2 0 0.413888 -0.014391 0 0.7478 0 0 -0.333912 -0.014391 2.373844 0.334222
006 2 4 2 0 0.414032 -0.014252 0 0.7478 0 0 -0.333768 -0.014252 2.378162 0.3340721
006 2 4 2 0 0.414173 -0.014111 0 0.7478 0 0 -0.333627 -0.014111 2.38229 0.3339253
006 2 4 2 0 0.414314 -0.013968 0 0.7478 0 0 -0.333486 -0.013968 2.3864 0.3337784
006 2 4 2 0 0.414453 -0.013825 0 0.7478 0 0 -0.333347 -0.013825 2.390549 0.3336335
006 2 4 2 0 0.41459 -0.013679 0 0.7478 0 0 -0.33321 -0.013679 2.394939 0.3334906
006 2 4 2 0 0.414726 -0.013533 0 0.7478 0 0 -0.333074 -0.013533 2.399195 0.3333488
006 2 4 2 0 0.414861 -0.013385 0 0.7478 0 0 -0.332939 -0.013385 2.403376 0.333208
006 2 4 2 0 0.414994 -0.013236 0 0.7478 0 0 -0.332806 -0.013236 2.407742 0.3330691
006 2 4 2 0 0.415126 -0.013085 0 0.7478 0 0 -0.332674 -0.013085 2.412474 0.3329312
006 2 4 2 0 0.415256 -0.012933 0 0.7478 0 0 -0.332544 -0.012933 2.416874 0.3327954
006 2 4 2 0 0.415384 -0.01278 0 0.7478 0 0 -0.332416 -0.01278 2.421041 0.3326616
006 2 4 2 0 0.415511 -0.012625 0 0.7478 0 0 -0.332289 -0.012625 2.425402 0.3325287
006 2 4 2 0 0.415637 -0.01247 0 0.7478 0 0 -0.332163 -0.01247 2.429567 0.332397
006 2 4 2 0 0.415761 -0.012313 0 0.7478 0 0 -0.332039 -0.012313 2.433838 0.3322672
006 2 4 2 0 0.415883 -0.012154 0 0.7478 0 0 -0.331917 -0.012154 2.438274 0.3321394
006 2 4 2 0 0.416004 -0.011995 0 0.7478 0 0 -0.331796 -0.011995 2.442575 0.3320127
006 2 4 2 0 0.416123 -0.011834 0 0.7478 0 0 -0.331677 -0.011834 2.446732 0.331888
006 2 4 2 0 0.41624 -0.011672 0 0.7478 0 0 -0.33156 -0.011672 2.45088 0.3317654
006 2 4 2 0 0.416356 -0.01151 0 0.7478 0 0 -0.331444 -0.01151 2.455183 0.3316438
006 2 4 2 0 0.416471 -0.011345 0 0.7478 0 0 -0.331329 -0.011345 2.459557 0.3315232
006 2 4 2 0 0.416583 -0.01118 0 0.7478 0 0 -0.331217 -0.01118 2.463814 0.3314056
006 2 4 2 0 0.416694 -0.011014 0 0.7478 0 0 -0.331106 -0.011014 2.467936 0.3312891
006 2 4 2 0 0.416804 -0.010846 0 0.7478 0 0 -0.330996 -0.010846 2.472048 0.3311736
006 2 4 2 0 0.416911 -0.010678 0 0.7478 0 0 -0.330889 -0.010678 2.476561 0.3310612
006 2 4 2 0 0.417017 -0.010508 0 0.7478 0 0 -0.330783 -0.010508 2.48078 0.3309498
006 2 4 2 0 0.417121 -0.010337 0 0.7478 0 0 -0.330679 -0.010337 2.485899 0.3308405
006 2 4 2 0 0.417224 -0.010166 0 0.7478 0 0 -0.330576 -0.010166 2.49057 0.3307323
006 2 4 2 0 0.417325 -0.009993 0 0.7478 0 0 -0.330475 -0.009993 2.494886 0.330626
006 2 4 2 0 0.417424 -0.009819 0 0.7478 0 0 -0.330376 -0.009819 2.498993 0.3305219
006 2 4 2 0 0.417521 -0.009644 0 0.7478 0 0 -0.330279 -0.009644 2.503204 0.3304197
006 2 4 2 0 0.417617 -0.009469 0 0.7478 0 0 -0.330183 -0.009469 2.507505 0.3303187
006 2 4 2 0 0.41771 -0.009292 0 0.7478 0 0 -0.33009 -0.009292 2.511663 0.3302208
006 2 4 2 0 0.417802 -0.009114 0 0.7478 0 0 -0.329998 -0.009114 2.51593 0.3301238
006 2 4 2 0 0.417893 -0.008936 0 0.7478 0 0 -0.329907 -0.008936 2.520079 0.330028
006 2 4 2 0 0.417981 -0.008757 0 0.7478 0 0 -0.329819 -0.008757 2.524397 0.3299352
006 2 4 2 0 0.418068 -0.008576 0 0.7478 0 0 -0.329732 -0.008576 2.528799 0.3298435
006 2 4 2 0 0.418153 -0.008395 0 0.7478 0 0 -0.329647 -0.008395 2.533051 0.3297538
006 2 4 2 0 0.418236 -0.008213 0 0.7478 0 0 -0.329564 -0.008213 2.537497 0.3296663
006 2 4 2 0 0.418317 -0.008031 0 0.7478 0 0 -0.329483 -0.008031 2.542385 0.3295808
006 2 4 2 0 0.418396 -0.007847 0 0.7478 0 0 -0.329404 -0.007847 2.546648 0.3294975
006 2 4 2 0 0.418474 -0.007663 0 0.7478 0 0 -0.329326 -0.007663 2.550978 0.3294151
006 2 4 2 0 0.41855 -0.007478 0 0.7478 0 0 -0.32925 -0.007478 2.555277 0.3293349
006 2 4 2 0 0.418623 -0.007292 0 0.7478 0 0 -0.329177 -0.007292 2.559958 0.3292578
006 2 4 2 0 0.418695 -0.007105 0 0.7478 0 0 -0.329105 -0.007105 2.564692 0.3291817
006 2 4 2 0 0.418766 -0.006918 0 0.7478 0 0 -0.329034 -0.006918 2.568758 0.3291067
006 2 4 2 0 0.418834 -0.00673 0 0.7478 0 0 -0.328966 -0.00673 2.57303 0.3290348
006 2 4 2 0 0.4189 -0.006541 0 0.7478 0 0 -0.3289 -0.006541 2.577497 0.328965
006 2 4 2 0 0.418965 -0.006352 0 0.7478 0 0 -0.328835 -0.006352 2.581669 0.3288963
006 2 4 2 0 0.419027 -0.006162 0 0.7478 0 0 -0.328773 -0.006162 2.585743 0.3288307
006 2 4 2 0 0.419088 -0.005971 0 0.7478 0 0 -0.328712 -0.005971 2.590136 0.3287662
006 2 4 2 0 0.419147 -0.00578 0 0.7478 0 0 -0.328653 -0.00578 2.594614 0.3287038
006 2 4 2 0 0.419203 -0.005588 0 0.7478 0 0 -0.328597 -0.005588 2.598753 0.3286445
006 2 4 2 0 0.419258 -0.005396 0 0.7478 0 0 -0.328542 -0.005396 2.602829 0.3285863
006 2 4 2 0 0.419311 -0.005203 0 0.7478 0 0 -0.328489 -0.005203 2.606998 0.3285302
006 2 4 2 0 0.419362 -0.00501 0 0.7478 0 0 -0.328438 -0.00501 2.611195 0.3284762
006 2 4 2 0 0.419412 -0.004816 0 0.7478 0 0 -0.328388 -0.004816 2.615667 0.3284233
006 2 4 2 0 0.419459 -0.004622 0 0.7478 0 0 -0.328341 -0.004622 2.620024 0.3283735
006 2 4 2 0 0.419504 -0.004427 0 0.7478 0 0 -0.328296 -0.004427 2.624273 0.3283258
006 2 4 2 0 0.419547 -0.004231 0 0.7478 0 0 -0.328253 -0.004231 2.62842 0.3282802
006 2 4 2 0 0.419589 -0.004036 0 0.7478 0 0 -0.328211 -0.004036 2.632502 0.3282358
006 2 4 2 0 0.419628 -0.00384 0 0.7478 0 0 -0.328172 -0.00384 2.636812 0.3281945
006 2 4 2 0 0.419665 -0.003643 0 0.7478 0 0 -0.328135 -0.003643 2.641062 0.3281552
006 2 4 2 0 0.419701 -0.003446 0 0.7478 0 0 -0.328099 -0.003446 2.645336 0.3281171
006 2 4 2 0 0.419734 -0.003249 0 0.7478 0 0 -0.328066 -0.003249 2.649632 0.3280821
006 2 4 2 0 0.419766 -0.003052 0 0.7478 0 0 -0.328034 -0.003052 2.653849 0.3280482
006 2 4 2 0 0.419795 -0.002854 0 0.7478 0 0 -0.328005 -0.002854 2.658232 0.3280174
006 2 4 2 0 0.419823 -0.002656 0 0.7478 0 0 -0.327977 -0.002656 2.662413 0.3279878
006 2 4 2 0 0.419848 -0.002457 0 0.7478 0 0 -0.327952 -0.002457 2.666569 0.3279612
006 2 4 2 0 0.419872 -0.002259 0 0.7478 0 0 -0.327928 -0.002259 2.670633 0.3279358
006 2 4 2 0 0.419894 -0.00206 0 0.7478 0 0 -0.327906 -0.00206 2.67506 0.3279124
006 2 4 2 0 0.419913 -0.001861 0 0.7478 0 0 -0.327887 -0.001861 2.679184 0.3278923
006 2 4 2 0 0.419931 -0.001662 0 0.7478 0 0 -0.327869 -0.001662 2.683275 0.3278732
006 2 4 2 0 0.419946 -0.001462 0 0.7478 0 0 -0.327854 -0.001462 2.687449 0.3278572
006 2 4 2 0 0.41996 -0.001263 0 0.7478 0 0 -0.32784 -0.001263 2.69169 0.3278424
006 2 4 2 0 0.419972 -0.001063 0 0.7478 0 0 -0.327828 -0.001063 2.696014 0.3278297
006 2 4 2 0 0.419981 -0.000863 0 0.7478 0 0 -0.327819 -0.000863 2.700155 0.3278201
006 2 4 2 0 0.419989 -0.000664 0 0.7478 0 0 -0.327811 -0.000664 2.704325 0.3278117
006 2 4 2 0 0.419995 -0.000464 0 0.7478 0 0 -0.327805 -0.000464 2.708662 0.3278053
006 2 4 2 0 0.419998 -0.000264 0 0.7478 0 0 -0.327802 -0.000264 2.712831 0.3278021
006 2 4 2 0 0.42 -6.4E-05 0 0.7478 0 0 -0.3278 -6.4E-05 2.717381 0.3278
006 2 4 2 0 0.42 0 0 0.7478 0 0 -0.3278 0 2.721884 0.3278
