006 3 70 14 0 0.42 0 0 0.7478 0 0 -0.3278 0 0 0.3278 2
006 3 70 14 0 0.419998 0.0006 0 0.7478 0 0 -0.327802 0.0006 0.0112915 0.3278026 2
006 3 70 14 0 0.419992 0.0012 0 0.7478 0 0 -0.327808 0.0012 0.0223999 0.3278102 2
006 3 70 14 0 0.419982 0.0018 0 0.7478 0 0 -0.327818 0.0018 0.0333252 0.3278229 2
006 3 70 14 0 0.419968 0.002399 0 0.7478 0 0 -0.327832 0.002399 0.04443359 0.3278408 2
006 3 70 14 0 0.41995 0.002999 0 0.7478 0 0 -0.32785 0.002999 0.05578613 0.3278637 2
006 3 70 14 0 0.419928 0.003598 0 0.7478 0 0 -0.327872 0.003598 0.06707764 0.3278917 2
006 3 70 14 0 0.419902 0.004197 0 0.7478 0 0 -0.327898 0.004197 0.08148193 0.3279248 2
006 3 70 14 0 0.419872 0.004795 0 0.7478 0 0 -0.327928 0.004795 0.0894165 0.327963 2
006 3 70 14 0 0.419838 0.005393 0 0.7478 0 0 -0.327962 0.005393 0.09991455 0.3280063 2
006 3 70 14 0 0.4198 0.00599 0 0.7478 0 0 -0.328 0.00599 0.111145 0.3280547 2
006 3 70 14 0 0.419758 0.006587 0 0.7478 0 0 -0.328042 0.006587 0.1223755 0.3281081 2
006 3 70 14 0 0.419712 0.007183 0 0.7478 0 0 -0.328088 0.007183 0.1332397 0.3281666 2
006 3 70 14 0 0.419662 0.007778 0 0.7478 0 0 -0.328138 0.007778 0.1443481 0.3282302 2
006 3 70 14 0 0.419609 0.008373 0 0.7478 0 0 -0.328191 0.008373 0.1560059 0.3282978 2
006 3 70 14 0 0.419551 0.008966 0 0.7478 0 0 -0.328249 0.008966 0.1663818 0.3283714 2
006 3 70 14 0 0.419489 0.009559 0 0.7478 0 0 -0.328311 0.009559 0.1776123 0.3284501 2
006 3 70 14 0 0.419423 0.010151 0 0.7478 0 0 -0.328377 0.010151 0.1890259 0.3285338 2
006 3 70 14 0 0.419354 0.010742 0 0.7478 0 0 -0.328446 0.010742 0.1998901 0.3286216 2
006 3 70 14 0 0.41928 0.011332 0 0.7478 0 0 -0.32852 0.011332 0.2112427 0.3287154 2
006 3 70 14 0 0.419203 0.01192 0 0.7478 0 0 -0.328597 0.01192 0.2227783 0.3288131 2
006 3 70 14 0 0.419121 0.012508 0 0.7478 0 0 -0.328679 0.012508 0.2365112 0.3289169 2
006 3 70 14 0 0.419036 0.013094 0 0.7478 0 0 -0.328764 0.013094 0.2442627 0.3290246 2
006 3 70 14 0 0.418947 0.013679 0 0.7478 0 0 -0.328853 0.013679 0.2554321 0.3291374 2
006 3 70 14 0 0.418854 0.014262 0 0.7478 0 0 -0.328946 0.014262 0.2667236 0.329255 2
006 3 70 14 0 0.418756 0.014844 0 0.7478 0 0 -0.329044 0.014844 0.27771 0.3293786 2
006 3 70 14 0 0.418656 0.015425 0 0.7478 0 0 -0.329144 0.015425 0.2888794 0.3295052 2
006 3 70 14 0 0.418551 0.016004 0 0.7478 0 0 -0.329249 0.016004 0.2998657 0.3296377 2
006 3 70 14 0 0.418442 0.016581 0 0.7478 0 0 -0.329358 0.016581 0.3117065 0.3297751 2
006 3 70 14 0 0.41833 0.017157 0 0.7478 0 0 -0.32947 0.017157 0.3221436 0.3299164 2
006 3 70 14 0 0.418213 0.017731 0 0.7478 0 0 -0.329587 0.017731 0.3331909 0.3300636 2
006 3 70 14 0 0.418093 0.018304 0 0.7478 0 0 -0.329707 0.018304 0.3449707 0.3302147 2
006 3 70 14 0 0.417969 0.018874 0 0.7478 0 0 -0.329831 0.018874 0.3557739 0.3303705 2
006 3 70 14 0 0.417842 0.019443 0 0.7478 0 0 -0.329958 0.019443 0.3665771 0.3305303 2
006 3 70 14 0 0.41771 0.020009 0 0.7478 0 0 -0.33009 0.020009 0.3778687 0.3306959 2
006 3 70 14 0 0.417575 0.020574 0 0.7478 0 0 -0.330225 0.020574 0.3928833 0.3308653 2
006 3 70 14 0 0.417436 0.021136 0 0.7478 0 0 -0.330364 0.021136 0.3995361 0.3310394 2
006 3 70 14 0 0.417293 0.021697 0 0.7478 0 0 -0.330507 0.021697 0.411499 0.3312184 2
006 3 70 14 0 0.417147 0.022255 0 0.7478 0 0 -0.330653 0.022255 0.4223633 0.3314011 2
006 3 70 14 0 0.416996 0.022811 0 0.7478 0 0 -0.330804 0.022811 0.4334106 0.3315895 2
006 3 70 14 0 0.416842 0.023365 0 0.7478 0 0 -0.330958 0.023365 0.4447632 0.3317817 2
006 3 70 14 0 0.416685 0.023917 0 0.7478 0 0 -0.331115 0.023917 0.4556885 0.3319776 2
006 3 70 14 0 0.416524 0.024466 0 0.7478 0 0 -0.331276 0.024466 0.4664917 0.3321782 2
006 3 70 14 0 0.416359 0.025012 0 0.7478 0 0 -0.331441 0.025012 0.4778442 0.3323834 2
006 3 70 14 0 0.41619 0.025556 0 0.7478 0 0 -0.33161 0.025556 0.4896851 0.3325933 2
006 3 70 14 0 0.416018 0.026098 0 0.7478 0 0 -0.331782 0.026098 0.4998169 0.3328068 2
006 3 70 14 0 0.415842 0.026637 0 0.7478 0 0 -0.331958 0.026637 0.5111694 0.333025 2
006 3 70 14 0 0.415663 0.027173 0 0.7478 0 0 -0.332137 0.027173 0.522583 0.3332467 2
006 3 70 14 0 0.41548 0.027707 0 0.7478 0 0 -0.33232 0.027707 0.5337524 0.333473 2
006 3 70 14 0 0.415293 0.028238 0 0.7478 0 0 -0.332507 0.028238 0.5476685 0.3337039 2
006 3 70 14 0 0.415103 0.028766 0 0.7478 0 0 -0.332697 0.028766 0.555481 0.3339383 2
006 3 70 14 0 0.41491 0.029291 0 0.7478 0 0 -0.33289 0.029291 0.5669556 0.3341762 2
006 3 70 14 0 0.414713 0.029813 0 0.7478 0 0 -0.333087 0.029813 0.5779419 0.3344185 2
006 3 70 14 0 0.414512 0.030332 0 0.7478 0 0 -0.333288 0.030332 0.5889282 0.3346654 2
006 3 70 14 0 0.414308 0.030848 0 0.7478 0 0 -0.333492 0.030848 0.6000977 0.3349157 2
006 3 70 14 0 0.414101 0.031361 0 0.7478 0 0 -0.333699 0.031361 0.6113281 0.3351694 2
006 3 70 14 0 0.41389 0.031871 0 0.7478 0 0 -0.33391 0.031871 0.6226196 0.3354276 2
006 3 70 14 0 0.413676 0.032378 0 0.7478 0 0 -0.334124 0.032378 0.6331787 0.3356891 2
006 3 70 14 0 0.413459 0.032881 0 0.7478 0 0 -0.334341 0.032881 0.6444702 0.335954 2
006 3 70 14 0 0.413238 0.033382 0 0.7478 0 0 -0.334562 0.033382 0.6555786 0.3362232 2
006 3 70 14 0 0.413013 0.033879 0 0.7478 0 0 -0.334787 0.033879 0.666626 0.3364968 2
006 3 70 14 0 0.412786 0.034372 0 0.7478 0 0 -0.335014 0.034372 0.6777344 0.3367726 2
006 3 70 14 0 0.412555 0.034862 0 0.7478 0 0 -0.335245 0.034862 0.68927 0.3370528 2
006 3 70 14 0 0.412321 0.035349 0 0.7478 0 0 -0.335479 0.035349 0.7028809 0.3373362 2
006 3 70 14 0 0.412084 0.035832 0 0.7478 0 0 -0.335716 0.035832 0.7111206 0.3376228 2
006 3 70 14 0 0.411843 0.036311 0 0.7478 0 0 -0.335957 0.036311 0.7221069 0.3379136 2
006 3 70 14 0 0.4116 0.036787 0 0.7478 0 0 -0.3362 0.036787 0.7335205 0.3382066 2
006 3 70 14 0 0.411353 0.037259 0 0.7478 0 0 -0.336447 0.037259 0.744812 0.3385038 2
006 3 70 14 0 0.411103 0.037728 0 0.7478 0 0 -0.336697 0.037728 0.7559204 0.3388042 2
006 3 70 14 0 0.41085 0.038192 0 0.7478 0 0 -0.33695 0.038192 0.7666626 0.3391075 2
006 3 70 14 0 0.410594 0.038653 0 0.7478 0 0 -0.337206 0.038653 0.77771 0.3394141 2
006 3 70 14 0 0.410334 0.03911 0 0.7478 0 0 -0.337466 0.03911 0.7888184 0.3397247 2
006 3 70 14 0 0.410072 0.039563 0 0.7478 0 0 -0.337728 0.039563 0.8001709 0.3400374 2
006 3 70 14 0 0.409807 0.040012 0 0.7478 0 0 -0.337993 0.040012 0.8112793 0.3403531 2
006 3 70 14 0 0.409539 0.040457 0 0.7478 0 0 -0.338261 0.040457 0.8226318 0.3406718 2
006 3 70 14 0 0.409268 0.040898 0 0.7478 0 0 -0.338532 0.040898 0.833252 0.3409935 2
006 3 70 14 0 0.408993 0.041335 0 0.7478 0 0 -0.338807 0.041335 0.8446655 0.3413191 2
006 3 70 14 0 0.408716 0.041768 0 0.7478 0 0 -0.339084 0.041768 0.8592529 0.3416468 2
006 3 70 14 0 0.408437 0.042197 0 0.7478 0 0 -0.339363 0.042197 0.866394 0.3419763 2
006 3 70 14 0 0.408154 0.042621 0 0.7478 0 0 -0.339646 0.042621 0.8777466 0.3423097 2
006 3 70 14 0 0.407868 0.043041 0 0.7478 0 0 -0.339932 0.043041 0.8895264 0.342646 2
006 3 70 14 0 0.40758 0.043457 0 0.7478 0 0 -0.34022 0.043457 0.8999023 0.3429842 2
006 3 70 14 0 0.407289 0.043869 0 0.7478 0 0 -0.340511 0.043869 0.9115601 0.3433253 2
006 3 70 14 0 0.406995 0.044276 0 0.7478 0 0 -0.340805 0.044276 0.9225464 0.343669 2
006 3 70 14 0 0.406699 0.044679 0 0.7478 0 0 -0.341101 0.044679 0.9332275 0.3440147 2
006 3 70 14 0 0.406399 0.045077 0 0.7478 0 0 -0.341401 0.045077 0.9447021 0.344364 2
006 3 70 14 0 0.406097 0.045471 0 0.7478 0 0 -0.341703 0.045471 0.9556885 0.3447152 2
006 3 70 14 0 0.405793 0.04586 0 0.7478 0 0 -0.342007 0.04586 0.967041 0.345068 2
006 3 70 14 0 0.405486 0.046244 0 0.7478 0 0 -0.342314 0.046244 0.9776001 0.3454235 2
006 3 70 14 0 0.405176 0.046624 0 0.7478 0 0 -0.342624 0.046624 0.9891357 0.3457817 2
006 3 70 14 0 0.404864 0.047 0 0.7478 0 0 -0.342936 0.047 1.000061 0.3461417 2
006 3 70 14 0 0.40455 0.04737 0 0.7478 0 0 -0.34325 0.04737 1.014282 0.3465032 2
006 3 70 14 0 0.404233 0.047736 0 0.7478 0 0 -0.343567 0.047736 1.022339 0.3468674 2
006 3 70 14 0 0.403913 0.048097 0 0.7478 0 0 -0.343887 0.048097 1.033142 0.3472342 2
006 3 70 14 0 0.403592 0.048453 0 0.7478 0 0 -0.344208 0.048453 1.044678 0.3476015 2
006 3 70 14 0 0.403267 0.048805 0 0.7478 0 0 -0.344533 0.048805 1.055908 0.3479726 2
006 3 70 14 0 0.402941 0.049151 0 0.7478 0 0 -0.344859 0.049151 1.066406 0.348344 2
006 3 70 14 0 0.402612 0.049493 0 0.7478 0 0 -0.345188 0.049493 1.077759 0.3487181 2
006 3 70 14 0 0.402281 0.04983 0 0.7478 0 0 -0.345519 0.04983 1.089172 0.3490937 2
006 3 70 14 0 0.401948 0.050162 0 0.7478 0 0 -0.345852 0.050162 1.100281 0.3494708 2
006 3 70 14 0 0.401612 0.050488 0 0.7478 0 0 -0.346188 0.050488 1.111084 0.3498502 2
006 3 70 14 0 0.401274 0.05081 0 0.7478 0 0 -0.346526 0.05081 1.122253 0.3502313 2
006 3 70 14 0 0.400935 0.051126 0 0.7478 0 0 -0.346865 0.051126 1.133362 0.3506126 2
006 3 70 14 0 0.400593 0.051438 0 0.7478 0 0 -0.347207 0.051438 1.144653 0.3509965 2
006 3 70 14 0 0.400249 0.051744 0 0.7478 0 0 -0.347551 0.051744 1.155884 0.3513817 2
006 3 70 14 0 0.399903 0.052045 0 0.7478 0 0 -0.347897 0.052045 1.170105 0.3517684 2
006 3 70 14 0 0.399555 0.052341 0 0.7478 0 0 -0.348245 0.052341 1.177734 0.3521564 2
006 3 70 14 0 0.399205 0.052632 0 0.7478 0 0 -0.348595 0.052632 1.188965 0.3525459 2
006 3 70 14 0 0.398853 0.052917 0 0.7478 0 0 -0.348947 0.052917 1.19989 0.3529365 2
006 3 70 14 0 0.398499 0.053198 0 0.7478 0 0 -0.349301 0.053198 1.211304 0.3533288 2
006 3 70 14 0 0.398144 0.053472 0 0.7478 0 0 -0.349656 0.053472 1.222778 0.353721 2
006 3 70 14 0 0.397786 0.053742 0 0.7478 0 0 -0.350014 0.053742 1.233643 0.3541158 2
006 3 70 14 0 0.397427 0.054006 0 0.7478 0 0 -0.350373 0.054006 1.244507 0.3545108 2
006 3 70 14 0 0.397066 0.054265 0 0.7478 0 0 -0.350734 0.054265 1.255981 0.3549071 2
006 3 70 14 0 0.396704 0.054518 0 0.7478 0 0 -0.351096 0.054518 1.266541 0.3553035 2
006 3 70 14 0 0.396339 0.054766 0 0.7478 0 0 -0.351461 0.054766 1.278137 0.3557023 2
006 3 70 14 0 0.395974 0.055008 0 0.7478 0 0 -0.351826 0.055008 1.289124 0.3561003 2
006 3 70 14 0 0.395606 0.055245 0 0.7478 0 0 -0.352194 0.055245 1.299988 0.3565005 2
006 3 70 14 0 0.395237 0.055476 0 0.7478 0 0 -0.352563 0.055476 1.311646 0.3569009 2
006 3 70 14 0 0.394866 0.055702 0 0.7478 0 0 -0.352934 0.055702 1.325867 0.3573025 2
006 3 70 14 0 0.394494 0.055922 0 0.7478 0 0 -0.353306 0.055922 1.333069 0.3577043 2
006 3 70 14 0 0.394121 0.056137 0 0.7478 0 0 -0.353679 0.056137 1.34491 0.3581064 2
006 3 70 14 0 0.393746 0.056346 0 0.7478 0 0 -0.354054 0.056346 1.355957 0.3585095 2
006 3 70 14 0 0.39337 0.056549 0 0.7478 0 0 -0.35443 0.056549 1.366638 0.3589128 2
006 3 70 14 0 0.392992 0.056747 0 0.7478 0 0 -0.354808 0.056747 1.377869 0.3593173 2
006 3 70 14 0 0.392613 0.056939 0 0.7478 0 0 -0.355187 0.056939 1.389404 0.3597219 2
006 3 70 14 0 0.392233 0.057125 0 0.7478 0 0 -0.355567 0.057125 1.399902 0.3601266 2
006 3 70 14 0 0.391851 0.057306 0 0.7478 0 0 -0.355949 0.057306 1.411194 0.3605325 2
006 3 70 14 0 0.391469 0.057481 0 0.7478 0 0 -0.356331 0.057481 1.422974 0.3609374 2
006 3 70 14 0 0.391085 0.05765 0 0.7478 0 0 -0.356715 0.05765 1.433594 0.3613435 2
006 3 70 14 0 0.3907 0.057813 0 0.7478 0 0 -0.3571 0.057813 1.445007 0.3617496 2
006 3 70 14 0 0.390314 0.057971 0 0.7478 0 0 -0.357486 0.057971 1.455933 0.3621559 2
006 3 70 14 0 0.389927 0.058123 0 0.7478 0 0 -0.357873 0.058123 1.466919 0.3625622 2
006 3 70 14 0 0.389539 0.058269 0 0.7478 0 0 -0.358261 0.058269 1.481384 0.3629686 2
006 3 70 14 0 0.38915 0.058409 0 0.7478 0 0 -0.35865 0.058409 1.489319 0.3633751 2
006 3 70 14 0 0.38876 0.058543 0 0.7478 0 0 -0.35904 0.058543 1.499939 0.3637815 2
006 3 70 14 0 0.38837 0.058672 0 0.7478 0 0 -0.35943 0.058672 1.511169 0.3641872 2
006 3 70 14 0 0.387978 0.058794 0 0.7478 0 0 -0.359822 0.058794 1.522888 0.3645937 2
006 3 70 14 0 0.387586 0.058911 0 0.7478 0 0 -0.360214 0.058911 1.533813 0.3649995 2
006 3 70 14 0 0.387193 0.059022 0 0.7478 0 0 -0.360607 0.059022 1.544556 0.3654053 2
006 3 70 14 0 0.386799 0.059127 0 0.7478 0 0 -0.361001 0.059127 1.555786 0.365811 2
006 3 70 14 0 0.386404 0.059226 0 0.7478 0 0 -0.361396 0.059226 1.566772 0.3662168 2
006 3 70 14 0 0.386009 0.059319 0 0.7478 0 0 -0.361791 0.059319 1.577942 0.3666217 2
006 3 70 14 0 0.385613 0.059406 0 0.7478 0 0 -0.362187 0.059406 1.589111 0.3670266 2
006 3 70 14 0 0.385217 0.059488 0 0.7478 0 0 -0.362583 0.059488 1.600037 0.3674306 2
006 3 70 14 0 0.38482 0.059563 0 0.7478 0 0 -0.36298 0.059563 1.611328 0.3678345 2
006 3 70 14 0 0.384423 0.059632 0 0.7478 0 0 -0.363377 0.059632 1.623047 0.3682374 2
006 3 70 14 0 0.384025 0.059695 0 0.7478 0 0 -0.363775 0.059695 1.643372 0.3686404 2
006 3 70 14 0 0.383627 0.059753 0 0.7478 0 0 -0.364173 0.059753 1.649048 0.3690425 2
006 3 70 14 0 0.383228 0.059804 0 0.7478 0 0 -0.364572 0.059804 1.65564 0.3694445 2
006 3 70 14 0 0.382829 0.05985 0 0.7478 0 0 -0.364971 0.05985 1.666992 0.3698457 2
006 3 70 14 0 0.38243 0.059889 0 0.7478 0 0 -0.36537 0.059889 1.677979 0.3702457 2
006 3 70 14 0 0.382031 0.059923 0 0.7478 0 0 -0.365769 0.059923 1.689087 0.370645 2
006 3 70 14 0 0.381631 0.05995 0 0.7478 0 0 -0.366169 0.05995 1.7005 0.3710441 2
006 3 70 14 0 0.381232 0.059972 0 0.7478 0 0 -0.366568 0.059972 1.711243 0.3714414 2
006 3 70 14 0 0.380832 0.059987 0 0.7478 0 0 -0.366968 0.059987 1.722656 0.3718386 2
006 3 70 14 0 0.380432 0.059997 0 0.7478 0 0 -0.367368 0.059997 1.733643 0.372235 2
006 3 70 14 0 0.380032 0.06 0 0.7478 0 0 -0.367768 0.06 1.744873 0.3726302 2
006 3 70 14 0 0.379632 0.059997 0 0.7478 0 0 -0.368168 0.059997 1.755981 0.3730246 2
006 3 70 14 0 0.379232 0.059989 0 0.7478 0 0 -0.368568 0.059989 1.766479 0.373418 2
006 3 70 14 0 0.378832 0.059974 0 0.7478 0 0 -0.368968 0.059974 1.778625 0.3738104 2
006 3 70 14 0 0.378432 0.059954 0 0.7478 0 0 -0.369368 0.059954 1.792542 0.3742021 2
006 3 70 14 0 0.378033 0.059927 0 0.7478 0 0 -0.369767 0.059927 1.799988 0.3745916 2
006 3 70 14 0 0.377633 0.059895 0 0.7478 0 0 -0.370167 0.059895 1.811096 0.3749813 2
006 3 70 14 0 0.377234 0.059856 0 0.7478 0 0 -0.370566 0.059856 1.822998 0.375369 2
006 3 70 14 0 0.376835 0.059812 0 0.7478 0 0 -0.370965 0.059812 1.83374 0.3757559 2
006 3 70 14 0 0.376437 0.059761 0 0.7478 0 0 -0.371363 0.059761 1.844849 0.3761407 2
006 3 70 14 0 0.376038 0.059705 0 0.7478 0 0 -0.371762 0.059705 1.855957 0.3765258 2
006 3 70 14 0 0.375641 0.059643 0 0.7478 0 0 -0.372159 0.059643 1.86731 0.3769079 2
006 3 70 14 0 0.375243 0.059574 0 0.7478 0 0 -0.372557 0.059574 1.877747 0.37729 2
006 3 70 14 0 0.374846 0.0595 0 0.7478 0 0 -0.372954 0.0595 1.889221 0.3776704 2
006 3 70 14 0 0.37445 0.05942 0 0.7478 0 0 -0.37335 0.05942 1.90033 0.3780489 2
006 3 70 14 0 0.374054 0.059333 0 0.7478 0 0 -0.373746 0.059333 1.911682 0.3784263 2
006 3 70 14 0 0.373659 0.059241 0 0.7478 0 0 -0.374141 0.059241 1.922668 0.378802 2
006 3 70 14 0 0.373264 0.059143 0 0.7478 0 0 -0.374536 0.059143 1.933777 0.3791769 2
006 3 70 14 0 0.37287 0.059039 0 0.7478 0 0 -0.37493 0.059039 1.948059 0.3795499 2
006 3 70 14 0 0.372477 0.058929 0 0.7478 0 0 -0.375323 0.058929 1.95575 0.379921 2
006 3 70 14 0 0.372084 0.058813 0 0.7478 0 0 -0.375716 0.058813 1.966614 0.3802913 2
006 3 70 14 0 0.371693 0.058692 0 0.7478 0 0 -0.376107 0.058692 1.977722 0.3806589 2
006 3 70 14 0 0.371302 0.058564 0 0.7478 0 0 -0.376498 0.058564 1.989197 0.3810256 2
006 3 70 14 0 0.370912 0.058431 0 0.7478 0 0 -0.376888 0.058431 2.000061 0.3813905 2
006 3 70 14 0 0.370523 0.058292 0 0.7478 0 0 -0.377277 0.058292 2.011292 0.3817537 2
006 3 70 14 0 0.370135 0.058147 0 0.7478 0 0 -0.377665 0.058147 2.022644 0.3821151 2
006 3 70 14 0 0.369748 0.057996 0 0.7478 0 0 -0.378052 0.057996 2.033875 0.3824746 2
006 3 70 14 0 0.369361 0.057839 0 0.7478 0 0 -0.378439 0.057839 2.04425 0.3828334 2
006 3 70 14 0 0.368976 0.057677 0 0.7478 0 0 -0.378824 0.057677 2.056213 0.3831896 2
006 3 70 14 0 0.368592 0.057508 0 0.7478 0 0 -0.379208 0.057508 2.066589 0.3835438 2
006 3 70 14 0 0.36821 0.057334 0 0.7478 0 0 -0.37959 0.057334 2.078064 0.3838955 2
006 3 70 14 0 0.367828 0.057155 0 0.7478 0 0 -0.379972 0.057155 2.089172 0.3842465 2
006 3 70 14 0 0.367448 0.056969 0 0.7478 0 0 -0.380352 0.056969 2.103333 0.3845947 2
006 3 70 14 0 0.367068 0.056778 0 0.7478 0 0 -0.380732 0.056778 2.111023 0.3849424 2
006 3 70 14 0 0.366691 0.056581 0 0.7478 0 0 -0.381109 0.056581 2.12262 0.3852862 2
006 3 70 14 0 0.366314 0.056379 0 0.7478 0 0 -0.381486 0.056379 2.133362 0.3856296 2
006 3 70 14 0 0.365939 0.056171 0 0.7478 0 0 -0.381861 0.056171 2.144592 0.3859702 2
006 3 70 14 0 0.365565 0.055957 0 0.7478 0 0 -0.382235 0.055957 2.155945 0.3863092 2
006 3 70 14 0 0.365193 0.055738 0 0.7478 0 0 -0.382607 0.055738 2.166687 0.3866456 2
006 3 70 14 0 0.364822 0.055513 0 0.7478 0 0 -0.382978 0.055513 2.178162 0.3869804 2
006 3 70 14 0 0.364453 0.055282 0 0.7478 0 0 -0.383347 0.055282 2.18927 0.3873125 2
006 3 70 14 0 0.364085 0.055046 0 0.7478 0 0 -0.383715 0.055046 2.200012 0.3876432 2
006 3 70 14 0 0.363719 0.054805 0 0.7478 0 0 -0.384081 0.054805 2.211365 0.3879714 2
006 3 70 14 0 0.363354 0.054558 0 0.7478 0 0 -0.384446 0.054558 2.222595 0.3882979 2
006 3 70 14 0 0.362991 0.054305 0 0.7478 0 0 -0.384809 0.054305 2.233459 0.3886219 2
006 3 70 14 0 0.36263 0.054048 0 0.7478 0 0 -0.38517 0.054048 2.244934 0.3889436 2
006 3 70 14 0 0.362271 0.053784 0 0.7478 0 0 -0.385529 0.053784 2.259216 0.3892625 2
006 3 70 14 0 0.361913 0.053516 0 0.7478 0 0 -0.385887 0.053516 2.266418 0.3895802 2
006 3 70 14 0 0.361557 0.053242 0 0.7478 0 0 -0.386243 0.053242 2.277893 0.3898953 2
006 3 70 14 0 0.361203 0.052962 0 0.7478 0 0 -0.386597 0.052962 2.289246 0.3902079 2
006 3 70 14 0 0.360851 0.052678 0 0.7478 0 0 -0.386949 0.052678 2.300232 0.3905182 2
006 3 70 14 0 0.360501 0.052388 0 0.7478 0 0 -0.387299 0.052388 2.311218 0.3908261 2
006 3 70 14 0 0.360152 0.052093 0 0.7478 0 0 -0.387648 0.052093 2.322815 0.3911325 2
006 3 70 14 0 0.359806 0.051793 0 0.7478 0 0 -0.387994 0.051793 2.333313 0.3914356 2
006 3 70 14 0 0.359462 0.051487 0 0.7478 0 0 -0.388338 0.051487 2.344788 0.3917363 2
006 3 70 14 0 0.35912 0.051176 0 0.7478 0 0 -0.38868 0.051176 2.355896 0.3920346 2
006 3 70 14 0 0.35878 0.050861 0 0.7478 0 0 -0.38902 0.050861 2.36676 0.3923307 2
006 3 70 14 0 0.358442 0.05054 0 0.7478 0 0 -0.389358 0.05054 2.377869 0.3926244 2
006 3 70 14 0 0.358106 0.050214 0 0.7478 0 0 -0.389694 0.050214 2.388977 0.3929158 2
006 3 70 14 0 0.357772 0.049883 0 0.7478 0 0 -0.390028 0.049883 2.400208 0.393205 2
006 3 70 14 0 0.357441 0.049547 0 0.7478 0 0 -0.390359 0.049547 2.414856 0.3934909 2
006 3 70 14 0 0.357111 0.049206 0 0.7478 0 0 -0.390689 0.049206 2.422302 0.3937755 2
006 3 70 14 0 0.356785 0.04886 0 0.7478 0 0 -0.391015 0.04886 2.433411 0.3940559 2
006 3 70 14 0 0.35646 0.04851 0 0.7478 0 0 -0.39134 0.04851 2.444885 0.3943352 2
006 3 70 14 0 0.356138 0.048154 0 0.7478 0 0 -0.391662 0.048154 2.45575 0.3946111 2
006 3 70 14 0 0.355818 0.047794 0 0.7478 0 0 -0.391982 0.047794 2.467102 0.394885 2
006 3 70 14 0 0.3555 0.047429 0 0.7478 0 0 -0.3923 0.047429 2.477966 0.3951567 2
006 3 70 14 0 0.355186 0.047059 0 0.7478 0 0 -0.392614 0.047059 2.489197 0.3954242 2
006 3 70 14 0 0.354873 0.046684 0 0.7478 0 0 -0.392927 0.046684 2.500183 0.3956906 2
006 3 70 14 0 0.354563 0.046305 0 0.7478 0 0 -0.393237 0.046305 2.511169 0.3959539 2
006 3 70 14 0 0.354256 0.045921 0 0.7478 0 0 -0.393544 0.045921 2.522522 0.3962141 2
006 3 70 14 0 0.353951 0.045533 0 0.7478 0 0 -0.393849 0.045533 2.533386 0.3964723 2
006 3 70 14 0 0.353649 0.04514 0 0.7478 0 0 -0.394151 0.04514 2.544983 0.3967274 2
006 3 70 14 0 0.353349 0.044742 0 0.7478 0 0 -0.394451 0.044742 2.556335 0.3969804 2
006 3 70 14 0 0.353052 0.04434 0 0.7478 0 0 -0.394748 0.04434 2.570618 0.3972304 2
006 3 70 14 0 0.352758 0.043934 0 0.7478 0 0 -0.395042 0.043934 2.57782 0.3974775 2
006 3 70 14 0 0.352466 0.043523 0 0.7478 0 0 -0.395334 0.043523 2.589294 0.3977225 2
006 3 70 14 0 0.352177 0.043108 0 0.7478 0 0 -0.395623 0.043108 2.600159 0.3979647 2
006 3 70 14 0 0.351891 0.042688 0 0.7478 0 0 -0.395909 0.042688 2.611145 0.3982037 2
006 3 70 14 0 0.351608 0.042265 0 0.7478 0 0 -0.396192 0.042265 2.622742 0.39844 2
006 3 70 14 0 0.351328 0.041837 0 0.7478 0 0 -0.396472 0.041837 2.633606 0.3986732 2
006 3 70 14 0 0.35105 0.041404 0 0.7478 0 0 -0.39675 0.041404 2.645081 0.3989045 2
006 3 70 14 0 0.350776 0.040968 0 0.7478 0 0 -0.397024 0.040968 2.656189 0.3991321 2
006 3 70 14 0 0.350504 0.040528 0 0.7478 0 0 -0.397296 0.040528 2.666687 0.3993578 2
006 3 70 14 0 0.350236 0.040083 0 0.7478 0 0 -0.397564 0.040083 2.67804 0.3995795 2
006 3 70 14 0 0.34997 0.039635 0 0.7478 0 0 -0.39783 0.039635 2.68927 0.3997995 2
006 3 70 14 0 0.349707 0.039182 0 0.7478 0 0 -0.398093 0.039182 2.700134 0.4000166 2
006 3 70 14 0 0.349447 0.038726 0 0.7478 0 0 -0.398353 0.038726 2.711853 0.4002309 2
006 3 70 14 0 0.349191 0.038266 0 0.7478 0 0 -0.398609 0.038266 2.726135 0.4004415 2
006 3 70 14 0 0.348937 0.037802 0 0.7478 0 0 -0.398863 0.037802 2.733093 0.4006503 2
006 3 70 14 0 0.348687 0.037334 0 0.7478 0 0 -0.399113 0.037334 2.74469 0.4008554 2
006 3 70 14 0 0.348439 0.036862 0 0.7478 0 0 -0.399361 0.036862 2.756042 0.4010586 2
006 3 70 14 0 0.348195 0.036387 0 0.7478 0 0 -0.399605 0.036387 2.766663 0.4012582 2
006 3 70 14 0 0.347954 0.035908 0 0.7478 0 0 -0.399846 0.035908 2.777893 0.4014551 2
006 3 70 14 0 0.347716 0.035426 0 0.7478 0 0 -0.400084 0.035426 2.789246 0.4016494 2
006 3 70 14 0 0.347482 0.03494 0 0.7478 0 0 -0.400318 0.03494 2.800354 0.4018399 2
006 3 70 14 0 0.347251 0.03445 0 0.7478 0 0 -0.400549 0.03445 2.811218 0.4020277 2
006 3 70 14 0 0.347023 0.033957 0 0.7478 0 0 -0.400777 0.033957 2.822571 0.4022129 2
006 3 70 14 0 0.346798 0.033461 0 0.7478 0 0 -0.401002 0.033461 2.833557 0.4023956 2
006 3 70 14 0 0.346576 0.032961 0 0.7478 0 0 -0.401224 0.032961 2.844788 0.4025756 2
006 3 70 14 0 0.346358 0.032458 0 0.7478 0 0 -0.401442 0.032458 2.855774 0.402752 2
006 3 70 14 0 0.346144 0.031952 0 0.7478 0 0 -0.401656 0.031952 2.867371 0.4029249 2
006 3 70 14 0 0.345932 0.031443 0 0.7478 0 0 -0.401868 0.031443 2.881165 0.4030962 2
006 3 70 14 0 0.345724 0.03093 0 0.7478 0 0 -0.402076 0.03093 2.889221 0.4032639 2
006 3 70 14 0 0.34552 0.030414 0 0.7478 0 0 -0.40228 0.030414 2.900208 0.403428 2
006 3 70 14 0 0.345319 0.029896 0 0.7478 0 0 -0.402481 0.029896 2.911438 0.4035898 2
006 3 70 14 0 0.345121 0.029374 0 0.7478 0 0 -0.402679 0.029374 2.922791 0.4037489 2
006 3 70 14 0 0.344927 0.028849 0 0.7478 0 0 -0.402873 0.028849 2.933533 0.4039046 2
006 3 70 14 0 0.344737 0.028322 0 0.7478 0 0 -0.403063 0.028322 2.944763 0.4040568 2
006 3 70 14 0 0.34455 0.027791 0 0.7478 0 0 -0.40325 0.027791 2.956238 0.4042065 2
006 3 70 14 0 0.344366 0.027258 0 0.7478 0 0 -0.403434 0.027258 2.966736 0.4043538 2
006 3 70 14 0 0.344186 0.026722 0 0.7478 0 0 -0.403614 0.026722 2.977966 0.4044976 2
006 3 70 14 0 0.34401 0.026184 0 0.7478 0 0 -0.40379 0.026184 2.989319 0.4046381 2
006 3 70 14 0 0.343837 0.025643 0 0.7478 0 0 -0.403963 0.025643 3.000183 0.4047761 2
006 3 70 14 0 0.343668 0.025099 0 0.7478 0 0 -0.404132 0.025099 3.011658 0.4049106 2
006 3 70 14 0 0.343502 0.024553 0 0.7478 0 0 -0.404298 0.024553 3.022888 0.4050428 2
006 3 70 14 0 0.343341 0.024004 0 0.7478 0 0 -0.404459 0.024004 3.037292 0.4051707 2
006 3 70 14 0 0.343182 0.023453 0 0.7478 0 0 -0.404618 0.023453 3.044128 0.4052971 2
006 3 70 14 0 0.343028 0.0229 0 0.7478 0 0 -0.404772 0.0229 3.056091 0.4054193 2
006 3 70 14 0 0.342877 0.022344 0 0.7478 0 0 -0.404923 0.022344 3.066956 0.405539 2
006 3 70 14 0 0.34273 0.021786 0 0.7478 0 0 -0.40507 0.021786 3.078186 0.4056554 2
006 3 70 14 0 0.342587 0.021226 0 0.7478 0 0 -0.405213 0.021226 3.089417 0.4057685 2
006 3 70 14 0 0.342447 0.020664 0 0.7478 0 0 -0.405353 0.020664 3.100037 0.4058793 2
006 3 70 14 0 0.342311 0.020099 0 0.7478 0 0 -0.405489 0.020099 3.111511 0.4059868 2
006 3 70 14 0 0.342179 0.019533 0 0.7478 0 0 -0.405621 0.019533 3.122986 0.406091 2
006 3 70 14 0 0.342051 0.018965 0 0.7478 0 0 -0.405749 0.018965 3.133606 0.406192 2
006 3 70 14 0 0.341926 0.018394 0 0.7478 0 0 -0.405874 0.018394 3.144714 0.4062906 2
006 3 70 14 0 0.341805 0.017822 0 0.7478 0 0 -0.405995 0.017822 3.156189 0.406386 2
006 3 70 14 0 0.341689 0.017249 0 0.7478 0 0 -0.406111 0.017249 3.166931 0.4064772 2
006 3 70 14 0 0.341575 0.016673 0 0.7478 0 0 -0.406225 0.016673 3.17804 0.406567 2
006 3 70 14 0 0.341466 0.016096 0 0.7478 0 0 -0.406334 0.016096 3.19281 0.4066527 2
006 3 70 14 0 0.341361 0.015517 0 0.7478 0 0 -0.406439 0.015517 3.200134 0.4067351 2
006 3 70 14 0 0.341259 0.014937 0 0.7478 0 0 -0.406541 0.014937 3.211121 0.4068153 2
006 3 70 14 0 0.341162 0.014355 0 0.7478 0 0 -0.406638 0.014355 3.222473 0.4068913 2
006 3 70 14 0 0.341068 0.013772 0 0.7478 0 0 -0.406732 0.013772 3.233704 0.4069651 2
006 3 70 14 0 0.340978 0.013187 0 0.7478 0 0 -0.406822 0.013187 3.24469 0.4070357 2
006 3 70 14 0 0.340892 0.012601 0 0.7478 0 0 -0.406908 0.012601 3.25592 0.407103 2
006 3 70 14 0 0.34081 0.012014 0 0.7478 0 0 -0.40699 0.012014 3.266907 0.4071673 2
006 3 70 14 0 0.340732 0.011425 0 0.7478 0 0 -0.407068 0.011425 3.278015 0.4072283 2
006 3 70 14 0 0.340658 0.010836 0 0.7478 0 0 -0.407142 0.010836 3.28949 0.4072861 2
006 3 70 14 0 0.340587 0.010245 0 0.7478 0 0 -0.407213 0.010245 3.300232 0.4073418 2
006 3 70 14 0 0.340521 0.009653 0 0.7478 0 0 -0.407279 0.009653 3.311829 0.4073934 2
006 3 70 14 0 0.340459 0.009061 0 0.7478 0 0 -0.407341 0.009061 3.322815 0.4074417 2
006 3 70 14 0 0.3404 0.008467 0 0.7478 0 0 -0.4074 0.008467 3.333557 0.407488 2
006 3 70 14 0 0.340346 0.007873 0 0.7478 0 0 -0.407454 0.007873 3.348083 0.40753 2
006 3 70 14 0 0.340295 0.007278 0 0.7478 0 0 -0.407505 0.007278 3.35553 0.40757 2
006 3 70 14 0 0.340249 0.006682 0 0.7478 0 0 -0.407551 0.006682 3.36676 0.4076058 2
006 3 70 14 0 0.340206 0.006085 0 0.7478 0 0 -0.407594 0.006085 3.377869 0.4076394 2
006 3 70 14 0 0.340168 0.005488 0 0.7478 0 0 -0.407632 0.005488 3.389343 0.4076689 2
006 3 70 14 0 0.340133 0.00489 0 0.7478 0 0 -0.407667 0.00489 3.400208 0.4076963 2
006 3 70 14 0 0.340102 0.004292 0 0.7478 0 0 -0.407698 0.004292 3.411438 0.4077206 2
006 3 70 14 0 0.340076 0.003693 0 0.7478 0 0 -0.407724 0.003693 3.422913 0.4077407 2
006 3 70 14 0 0.340053 0.003094 0 0.7478 0 0 -0.407747 0.003094 3.433655 0.4077587 2
006 3 70 14 0 0.340035 0.002495 0 0.7478 0 0 -0.407765 0.002495 3.445251 0.4077726 2
006 3 70 14 0 0.34002 0.001895 0 0.7478 0 0 -0.40778 0.001895 3.455872 0.4077844 2
006 3 70 14 0 0.340009 0.001295 0 0.7478 0 0 -0.407791 0.001295 3.466858 0.407793 2
006 3 70 14 0 0.340003 0.000696 0 0.7478 0 0 -0.407797 0.000696 3.478088 0.4077976 2
006 3 70 14 0 0.34 9.6E-05 0 0.7478 0 0 -0.4078 9.6E-05 3.489685 0.4078 2
006 3 70 14 0 0.340001 -0.000504 0 0.7478 0 0 -0.407799 -0.000504 3.503845 0.4077993 2
006 3 70 14 0 0.340007 -0.001104 0 0.7478 0 0 -0.407793 -0.001104 3.510925 0.4077945 2
006 3 70 14 0 0.340016 -0.001704 0 0.7478 0 0 -0.407784 -0.001704 3.522888 0.4077876 2
006 3 70 14 0 0.340029 -0.002304 0 0.7478 0 0 -0.407771 -0.002304 3.53363 0.4077775 2
006 3 70 14 0 0.340047 -0.002903 0 0.7478 0 0 -0.407753 -0.002903 3.544861 0.4077633 2
006 3 70 14 0 0.340068 -0.003502 0 0.7478 0 0 -0.407732 -0.003502 3.556213 0.407747 2
006 3 70 14 0 0.340094 -0.004101 0 0.7478 0 0 -0.407706 -0.004101 3.566956 0.4077266 2
006 3 70 14 0 0.340123 -0.0047 0 0.7478 0 0 -0.407677 -0.0047 3.577942 0.4077041 2
006 3 70 14 0 0.340156 -0.005298 0 0.7478 0 0 -0.407644 -0.005298 3.589417 0.4076784 2
006 3 70 14 0 0.340194 -0.005895 0 0.7478 0 0 -0.407606 -0.005895 3.600281 0.4076486 2
006 3 70 14 0 0.340235 -0.006492 0 0.7478 0 0 -0.407565 -0.006492 3.611389 0.4076167 2
006 3 70 14 0 0.34028 -0.007088 0 0.7478 0 0 -0.40752 -0.007088 3.622864 0.4075816 2
006 3 70 14 0 0.340329 -0.007683 0 0.7478 0 0 -0.407471 -0.007683 3.633728 0.4075434 2
006 3 70 14 0 0.340383 -0.008278 0 0.7478 0 0 -0.407417 -0.008278 3.644714 0.4075011 2
006 3 70 14 0 0.34044 -0.008872 0 0.7478 0 0 -0.40736 -0.008872 3.659607 0.4074566 2
006 3 70 14 0 0.340501 -0.009465 0 0.7478 0 0 -0.407299 -0.009465 3.666687 0.407409 2
006 3 70 14 0 0.340566 -0.010057 0 0.7478 0 0 -0.407234 -0.010057 3.67804 0.4073581 2
006 3 70 14 0 0.340635 -0.010648 0 0.7478 0 0 -0.407165 -0.010648 3.68927 0.4073042 2
006 3 70 14 0 0.340708 -0.011238 0 0.7478 0 0 -0.407092 -0.011238 3.7005 0.4072471 2
006 3 70 14 0 0.340785 -0.011826 0 0.7478 0 0 -0.407015 -0.011826 3.711487 0.4071868 2
006 3 70 14 0 0.340866 -0.012414 0 0.7478 0 0 -0.406934 -0.012414 3.722595 0.4071233 2
006 3 70 14 0 0.34095 -0.013001 0 0.7478 0 0 -0.40685 -0.013001 3.733704 0.4070576 2
006 3 70 14 0 0.341039 -0.013586 0 0.7478 0 0 -0.406761 -0.013586 3.744812 0.4069878 2
006 3 70 14 0 0.341131 -0.014169 0 0.7478 0 0 -0.406669 -0.014169 3.756042 0.4069158 2
006 3 70 14 0 0.341228 -0.014752 0 0.7478 0 0 -0.406572 -0.014752 3.766785 0.4068395 2
006 3 70 14 0 0.341328 -0.015332 0 0.7478 0 0 -0.406472 -0.015332 3.778137 0.4067611 2
006 3 70 14 0 0.341432 -0.015912 0 0.7478 0 0 -0.406368 -0.015912 3.789368 0.4066794 2
006 3 70 14 0 0.34154 -0.016489 0 0.7478 0 0 -0.40626 -0.016489 3.80011 0.4065945 2
006 3 70 14 0 0.341652 -0.017066 0 0.7478 0 0 -0.406148 -0.017066 3.814636 0.4065064 2
006 3 70 14 0 0.341768 -0.01764 0 0.7478 0 0 -0.406032 -0.01764 3.822327 0.406415 2
006 3 70 14 0 0.341887 -0.018212 0 0.7478 0 0 -0.405913 -0.018212 3.833801 0.4063213 2
006 3 70 14 0 0.342011 -0.018783 0 0.7478 0 0 -0.405789 -0.018783 3.844666 0.4062235 2
006 3 70 14 0 0.342138 -0.019352 0 0.7478 0 0 -0.405662 -0.019352 3.856384 0.4061233 2
006 3 70 14 0 0.342269 -0.019919 0 0.7478 0 0 -0.405531 -0.019919 3.867126 0.4060199 2
006 3 70 14 0 0.342403 -0.020484 0 0.7478 0 0 -0.405397 -0.020484 3.878357 0.4059142 2
006 3 70 14 0 0.342542 -0.021047 0 0.7478 0 0 -0.405258 -0.021047 3.889343 0.4058042 2
006 3 70 14 0 0.342684 -0.021608 0 0.7478 0 0 -0.405116 -0.021608 3.90033 0.4056918 2
006 3 70 14 0 0.34283 -0.022166 0 0.7478 0 0 -0.40497 -0.022166 3.911682 0.4055762 2
006 3 70 14 0 0.342979 -0.022723 0 0.7478 0 0 -0.404821 -0.022723 3.923401 0.4054582 2
006 3 70 14 0 0.343133 -0.023277 0 0.7478 0 0 -0.404667 -0.023277 3.933533 0.4053359 2
006 3 70 14 0 0.34329 -0.023829 0 0.7478 0 0 -0.40451 -0.023829 3.944763 0.4052112 2
006 3 70 14 0 0.343451 -0.024378 0 0.7478 0 0 -0.404349 -0.024378 3.956482 0.4050832 2
006 3 70 14 0 0.343615 -0.024925 0 0.7478 0 0 -0.404185 -0.024925 3.970398 0.4049528 2
006 3 70 14 0 0.343783 -0.02547 0 0.7478 0 0 -0.404017 -0.02547 3.977844 0.404819 2
006 3 70 14 0 0.343954 -0.026012 0 0.7478 0 0 -0.403846 -0.026012 3.989441 0.4046828 2
006 3 70 14 0 0.34413 -0.026551 0 0.7478 0 0 -0.40367 -0.026551 4.000549 0.4045422 2
006 3 70 14 0 0.344308 -0.027088 0 0.7478 0 0 -0.403492 -0.027088 4.011414 0.4044002 2
006 3 70 14 0 0.344491 -0.027622 0 0.7478 0 0 -0.403309 -0.027622 4.022644 0.4042538 2
006 3 70 14 0 0.344677 -0.028153 0 0.7478 0 0 -0.403123 -0.028153 4.033508 0.4041049 2
006 3 70 14 0 0.344866 -0.028682 0 0.7478 0 0 -0.402934 -0.028682 4.044739 0.4039535 2
006 3 70 14 0 0.345059 -0.029207 0 0.7478 0 0 -0.402741 -0.029207 4.056335 0.4037986 2
006 3 70 14 0 0.345256 -0.02973 0 0.7478 0 0 -0.402544 -0.02973 4.066833 0.4036404 2
006 3 70 14 0 0.345456 -0.03025 0 0.7478 0 0 -0.402344 -0.03025 4.078064 0.4034795 2
006 3 70 14 0 0.345659 -0.030766 0 0.7478 0 0 -0.402141 -0.030766 4.089539 0.4033161 2
006 3 70 14 0 0.345866 -0.03128 0 0.7478 0 0 -0.401934 -0.03128 4.100647 0.4031493 2
006 3 70 14 0 0.346076 -0.03179 0 0.7478 0 0 -0.401724 -0.03179 4.111633 0.4029799 2
006 3 70 14 0 0.34629 -0.032297 0 0.7478 0 0 -0.40151 -0.032297 4.127502 0.4028069 2
006 3 70 14 0 0.346507 -0.032801 0 0.7478 0 0 -0.401293 -0.032801 4.132874 0.4026313 2
006 3 70 14 0 0.346727 -0.033302 0 0.7478 0 0 -0.401073 -0.033302 4.144958 0.4024532 2
006 3 70 14 0 0.346951 -0.0338 0 0.7478 0 0 -0.400849 -0.0338 4.156067 0.4022715 2
006 3 70 14 0 0.347178 -0.034294 0 0.7478 0 0 -0.400622 -0.034294 4.166809 0.4020871 2
006 3 70 14 0 0.347408 -0.034784 0 0.7478 0 0 -0.400392 -0.034784 4.178162 0.4019001 2
006 3 70 14 0 0.347641 -0.035271 0 0.7478 0 0 -0.400159 -0.035271 4.18927 0.4017105 2
006 3 70 14 0 0.347878 -0.035755 0 0.7478 0 0 -0.399922 -0.035755 4.2005 0.4015171 2
006 3 70 14 0 0.348118 -0.036235 0 0.7478 0 0 -0.399682 -0.036235 4.211853 0.4013211 2
006 3 70 14 0 0.348361 -0.036711 0 0.7478 0 0 -0.399439 -0.036711 4.222961 0.4011224 2
006 3 70 14 0 0.348608 -0.037184 0 0.7478 0 0 -0.399192 -0.037184 4.233704 0.4009201 2
006 3 70 14 0 0.348857 -0.037653 0 0.7478 0 0 -0.398943 -0.037653 4.245056 0.4007159 2
006 3 70 14 0 0.34911 -0.038118 0 0.7478 0 0 -0.39869 -0.038118 4.256165 0.400508 2
006 3 70 14 0 0.349365 -0.03858 0 0.7478 0 0 -0.398435 -0.03858 4.267273 0.4002985 2
006 3 70 14 0 0.349624 -0.039038 0 0.7478 0 0 -0.398176 -0.039038 4.281433 0.4000851 2
006 3 70 14 0 0.349886 -0.039491 0 0.7478 0 0 -0.397914 -0.039491 4.289246 0.3998688 2
006 3 70 14 0 0.350151 -0.039941 0 0.7478 0 0 -0.397649 -0.039941 4.300232 0.3996499 2
006 3 70 14 0 0.350418 -0.040387 0 0.7478 0 0 -0.397382 -0.040387 4.312195 0.3994291 2
006 3 70 14 0 0.350689 -0.040828 0 0.7478 0 0 -0.397111 -0.040828 4.323181 0.3992043 2
006 3 70 14 0 0.350963 -0.041266 0 0.7478 0 0 -0.396837 -0.041266 4.333679 0.3989768 2
006 3 70 14 0 0.351239 -0.041699 0 0.7478 0 0 -0.396561 -0.041699 4.345032 0.3987473 2
006 3 70 14 0 0.351519 -0.042129 0 0.7478 0 0 -0.396281 -0.042129 4.35614 0.3985141 2
006 3 70 14 0 0.351801 -0.042554 0 0.7478 0 0 -0.395999 -0.042554 4.367249 0.3982788 2
006 3 70 14 0 0.352086 -0.042975 0 0.7478 0 0 -0.395714 -0.042975 4.378357 0.3980407 2
006 3 70 14 0 0.352374 -0.043391 0 0.7478 0 0 -0.395426 -0.043391 4.389343 0.3977996 2
006 3 70 14 0 0.352665 -0.043804 0 0.7478 0 0 -0.395135 -0.043804 4.400452 0.3975556 2
006 3 70 14 0 0.352958 -0.044211 0 0.7478 0 0 -0.394842 -0.044211 4.411926 0.3973095 2
006 3 70 14 0 0.353254 -0.044615 0 0.7478 0 0 -0.394546 -0.044615 4.423157 0.3970605 2
006 3 70 14 0 0.353553 -0.045014 0 0.7478 0 0 -0.394247 -0.045014 4.437073 0.3968084 2
006 3 70 14 0 0.353854 -0.045408 0 0.7478 0 0 -0.393946 -0.045408 4.444275 0.3965543 2
006 3 70 14 0 0.354158 -0.045798 0 0.7478 0 0 -0.393642 -0.045798 4.456116 0.3962972 2
006 3 70 14 0 0.354465 -0.046183 0 0.7478 0 0 -0.393335 -0.046183 4.467102 0.396037 2
006 3 70 14 0 0.354774 -0.046564 0 0.7478 0 0 -0.393026 -0.046564 4.478577 0.3957747 2
006 3 70 14 0 0.355086 -0.04694 0 0.7478 0 0 -0.392714 -0.04694 4.489563 0.3955094 2
006 3 70 14 0 0.3554 -0.047312 0 0.7478 0 0 -0.3924 -0.047312 4.500183 0.3952419 2
006 3 70 14 0 0.355717 -0.047678 0 0.7478 0 0 -0.392083 -0.047678 4.511536 0.3949712 2
006 3 70 14 0 0.356036 -0.04804 0 0.7478 0 0 -0.391764 -0.04804 4.522888 0.3946984 2
006 3 70 14 0 0.356357 -0.048397 0 0.7478 0 0 -0.391443 -0.048397 4.533997 0.3944235 2
006 3 70 14 0 0.356681 -0.048749 0 0.7478 0 0 -0.391119 -0.048749 4.544983 0.3941453 2
006 3 70 14 0 0.357007 -0.049097 0 0.7478 0 0 -0.390793 -0.049097 4.556213 0.393865 2
006 3 70 14 0 0.357335 -0.049439 0 0.7478 0 0 -0.390465 -0.049439 4.568054 0.3935824 2
006 3 70 14 0 0.357666 -0.049777 0 0.7478 0 0 -0.390134 -0.049777 4.578186 0.3932967 2
006 3 70 14 0 0.357999 -0.050109 0 0.7478 0 0 -0.389801 -0.050109 4.593201 0.3930086 2
006 3 70 14 0 0.358334 -0.050437 0 0.7478 0 0 -0.389466 -0.050437 4.600159 0.3927183 2
006 3 70 14 0 0.358672 -0.050759 0 0.7478 0 0 -0.389128 -0.050759 4.611633 0.3924246 2
006 3 70 14 0 0.359011 -0.051076 0 0.7478 0 0 -0.388789 -0.051076 4.622742 0.3921296 2
006 3 70 14 0 0.359353 -0.051389 0 0.7478 0 0 -0.388447 -0.051389 4.633606 0.3918315 2
006 3 70 14 0 0.359696 -0.051696 0 0.7478 0 0 -0.388104 -0.051696 4.644714 0.3915319 2
006 3 70 14 0 0.360042 -0.051998 0 0.7478 0 0 -0.387758 -0.051998 4.656067 0.3912289 2
006 3 70 14 0 0.36039 -0.052295 0 0.7478 0 0 -0.38741 -0.052295 4.667053 0.3909236 2
006 3 70 14 0 0.360739 -0.052586 0 0.7478 0 0 -0.387061 -0.052586 4.67804 0.3906168 2
006 3 70 14 0 0.361091 -0.052872 0 0.7478 0 0 -0.386709 -0.052872 4.689636 0.3903067 2
006 3 70 14 0 0.361444 -0.053153 0 0.7478 0 0 -0.386356 -0.053153 4.700256 0.3899951 2
006 3 70 14 0 0.361799 -0.053429 0 0.7478 0 0 -0.386001 -0.053429 4.711487 0.3896812 2
006 3 70 14 0 0.362157 -0.053699 0 0.7478 0 0 -0.385643 -0.053699 4.722961 0.3893637 2
006 3 70 14 0 0.362515 -0.053964 0 0.7478 0 0 -0.385285 -0.053964 4.734558 0.3890458 2
006 3 70 14 0 0.362876 -0.054224 0 0.7478 0 0 -0.384924 -0.054224 4.747986 0.3887245 2
006 3 70 14 0 0.363238 -0.054478 0 0.7478 0 0 -0.384562 -0.054478 4.755798 0.3884016 2
006 3 70 14 0 0.363602 -0.054727 0 0.7478 0 0 -0.384198 -0.054727 4.767639 0.3880762 2
006 3 70 14 0 0.363968 -0.05497 0 0.7478 0 0 -0.383832 -0.05497 4.778259 0.3877482 2
006 3 70 14 0 0.364335 -0.055208 0 0.7478 0 0 -0.383465 -0.055208 4.789612 0.3874188 2
006 3 70 14 0 0.364704 -0.05544 0 0.7478 0 0 -0.383096 -0.05544 4.80011 0.3870867 2
006 3 70 14 0 0.365074 -0.055667 0 0.7478 0 0 -0.382726 -0.055667 4.811829 0.3867531 2
006 3 70 14 0 0.365446 -0.055888 0 0.7478 0 0 -0.382354 -0.055888 4.822937 0.3864169 2
006 3 70 14 0 0.36582 -0.056103 0 0.7478 0 0 -0.38198 -0.056103 4.833679 0.3860781 2
006 3 70 14 0 0.366194 -0.056313 0 0.7478 0 0 -0.381606 -0.056313 4.84491 0.3857386 2
006 3 70 14 0 0.36657 -0.056517 0 0.7478 0 0 -0.38123 -0.056517 4.856262 0.3853965 2
006 3 70 14 0 0.366948 -0.056716 0 0.7478 0 0 -0.380852 -0.056716 4.867126 0.3850519 2
006 3 70 14 0 0.367327 -0.056909 0 0.7478 0 0 -0.380473 -0.056909 4.878479 0.3847055 2
006 3 70 14 0 0.367707 -0.057096 0 0.7478 0 0 -0.380093 -0.057096 4.889343 0.3843574 2
006 3 70 14 0 0.368088 -0.057278 0 0.7478 0 0 -0.379712 -0.057278 4.903503 0.3840078 2
006 3 70 14 0 0.36847 -0.057453 0 0.7478 0 0 -0.37933 -0.057453 4.911682 0.3836562 2
006 3 70 14 0 0.368854 -0.057624 0 0.7478 0 0 -0.378946 -0.057624 4.922913 0.3833022 2
006 3 70 14 0 0.369239 -0.057788 0 0.7478 0 0 -0.378561 -0.057788 4.934021 0.3829463 2
006 3 70 14 0 0.369624 -0.057946 0 0.7478 0 0 -0.378176 -0.057946 4.944641 0.3825896 2
006 3 70 14 0 0.370011 -0.058099 0 0.7478 0 0 -0.377789 -0.058099 4.95636 0.3822303 2
006 3 70 14 0 0.370399 -0.058246 0 0.7478 0 0 -0.377401 -0.058246 4.967224 0.3818692 2
006 3 70 14 0 0.370788 -0.058387 0 0.7478 0 0 -0.377012 -0.058387 4.978088 0.3815063 2
006 3 70 14 0 0.371178 -0.058522 0 0.7478 0 0 -0.376622 -0.058522 4.989685 0.3811416 2
006 3 70 14 0 0.371568 -0.058652 0 0.7478 0 0 -0.376232 -0.058652 5.000549 0.3807763 2
006 3 70 14 0 0.37196 -0.058775 0 0.7478 0 0 -0.37584 -0.058775 5.011658 0.3804079 2
006 3 70 14 0 0.372352 -0.058893 0 0.7478 0 0 -0.375448 -0.058893 5.022888 0.3800389 2
006 3 70 14 0 0.372745 -0.059005 0 0.7478 0 0 -0.375055 -0.059005 5.033752 0.3796681 2
006 3 70 14 0 0.373139 -0.059111 0 0.7478 0 0 -0.374661 -0.059111 5.045227 0.3792954 2
006 3 70 14 0 0.373533 -0.059211 0 0.7478 0 0 -0.374267 -0.059211 5.059509 0.3789218 2
006 3 70 14 0 0.373928 -0.059305 0 0.7478 0 0 -0.373872 -0.059305 5.066956 0.3785464 2
006 3 70 14 0 0.374324 -0.059393 0 0.7478 0 0 -0.373476 -0.059393 5.078308 0.3781691 2
006 3 70 14 0 0.37472 -0.059475 0 0.7478 0 0 -0.37308 -0.059475 5.089539 0.3777909 2
006 3 70 14 0 0.375117 -0.059551 0 0.7478 0 0 -0.372683 -0.059551 5.100403 0.3774108 2
006 3 70 14 0 0.375514 -0.059621 0 0.7478 0 0 -0.372286 -0.059621 5.111511 0.3770299 2
006 3 70 14 0 0.375912 -0.059686 0 0.7478 0 0 -0.371888 -0.059686 5.122742 0.3766472 2
006 3 70 14 0 0.37631 -0.059744 0 0.7478 0 0 -0.37149 -0.059744 5.133606 0.3762634 2
006 3 70 14 0 0.376708 -0.059796 0 0.7478 0 0 -0.371092 -0.059796 5.144958 0.3758787 2
006 3 70 14 0 0.377107 -0.059843 0 0.7478 0 0 -0.370693 -0.059843 5.156311 0.3754923 2
006 3 70 14 0 0.377506 -0.059883 0 0.7478 0 0 -0.370294 -0.059883 5.167053 0.3751048 2
006 3 70 14 0 0.377905 -0.059918 0 0.7478 0 0 -0.369895 -0.059918 5.178284 0.3747165 2
006 3 70 14 0 0.378305 -0.059946 0 0.7478 0 0 -0.369495 -0.059946 5.189392 0.3743261 2
006 3 70 14 0 0.378705 -0.059969 0 0.7478 0 0 -0.369095 -0.059969 5.200745 0.373935 2
006 3 70 14 0 0.379105 -0.059985 0 0.7478 0 0 -0.368695 -0.059985 5.215027 0.3735428 2
006 3 70 14 0 0.379504 -0.059995 0 0.7478 0 0 -0.368296 -0.059995 5.222717 0.3731506 2
006 3 70 14 0 0.379904 -0.06 0 0.7478 0 0 -0.367896 -0.06 5.233582 0.3727566 2
006 3 70 14 0 0.380304 -0.059998 0 0.7478 0 0 -0.367496 -0.059998 5.244934 0.3723615 2
006 3 70 14 0 0.380704 -0.059991 0 0.7478 0 0 -0.367096 -0.059991 5.256287 0.3719656 2
006 3 70 14 0 0.381104 -0.059977 0 0.7478 0 0 -0.366696 -0.059977 5.266785 0.3715686 2
006 3 70 14 0 0.381504 -0.059958 0 0.7478 0 0 -0.366296 -0.059958 5.278137 0.3711707 2
006 3 70 14 0 0.381904 -0.059932 0 0.7478 0 0 -0.365896 -0.059932 5.289246 0.3707718 2
006 3 70 14 0 0.382303 -0.0599 0 0.7478 0 0 -0.365497 -0.0599 5.300232 0.3703729 2
006 3 70 14 0 0.382702 -0.059863 0 0.7478 0 0 -0.365098 -0.059863 5.311829 0.3699732 2
006 3 70 14 0 0.383101 -0.059819 0 0.7478 0 0 -0.364699 -0.059819 5.322937 0.3695723 2
006 3 70 14 0 0.3835 -0.05977 0 0.7478 0 0 -0.3643 -0.05977 5.334167 0.3691706 2
006 3 70 14 0 0.383898 -0.059714 0 0.7478 0 0 -0.363902 -0.059714 5.344788 0.3687688 2
006 3 70 14 0 0.384296 -0.059653 0 0.7478 0 0 -0.363504 -0.059653 5.35614 0.3683662 2
006 3 70 14 0 0.384694 -0.059586 0 0.7478 0 0 -0.363106 -0.059586 5.370911 0.3679626 2
006 3 70 14 0 0.385091 -0.059512 0 0.7478 0 0 -0.362709 -0.059512 5.378113 0.3675588 2
006 3 70 14 0 0.385487 -0.059433 0 0.7478 0 0 -0.362313 -0.059433 5.389709 0.3671552 2
006 3 70 14 0 0.385883 -0.059348 0 0.7478 0 0 -0.361917 -0.059348 5.400574 0.3667507 2
006 3 70 14 0 0.386278 -0.059256 0 0.7478 0 0 -0.361522 -0.059256 5.412048 0.366346 2
006 3 70 14 0 0.386673 -0.059159 0 0.7478 0 0 -0.361127 -0.059159 5.422913 0.3659405 2
006 3 70 14 0 0.387067 -0.059056 0 0.7478 0 0 -0.360733 -0.059056 5.433777 0.3655351 2
006 3 70 14 0 0.38746 -0.058947 0 0.7478 0 0 -0.36034 -0.058947 5.444885 0.3651296 2
006 3 70 14 0 0.387853 -0.058832 0 0.7478 0 0 -0.359947 -0.058832 5.456482 0.3647232 2
006 3 70 14 0 0.388245 -0.058712 0 0.7478 0 0 -0.359555 -0.058712 5.467346 0.364317 2
006 3 70 14 0 0.388636 -0.058585 0 0.7478 0 0 -0.359164 -0.058585 5.478455 0.3639107 2
006 3 70 14 0 0.389026 -0.058452 0 0.7478 0 0 -0.358774 -0.058452 5.489685 0.3635044 2
006 3 70 14 0 0.389415 -0.058314 0 0.7478 0 0 -0.358385 -0.058314 5.500427 0.3630982 2
006 3 70 14 0 0.389804 -0.05817 0 0.7478 0 0 -0.357996 -0.05817 5.511658 0.3626912 2
006 3 70 14 0 0.390191 -0.05802 0 0.7478 0 0 -0.357609 -0.05802 5.526428 0.3622851 2
006 3 70 14 0 0.390577 -0.057864 0 0.7478 0 0 -0.357223 -0.057864 5.533508 0.3618791 2
006 3 70 14 0 0.390962 -0.057703 0 0.7478 0 0 -0.356838 -0.057703 5.544861 0.3614734 2
006 3 70 14 0 0.391346 -0.057535 0 0.7478 0 0 -0.356454 -0.057535 5.556213 0.3610675 2
006 3 70 14 0 0.391729 -0.057362 0 0.7478 0 0 -0.356071 -0.057362 5.567078 0.3606618 2
006 3 70 14 0 0.392111 -0.057184 0 0.7478 0 0 -0.355689 -0.057184 5.577942 0.3602564 2
006 3 70 14 0 0.392492 -0.056999 0 0.7478 0 0 -0.355308 -0.056999 5.589661 0.3598509 2
006 3 70 14 0 0.392871 -0.056809 0 0.7478 0 0 -0.354929 -0.056809 5.600525 0.3594466 2
006 3 70 14 0 0.393249 -0.056613 0 0.7478 0 0 -0.354551 -0.056613 5.611511 0.3590424 2
006 3 70 14 0 0.393626 -0.056411 0 0.7478 0 0 -0.354174 -0.056411 5.622864 0.3586383 2
006 3 70 14 0 0.394001 -0.056204 0 0.7478 0 0 -0.353799 -0.056204 5.63385 0.3582354 2
006 3 70 14 0 0.394375 -0.055991 0 0.7478 0 0 -0.353425 -0.055991 5.644958 0.3578327 2
006 3 70 14 0 0.394748 -0.055773 0 0.7478 0 0 -0.353052 -0.055773 5.656311 0.3574302 2
006 3 70 14 0 0.395119 -0.055549 0 0.7478 0 0 -0.352681 -0.055549 5.667175 0.3570288 2
006 3 70 14 0 0.395489 -0.055319 0 0.7478 0 0 -0.352311 -0.055319 5.681335 0.3566276 2
006 3 70 14 0 0.395857 -0.055084 0 0.7478 0 0 -0.351943 -0.055084 5.68927 0.3562276 2
006 3 70 14 0 0.396223 -0.054844 0 0.7478 0 0 -0.351577 -0.054844 5.700378 0.3558289 2
006 3 70 14 0 0.396588 -0.054598 0 0.7478 0 0 -0.351212 -0.054598 5.711975 0.3554305 2
006 3 70 14 0 0.396951 -0.054346 0 0.7478 0 0 -0.350849 -0.054346 5.722961 0.3550331 2
006 3 70 14 0 0.397313 -0.054089 0 0.7478 0 0 -0.350487 -0.054089 5.73407 0.3546361 2
006 3 70 14 0 0.397672 -0.053827 0 0.7478 0 0 -0.350128 -0.053827 5.745178 0.3542414 2
006 3 70 14 0 0.39803 -0.053559 0 0.7478 0 0 -0.34977 -0.053559 5.756165 0.3538469 2
006 3 70 14 0 0.398386 -0.053286 0 0.7478 0 0 -0.349414 -0.053286 5.766907 0.3534537 2
006 3 70 14 0 0.398741 -0.053007 0 0.7478 0 0 -0.349059 -0.053007 5.778381 0.3530608 2
006 3 70 14 0 0.399093 -0.052724 0 0.7478 0 0 -0.348707 -0.052724 5.789612 0.3526704 2
006 3 70 14 0 0.399444 -0.052434 0 0.7478 0 0 -0.348356 -0.052434 5.800476 0.35228 2
006 3 70 14 0 0.399792 -0.05214 0 0.7478 0 0 -0.348008 -0.05214 5.811707 0.3518922 2
006 3 70 14 0 0.400139 -0.051841 0 0.7478 0 0 -0.347661 -0.051841 5.823181 0.3515048 2
006 3 70 14 0 0.400483 -0.051536 0 0.7478 0 0 -0.347317 -0.051536 5.836975 0.3511197 2
006 3 70 14 0 0.400826 -0.051226 0 0.7478 0 0 -0.346974 -0.051226 5.844788 0.350735 2
006 3 70 14 0 0.401166 -0.050911 0 0.7478 0 0 -0.346634 -0.050911 5.856506 0.3503528 2
006 3 70 14 0 0.401505 -0.050591 0 0.7478 0 0 -0.346295 -0.050591 5.867004 0.349971 2
006 3 70 14 0 0.401841 -0.050266 0 0.7478 0 0 -0.345959 -0.050266 5.878479 0.3495916 2
006 3 70 14 0 0.402175 -0.049936 0 0.7478 0 0 -0.345625 -0.049936 5.889709 0.3492137 2
006 3 70 14 0 0.402507 -0.049601 0 0.7478 0 0 -0.345293 -0.049601 5.90033 0.3488373 2
006 3 70 14 0 0.402836 -0.049261 0 0.7478 0 0 -0.344964 -0.049261 5.911926 0.3484635 2
006 3 70 14 0 0.403164 -0.048916 0 0.7478 0 0 -0.344636 -0.048916 5.923035 0.3480901 2
006 3 70 14 0 0.403489 -0.048566 0 0.7478 0 0 -0.344311 -0.048566 5.934143 0.3477193 2
006 3 70 14 0 0.403811 -0.048211 0 0.7478 0 0 -0.343989 -0.048211 5.945374 0.347351 2
006 3 70 14 0 0.404131 -0.047852 0 0.7478 0 0 -0.343669 -0.047852 5.956116 0.3469844 2
006 3 70 14 0 0.404449 -0.047487 0 0.7478 0 0 -0.343351 -0.047487 5.967224 0.3466192 2
006 3 70 14 0 0.404764 -0.047118 0 0.7478 0 0 -0.343036 -0.047118 5.978455 0.3462569 2
006 3 70 14 0 0.405077 -0.046744 0 0.7478 0 0 -0.342723 -0.046744 5.993347 0.345896 2
006 3 70 14 0 0.405388 -0.046366 0 0.7478 0 0 -0.342412 -0.046366 6.000183 0.3455369 2
006 3 70 14 0 0.405696 -0.045983 0 0.7478 0 0 -0.342104 -0.045983 6.011658 0.3451805 2
006 3 70 14 0 0.406001 -0.045595 0 0.7478 0 0 -0.341799 -0.045595 6.022888 0.3448267 2
006 3 70 14 0 0.406303 -0.045203 0 0.7478 0 0 -0.341497 -0.045203 6.034363 0.3444757 2
006 3 70 14 0 0.406604 -0.044806 0 0.7478 0 0 -0.341196 -0.044806 6.044861 0.3441254 2
006 3 70 14 0 0.406901 -0.044405 0 0.7478 0 0 -0.340899 -0.044405 6.056091 0.3437789 2
006 3 70 14 0 0.407196 -0.043999 0 0.7478 0 0 -0.340604 -0.043999 6.067078 0.3434341 2
006 3 70 14 0 0.407488 -0.043589 0 0.7478 0 0 -0.340312 -0.043589 6.078308 0.3430922 2
006 3 70 14 0 0.407777 -0.043174 0 0.7478 0 0 -0.340023 -0.043174 6.089539 0.342753 2
006 3 70 14 0 0.408063 -0.042755 0 0.7478 0 0 -0.339737 -0.042755 6.100281 0.3424167 2
006 3 70 14 0 0.408347 -0.042332 0 0.7478 0 0 -0.339453 -0.042332 6.111633 0.3420823 2
006 3 70 14 0 0.408628 -0.041905 0 0.7478 0 0 -0.339172 -0.041905 6.122986 0.3417509 2
006 3 70 14 0 0.408906 -0.041474 0 0.7478 0 0 -0.338894 -0.041474 6.13385 0.3414223 2
006 3 70 14 0 0.409181 -0.041038 0 0.7478 0 0 -0.338619 -0.041038 6.148132 0.3410967 2
006 3 70 14 0 0.409453 -0.040598 0 0.7478 0 0 -0.338347 -0.040598 6.156067 0.3407739 2
006 3 70 14 0 0.409722 -0.040154 0 0.7478 0 0 -0.338078 -0.040154 6.167297 0.3404542 2
006 3 70 14 0 0.409988 -0.039707 0 0.7478 0 0 -0.337812 -0.039707 6.178406 0.3401376 2
006 3 70 14 0 0.410251 -0.039255 0 0.7478 0 0 -0.337549 -0.039255 6.189514 0.3398239 2
006 3 70 14 0 0.410511 -0.038799 0 0.7478 0 0 -0.337289 -0.038799 6.200623 0.3395132 2
006 3 70 14 0 0.410769 -0.038339 0 0.7478 0 0 -0.337031 -0.038339 6.211487 0.3392046 2
006 3 70 14 0 0.411023 -0.037876 0 0.7478 0 0 -0.336777 -0.037876 6.222839 0.3389002 2
006 3 70 14 0 0.411274 -0.037409 0 0.7478 0 0 -0.336526 -0.037409 6.233704 0.3385988 2
006 3 70 14 0 0.411521 -0.036938 0 0.7478 0 0 -0.336279 -0.036938 6.244934 0.3383016 2
006 3 70 14 0 0.411766 -0.036463 0 0.7478 0 0 -0.336034 -0.036463 6.256165 0.3380065 2
006 3 70 14 0 0.412008 -0.035985 0 0.7478 0 0 -0.335792 -0.035985 6.267151 0.3377146 2
006 3 70 14 0 0.412246 -0.035503 0 0.7478 0 0 -0.335554 -0.035503 6.278381 0.3374269 2
006 3 70 14 0 0.412481 -0.035017 0 0.7478 0 0 -0.335319 -0.035017 6.289978 0.3371424 2
006 3 70 14 0 0.412713 -0.034529 0 0.7478 0 0 -0.335087 -0.034529 6.303772 0.3368613 2
006 3 70 14 0 0.412941 -0.034036 0 0.7478 0 0 -0.334859 -0.034036 6.311707 0.3365843 2
006 3 70 14 0 0.413167 -0.03354 0 0.7478 0 0 -0.334633 -0.03354 6.322937 0.3363096 2
006 3 70 14 0 0.413389 -0.033041 0 0.7478 0 0 -0.334411 -0.033041 6.334045 0.3360393 2
006 3 70 14 0 0.413607 -0.032539 0 0.7478 0 0 -0.334193 -0.032539 6.34491 0.3357733 2
006 3 70 14 0 0.413822 -0.032033 0 0.7478 0 0 -0.333978 -0.032033 6.356018 0.3355107 2
006 3 70 14 0 0.414034 -0.031524 0 0.7478 0 0 -0.333766 -0.031524 6.367249 0.3352514 2
006 3 70 14 0 0.414243 -0.031012 0 0.7478 0 0 -0.333557 -0.031012 6.378601 0.3349955 2
006 3 70 14 0 0.414448 -0.030497 0 0.7478 0 0 -0.333352 -0.030497 6.389832 0.3347441 2
006 3 70 14 0 0.414649 -0.029979 0 0.7478 0 0 -0.333151 -0.029979 6.40033 0.3344971 2
006 3 70 14 0 0.414847 -0.029457 0 0.7478 0 0 -0.332953 -0.029457 6.412048 0.3342535 2
006 3 70 14 0 0.415042 -0.028933 0 0.7478 0 0 -0.332758 -0.028933 6.422913 0.3340135 2
006 3 70 14 0 0.415233 -0.028406 0 0.7478 0 0 -0.332567 -0.028406 6.433899 0.3337779 2
006 3 70 14 0 0.415421 -0.027876 0 0.7478 0 0 -0.332379 -0.027876 6.445862 0.3335459 2
006 3 70 14 0 0.415605 -0.027343 0 0.7478 0 0 -0.332195 -0.027343 6.459778 0.3333184 2
006 3 70 14 0 0.415785 -0.026808 0 0.7478 0 0 -0.332015 -0.026808 6.46698 0.3330955 2
006 3 70 14 0 0.415962 -0.02627 0 0.7478 0 0 -0.331838 -0.02627 6.478577 0.3328762 2
006 3 70 14 0 0.416136 -0.025729 0 0.7478 0 0 -0.331664 -0.025729 6.489441 0.3326605 2
006 3 70 14 0 0.416305 -0.025186 0 0.7478 0 0 -0.331495 -0.025186 6.500549 0.3324504 2
006 3 70 14 0 0.416471 -0.02464 0 0.7478 0 0 -0.331329 -0.02464 6.512146 0.3322439 2
006 3 70 14 0 0.416634 -0.024092 0 0.7478 0 0 -0.331166 -0.024092 6.522644 0.3320412 2
006 3 70 14 0 0.416793 -0.023541 0 0.7478 0 0 -0.331007 -0.023541 6.53363 0.331843 2
006 3 70 14 0 0.416948 -0.022988 0 0.7478 0 0 -0.330852 -0.022988 6.545105 0.3316496 2
006 3 70 14 0 0.417099 -0.022433 0 0.7478 0 0 -0.330701 -0.022433 6.556213 0.331461 2
006 3 70 14 0 0.417247 -0.021875 0 0.7478 0 0 -0.330553 -0.021875 6.5672 0.331276 2
006 3 70 14 0 0.417391 -0.021315 0 0.7478 0 0 -0.330409 -0.021315 6.57843 0.3310958 2
006 3 70 14 0 0.417531 -0.020753 0 0.7478 0 0 -0.330269 -0.020753 6.589294 0.3309204 2
006 3 70 14 0 0.417668 -0.020189 0 0.7478 0 0 -0.330132 -0.020189 6.600525 0.3307487 2
006 3 70 14 0 0.4178 -0.019623 0 0.7478 0 0 -0.33 -0.019623 6.614807 0.3305829 2
006 3 70 14 0 0.417929 -0.019055 0 0.7478 0 0 -0.329871 -0.019055 6.622864 0.3304209 2
006 3 70 14 0 0.418054 -0.018485 0 0.7478 0 0 -0.329746 -0.018485 6.633728 0.3302637 2
006 3 70 14 0 0.418176 -0.017914 0 0.7478 0 0 -0.329624 -0.017914 6.645081 0.3301104 2
006 3 70 14 0 0.418293 -0.01734 0 0.7478 0 0 -0.329507 -0.01734 6.656067 0.3299629 2
006 3 70 14 0 0.418407 -0.016765 0 0.7478 0 0 -0.329393 -0.016765 6.667297 0.3298194 2
006 3 70 14 0 0.418517 -0.016188 0 0.7478 0 0 -0.329283 -0.016188 6.678162 0.3296807 2
006 3 70 14 0 0.418623 -0.015609 0 0.7478 0 0 -0.329177 -0.015609 6.689636 0.3295469 2
006 3 70 14 0 0.418725 -0.015029 0 0.7478 0 0 -0.329075 -0.015029 6.700256 0.329418 2
006 3 70 14 0 0.418823 -0.014448 0 0.7478 0 0 -0.328977 -0.014448 6.712097 0.3292941 2
006 3 70 14 0 0.418917 -0.013865 0 0.7478 0 0 -0.328883 -0.013865 6.722839 0.3291751 2
006 3 70 14 0 0.419008 -0.01328 0 0.7478 0 0 -0.328792 -0.01328 6.73407 0.32906 2
006 3 70 14 0 0.419094 -0.012694 0 0.7478 0 0 -0.328706 -0.012694 6.745178 0.328951 2
006 3 70 14 0 0.419177 -0.012107 0 0.7478 0 0 -0.328623 -0.012107 6.756165 0.3288459 2
006 3 70 14 0 0.419256 -0.011519 0 0.7478 0 0 -0.328544 -0.011519 6.771057 0.3287458 2
006 3 70 14 0 0.419331 -0.01093 0 0.7478 0 0 -0.328469 -0.01093 6.778137 0.3286508 2
006 3 70 14 0 0.419402 -0.010339 0 0.7478 0 0 -0.328398 -0.010339 6.789856 0.3285607 2
006 3 70 14 0 0.419469 -0.009748 0 0.7478 0 0 -0.328331 -0.009748 6.800842 0.3284757 2
006 3 70 14 0 0.419532 -0.009155 0 0.7478 0 0 -0.328268 -0.009155 6.811829 0.3283956 2
006 3 70 14 0 0.419591 -0.008562 0 0.7478 0 0 -0.328209 -0.008562 6.822937 0.3283207 2
006 3 70 14 0 0.419646 -0.007968 0 0.7478 0 0 -0.328154 -0.007968 6.834045 0.3282507 2
006 3 70 14 0 0.419697 -0.007372 0 0.7478 0 0 -0.328103 -0.007372 6.845276 0.3281858 2
006 3 70 14 0 0.419744 -0.006777 0 0.7478 0 0 -0.328056 -0.006777 6.856018 0.328126 2
006 3 70 14 0 0.419787 -0.00618 0 0.7478 0 0 -0.328013 -0.00618 6.867249 0.3280712 2
006 3 70 14 0 0.419826 -0.005583 0 0.7478 0 0 -0.327974 -0.005583 6.878235 0.3280215 2
006 3 70 14 0 0.419862 -0.004985 0 0.7478 0 0 -0.327938 -0.004985 6.889587 0.3279759 2
006 3 70 14 0 0.419893 -0.004387 0 0.7478 0 0 -0.327907 -0.004387 6.900574 0.3279364 2
006 3 70 14 0 0.41992 -0.003789 0 0.7478 0 0 -0.32788 -0.003789 6.912048 0.3279019 2
006 3 70 14 0 0.419943 -0.00319 0 0.7478 0 0 -0.327857 -0.00319 6.926208 0.3278725 2
006 3 70 14 0 0.419963 -0.00259 0 0.7478 0 0 -0.327837 -0.00259 6.933411 0.3278472 2
006 3 70 14 0 0.419978 -0.001991 0 0.7478 0 0 -0.327822 -0.001991 6.945251 0.327828 2
006 3 70 14 0 0.419989 -0.001391 0 0.7478 0 0 -0.327811 -0.001391 6.955994 0.3278139 2
006 3 70 14 0 0.419997 -0.000791 0 0.7478 0 0 -0.327803 -0.000791 6.967468 0.3278039 2
006 3 70 14 0 0.42 -0.000191 0 0.7478 0 0 -0.3278 -0.000191 6.978577 0.3278 2
006 3 70 14 0 0.42 0 0 0.7478 0 0 -0.3278 0 6.989685 0.3278 2
