006 3 72 15 0 0.4 0.02 0 0.7478 0 0 -0.3478 0.02 0 0.3483745 1
006 3 72 15 0.0006 0.4 0.019998 0 0.7478 0 0.0006 -0.3478 0.019998 0.01123047 0.348375 1
006 3 72 15 0.0012 0.4 0.019992 0 0.7478 0 0.0012 -0.3478 0.019992 0.02197266 0.3483762 1
006 3 72 15 0.0018 0.4 0.019982 0 0.7478 0 0.0018 -0.3478 0.019982 0.0333252 0.3483782 1
006 3 72 15 0.002399 0.4 0.019968 0 0.7478 0 0.002399 -0.3478 0.019968 0.04443359 0.348381 1
006 3 72 15 0.002999 0.4 0.01995 0 0.7478 0 0.002999 -0.3478 0.01995 0.05578613 0.3483846 1
006 3 72 15 0.003598 0.4 0.019928 0 0.7478 0 0.003598 -0.3478 0.019928 0.06665039 0.348389 1
006 3 72 15 0.004197 0.4 0.019902 0 0.7478 0 0.004197 -0.3478 0.019902 0.07763672 0.3483942 1
006 3 72 15 0.004795 0.4 0.019872 0 0.7478 0 0.004795 -0.3478 0.019872 0.08862305 0.3484002 1
006 3 72 15 0.005393 0.4 0.019838 0 0.7478 0 0.005393 -0.3478 0.019838 0.09973145 0.348407 1
006 3 72 15 0.00599 0.4 0.0198 0 0.7478 0 0.00599 -0.3478 0.0198 0.1109619 0.3484146 1
006 3 72 15 0.006587 0.4 0.019758 0 0.7478 0 0.006587 -0.3478 0.019758 0.1223145 0.348423 1
006 3 72 15 0.007183 0.4 0.019712 0 0.7478 0 0.007183 -0.3478 0.019712 0.1335449 0.3484322 1
006 3 72 15 0.007778 0.4 0.019662 0 0.7478 0 0.007778 -0.3478 0.019662 0.144165 0.3484421 1
006 3 72 15 0.008373 0.4 0.019609 0 0.7478 0 0.008373 -0.3478 0.019609 0.1553955 0.348453 1
006 3 72 15 0.008966 0.4 0.019551 0 0.7478 0 0.008966 -0.3478 0.019551 0.1704102 0.3484644 1
006 3 72 15 0.009559 0.4 0.019489 0 0.7478 0 0.009559 -0.3478 0.019489 0.1777344 0.3484767 1
006 3 72 15 0.010151 0.4 0.019423 0 0.7478 0 0.010151 -0.3478 0.019423 0.1883545 0.3484898 1
006 3 72 15 0.010742 0.4 0.019354 0 0.7478 0 0.010742 -0.3478 0.019354 0.2000732 0.3485036 1
006 3 72 15 0.011332 0.4 0.01928 0 0.7478 0 0.011332 -0.3478 0.01928 0.2106934 0.3485182 1
006 3 72 15 0.01192 0.4 0.019203 0 0.7478 0 0.01192 -0.3478 0.019203 0.2219238 0.3485336 1
006 3 72 15 0.012508 0.4 0.019121 0 0.7478 0 0.012508 -0.3478 0.019121 0.2331543 0.3485497 1
006 3 72 15 0.013094 0.4 0.019036 0 0.7478 0 0.013094 -0.3478 0.019036 0.2440186 0.3485666 1
006 3 72 15 0.013679 0.4 0.018947 0 0.7478 0 0.013679 -0.3478 0.018947 0.2553711 0.3485842 1
006 3 72 15 0.014262 0.4 0.018854 0 0.7478 0 0.014262 -0.3478 0.018854 0.2666016 0.3486025 1
006 3 72 15 0.014844 0.4 0.018756 0 0.7478 0 0.014844 -0.3478 0.018756 0.27771 0.3486215 1
006 3 72 15 0.015425 0.4 0.018656 0 0.7478 0 0.015425 -0.3478 0.018656 0.2888184 0.3486414 1
006 3 72 15 0.016004 0.4 0.018551 0 0.7478 0 0.016004 -0.3478 0.018551 0.2996826 0.3486619 1
006 3 72 15 0.016581 0.4 0.018442 0 0.7478 0 0.016581 -0.3478 0.018442 0.3110352 0.3486831 1
006 3 72 15 0.017157 0.4 0.01833 0 0.7478 0 0.017157 -0.3478 0.01833 0.3251953 0.348705 1
006 3 72 15 0.017731 0.4 0.018213 0 0.7478 0 0.017731 -0.3478 0.018213 0.3327637 0.3487276 1
006 3 72 15 0.018304 0.4 0.018093 0 0.7478 0 0.018304 -0.3478 0.018093 0.3442383 0.3487509 1
006 3 72 15 0.018874 0.4 0.017969 0 0.7478 0 0.018874 -0.3478 0.017969 0.3555908 0.3487749 1
006 3 72 15 0.019443 0.4 0.017842 0 0.7478 0 0.019443 -0.3478 0.017842 0.3664551 0.3487996 1
006 3 72 15 0.020009 0.4 0.01771 0 0.7478 0 0.020009 -0.3478 0.01771 0.3781738 0.3488249 1
006 3 72 15 0.020574 0.4 0.017575 0 0.7478 0 0.020574 -0.3478 0.017575 0.3887939 0.348851 1
006 3 72 15 0.021136 0.4 0.017436 0 0.7478 0 0.021136 -0.3478 0.017436 0.4001465 0.3488776 1
006 3 72 15 0.021697 0.4 0.017293 0 0.7478 0 0.021697 -0.3478 0.017293 0.411377 0.3489049 1
006 3 72 15 0.022255 0.4 0.017147 0 0.7478 0 0.022255 -0.3478 0.017147 0.421875 0.3489329 1
006 3 72 15 0.022811 0.4 0.016996 0 0.7478 0 0.022811 -0.3478 0.016996 0.4332275 0.3489614 1
006 3 72 15 0.023365 0.4 0.016842 0 0.7478 0 0.023365 -0.3478 0.016842 0.4442139 0.3489906 1
006 3 72 15 0.023917 0.4 0.016685 0 0.7478 0 0.023917 -0.3478 0.016685 0.4558105 0.3490204 1
006 3 72 15 0.024466 0.4 0.016524 0 0.7478 0 0.024466 -0.3478 0.016524 0.467041 0.3490508 1
006 3 72 15 0.025012 0.4 0.016359 0 0.7478 0 0.025012 -0.3478 0.016359 0.480957 0.3490817 1
006 3 72 15 0.025556 0.4 0.01619 0 0.7478 0 0.025556 -0.3478 0.01619 0.4884033 0.3491132 1
006 3 72 15 0.026098 0.4 0.016018 0 0.7478 0 0.026098 -0.3478 0.016018 0.4998779 0.3491454 1
006 3 72 15 0.026637 0.4 0.015842 0 0.7478 0 0.026637 -0.3478 0.015842 0.5108643 0.3491781 1
006 3 72 15 0.027173 0.4 0.015663 0 0.7478 0 0.027173 -0.3478 0.015663 0.5219727 0.3492113 1
006 3 72 15 0.027707 0.4 0.01548 0 0.7478 0 0.027707 -0.3478 0.01548 0.5336914 0.3492451 1
006 3 72 15 0.028238 0.4 0.015293 0 0.7478 0 0.028238 -0.3478 0.015293 0.5445557 0.3492794 1
006 3 72 15 0.028766 0.4 0.015103 0 0.7478 0 0.028766 -0.3478 0.015103 0.5554199 0.3493142 1
006 3 72 15 0.029291 0.4 0.01491 0 0.7478 0 0.029291 -0.3478 0.01491 0.5664063 0.3493495 1
006 3 72 15 0.029813 0.4 0.014713 0 0.7478 0 0.029813 -0.3478 0.014713 0.5776367 0.3493854 1
006 3 72 15 0.030332 0.4 0.014512 0 0.7478 0 0.030332 -0.3478 0.014512 0.5889893 0.3494216 1
006 3 72 15 0.030848 0.4 0.014308 0 0.7478 0 0.030848 -0.3478 0.014308 0.5998535 0.3494584 1
006 3 72 15 0.031361 0.4 0.014101 0 0.7478 0 0.031361 -0.3478 0.014101 0.6112061 0.3494956 1
006 3 72 15 0.031871 0.4 0.01389 0 0.7478 0 0.031871 -0.3478 0.01389 0.6225586 0.3495333 1
006 3 72 15 0.032378 0.4 0.013676 0 0.7478 0 0.032378 -0.3478 0.013676 0.6369629 0.3495714 1
006 3 72 15 0.032881 0.4 0.013459 0 0.7478 0 0.032881 -0.3478 0.013459 0.6436768 0.34961 1
006 3 72 15 0.033382 0.4 0.013238 0 0.7478 0 0.033382 -0.3478 0.013238 0.6553955 0.349649 1
006 3 72 15 0.033879 0.4 0.013013 0 0.7478 0 0.033879 -0.3478 0.013013 0.666626 0.3496884 1
006 3 72 15 0.034372 0.4 0.012786 0 0.7478 0 0.034372 -0.3478 0.012786 0.6776123 0.3497281 1
006 3 72 15 0.034862 0.4 0.012555 0 0.7478 0 0.034862 -0.3478 0.012555 0.6889648 0.3497682 1
006 3 72 15 0.035349 0.4 0.012321 0 0.7478 0 0.035349 -0.3478 0.012321 0.699707 0.3498088 1
006 3 72 15 0.035832 0.4 0.012084 0 0.7478 0 0.035832 -0.3478 0.012084 0.7110596 0.3498497 1
006 3 72 15 0.036311 0.4 0.011843 0 0.7478 0 0.036311 -0.3478 0.011843 0.7220459 0.3498908 1
006 3 72 15 0.036787 0.4 0.0116 0 0.7478 0 0.036787 -0.3478 0.0116 0.7338867 0.3499324 1
006 3 72 15 0.037259 0.4 0.011353 0 0.7478 0 0.037259 -0.3478 0.011353 0.7443848 0.3499742 1
006 3 72 15 0.037728 0.4 0.011103 0 0.7478 0 0.037728 -0.3478 0.011103 0.7554932 0.3500164 1
006 3 72 15 0.038192 0.4 0.01085 0 0.7478 0 0.038192 -0.3478 0.01085 0.7670898 0.3500588 1
006 3 72 15 0.038653 0.4 0.010594 0 0.7478 0 0.038653 -0.3478 0.010594 0.77771 0.3501016 1
006 3 72 15 0.03911 0.4 0.010334 0 0.7478 0 0.03911 -0.3478 0.010334 0.7921143 0.3501446 1
006 3 72 15 0.039563 0.4 0.010072 0 0.7478 0 0.039563 -0.3478 0.010072 0.7994385 0.3501878 1
006 3 72 15 0.040012 0.4 0.009807 0 0.7478 0 0.040012 -0.3478 0.009807 0.810791 0.3502313 1
006 3 72 15 0.040457 0.4 0.009539 0 0.7478 0 0.040457 -0.3478 0.009539 0.8223877 0.350275 1
006 3 72 15 0.040898 0.4 0.009268 0 0.7478 0 0.040898 -0.3478 0.009268 0.833252 0.350319 1
006 3 72 15 0.041335 0.4 0.008993 0 0.7478 0 0.041335 -0.3478 0.008993 0.8442383 0.3503631 1
006 3 72 15 0.041768 0.4 0.008716 0 0.7478 0 0.041768 -0.3478 0.008716 0.8555908 0.3504074 1
006 3 72 15 0.042197 0.4 0.008437 0 0.7478 0 0.042197 -0.3478 0.008437 0.8665771 0.350452 1
006 3 72 15 0.042621 0.4 0.008154 0 0.7478 0 0.042621 -0.3478 0.008154 0.8773193 0.3504966 1
006 3 72 15 0.043041 0.4 0.007868 0 0.7478 0 0.043041 -0.3478 0.007868 0.8886719 0.3505414 1
006 3 72 15 0.043457 0.4 0.00758 0 0.7478 0 0.043457 -0.3478 0.00758 0.9000244 0.3505864 1
006 3 72 15 0.043869 0.4 0.007289 0 0.7478 0 0.043869 -0.3478 0.007289 0.9108887 0.3506315 1
006 3 72 15 0.044276 0.4 0.006995 0 0.7478 0 0.044276 -0.3478 0.006995 0.9219971 0.3506767 1
006 3 72 15 0.044679 0.4 0.006699 0 0.7478 0 0.044679 -0.3478 0.006699 0.9337158 0.350722 1
006 3 72 15 0.045077 0.4 0.006399 0 0.7478 0 0.045077 -0.3478 0.006399 0.947998 0.3507673 1
006 3 72 15 0.045471 0.4 0.006097 0 0.7478 0 0.045471 -0.3478 0.006097 0.9549561 0.3508128 1
006 3 72 15 0.04586 0.4 0.005793 0 0.7478 0 0.04586 -0.3478 0.005793 0.9664307 0.3508583 1
006 3 72 15 0.046244 0.4 0.005486 0 0.7478 0 0.046244 -0.3478 0.005486 0.9775391 0.3509037 1
006 3 72 15 0.046624 0.4 0.005176 0 0.7478 0 0.046624 -0.3478 0.005176 0.9891357 0.3509493 1
006 3 72 15 0.047 0.4 0.004864 0 0.7478 0 0.047 -0.3478 0.004864 1 0.350995 1
006 3 72 15 0.04737 0.4 0.00455 0 0.7478 0 0.04737 -0.3478 0.00455 1.010864 0.3510405 1
006 3 72 15 0.047736 0.4 0.004233 0 0.7478 0 0.047736 -0.3478 0.004233 1.022095 0.3510861 1
006 3 72 15 0.048097 0.4 0.003913 0 0.7478 0 0.048097 -0.3478 0.003913 1.033569 0.3511317 1
006 3 72 15 0.048453 0.4 0.003592 0 0.7478 0 0.048453 -0.3478 0.003592 1.044556 0.3511772 1
006 3 72 15 0.048805 0.4 0.003267 0 0.7478 0 0.048805 -0.3478 0.003267 1.055786 0.3512228 1
006 3 72 15 0.049151 0.4 0.002941 0 0.7478 0 0.049151 -0.3478 0.002941 1.06665 0.3512681 1
006 3 72 15 0.049493 0.4 0.002612 0 0.7478 0 0.049493 -0.3478 0.002612 1.077637 0.3513135 1
006 3 72 15 0.04983 0.4 0.002281 0 0.7478 0 0.04983 -0.3478 0.002281 1.088989 0.3513589 1
006 3 72 15 0.050162 0.4 0.001948 0 0.7478 0 0.050162 -0.3478 0.001948 1.103394 0.3514041 1
006 3 72 15 0.050488 0.4 0.001612 0 0.7478 0 0.050488 -0.3478 0.001612 1.11084 0.3514491 1
006 3 72 15 0.05081 0.4 0.001274 0 0.7478 0 0.05081 -0.3478 0.001274 1.122437 0.3514941 1
006 3 72 15 0.051126 0.4 0.000935 0 0.7478 0 0.051126 -0.3478 0.000935 1.133057 0.3515389 1
006 3 72 15 0.051438 0.4 0.000593 0 0.7478 0 0.051438 -0.3478 0.000593 1.145264 0.3515836 1
006 3 72 15 0.051744 0.4 0.000249 0 0.7478 0 0.051744 -0.3478 0.000249 1.155884 0.3516281 1
006 3 72 15 0.052045 0.4 -9.7E-05 0 0.7478 0 0.052045 -0.3478 -9.7E-05 1.166626 0.3516725 1
006 3 72 15 0.052341 0.4 -0.000445 0 0.7478 0 0.052341 -0.3478 -0.000445 1.177856 0.3517167 1
006 3 72 15 0.052632 0.4 -0.000795 0 0.7478 0 0.052632 -0.3478 -0.000795 1.188843 0.3517607 1
006 3 72 15 0.052917 0.4 -0.001147 0 0.7478 0 0.052917 -0.3478 -0.001147 1.200195 0.3518044 1
006 3 72 15 0.053198 0.4 -0.001501 0 0.7478 0 0.053198 -0.3478 -0.001501 1.210938 0.3518481 1
006 3 72 15 0.053472 0.4 -0.001856 0 0.7478 0 0.053472 -0.3478 -0.001856 1.222168 0.3518914 1
006 3 72 15 0.053742 0.4 -0.002214 0 0.7478 0 0.053742 -0.3478 -0.002214 1.233643 0.3519346 1
006 3 72 15 0.054006 0.4 -0.002573 0 0.7478 0 0.054006 -0.3478 -0.002573 1.244385 0.3519774 1
006 3 72 15 0.054265 0.4 -0.002934 0 0.7478 0 0.054265 -0.3478 -0.002934 1.258667 0.3520201 1
006 3 72 15 0.054518 0.4 -0.003296 0 0.7478 0 0.054518 -0.3478 -0.003296 1.266113 0.3520623 1
006 3 72 15 0.054766 0.4 -0.003661 0 0.7478 0 0.054766 -0.3478 -0.003661 1.27771 0.3521045 1
006 3 72 15 0.055008 0.4 -0.004026 0 0.7478 0 0.055008 -0.3478 -0.004026 1.288574 0.3521461 1
006 3 72 15 0.055245 0.4 -0.004394 0 0.7478 0 0.055245 -0.3478 -0.004394 1.300171 0.3521877 1
006 3 72 15 0.055476 0.4 -0.004763 0 0.7478 0 0.055476 -0.3478 -0.004763 1.311401 0.3522288 1
006 3 72 15 0.055702 0.4 -0.005134 0 0.7478 0 0.055702 -0.3478 -0.005134 1.322144 0.3522696 1
006 3 72 15 0.055922 0.4 -0.005506 0 0.7478 0 0.055922 -0.3478 -0.005506 1.333252 0.3523101 1
006 3 72 15 0.056137 0.4 -0.005879 0 0.7478 0 0.056137 -0.3478 -0.005879 1.344238 0.3523503 1
006 3 72 15 0.056346 0.4 -0.006254 0 0.7478 0 0.056346 -0.3478 -0.006254 1.355469 0.3523901 1
006 3 72 15 0.056549 0.4 -0.00663 0 0.7478 0 0.056549 -0.3478 -0.00663 1.366455 0.3524295 1
006 3 72 15 0.056747 0.4 -0.007008 0 0.7478 0 0.056747 -0.3478 -0.007008 1.378174 0.3524687 1
006 3 72 15 0.056939 0.4 -0.007387 0 0.7478 0 0.056939 -0.3478 -0.007387 1.388794 0.3525074 1
006 3 72 15 0.057125 0.4 -0.007767 0 0.7478 0 0.057125 -0.3478 -0.007767 1.400146 0.3525456 1
006 3 72 15 0.057306 0.4 -0.008149 0 0.7478 0 0.057306 -0.3478 -0.008149 1.414551 0.3525836 1
006 3 72 15 0.057481 0.4 -0.008531 0 0.7478 0 0.057481 -0.3478 -0.008531 1.421875 0.3526211 1
006 3 72 15 0.05765 0.4 -0.008915 0 0.7478 0 0.05765 -0.3478 -0.008915 1.432983 0.3526582 1
006 3 72 15 0.057813 0.4 -0.0093 0 0.7478 0 0.057813 -0.3478 -0.0093 1.44458 0.3526949 1
006 3 72 15 0.057971 0.4 -0.009686 0 0.7478 0 0.057971 -0.3478 -0.009686 1.455322 0.3527312 1
006 3 72 15 0.058123 0.4 -0.010073 0 0.7478 0 0.058123 -0.3478 -0.010073 1.466675 0.3527671 1
006 3 72 15 0.058269 0.4 -0.010461 0 0.7478 0 0.058269 -0.3478 -0.010461 1.477539 0.3528024 1
006 3 72 15 0.058409 0.4 -0.01085 0 0.7478 0 0.058409 -0.3478 -0.01085 1.488892 0.3528373 1
006 3 72 15 0.058543 0.4 -0.01124 0 0.7478 0 0.058543 -0.3478 -0.01124 1.50061 0.3528717 1
006 3 72 15 0.058672 0.4 -0.01163 0 0.7478 0 0.058672 -0.3478 -0.01163 1.51062 0.3529058 1
006 3 72 15 0.058794 0.4 -0.012022 0 0.7478 0 0.058794 -0.3478 -0.012022 1.522095 0.3529392 1
006 3 72 15 0.058911 0.4 -0.012414 0 0.7478 0 0.058911 -0.3478 -0.012414 1.533813 0.3529723 1
006 3 72 15 0.059022 0.4 -0.012807 0 0.7478 0 0.059022 -0.3478 -0.012807 1.544678 0.3530049 1
006 3 72 15 0.059127 0.4 -0.013201 0 0.7478 0 0.059127 -0.3478 -0.013201 1.55603 0.353037 1
006 3 72 15 0.059226 0.4 -0.013596 0 0.7478 0 0.059226 -0.3478 -0.013596 1.569946 0.3530686 1
006 3 72 15 0.059319 0.4 -0.013991 0 0.7478 0 0.059319 -0.3478 -0.013991 1.577393 0.3530996 1
006 3 72 15 0.059406 0.4 -0.014387 0 0.7478 0 0.059406 -0.3478 -0.014387 1.588501 0.3531301 1
006 3 72 15 0.059488 0.4 -0.014783 0 0.7478 0 0.059488 -0.3478 -0.014783 1.600098 0.3531603 1
006 3 72 15 0.059563 0.4 -0.01518 0 0.7478 0 0.059563 -0.3478 -0.01518 1.611206 0.3531898 1
006 3 72 15 0.059632 0.4 -0.015577 0 0.7478 0 0.059632 -0.3478 -0.015577 1.622192 0.3532187 1
006 3 72 15 0.059695 0.4 -0.015975 0 0.7478 0 0.059695 -0.3478 -0.015975 1.633057 0.3532471 1
006 3 72 15 0.059753 0.4 -0.016373 0 0.7478 0 0.059753 -0.3478 -0.016373 1.644531 0.3532752 1
006 3 72 15 0.059804 0.4 -0.016772 0 0.7478 0 0.059804 -0.3478 -0.016772 1.655396 0.3533025 1
006 3 72 15 0.05985 0.4 -0.017171 0 0.7478 0 0.05985 -0.3478 -0.017171 1.666626 0.3533294 1
006 3 72 15 0.059889 0.4 -0.01757 0 0.7478 0 0.059889 -0.3478 -0.01757 1.678101 0.3533557 1
006 3 72 15 0.059923 0.4 -0.017969 0 0.7478 0 0.059923 -0.3478 -0.017969 1.689209 0.3533815 1
006 3 72 15 0.05995 0.4 -0.018369 0 0.7478 0 0.05995 -0.3478 -0.018369 1.699707 0.3534066 1
006 3 72 15 0.059972 0.4 -0.018768 0 0.7478 0 0.059972 -0.3478 -0.018768 1.711182 0.3534313 1
006 3 72 15 0.059987 0.4 -0.019168 0 0.7478 0 0.059987 -0.3478 -0.019168 1.725464 0.3534553 1
006 3 72 15 0.059997 0.4 -0.019568 0 0.7478 0 0.059997 -0.3478 -0.019568 1.732788 0.353479 1
006 3 72 15 0.06 0.4 -0.019968 0 0.7478 0 0.06 -0.3478 -0.019968 1.744263 0.3535018 1
006 3 72 15 0.059997 0.4 -0.020368 0 0.7478 0 0.059997 -0.3478 -0.020368 1.755981 0.3535241 1
006 3 72 15 0.059989 0.4 -0.020768 0 0.7478 0 0.059989 -0.3478 -0.020768 1.767212 0.3535461 1
006 3 72 15 0.059974 0.4 -0.021168 0 0.7478 0 0.059974 -0.3478 -0.021168 1.777466 0.3535672 1
006 3 72 15 0.059954 0.4 -0.021568 0 0.7478 0 0.059954 -0.3478 -0.021568 1.789063 0.353588 1
006 3 72 15 0.059927 0.4 -0.021967 0 0.7478 0 0.059927 -0.3478 -0.021967 1.799805 0.353608 1
006 3 72 15 0.059895 0.4 -0.022367 0 0.7478 0 0.059895 -0.3478 -0.022367 1.811401 0.3536277 1
006 3 72 15 0.059856 0.4 -0.022766 0 0.7478 0 0.059856 -0.3478 -0.022766 1.822021 0.3536465 1
006 3 72 15 0.059812 0.4 -0.023165 0 0.7478 0 0.059812 -0.3478 -0.023165 1.833374 0.353665 1
006 3 72 15 0.059761 0.4 -0.023563 0 0.7478 0 0.059761 -0.3478 -0.023563 1.844849 0.3536827 1
006 3 72 15 0.059705 0.4 -0.023962 0 0.7478 0 0.059705 -0.3478 -0.023962 1.855591 0.3537 1
006 3 72 15 0.059643 0.4 -0.024359 0 0.7478 0 0.059643 -0.3478 -0.024359 1.866699 0.3537167 1
006 3 72 15 0.059574 0.4 -0.024757 0 0.7478 0 0.059574 -0.3478 -0.024757 1.88147 0.3537326 1
006 3 72 15 0.0595 0.4 -0.025154 0 0.7478 0 0.0595 -0.3478 -0.025154 1.888306 0.3537482 1
006 3 72 15 0.05942 0.4 -0.02555 0 0.7478 0 0.05942 -0.3478 -0.02555 1.900024 0.3537632 1
006 3 72 15 0.059333 0.4 -0.025946 0 0.7478 0 0.059333 -0.3478 -0.025946 1.910889 0.3537774 1
006 3 72 15 0.059241 0.4 -0.026341 0 0.7478 0 0.059241 -0.3478 -0.026341 1.922363 0.3537911 1
006 3 72 15 0.059143 0.4 -0.026736 0 0.7478 0 0.059143 -0.3478 -0.026736 1.93335 0.3538044 1
006 3 72 15 0.059039 0.4 -0.02713 0 0.7478 0 0.059039 -0.3478 -0.02713 1.944214 0.353817 1
006 3 72 15 0.058929 0.4 -0.027523 0 0.7478 0 0.058929 -0.3478 -0.027523 1.955811 0.353829 1
006 3 72 15 0.058813 0.4 -0.027916 0 0.7478 0 0.058813 -0.3478 -0.027916 1.966553 0.3538405 1
006 3 72 15 0.058692 0.4 -0.028307 0 0.7478 0 0.058692 -0.3478 -0.028307 1.978149 0.3538515 1
006 3 72 15 0.058564 0.4 -0.028698 0 0.7478 0 0.058564 -0.3478 -0.028698 1.989014 0.3538618 1
006 3 72 15 0.058431 0.4 -0.029088 0 0.7478 0 0.058431 -0.3478 -0.029088 2.000122 0.3538716 1
006 3 72 15 0.058292 0.4 -0.029477 0 0.7478 0 0.058292 -0.3478 -0.029477 2.010742 0.3538809 1
006 3 72 15 0.058147 0.4 -0.029865 0 0.7478 0 0.058147 -0.3478 -0.029865 2.022583 0.3538896 1
006 3 72 15 0.057996 0.4 -0.030252 0 0.7478 0 0.057996 -0.3478 -0.030252 2.036255 0.3538977 1
006 3 72 15 0.057839 0.4 -0.030639 0 0.7478 0 0.057839 -0.3478 -0.030639 2.043945 0.3539053 1
006 3 72 15 0.057677 0.4 -0.031024 0 0.7478 0 0.057677 -0.3478 -0.031024 2.055664 0.3539124 1
006 3 72 15 0.057508 0.4 -0.031408 0 0.7478 0 0.057508 -0.3478 -0.031408 2.066772 0.3539187 1
006 3 72 15 0.057334 0.4 -0.03179 0 0.7478 0 0.057334 -0.3478 -0.03179 2.078369 0.3539246 1
006 3 72 15 0.057155 0.4 -0.032172 0 0.7478 0 0.057155 -0.3478 -0.032172 2.089111 0.3539302 1
006 3 72 15 0.056969 0.4 -0.032552 0 0.7478 0 0.056969 -0.3478 -0.032552 2.099976 0.3539349 1
006 3 72 15 0.056778 0.4 -0.032932 0 0.7478 0 0.056778 -0.3478 -0.032932 2.110962 0.3539394 1
006 3 72 15 0.056581 0.4 -0.033309 0 0.7478 0 0.056581 -0.3478 -0.033309 2.122192 0.3539431 1
006 3 72 15 0.056379 0.4 -0.033686 0 0.7478 0 0.056379 -0.3478 -0.033686 2.133423 0.3539466 1
006 3 72 15 0.056171 0.4 -0.034061 0 0.7478 0 0.056171 -0.3478 -0.034061 2.144287 0.3539494 1
006 3 72 15 0.055957 0.4 -0.034435 0 0.7478 0 0.055957 -0.3478 -0.034435 2.155884 0.3539517 1
006 3 72 15 0.055738 0.4 -0.034807 0 0.7478 0 0.055738 -0.3478 -0.034807 2.166504 0.3539535 1
006 3 72 15 0.055513 0.4 -0.035178 0 0.7478 0 0.055513 -0.3478 -0.035178 2.178345 0.3539548 1
006 3 72 15 0.055282 0.4 -0.035547 0 0.7478 0 0.055282 -0.3478 -0.035547 2.192139 0.3539555 1
006 3 72 15 0.055046 0.4 -0.035915 0 0.7478 0 0.055046 -0.3478 -0.035915 2.199707 0.3539559 1
006 3 72 15 0.054805 0.4 -0.036281 0 0.7478 0 0.054805 -0.3478 -0.036281 2.210938 0.3539558 1
006 3 72 15 0.054558 0.4 -0.036646 0 0.7478 0 0.054558 -0.3478 -0.036646 2.222168 0.3539553 1
006 3 72 15 0.054305 0.4 -0.037009 0 0.7478 0 0.054305 -0.3478 -0.037009 2.233276 0.3539541 1
006 3 72 15 0.054048 0.4 -0.03737 0 0.7478 0 0.054048 -0.3478 -0.03737 2.245117 0.3539527 1
006 3 72 15 0.053784 0.4 -0.037729 0 0.7478 0 0.053784 -0.3478 -0.037729 2.255615 0.3539506 1
006 3 72 15 0.053516 0.4 -0.038087 0 0.7478 0 0.053516 -0.3478 -0.038087 2.266724 0.3539483 1
006 3 72 15 0.053242 0.4 -0.038443 0 0.7478 0 0.053242 -0.3478 -0.038443 2.27771 0.3539455 1
006 3 72 15 0.052962 0.4 -0.038797 0 0.7478 0 0.052962 -0.3478 -0.038797 2.289185 0.3539421 1
006 3 72 15 0.052678 0.4 -0.039149 0 0.7478 0 0.052678 -0.3478 -0.039149 2.300171 0.3539385 1
006 3 72 15 0.052388 0.4 -0.039499 0 0.7478 0 0.052388 -0.3478 -0.039499 2.311401 0.3539343 1
006 3 72 15 0.052093 0.4 -0.039848 0 0.7478 0 0.052093 -0.3478 -0.039848 2.322021 0.3539299 1
006 3 72 15 0.051793 0.4 -0.040194 0 0.7478 0 0.051793 -0.3478 -0.040194 2.333984 0.353925 1
006 3 72 15 0.051487 0.4 -0.040538 0 0.7478 0 0.051487 -0.3478 -0.040538 2.348389 0.3539196 1
006 3 72 15 0.051176 0.4 -0.04088 0 0.7478 0 0.051176 -0.3478 -0.04088 2.355347 0.3539138 1
006 3 72 15 0.050861 0.4 -0.04122 0 0.7478 0 0.050861 -0.3478 -0.04122 2.367065 0.3539078 1
006 3 72 15 0.05054 0.4 -0.041558 0 0.7478 0 0.05054 -0.3478 -0.041558 2.37793 0.3539014 1
006 3 72 15 0.050214 0.4 -0.041894 0 0.7478 0 0.050214 -0.3478 -0.041894 2.38916 0.3538946 1
006 3 72 15 0.049883 0.4 -0.042228 0 0.7478 0 0.049883 -0.3478 -0.042228 2.399902 0.3538875 1
006 3 72 15 0.049547 0.4 -0.042559 0 0.7478 0 0.049547 -0.3478 -0.042559 2.411133 0.3538799 1
006 3 72 15 0.049206 0.4 -0.042889 0 0.7478 0 0.049206 -0.3478 -0.042889 2.422607 0.3538722 1
006 3 72 15 0.04886 0.4 -0.043215 0 0.7478 0 0.04886 -0.3478 -0.043215 2.43335 0.3538639 1
006 3 72 15 0.04851 0.4 -0.04354 0 0.7478 0 0.04851 -0.3478 -0.04354 2.444458 0.3538556 1
006 3 72 15 0.048154 0.4 -0.043862 0 0.7478 0 0.048154 -0.3478 -0.043862 2.455688 0.3538467 1
006 3 72 15 0.047794 0.4 -0.044182 0 0.7478 0 0.047794 -0.3478 -0.044182 2.466919 0.3538378 1
006 3 72 15 0.047429 0.4 -0.0445 0 0.7478 0 0.047429 -0.3478 -0.0445 2.477905 0.3538285 1
006 3 72 15 0.047059 0.4 -0.044814 0 0.7478 0 0.047059 -0.3478 -0.044814 2.489136 0.3538187 1
006 3 72 15 0.046684 0.4 -0.045127 0 0.7478 0 0.046684 -0.3478 -0.045127 2.503296 0.3538088 1
006 3 72 15 0.046305 0.4 -0.045437 0 0.7478 0 0.046305 -0.3478 -0.045437 2.510864 0.3537987 1
006 3 72 15 0.045921 0.4 -0.045744 0 0.7478 0 0.045921 -0.3478 -0.045744 2.522339 0.3537882 1
006 3 72 15 0.045533 0.4 -0.046049 0 0.7478 0 0.045533 -0.3478 -0.046049 2.533203 0.3537776 1
006 3 72 15 0.04514 0.4 -0.046351 0 0.7478 0 0.04514 -0.3478 -0.046351 2.544556 0.3537667 1
006 3 72 15 0.044742 0.4 -0.046651 0 0.7478 0 0.044742 -0.3478 -0.046651 2.555786 0.3537556 1
006 3 72 15 0.04434 0.4 -0.046948 0 0.7478 0 0.04434 -0.3478 -0.046948 2.56665 0.3537442 1
006 3 72 15 0.043934 0.4 -0.047242 0 0.7478 0 0.043934 -0.3478 -0.047242 2.577881 0.3537327 1
006 3 72 15 0.043523 0.4 -0.047534 0 0.7478 0 0.043523 -0.3478 -0.047534 2.588867 0.353721 1
006 3 72 15 0.043108 0.4 -0.047823 0 0.7478 0 0.043108 -0.3478 -0.047823 2.600098 0.3537092 1
006 3 72 15 0.042688 0.4 -0.048109 0 0.7478 0 0.042688 -0.3478 -0.048109 2.610962 0.353697 1
006 3 72 15 0.042265 0.4 -0.048392 0 0.7478 0 0.042265 -0.3478 -0.048392 2.622437 0.3536848 1
006 3 72 15 0.041837 0.4 -0.048672 0 0.7478 0 0.041837 -0.3478 -0.048672 2.633667 0.3536724 1
006 3 72 15 0.041404 0.4 -0.04895 0 0.7478 0 0.041404 -0.3478 -0.04895 2.644531 0.3536597 1
006 3 72 15 0.040968 0.4 -0.049224 0 0.7478 0 0.040968 -0.3478 -0.049224 2.65918 0.353647 1
006 3 72 15 0.040528 0.4 -0.049496 0 0.7478 0 0.040528 -0.3478 -0.049496 2.666382 0.3536343 1
006 3 72 15 0.040083 0.4 -0.049764 0 0.7478 0 0.040083 -0.3478 -0.049764 2.677734 0.3536212 1
006 3 72 15 0.039635 0.4 -0.05003 0 0.7478 0 0.039635 -0.3478 -0.05003 2.689209 0.3536082 1
006 3 72 15 0.039182 0.4 -0.050293 0 0.7478 0 0.039182 -0.3478 -0.050293 2.700195 0.353595 1
006 3 72 15 0.038726 0.4 -0.050553 0 0.7478 0 0.038726 -0.3478 -0.050553 2.71167 0.3535819 1
006 3 72 15 0.038266 0.4 -0.050809 0 0.7478 0 0.038266 -0.3478 -0.050809 2.72229 0.3535685 1
006 3 72 15 0.037802 0.4 -0.051063 0 0.7478 0 0.037802 -0.3478 -0.051063 2.733398 0.3535552 1
006 3 72 15 0.037334 0.4 -0.051313 0 0.7478 0 0.037334 -0.3478 -0.051313 2.744751 0.3535416 1
006 3 72 15 0.036862 0.4 -0.051561 0 0.7478 0 0.036862 -0.3478 -0.051561 2.755493 0.3535282 1
006 3 72 15 0.036387 0.4 -0.051805 0 0.7478 0 0.036387 -0.3478 -0.051805 2.766724 0.3535146 1
006 3 72 15 0.035908 0.4 -0.052046 0 0.7478 0 0.035908 -0.3478 -0.052046 2.778198 0.3535011 1
006 3 72 15 0.035426 0.4 -0.052284 0 0.7478 0 0.035426 -0.3478 -0.052284 2.78894 0.3534876 1
006 3 72 15 0.03494 0.4 -0.052518 0 0.7478 0 0.03494 -0.3478 -0.052518 2.800171 0.3534739 1
006 3 72 15 0.03445 0.4 -0.052749 0 0.7478 0 0.03445 -0.3478 -0.052749 2.814575 0.3534602 1
006 3 72 15 0.033957 0.4 -0.052977 0 0.7478 0 0.033957 -0.3478 -0.052977 2.821899 0.3534466 1
006 3 72 15 0.033461 0.4 -0.053202 0 0.7478 0 0.033461 -0.3478 -0.053202 2.833374 0.353433 1
006 3 72 15 0.032961 0.4 -0.053424 0 0.7478 0 0.032961 -0.3478 -0.053424 2.844971 0.3534196 1
006 3 72 15 0.032458 0.4 -0.053642 0 0.7478 0 0.032458 -0.3478 -0.053642 2.856079 0.353406 1
006 3 72 15 0.031952 0.4 -0.053856 0 0.7478 0 0.031952 -0.3478 -0.053856 2.866943 0.3533925 1
006 3 72 15 0.031443 0.4 -0.054068 0 0.7478 0 0.031443 -0.3478 -0.054068 2.877808 0.3533792 1
006 3 72 15 0.03093 0.4 -0.054276 0 0.7478 0 0.03093 -0.3478 -0.054276 2.888672 0.3533658 1
006 3 72 15 0.030414 0.4 -0.05448 0 0.7478 0 0.030414 -0.3478 -0.05448 2.900269 0.3533524 1
006 3 72 15 0.029896 0.4 -0.054681 0 0.7478 0 0.029896 -0.3478 -0.054681 2.911377 0.3533392 1
006 3 72 15 0.029374 0.4 -0.054879 0 0.7478 0 0.029374 -0.3478 -0.054879 2.922241 0.3533261 1
006 3 72 15 0.028849 0.4 -0.055073 0 0.7478 0 0.028849 -0.3478 -0.055073 2.933838 0.3533131 1
006 3 72 15 0.028322 0.4 -0.055263 0 0.7478 0 0.028322 -0.3478 -0.055263 2.944214 0.3533001 1
006 3 72 15 0.027791 0.4 -0.05545 0 0.7478 0 0.027791 -0.3478 -0.05545 2.956665 0.3532872 1
006 3 72 15 0.027258 0.4 -0.055634 0 0.7478 0 0.027258 -0.3478 -0.055634 2.969971 0.3532746 1
006 3 72 15 0.026722 0.4 -0.055814 0 0.7478 0 0.026722 -0.3478 -0.055814 2.977417 0.3532621 1
006 3 72 15 0.026184 0.4 -0.05599 0 0.7478 0 0.026184 -0.3478 -0.05599 2.988892 0.3532496 1
006 3 72 15 0.025643 0.4 -0.056163 0 0.7478 0 0.025643 -0.3478 -0.056163 3.000732 0.3532374 1
006 3 72 15 0.025099 0.4 -0.056332 0 0.7478 0 0.025099 -0.3478 -0.056332 3.011597 0.3532253 1
006 3 72 15 0.024553 0.4 -0.056498 0 0.7478 0 0.024553 -0.3478 -0.056498 3.022339 0.3532134 1
006 3 72 15 0.024004 0.4 -0.056659 0 0.7478 0 0.024004 -0.3478 -0.056659 3.033325 0.3532014 1
006 3 72 15 0.023453 0.4 -0.056818 0 0.7478 0 0.023453 -0.3478 -0.056818 3.044678 0.35319 1
006 3 72 15 0.0229 0.4 -0.056972 0 0.7478 0 0.0229 -0.3478 -0.056972 3.055786 0.3531785 1
006 3 72 15 0.022344 0.4 -0.057123 0 0.7478 0 0.022344 -0.3478 -0.057123 3.066895 0.3531673 1
006 3 72 15 0.021786 0.4 -0.05727 0 0.7478 0 0.021786 -0.3478 -0.05727 3.078003 0.3531562 1
006 3 72 15 0.021226 0.4 -0.057413 0 0.7478 0 0.021226 -0.3478 -0.057413 3.088867 0.3531453 1
006 3 72 15 0.020664 0.4 -0.057553 0 0.7478 0 0.020664 -0.3478 -0.057553 3.100586 0.3531348 1
006 3 72 15 0.020099 0.4 -0.057689 0 0.7478 0 0.020099 -0.3478 -0.057689 3.11145 0.3531244 1
006 3 72 15 0.019533 0.4 -0.057821 0 0.7478 0 0.019533 -0.3478 -0.057821 3.126099 0.3531142 1
006 3 72 15 0.018965 0.4 -0.057949 0 0.7478 0 0.018965 -0.3478 -0.057949 3.133301 0.3531042 1
006 3 72 15 0.018394 0.4 -0.058074 0 0.7478 0 0.018394 -0.3478 -0.058074 3.144531 0.3530945 1
006 3 72 15 0.017822 0.4 -0.058195 0 0.7478 0 0.017822 -0.3478 -0.058195 3.155518 0.3530851 1
006 3 72 15 0.017249 0.4 -0.058311 0 0.7478 0 0.017249 -0.3478 -0.058311 3.166748 0.3530758 1
006 3 72 15 0.016673 0.4 -0.058425 0 0.7478 0 0.016673 -0.3478 -0.058425 3.178101 0.353067 1
006 3 72 15 0.016096 0.4 -0.058534 0 0.7478 0 0.016096 -0.3478 -0.058534 3.188721 0.3530583 1
006 3 72 15 0.015517 0.4 -0.058639 0 0.7478 0 0.015517 -0.3478 -0.058639 3.199951 0.3530498 1
006 3 72 15 0.014937 0.4 -0.058741 0 0.7478 0 0.014937 -0.3478 -0.058741 3.211182 0.3530417 1
006 3 72 15 0.014355 0.4 -0.058838 0 0.7478 0 0.014355 -0.3478 -0.058838 3.222534 0.3530337 1
006 3 72 15 0.013772 0.4 -0.058932 0 0.7478 0 0.013772 -0.3478 -0.058932 3.233398 0.3530262 1
006 3 72 15 0.013187 0.4 -0.059022 0 0.7478 0 0.013187 -0.3478 -0.059022 3.244873 0.3530189 1
006 3 72 15 0.012601 0.4 -0.059108 0 0.7478 0 0.012601 -0.3478 -0.059108 3.255615 0.3530118 1
006 3 72 15 0.012014 0.4 -0.05919 0 0.7478 0 0.012014 -0.3478 -0.05919 3.266968 0.3530051 1
006 3 72 15 0.011425 0.4 -0.059268 0 0.7478 0 0.011425 -0.3478 -0.059268 3.281982 0.3529987 1
006 3 72 15 0.010836 0.4 -0.059342 0 0.7478 0 0.010836 -0.3478 -0.059342 3.288696 0.3529925 1
006 3 72 15 0.010245 0.4 -0.059413 0 0.7478 0 0.010245 -0.3478 -0.059413 3.300171 0.3529868 1
006 3 72 15 0.009653 0.4 -0.059479 0 0.7478 0 0.009653 -0.3478 -0.059479 3.311035 0.3529812 1
006 3 72 15 0.009061 0.4 -0.059541 0 0.7478 0 0.009061 -0.3478 -0.059541 3.322388 0.352976 1
006 3 72 15 0.008467 0.4 -0.0596 0 0.7478 0 0.008467 -0.3478 -0.0596 3.333618 0.3529712 1
006 3 72 15 0.007873 0.4 -0.059654 0 0.7478 0 0.007873 -0.3478 -0.059654 3.34436 0.3529666 1
006 3 72 15 0.007278 0.4 -0.059705 0 0.7478 0 0.007278 -0.3478 -0.059705 3.355591 0.3529624 1
006 3 72 15 0.006682 0.4 -0.059751 0 0.7478 0 0.006682 -0.3478 -0.059751 3.366943 0.3529584 1
006 3 72 15 0.006085 0.4 -0.059794 0 0.7478 0 0.006085 -0.3478 -0.059794 3.37793 0.3529549 1
006 3 72 15 0.005488 0.4 -0.059832 0 0.7478 0 0.005488 -0.3478 -0.059832 3.389038 0.3529516 1
006 3 72 15 0.00489 0.4 -0.059867 0 0.7478 0 0.00489 -0.3478 -0.059867 3.400024 0.3529487 1
006 3 72 15 0.004292 0.4 -0.059898 0 0.7478 0 0.004292 -0.3478 -0.059898 3.411255 0.3529462 1
006 3 72 15 0.003693 0.4 -0.059924 0 0.7478 0 0.003693 -0.3478 -0.059924 3.422607 0.3529438 1
006 3 72 15 0.003094 0.4 -0.059947 0 0.7478 0 0.003094 -0.3478 -0.059947 3.437012 0.352942 1
006 3 72 15 0.002495 0.4 -0.059965 0 0.7478 0 0.002495 -0.3478 -0.059965 3.444092 0.3529403 1
006 3 72 15 0.001895 0.4 -0.05998 0 0.7478 0 0.001895 -0.3478 -0.05998 3.455688 0.3529391 1
006 3 72 15 0.001295 0.4 -0.059991 0 0.7478 0 0.001295 -0.3478 -0.059991 3.467041 0.3529383 1
006 3 72 15 0.000696 0.4 -0.059997 0 0.7478 0 0.000696 -0.3478 -0.059997 3.478149 0.3529376 1
006 3 72 15 9.6E-05 0.4 -0.06 0 0.7478 0 9.6E-05 -0.3478 -0.06 3.488892 0.3529375 1
006 3 72 15 -0.000504 0.4 -0.059999 0 0.7478 0 -0.000504 -0.3478 -0.059999 3.5 0.3529376 1
006 3 72 15 -0.001104 0.4 -0.059993 0 0.7478 0 -0.001104 -0.3478 -0.059993 3.511719 0.352938 1
006 3 72 15 -0.001704 0.4 -0.059984 0 0.7478 0 -0.001704 -0.3478 -0.059984 3.522217 0.3529388 1
006 3 72 15 -0.002304 0.4 -0.059971 0 0.7478 0 -0.002304 -0.3478 -0.059971 3.533081 0.35294 1
006 3 72 15 -0.002903 0.4 -0.059953 0 0.7478 0 -0.002903 -0.3478 -0.059953 3.544922 0.3529414 1
006 3 72 15 -0.003502 0.4 -0.059932 0 0.7478 0 -0.003502 -0.3478 -0.059932 3.55603 0.3529432 1
006 3 72 15 -0.004101 0.4 -0.059906 0 0.7478 0 -0.004101 -0.3478 -0.059906 3.567261 0.3529453 1
006 3 72 15 -0.0047 0.4 -0.059877 0 0.7478 0 -0.0047 -0.3478 -0.059877 3.578003 0.3529478 1
006 3 72 15 -0.005298 0.4 -0.059844 0 0.7478 0 -0.005298 -0.3478 -0.059844 3.592163 0.3529507 1
006 3 72 15 -0.005895 0.4 -0.059806 0 0.7478 0 -0.005895 -0.3478 -0.059806 3.599731 0.3529537 1
006 3 72 15 -0.006492 0.4 -0.059765 0 0.7478 0 -0.006492 -0.3478 -0.059765 3.61145 0.3529573 1
006 3 72 15 -0.007088 0.4 -0.05972 0 0.7478 0 -0.007088 -0.3478 -0.05972 3.622559 0.3529611 1
006 3 72 15 -0.007683 0.4 -0.059671 0 0.7478 0 -0.007683 -0.3478 -0.059671 3.633911 0.3529653 1
006 3 72 15 -0.008278 0.4 -0.059617 0 0.7478 0 -0.008278 -0.3478 -0.059617 3.644653 0.3529696 1
006 3 72 15 -0.008872 0.4 -0.05956 0 0.7478 0 -0.008872 -0.3478 -0.05956 3.65564 0.3529744 1
006 3 72 15 -0.009465 0.4 -0.059499 0 0.7478 0 -0.009465 -0.3478 -0.059499 3.667114 0.3529795 1
006 3 72 15 -0.010057 0.4 -0.059434 0 0.7478 0 -0.010057 -0.3478 -0.059434 3.678467 0.352985 1
006 3 72 15 -0.010648 0.4 -0.059365 0 0.7478 0 -0.010648 -0.3478 -0.059365 3.689331 0.3529907 1
006 3 72 15 -0.011238 0.4 -0.059292 0 0.7478 0 -0.011238 -0.3478 -0.059292 3.699951 0.3529967 1
006 3 72 15 -0.011826 0.4 -0.059215 0 0.7478 0 -0.011826 -0.3478 -0.059215 3.711426 0.353003 1
006 3 72 15 -0.012414 0.4 -0.059134 0 0.7478 0 -0.012414 -0.3478 -0.059134 3.722412 0.3530096 1
006 3 72 15 -0.013001 0.4 -0.05905 0 0.7478 0 -0.013001 -0.3478 -0.05905 3.733643 0.3530166 1
006 3 72 15 -0.013586 0.4 -0.058961 0 0.7478 0 -0.013586 -0.3478 -0.058961 3.748169 0.3530238 1
006 3 72 15 -0.014169 0.4 -0.058869 0 0.7478 0 -0.014169 -0.3478 -0.058869 3.755127 0.3530314 1
006 3 72 15 -0.014752 0.4 -0.058772 0 0.7478 0 -0.014752 -0.3478 -0.058772 3.766724 0.3530391 1
006 3 72 15 -0.015332 0.4 -0.058672 0 0.7478 0 -0.015332 -0.3478 -0.058672 3.777954 0.3530472 1
006 3 72 15 -0.015912 0.4 -0.058568 0 0.7478 0 -0.015912 -0.3478 -0.058568 3.789307 0.3530556 1
006 3 72 15 -0.016489 0.4 -0.05846 0 0.7478 0 -0.016489 -0.3478 -0.05846 3.800293 0.3530641 1
006 3 72 15 -0.017066 0.4 -0.058348 0 0.7478 0 -0.017066 -0.3478 -0.058348 3.811157 0.353073 1
006 3 72 15 -0.01764 0.4 -0.058232 0 0.7478 0 -0.01764 -0.3478 -0.058232 3.822266 0.3530821 1
006 3 72 15 -0.018212 0.4 -0.058113 0 0.7478 0 -0.018212 -0.3478 -0.058113 3.833374 0.3530915 1
006 3 72 15 -0.018783 0.4 -0.057989 0 0.7478 0 -0.018783 -0.3478 -0.057989 3.844849 0.353101 1
006 3 72 15 -0.019352 0.4 -0.057862 0 0.7478 0 -0.019352 -0.3478 -0.057862 3.855957 0.3531109 1
006 3 72 15 -0.019919 0.4 -0.057731 0 0.7478 0 -0.019919 -0.3478 -0.057731 3.866943 0.353121 1
006 3 72 15 -0.020484 0.4 -0.057597 0 0.7478 0 -0.020484 -0.3478 -0.057597 3.877686 0.3531315 1
006 3 72 15 -0.021047 0.4 -0.057458 0 0.7478 0 -0.021047 -0.3478 -0.057458 3.889404 0.3531419 1
006 3 72 15 -0.021608 0.4 -0.057316 0 0.7478 0 -0.021608 -0.3478 -0.057316 3.903442 0.3531528 1
006 3 72 15 -0.022166 0.4 -0.05717 0 0.7478 0 -0.022166 -0.3478 -0.05717 3.911255 0.3531637 1
006 3 72 15 -0.022723 0.4 -0.057021 0 0.7478 0 -0.022723 -0.3478 -0.057021 3.922241 0.353175 1
006 3 72 15 -0.023277 0.4 -0.056867 0 0.7478 0 -0.023277 -0.3478 -0.056867 3.93396 0.3531862 1
006 3 72 15 -0.023829 0.4 -0.05671 0 0.7478 0 -0.023829 -0.3478 -0.05671 3.944458 0.3531978 1
006 3 72 15 -0.024378 0.4 -0.056549 0 0.7478 0 -0.024378 -0.3478 -0.056549 3.955933 0.3532094 1
006 3 72 15 -0.024925 0.4 -0.056385 0 0.7478 0 -0.024925 -0.3478 -0.056385 3.966797 0.3532214 1
006 3 72 15 -0.02547 0.4 -0.056217 0 0.7478 0 -0.02547 -0.3478 -0.056217 3.978271 0.3532335 1
006 3 72 15 -0.026012 0.4 -0.056046 0 0.7478 0 -0.026012 -0.3478 -0.056046 3.988892 0.3532458 1
006 3 72 15 -0.026551 0.4 -0.05587 0 0.7478 0 -0.026551 -0.3478 -0.05587 3.999878 0.353258 1
006 3 72 15 -0.027088 0.4 -0.055692 0 0.7478 0 -0.027088 -0.3478 -0.055692 4.011353 0.3532707 1
006 3 72 15 -0.027622 0.4 -0.055509 0 0.7478 0 -0.027622 -0.3478 -0.055509 4.022461 0.3532833 1
006 3 72 15 -0.028153 0.4 -0.055323 0 0.7478 0 -0.028153 -0.3478 -0.055323 4.033691 0.353296 1
006 3 72 15 -0.028682 0.4 -0.055134 0 0.7478 0 -0.028682 -0.3478 -0.055134 4.050537 0.353309 1
006 3 72 15 -0.029207 0.4 -0.054941 0 0.7478 0 -0.029207 -0.3478 -0.054941 4.060791 0.3533219 1
006 3 72 15 -0.02973 0.4 -0.054744 0 0.7478 0 -0.02973 -0.3478 -0.054744 4.06665 0.353335 1
006 3 72 15 -0.03025 0.4 -0.054544 0 0.7478 0 -0.03025 -0.3478 -0.054544 4.077881 0.3533482 1
006 3 72 15 -0.030766 0.4 -0.054341 0 0.7478 0 -0.030766 -0.3478 -0.054341 4.089233 0.3533615 1
006 3 72 15 -0.03128 0.4 -0.054134 0 0.7478 0 -0.03128 -0.3478 -0.054134 4.100098 0.3533748 1
006 3 72 15 -0.03179 0.4 -0.053924 0 0.7478 0 -0.03179 -0.3478 -0.053924 4.111572 0.3533882 1
006 3 72 15 -0.032297 0.4 -0.05371 0 0.7478 0 -0.032297 -0.3478 -0.05371 4.122192 0.3534016 1
006 3 72 15 -0.032801 0.4 -0.053493 0 0.7478 0 -0.032801 -0.3478 -0.053493 4.133423 0.3534151 1
006 3 72 15 -0.033302 0.4 -0.053273 0 0.7478 0 -0.033302 -0.3478 -0.053273 4.144775 0.3534287 1
006 3 72 15 -0.0338 0.4 -0.053049 0 0.7478 0 -0.0338 -0.3478 -0.053049 4.155762 0.3534423 1
006 3 72 15 -0.034294 0.4 -0.052822 0 0.7478 0 -0.034294 -0.3478 -0.052822 4.167114 0.3534559 1
006 3 72 15 -0.034784 0.4 -0.052592 0 0.7478 0 -0.034784 -0.3478 -0.052592 4.177979 0.3534695 1
006 3 72 15 -0.035271 0.4 -0.052359 0 0.7478 0 -0.035271 -0.3478 -0.052359 4.189209 0.3534832 1
006 3 72 15 -0.035755 0.4 -0.052122 0 0.7478 0 -0.035755 -0.3478 -0.052122 4.200439 0.3534968 1
006 3 72 15 -0.036235 0.4 -0.051882 0 0.7478 0 -0.036235 -0.3478 -0.051882 4.2146 0.3535103 1
006 3 72 15 -0.036711 0.4 -0.051639 0 0.7478 0 -0.036711 -0.3478 -0.051639 4.222168 0.3535239 1
006 3 72 15 -0.037184 0.4 -0.051392 0 0.7478 0 -0.037184 -0.3478 -0.051392 4.233765 0.3535373 1
006 3 72 15 -0.037653 0.4 -0.051143 0 0.7478 0 -0.037653 -0.3478 -0.051143 4.244507 0.3535508 1
006 3 72 15 -0.038118 0.4 -0.05089 0 0.7478 0 -0.038118 -0.3478 -0.05089 4.255737 0.3535641 1
006 3 72 15 -0.03858 0.4 -0.050635 0 0.7478 0 -0.03858 -0.3478 -0.050635 4.26709 0.3535776 1
006 3 72 15 -0.039038 0.4 -0.050376 0 0.7478 0 -0.039038 -0.3478 -0.050376 4.27832 0.3535909 1
006 3 72 15 -0.039491 0.4 -0.050114 0 0.7478 0 -0.039491 -0.3478 -0.050114 4.28894 0.353604 1
006 3 72 15 -0.039941 0.4 -0.049849 0 0.7478 0 -0.039941 -0.3478 -0.049849 4.300049 0.3536171 1
006 3 72 15 -0.040387 0.4 -0.049582 0 0.7478 0 -0.040387 -0.3478 -0.049582 4.311279 0.3536302 1
006 3 72 15 -0.040828 0.4 -0.049311 0 0.7478 0 -0.040828 -0.3478 -0.049311 4.32251 0.3536429 1
006 3 72 15 -0.041266 0.4 -0.049037 0 0.7478 0 -0.041266 -0.3478 -0.049037 4.333496 0.3536557 1
006 3 72 15 -0.041699 0.4 -0.048761 0 0.7478 0 -0.041699 -0.3478 -0.048761 4.344727 0.3536683 1
006 3 72 15 -0.042129 0.4 -0.048481 0 0.7478 0 -0.042129 -0.3478 -0.048481 4.355713 0.3536808 1
006 3 72 15 -0.042554 0.4 -0.048199 0 0.7478 0 -0.042554 -0.3478 -0.048199 4.370605 0.3536931 1
006 3 72 15 -0.042975 0.4 -0.047914 0 0.7478 0 -0.042975 -0.3478 -0.047914 4.378052 0.3537053 1
006 3 72 15 -0.043391 0.4 -0.047626 0 0.7478 0 -0.043391 -0.3478 -0.047626 4.388794 0.3537172 1
006 3 72 15 -0.043804 0.4 -0.047335 0 0.7478 0 -0.043804 -0.3478 -0.047335 4.400513 0.353729 1
006 3 72 15 -0.044211 0.4 -0.047042 0 0.7478 0 -0.044211 -0.3478 -0.047042 4.411255 0.3537406 1
006 3 72 15 -0.044615 0.4 -0.046746 0 0.7478 0 -0.044615 -0.3478 -0.046746 4.422607 0.353752 1
006 3 72 15 -0.045014 0.4 -0.046447 0 0.7478 0 -0.045014 -0.3478 -0.046447 4.43335 0.3537632 1
006 3 72 15 -0.045408 0.4 -0.046146 0 0.7478 0 -0.045408 -0.3478 -0.046146 4.44458 0.3537742 1
006 3 72 15 -0.045798 0.4 -0.045842 0 0.7478 0 -0.045798 -0.3478 -0.045842 4.455566 0.3537849 1
006 3 72 15 -0.046183 0.4 -0.045535 0 0.7478 0 -0.046183 -0.3478 -0.045535 4.467163 0.3537953 1
006 3 72 15 -0.046564 0.4 -0.045226 0 0.7478 0 -0.046564 -0.3478 -0.045226 4.477661 0.3538056 1
006 3 72 15 -0.04694 0.4 -0.044914 0 0.7478 0 -0.04694 -0.3478 -0.044914 4.489014 0.3538156 1
006 3 72 15 -0.047312 0.4 -0.0446 0 0.7478 0 -0.047312 -0.3478 -0.0446 4.500244 0.3538254 1
006 3 72 15 -0.047678 0.4 -0.044283 0 0.7478 0 -0.047678 -0.3478 -0.044283 4.511719 0.3538347 1
006 3 72 15 -0.04804 0.4 -0.043964 0 0.7478 0 -0.04804 -0.3478 -0.043964 4.526001 0.3538439 1
006 3 72 15 -0.048397 0.4 -0.043643 0 0.7478 0 -0.048397 -0.3478 -0.043643 4.533203 0.3538528 1
006 3 72 15 -0.048749 0.4 -0.043319 0 0.7478 0 -0.048749 -0.3478 -0.043319 4.544312 0.3538613 1
006 3 72 15 -0.049097 0.4 -0.042993 0 0.7478 0 -0.049097 -0.3478 -0.042993 4.55603 0.3538697 1
006 3 72 15 -0.049439 0.4 -0.042665 0 0.7478 0 -0.049439 -0.3478 -0.042665 4.567017 0.3538776 1
006 3 72 15 -0.049777 0.4 -0.042334 0 0.7478 0 -0.049777 -0.3478 -0.042334 4.578125 0.3538852 1
006 3 72 15 -0.050109 0.4 -0.042001 0 0.7478 0 -0.050109 -0.3478 -0.042001 4.588989 0.3538924 1
006 3 72 15 -0.050437 0.4 -0.041666 0 0.7478 0 -0.050437 -0.3478 -0.041666 4.600464 0.3538994 1
006 3 72 15 -0.050759 0.4 -0.041328 0 0.7478 0 -0.050759 -0.3478 -0.041328 4.611572 0.3539058 1
006 3 72 15 -0.051076 0.4 -0.040989 0 0.7478 0 -0.051076 -0.3478 -0.040989 4.622192 0.353912 1
006 3 72 15 -0.051389 0.4 -0.040647 0 0.7478 0 -0.051389 -0.3478 -0.040647 4.633667 0.3539178 1
006 3 72 15 -0.051696 0.4 -0.040304 0 0.7478 0 -0.051696 -0.3478 -0.040304 4.644653 0.3539233 1
006 3 72 15 -0.051998 0.4 -0.039958 0 0.7478 0 -0.051998 -0.3478 -0.039958 4.656006 0.3539283 1
006 3 72 15 -0.052295 0.4 -0.03961 0 0.7478 0 -0.052295 -0.3478 -0.03961 4.667114 0.353933 1
006 3 72 15 -0.052586 0.4 -0.039261 0 0.7478 0 -0.052586 -0.3478 -0.039261 4.681885 0.3539372 1
006 3 72 15 -0.052872 0.4 -0.038909 0 0.7478 0 -0.052872 -0.3478 -0.038909 4.688721 0.353941 1
006 3 72 15 -0.053153 0.4 -0.038556 0 0.7478 0 -0.053153 -0.3478 -0.038556 4.700562 0.3539444 1
006 3 72 15 -0.053429 0.4 -0.038201 0 0.7478 0 -0.053429 -0.3478 -0.038201 4.711304 0.3539475 1
006 3 72 15 -0.053699 0.4 -0.037843 0 0.7478 0 -0.053699 -0.3478 -0.037843 4.722412 0.3539498 1
006 3 72 15 -0.053964 0.4 -0.037485 0 0.7478 0 -0.053964 -0.3478 -0.037485 4.733887 0.3539521 1
006 3 72 15 -0.054224 0.4 -0.037124 0 0.7478 0 -0.054224 -0.3478 -0.037124 4.744507 0.3539538 1
006 3 72 15 -0.054478 0.4 -0.036762 0 0.7478 0 -0.054478 -0.3478 -0.036762 4.755981 0.353955 1
006 3 72 15 -0.054727 0.4 -0.036398 0 0.7478 0 -0.054727 -0.3478 -0.036398 4.76709 0.3539558 1
006 3 72 15 -0.05497 0.4 -0.036032 0 0.7478 0 -0.05497 -0.3478 -0.036032 4.77832 0.353956 1
006 3 72 15 -0.055208 0.4 -0.035665 0 0.7478 0 -0.055208 -0.3478 -0.035665 4.789429 0.3539559 1
006 3 72 15 -0.05544 0.4 -0.035296 0 0.7478 0 -0.05544 -0.3478 -0.035296 4.800537 0.3539551 1
006 3 72 15 -0.055667 0.4 -0.034926 0 0.7478 0 -0.055667 -0.3478 -0.034926 4.811279 0.353954 1
006 3 72 15 -0.055888 0.4 -0.034554 0 0.7478 0 -0.055888 -0.3478 -0.034554 4.822388 0.3539523 1
006 3 72 15 -0.056103 0.4 -0.03418 0 0.7478 0 -0.056103 -0.3478 -0.03418 4.83728 0.3539501 1
006 3 72 15 -0.056313 0.4 -0.033806 0 0.7478 0 -0.056313 -0.3478 -0.033806 4.844727 0.3539475 1
006 3 72 15 -0.056517 0.4 -0.03343 0 0.7478 0 -0.056517 -0.3478 -0.03343 4.856201 0.3539443 1
006 3 72 15 -0.056716 0.4 -0.033052 0 0.7478 0 -0.056716 -0.3478 -0.033052 4.867065 0.3539406 1
006 3 72 15 -0.056909 0.4 -0.032673 0 0.7478 0 -0.056909 -0.3478 -0.032673 4.878296 0.3539364 1
006 3 72 15 -0.057096 0.4 -0.032293 0 0.7478 0 -0.057096 -0.3478 -0.032293 4.888916 0.3539317 1
006 3 72 15 -0.057278 0.4 -0.031912 0 0.7478 0 -0.057278 -0.3478 -0.031912 4.900513 0.3539265 1
006 3 72 15 -0.057453 0.4 -0.03153 0 0.7478 0 -0.057453 -0.3478 -0.03153 4.911865 0.3539206 1
006 3 72 15 -0.057624 0.4 -0.031146 0 0.7478 0 -0.057624 -0.3478 -0.031146 4.922607 0.3539144 1
006 3 72 15 -0.057788 0.4 -0.030761 0 0.7478 0 -0.057788 -0.3478 -0.030761 4.934082 0.3539075 1
006 3 72 15 -0.057946 0.4 -0.030376 0 0.7478 0 -0.057946 -0.3478 -0.030376 4.944458 0.3539001 1
006 3 72 15 -0.058099 0.4 -0.029989 0 0.7478 0 -0.058099 -0.3478 -0.029989 4.955688 0.3538922 1
006 3 72 15 -0.058246 0.4 -0.029601 0 0.7478 0 -0.058246 -0.3478 -0.029601 4.967041 0.3538837 1
006 3 72 15 -0.058387 0.4 -0.029212 0 0.7478 0 -0.058387 -0.3478 -0.029212 4.978027 0.3538746 1
006 3 72 15 -0.058522 0.4 -0.028822 0 0.7478 0 -0.058522 -0.3478 -0.028822 4.992432 0.3538649 1
006 3 72 15 -0.058652 0.4 -0.028432 0 0.7478 0 -0.058652 -0.3478 -0.028432 5.000366 0.3538549 1
006 3 72 15 -0.058775 0.4 -0.02804 0 0.7478 0 -0.058775 -0.3478 -0.02804 5.011597 0.353844 1
006 3 72 15 -0.058893 0.4 -0.027648 0 0.7478 0 -0.058893 -0.3478 -0.027648 5.022583 0.3538328 1
006 3 72 15 -0.059005 0.4 -0.027255 0 0.7478 0 -0.059005 -0.3478 -0.027255 5.033569 0.3538209 1
006 3 72 15 -0.059111 0.4 -0.026861 0 0.7478 0 -0.059111 -0.3478 -0.026861 5.045044 0.3538085 1
006 3 72 15 -0.059211 0.4 -0.026467 0 0.7478 0 -0.059211 -0.3478 -0.026467 5.05603 0.3537955 1
006 3 72 15 -0.059305 0.4 -0.026072 0 0.7478 0 -0.059305 -0.3478 -0.026072 5.067139 0.3537819 1
006 3 72 15 -0.059393 0.4 -0.025676 0 0.7478 0 -0.059393 -0.3478 -0.025676 5.078369 0.3537678 1
006 3 72 15 -0.059475 0.4 -0.02528 0 0.7478 0 -0.059475 -0.3478 -0.02528 5.089355 0.353753 1
006 3 72 15 -0.059551 0.4 -0.024883 0 0.7478 0 -0.059551 -0.3478 -0.024883 5.100586 0.3537376 1
006 3 72 15 -0.059621 0.4 -0.024486 0 0.7478 0 -0.059621 -0.3478 -0.024486 5.111084 0.3537217 1
006 3 72 15 -0.059686 0.4 -0.024088 0 0.7478 0 -0.059686 -0.3478 -0.024088 5.122803 0.3537053 1
006 3 72 15 -0.059744 0.4 -0.02369 0 0.7478 0 -0.059744 -0.3478 -0.02369 5.133667 0.3536883 1
006 3 72 15 -0.059796 0.4 -0.023292 0 0.7478 0 -0.059796 -0.3478 -0.023292 5.148071 0.3536706 1
006 3 72 15 -0.059843 0.4 -0.022893 0 0.7478 0 -0.059843 -0.3478 -0.022893 5.155396 0.3536525 1
006 3 72 15 -0.059883 0.4 -0.022494 0 0.7478 0 -0.059883 -0.3478 -0.022494 5.166992 0.3536337 1
006 3 72 15 -0.059918 0.4 -0.022095 0 0.7478 0 -0.059918 -0.3478 -0.022095 5.178467 0.3536144 1
006 3 72 15 -0.059946 0.4 -0.021695 0 0.7478 0 -0.059946 -0.3478 -0.021695 5.189087 0.3535945 1
006 3 72 15 -0.059969 0.4 -0.021295 0 0.7478 0 -0.059969 -0.3478 -0.021295 5.200195 0.353574 1
006 3 72 15 -0.059985 0.4 -0.020895 0 0.7478 0 -0.059985 -0.3478 -0.020895 5.211792 0.3535529 1
006 3 72 15 -0.059995 0.4 -0.020496 0 0.7478 0 -0.059995 -0.3478 -0.020496 5.222168 0.3535312 1
006 3 72 15 -0.06 0.4 -0.020096 0 0.7478 0 -0.06 -0.3478 -0.020096 5.233765 0.3535091 1
006 3 72 15 -0.059998 0.4 -0.019696 0 0.7478 0 -0.059998 -0.3478 -0.019696 5.244873 0.3534862 1
006 3 72 15 -0.059991 0.4 -0.019296 0 0.7478 0 -0.059991 -0.3478 -0.019296 5.255859 0.353463 1
006 3 72 15 -0.059977 0.4 -0.018896 0 0.7478 0 -0.059977 -0.3478 -0.018896 5.26709 0.353439 1
006 3 72 15 -0.059958 0.4 -0.018496 0 0.7478 0 -0.059958 -0.3478 -0.018496 5.278442 0.3534146 1
006 3 72 15 -0.059932 0.4 -0.018096 0 0.7478 0 -0.059932 -0.3478 -0.018096 5.289673 0.3533895 1
006 3 72 15 -0.0599 0.4 -0.017697 0 0.7478 0 -0.0599 -0.3478 -0.017697 5.303955 0.3533639 1
006 3 72 15 -0.059863 0.4 -0.017298 0 0.7478 0 -0.059863 -0.3478 -0.017298 5.311035 0.3533378 1
006 3 72 15 -0.059819 0.4 -0.016899 0 0.7478 0 -0.059819 -0.3478 -0.016899 5.32251 0.3533111 1
006 3 72 15 -0.05977 0.4 -0.0165 0 0.7478 0 -0.05977 -0.3478 -0.0165 5.333618 0.3532839 1
006 3 72 15 -0.059714 0.4 -0.016102 0 0.7478 0 -0.059714 -0.3478 -0.016102 5.344971 0.3532561 1
006 3 72 15 -0.059653 0.4 -0.015704 0 0.7478 0 -0.059653 -0.3478 -0.015704 5.355713 0.3532279 1
006 3 72 15 -0.059586 0.4 -0.015306 0 0.7478 0 -0.059586 -0.3478 -0.015306 5.366821 0.3531991 1
006 3 72 15 -0.059512 0.4 -0.014909 0 0.7478 0 -0.059512 -0.3478 -0.014909 5.378052 0.3531696 1
006 3 72 15 -0.059433 0.4 -0.014513 0 0.7478 0 -0.059433 -0.3478 -0.014513 5.389648 0.3531398 1
006 3 72 15 -0.059348 0.4 -0.014117 0 0.7478 0 -0.059348 -0.3478 -0.014117 5.400269 0.3531095 1
006 3 72 15 -0.059256 0.4 -0.013722 0 0.7478 0 -0.059256 -0.3478 -0.013722 5.411987 0.3530785 1
006 3 72 15 -0.059159 0.4 -0.013327 0 0.7478 0 -0.059159 -0.3478 -0.013327 5.422363 0.353047 1
006 3 72 15 -0.059056 0.4 -0.012933 0 0.7478 0 -0.059056 -0.3478 -0.012933 5.43335 0.3530152 1
006 3 72 15 -0.058947 0.4 -0.01254 0 0.7478 0 -0.058947 -0.3478 -0.01254 5.445313 0.3529828 1
006 3 72 15 -0.058832 0.4 -0.012147 0 0.7478 0 -0.058832 -0.3478 -0.012147 5.459595 0.3529498 1
006 3 72 15 -0.058712 0.4 -0.011755 0 0.7478 0 -0.058712 -0.3478 -0.011755 5.466553 0.3529166 1
006 3 72 15 -0.058585 0.4 -0.011364 0 0.7478 0 -0.058585 -0.3478 -0.011364 5.477783 0.3528827 1
006 3 72 15 -0.058452 0.4 -0.010974 0 0.7478 0 -0.058452 -0.3478 -0.010974 5.48938 0.3528483 1
006 3 72 15 -0.058314 0.4 -0.010585 0 0.7478 0 -0.058314 -0.3478 -0.010585 5.500122 0.3528135 1
006 3 72 15 -0.05817 0.4 -0.010196 0 0.7478 0 -0.05817 -0.3478 -0.010196 5.511475 0.3527783 1
006 3 72 15 -0.05802 0.4 -0.009809 0 0.7478 0 -0.05802 -0.3478 -0.009809 5.522705 0.3527426 1
006 3 72 15 -0.057864 0.4 -0.009423 0 0.7478 0 -0.057864 -0.3478 -0.009423 5.533813 0.3527065 1
006 3 72 15 -0.057703 0.4 -0.009038 0 0.7478 0 -0.057703 -0.3478 -0.009038 5.544678 0.35267 1
006 3 72 15 -0.057535 0.4 -0.008654 0 0.7478 0 -0.057535 -0.3478 -0.008654 5.556152 0.3526329 1
006 3 72 15 -0.057362 0.4 -0.008271 0 0.7478 0 -0.057362 -0.3478 -0.008271 5.567139 0.3525956 1
006 3 72 15 -0.057184 0.4 -0.007889 0 0.7478 0 -0.057184 -0.3478 -0.007889 5.578003 0.3525579 1
006 3 72 15 -0.056999 0.4 -0.007508 0 0.7478 0 -0.056999 -0.3478 -0.007508 5.5896 0.3525196 1
006 3 72 15 -0.056809 0.4 -0.007129 0 0.7478 0 -0.056809 -0.3478 -0.007129 5.600342 0.3524811 1
006 3 72 15 -0.056613 0.4 -0.006751 0 0.7478 0 -0.056613 -0.3478 -0.006751 5.61499 0.3524421 1
006 3 72 15 -0.056411 0.4 -0.006374 0 0.7478 0 -0.056411 -0.3478 -0.006374 5.622437 0.3524027 1
006 3 72 15 -0.056204 0.4 -0.005999 0 0.7478 0 -0.056204 -0.3478 -0.005999 5.633301 0.352363 1
006 3 72 15 -0.055991 0.4 -0.005625 0 0.7478 0 -0.055991 -0.3478 -0.005625 5.644897 0.352323 1
006 3 72 15 -0.055773 0.4 -0.005252 0 0.7478 0 -0.055773 -0.3478 -0.005252 5.655762 0.3522826 1
006 3 72 15 -0.055549 0.4 -0.004881 0 0.7478 0 -0.055549 -0.3478 -0.004881 5.667236 0.3522419 1
006 3 72 15 -0.055319 0.4 -0.004511 0 0.7478 0 -0.055319 -0.3478 -0.004511 5.678101 0.3522007 1
006 3 72 15 -0.055084 0.4 -0.004143 0 0.7478 0 -0.055084 -0.3478 -0.004143 5.689575 0.3521594 1
006 3 72 15 -0.054844 0.4 -0.003777 0 0.7478 0 -0.054844 -0.3478 -0.003777 5.700317 0.3521178 1
006 3 72 15 -0.054598 0.4 -0.003412 0 0.7478 0 -0.054598 -0.3478 -0.003412 5.711548 0.3520758 1
006 3 72 15 -0.054346 0.4 -0.003049 0 0.7478 0 -0.054346 -0.3478 -0.003049 5.722656 0.3520336 1
006 3 72 15 -0.054089 0.4 -0.002687 0 0.7478 0 -0.054089 -0.3478 -0.002687 5.733765 0.351991 1
006 3 72 15 -0.053827 0.4 -0.002328 0 0.7478 0 -0.053827 -0.3478 -0.002328 5.744873 0.3519483 1
006 3 72 15 -0.053559 0.4 -0.00197 0 0.7478 0 -0.053559 -0.3478 -0.00197 5.755981 0.3519052 1
006 3 72 15 -0.053286 0.4 -0.001614 0 0.7478 0 -0.053286 -0.3478 -0.001614 5.770386 0.351862 1
006 3 72 15 -0.053007 0.4 -0.001259 0 0.7478 0 -0.053007 -0.3478 -0.001259 5.777832 0.3518184 1
006 3 72 15 -0.052724 0.4 -0.000907 0 0.7478 0 -0.052724 -0.3478 -0.000907 5.789063 0.3517748 1
006 3 72 15 -0.052434 0.4 -0.000556 0 0.7478 0 -0.052434 -0.3478 -0.000556 5.800659 0.3517307 1
006 3 72 15 -0.05214 0.4 -0.000208 0 0.7478 0 -0.05214 -0.3478 -0.000208 5.812012 0.3516866 1
006 3 72 15 -0.051841 0.4 0.000139 0 0.7478 0 -0.051841 -0.3478 0.000139 5.82251 0.3516423 1
006 3 72 15 -0.051536 0.4 0.000483 0 0.7478 0 -0.051536 -0.3478 0.000483 5.833618 0.3515978 1
006 3 72 15 -0.051226 0.4 0.000826 0 0.7478 0 -0.051226 -0.3478 0.000826 5.845703 0.3515531 1
006 3 72 15 -0.050911 0.4 0.001166 0 0.7478 0 -0.050911 -0.3478 0.001166 5.855957 0.3515083 1
006 3 72 15 -0.050591 0.4 0.001505 0 0.7478 0 -0.050591 -0.3478 0.001505 5.867432 0.3514634 1
006 3 72 15 -0.050266 0.4 0.001841 0 0.7478 0 -0.050266 -0.3478 0.001841 5.878052 0.3514184 1
006 3 72 15 -0.049936 0.4 0.002175 0 0.7478 0 -0.049936 -0.3478 0.002175 5.889282 0.3513733 1
006 3 72 15 -0.049601 0.4 0.002507 0 0.7478 0 -0.049601 -0.3478 0.002507 5.900513 0.351328 1
006 3 72 15 -0.049261 0.4 0.002836 0 0.7478 0 -0.049261 -0.3478 0.002836 5.911865 0.3512827 1
006 3 72 15 -0.048916 0.4 0.003164 0 0.7478 0 -0.048916 -0.3478 0.003164 5.926025 0.3512373 1
006 3 72 15 -0.048566 0.4 0.003489 0 0.7478 0 -0.048566 -0.3478 0.003489 5.933716 0.3511918 1
006 3 72 15 -0.048211 0.4 0.003811 0 0.7478 0 -0.048211 -0.3478 0.003811 5.944946 0.3511462 1
006 3 72 15 -0.047852 0.4 0.004131 0 0.7478 0 -0.047852 -0.3478 0.004131 5.956177 0.3511007 1
006 3 72 15 -0.047487 0.4 0.004449 0 0.7478 0 -0.047487 -0.3478 0.004449 5.967041 0.351055 1
006 3 72 15 -0.047118 0.4 0.004764 0 0.7478 0 -0.047118 -0.3478 0.004764 5.978149 0.3510094 1
006 3 72 15 -0.046744 0.4 0.005077 0 0.7478 0 -0.046744 -0.3478 0.005077 5.989258 0.3509638 1
006 3 72 15 -0.046366 0.4 0.005388 0 0.7478 0 -0.046366 -0.3478 0.005388 6.000488 0.3509183 1
006 3 72 15 -0.045983 0.4 0.005696 0 0.7478 0 -0.045983 -0.3478 0.005696 6.011475 0.3508728 1
006 3 72 15 -0.045595 0.4 0.006001 0 0.7478 0 -0.045595 -0.3478 0.006001 6.022461 0.3508272 1
006 3 72 15 -0.045203 0.4 0.006303 0 0.7478 0 -0.045203 -0.3478 0.006303 6.033813 0.3507818 1
006 3 72 15 -0.044806 0.4 0.006604 0 0.7478 0 -0.044806 -0.3478 0.006604 6.0448 0.3507364 1
006 3 72 15 -0.044405 0.4 0.006901 0 0.7478 0 -0.044405 -0.3478 0.006901 6.055908 0.3506911 1
006 3 72 15 -0.043999 0.4 0.007196 0 0.7478 0 -0.043999 -0.3478 0.007196 6.067261 0.3506459 1
006 3 72 15 -0.043589 0.4 0.007488 0 0.7478 0 -0.043589 -0.3478 0.007488 6.082031 0.3506008 1
006 3 72 15 -0.043174 0.4 0.007777 0 0.7478 0 -0.043174 -0.3478 0.007777 6.088745 0.3505557 1
006 3 72 15 -0.042755 0.4 0.008063 0 0.7478 0 -0.042755 -0.3478 0.008063 6.100586 0.3505108 1
006 3 72 15 -0.042332 0.4 0.008347 0 0.7478 0 -0.042332 -0.3478 0.008347 6.111572 0.3504661 1
006 3 72 15 -0.041905 0.4 0.008628 0 0.7478 0 -0.041905 -0.3478 0.008628 6.122681 0.3504216 1
006 3 72 15 -0.041474 0.4 0.008906 0 0.7478 0 -0.041474 -0.3478 0.008906 6.133545 0.3503773 1
006 3 72 15 -0.041038 0.4 0.009181 0 0.7478 0 -0.041038 -0.3478 0.009181 6.144653 0.350333 1
006 3 72 15 -0.040598 0.4 0.009453 0 0.7478 0 -0.040598 -0.3478 0.009453 6.155762 0.350289 1
006 3 72 15 -0.040154 0.4 0.009722 0 0.7478 0 -0.040154 -0.3478 0.009722 6.167114 0.3502452 1
006 3 72 15 -0.039707 0.4 0.009988 0 0.7478 0 -0.039707 -0.3478 0.009988 6.178589 0.3502017 1
006 3 72 15 -0.039255 0.4 0.010251 0 0.7478 0 -0.039255 -0.3478 0.010251 6.189209 0.3501583 1
006 3 72 15 -0.038799 0.4 0.010511 0 0.7478 0 -0.038799 -0.3478 0.010511 6.200195 0.3501152 1
006 3 72 15 -0.038339 0.4 0.010769 0 0.7478 0 -0.038339 -0.3478 0.010769 6.211548 0.3500724 1
006 3 72 15 -0.037876 0.4 0.011023 0 0.7478 0 -0.037876 -0.3478 0.011023 6.223022 0.3500299 1
006 3 72 15 -0.037409 0.4 0.011274 0 0.7478 0 -0.037409 -0.3478 0.011274 6.237061 0.3499877 1
006 3 72 15 -0.036938 0.4 0.011521 0 0.7478 0 -0.036938 -0.3478 0.011521 6.244629 0.3499457 1
006 3 72 15 -0.036463 0.4 0.011766 0 0.7478 0 -0.036463 -0.3478 0.011766 6.255493 0.349904 1
006 3 72 15 -0.035985 0.4 0.012008 0 0.7478 0 -0.035985 -0.3478 0.012008 6.266846 0.3498628 1
006 3 72 15 -0.035503 0.4 0.012246 0 0.7478 0 -0.035503 -0.3478 0.012246 6.278076 0.3498217 1
006 3 72 15 -0.035017 0.4 0.012481 0 0.7478 0 -0.035017 -0.3478 0.012481 6.289307 0.3497811 1
006 3 72 15 -0.034529 0.4 0.012713 0 0.7478 0 -0.034529 -0.3478 0.012713 6.300903 0.3497409 1
006 3 72 15 -0.034036 0.4 0.012941 0 0.7478 0 -0.034036 -0.3478 0.012941 6.311523 0.349701 1
006 3 72 15 -0.03354 0.4 0.013167 0 0.7478 0 -0.03354 -0.3478 0.013167 6.322632 0.3496615 1
006 3 72 15 -0.033041 0.4 0.013389 0 0.7478 0 -0.033041 -0.3478 0.013389 6.334229 0.3496224 1
006 3 72 15 -0.032539 0.4 0.013607 0 0.7478 0 -0.032539 -0.3478 0.013607 6.344727 0.3495837 1
006 3 72 15 -0.032033 0.4 0.013822 0 0.7478 0 -0.032033 -0.3478 0.013822 6.356201 0.3495454 1
006 3 72 15 -0.031524 0.4 0.014034 0 0.7478 0 -0.031524 -0.3478 0.014034 6.366699 0.3495076 1
006 3 72 15 -0.031012 0.4 0.014243 0 0.7478 0 -0.031012 -0.3478 0.014243 6.378418 0.3494702 1
006 3 72 15 -0.030497 0.4 0.014448 0 0.7478 0 -0.030497 -0.3478 0.014448 6.392456 0.3494333 1
006 3 72 15 -0.029979 0.4 0.014649 0 0.7478 0 -0.029979 -0.3478 0.014649 6.400024 0.3493969 1
006 3 72 15 -0.029457 0.4 0.014847 0 0.7478 0 -0.029457 -0.3478 0.014847 6.411255 0.3493608 1
006 3 72 15 -0.028933 0.4 0.015042 0 0.7478 0 -0.028933 -0.3478 0.015042 6.422729 0.3493254 1
006 3 72 15 -0.028406 0.4 0.015233 0 0.7478 0 -0.028406 -0.3478 0.015233 6.434204 0.3492904 1
006 3 72 15 -0.027876 0.4 0.015421 0 0.7478 0 -0.027876 -0.3478 0.015421 6.444702 0.3492559 1
006 3 72 15 -0.027343 0.4 0.015605 0 0.7478 0 -0.027343 -0.3478 0.015605 6.456055 0.349222 1
006 3 72 15 -0.026808 0.4 0.015785 0 0.7478 0 -0.026808 -0.3478 0.015785 6.467285 0.3491886 1
006 3 72 15 -0.02627 0.4 0.015962 0 0.7478 0 -0.02627 -0.3478 0.015962 6.478149 0.3491558 1
006 3 72 15 -0.025729 0.4 0.016136 0 0.7478 0 -0.025729 -0.3478 0.016136 6.489624 0.3491234 1
006 3 72 15 -0.025186 0.4 0.016305 0 0.7478 0 -0.025186 -0.3478 0.016305 6.500244 0.3490917 1
006 3 72 15 -0.02464 0.4 0.016471 0 0.7478 0 -0.02464 -0.3478 0.016471 6.511963 0.3490605 1
006 3 72 15 -0.024092 0.4 0.016634 0 0.7478 0 -0.024092 -0.3478 0.016634 6.522827 0.34903 1
006 3 72 15 -0.023541 0.4 0.016793 0 0.7478 0 -0.023541 -0.3478 0.016793 6.534302 0.349 1
006 3 72 15 -0.022988 0.4 0.016948 0 0.7478 0 -0.022988 -0.3478 0.016948 6.548462 0.3489707 1
006 3 72 15 -0.022433 0.4 0.017099 0 0.7478 0 -0.022433 -0.3478 0.017099 6.55542 0.3489419 1
006 3 72 15 -0.021875 0.4 0.017247 0 0.7478 0 -0.021875 -0.3478 0.017247 6.567139 0.3489138 1
006 3 72 15 -0.021315 0.4 0.017391 0 0.7478 0 -0.021315 -0.3478 0.017391 6.578369 0.3488863 1
006 3 72 15 -0.020753 0.4 0.017531 0 0.7478 0 -0.020753 -0.3478 0.017531 6.589111 0.3488594 1
006 3 72 15 -0.020189 0.4 0.017668 0 0.7478 0 -0.020189 -0.3478 0.017668 6.600342 0.3488332 1
006 3 72 15 -0.019623 0.4 0.0178 0 0.7478 0 -0.019623 -0.3478 0.0178 6.611694 0.3488076 1
006 3 72 15 -0.019055 0.4 0.017929 0 0.7478 0 -0.019055 -0.3478 0.017929 6.622681 0.3487827 1
006 3 72 15 -0.018485 0.4 0.018054 0 0.7478 0 -0.018485 -0.3478 0.018054 6.633911 0.3487585 1
006 3 72 15 -0.017914 0.4 0.018176 0 0.7478 0 -0.017914 -0.3478 0.018176 6.645142 0.348735 1
006 3 72 15 -0.01734 0.4 0.018293 0 0.7478 0 -0.01734 -0.3478 0.018293 6.656494 0.3487121 1
006 3 72 15 -0.016765 0.4 0.018407 0 0.7478 0 -0.016765 -0.3478 0.018407 6.667236 0.34869 1
006 3 72 15 -0.016188 0.4 0.018517 0 0.7478 0 -0.016188 -0.3478 0.018517 6.678711 0.3486685 1
006 3 72 15 -0.015609 0.4 0.018623 0 0.7478 0 -0.015609 -0.3478 0.018623 6.689453 0.3486478 1
006 3 72 15 -0.015029 0.4 0.018725 0 0.7478 0 -0.015029 -0.3478 0.018725 6.703613 0.3486278 1
006 3 72 15 -0.014448 0.4 0.018823 0 0.7478 0 -0.014448 -0.3478 0.018823 6.711426 0.3486085 1
006 3 72 15 -0.013865 0.4 0.018917 0 0.7478 0 -0.013865 -0.3478 0.018917 6.722412 0.3485899 1
006 3 72 15 -0.01328 0.4 0.019008 0 0.7478 0 -0.01328 -0.3478 0.019008 6.733765 0.3485721 1
006 3 72 15 -0.012694 0.4 0.019094 0 0.7478 0 -0.012694 -0.3478 0.019094 6.744507 0.3485549 1
006 3 72 15 -0.012107 0.4 0.019177 0 0.7478 0 -0.012107 -0.3478 0.019177 6.755737 0.3485386 1
006 3 72 15 -0.011519 0.4 0.019256 0 0.7478 0 -0.011519 -0.3478 0.019256 6.76709 0.3485231 1
006 3 72 15 -0.01093 0.4 0.019331 0 0.7478 0 -0.01093 -0.3478 0.019331 6.778442 0.3485082 1
006 3 72 15 -0.010339 0.4 0.019402 0 0.7478 0 -0.010339 -0.3478 0.019402 6.789551 0.3484941 1
006 3 72 15 -0.009748 0.4 0.019469 0 0.7478 0 -0.009748 -0.3478 0.019469 6.800415 0.3484809 1
006 3 72 15 -0.009155 0.4 0.019532 0 0.7478 0 -0.009155 -0.3478 0.019532 6.811768 0.3484683 1
006 3 72 15 -0.008562 0.4 0.019591 0 0.7478 0 -0.008562 -0.3478 0.019591 6.822388 0.3484565 1
006 3 72 15 -0.007968 0.4 0.019646 0 0.7478 0 -0.007968 -0.3478 0.019646 6.83374 0.3484455 1
006 3 72 15 -0.007372 0.4 0.019697 0 0.7478 0 -0.007372 -0.3478 0.019697 6.844971 0.3484353 1
006 3 72 15 -0.006777 0.4 0.019744 0 0.7478 0 -0.006777 -0.3478 0.019744 6.859863 0.3484259 1
006 3 72 15 -0.00618 0.4 0.019787 0 0.7478 0 -0.00618 -0.3478 0.019787 6.866821 0.3484172 1
006 3 72 15 -0.005583 0.4 0.019826 0 0.7478 0 -0.005583 -0.3478 0.019826 6.878052 0.3484094 1
006 3 72 15 -0.004985 0.4 0.019862 0 0.7478 0 -0.004985 -0.3478 0.019862 6.889282 0.3484023 1
006 3 72 15 -0.004387 0.4 0.019893 0 0.7478 0 -0.004387 -0.3478 0.019893 6.900757 0.3483961 1
006 3 72 15 -0.003789 0.4 0.01992 0 0.7478 0 -0.003789 -0.3478 0.01992 6.91394 0.3483906 1
006 3 72 15 -0.00319 0.4 0.019943 0 0.7478 0 -0.00319 -0.3478 0.019943 6.922485 0.3483859 1
006 3 72 15 -0.00259 0.4 0.019963 0 0.7478 0 -0.00259 -0.3478 0.019963 6.933594 0.3483821 1
006 3 72 15 -0.001991 0.4 0.019978 0 0.7478 0 -0.001991 -0.3478 0.019978 6.944946 0.348379 1
006 3 72 15 -0.001391 0.4 0.019989 0 0.7478 0 -0.001391 -0.3478 0.019989 6.955688 0.3483767 1
006 3 72 15 -0.000791 0.4 0.019997 0 0.7478 0 -0.000791 -0.3478 0.019997 6.967041 0.3483753 1
006 3 72 15 -0.000191 0.4 0.02 0 0.7478 0 -0.000191 -0.3478 0.02 6.978271 0.3483746 1
006 3 72 15 0 0.4 0.02 0 0.7478 0 0 -0.3478 0.02 6.98938 0.3483745 1
