006 3 48 10 0.02 0.4 0 0 0.7478 0 0.02 -0.3478 0 0 0.3483745 1
006 3 48 10 0.019999 0.4004 0 0 0.7478 0 0.019999 -0.3474 0 0.01086426 0.3479752 1
006 3 48 10 0.019996 0.4008 0 0 0.7478 0 0.019996 -0.347 0 0.0223999 0.3475756 1
006 3 48 10 0.019991 0.4012 0 0 0.7478 0 0.019991 -0.3466 0 0.03308105 0.347176 1
006 3 48 10 0.019984 0.4016 0 0 0.7478 0 0.019984 -0.3462 0 0.04425049 0.3467763 1
006 3 48 10 0.019975 0.401999 0 0 0.7478 0 0.019975 -0.345801 0 0.05566406 0.3463774 1
006 3 48 10 0.019964 0.402399 0 0 0.7478 0 0.019964 -0.345401 0 0.06628418 0.3459775 1
006 3 48 10 0.019951 0.402798 0 0 0.7478 0 0.019951 -0.345002 0 0.07757568 0.3455784 1
006 3 48 10 0.019936 0.403197 0 0 0.7478 0 0.019936 -0.344603 0 0.08905029 0.3451791 1
006 3 48 10 0.019919 0.403595 0 0 0.7478 0 0.019919 -0.344205 0 0.09973145 0.3447809 1
006 3 48 10 0.0199 0.403993 0 0 0.7478 0 0.0199 -0.343807 0 0.1112671 0.3443824 1
006 3 48 10 0.019879 0.404391 0 0 0.7478 0 0.019879 -0.343409 0 0.1221313 0.3439839 1
006 3 48 10 0.019856 0.404788 0 0 0.7478 0 0.019856 -0.343012 0 0.1343994 0.3435862 1
006 3 48 10 0.019831 0.405185 0 0 0.7478 0 0.019831 -0.342615 0 0.1448364 0.3431884 1
006 3 48 10 0.019804 0.405582 0 0 0.7478 0 0.019804 -0.342218 0 0.1590576 0.3427905 1
006 3 48 10 0.019775 0.405978 0 0 0.7478 0 0.019775 -0.341822 0 0.1661377 0.3423935 1
006 3 48 10 0.019745 0.406373 0 0 0.7478 0 0.019745 -0.341427 0 0.1777344 0.3419974 1
006 3 48 10 0.019712 0.406767 0 0 0.7478 0 0.019712 -0.341033 0 0.1889648 0.3416022 1
006 3 48 10 0.019677 0.407161 0 0 0.7478 0 0.019677 -0.340639 0 0.1997681 0.3412068 1
006 3 48 10 0.01964 0.407554 0 0 0.7478 0 0.01964 -0.340246 0 0.2109985 0.3408124 1
006 3 48 10 0.019601 0.407947 0 0 0.7478 0 0.019601 -0.339853 0 0.2221069 0.3404178 1
006 3 48 10 0.019561 0.408338 0 0 0.7478 0 0.019561 -0.339462 0 0.2331543 0.3400251 1
006 3 48 10 0.019518 0.408729 0 0 0.7478 0 0.019518 -0.339071 0 0.2442627 0.3396323 1
006 3 48 10 0.019473 0.409119 0 0 0.7478 0 0.019473 -0.338681 0 0.2550659 0.3392403 1
006 3 48 10 0.019427 0.409508 0 0 0.7478 0 0.019427 -0.338292 0 0.2662354 0.3388493 1
006 3 48 10 0.019378 0.409896 0 0 0.7478 0 0.019378 -0.337904 0 0.2774048 0.3384592 1
006 3 48 10 0.019328 0.410283 0 0 0.7478 0 0.019328 -0.337517 0 0.2888184 0.3380699 1
006 3 48 10 0.019275 0.410669 0 0 0.7478 0 0.019275 -0.337131 0 0.2998047 0.3376816 1
006 3 48 10 0.019221 0.411054 0 0 0.7478 0 0.019221 -0.336746 0 0.3147583 0.3372941 1
006 3 48 10 0.019165 0.411438 0 0 0.7478 0 0.019165 -0.336362 0 0.3217163 0.3369075 1
006 3 48 10 0.019107 0.411821 0 0 0.7478 0 0.019107 -0.335979 0 0.333374 0.3365219 1
006 3 48 10 0.019047 0.412202 0 0 0.7478 0 0.019047 -0.335598 0 0.3440552 0.3361381 1
006 3 48 10 0.018985 0.412583 0 0 0.7478 0 0.018985 -0.335217 0 0.3554077 0.3357542 1
006 3 48 10 0.018921 0.412962 0 0 0.7478 0 0.018921 -0.334838 0 0.366333 0.3353721 1
006 3 48 10 0.018855 0.413339 0 0 0.7478 0 0.018855 -0.334461 0 0.3774414 0.334992 1
006 3 48 10 0.018787 0.413716 0 0 0.7478 0 0.018787 -0.334084 0 0.388916 0.3346118 1
006 3 48 10 0.018718 0.414091 0 0 0.7478 0 0.018718 -0.333709 0 0.3996582 0.3342336 1
006 3 48 10 0.018647 0.414465 0 0 0.7478 0 0.018647 -0.333335 0 0.4110107 0.3338561 1
006 3 48 10 0.018573 0.414837 0 0 0.7478 0 0.018573 -0.332963 0 0.4224243 0.3334806 1
006 3 48 10 0.018498 0.415208 0 0 0.7478 0 0.018498 -0.332592 0 0.4332886 0.333106 1
006 3 48 10 0.018421 0.415577 0 0 0.7478 0 0.018421 -0.332223 0 0.4442749 0.3327333 1
006 3 48 10 0.018342 0.415944 0 0 0.7478 0 0.018342 -0.331856 0 0.4559326 0.3323625 1
006 3 48 10 0.018262 0.41631 0 0 0.7478 0 0.018262 -0.33149 0 0.4699097 0.3319926 1
006 3 48 10 0.018179 0.416675 0 0 0.7478 0 0.018179 -0.331125 0 0.477417 0.3316236 1
006 3 48 10 0.018095 0.417038 0 0 0.7478 0 0.018095 -0.330762 0 0.4888916 0.3312566 1
006 3 48 10 0.018009 0.417399 0 0 0.7478 0 0.018009 -0.330401 0 0.4998169 0.3308914 1
006 3 48 10 0.017921 0.417758 0 0 0.7478 0 0.017921 -0.330042 0 0.5113525 0.3305282 1
006 3 48 10 0.017831 0.418115 0 0 0.7478 0 0.017831 -0.329685 0 0.5219116 0.3301668 1
006 3 48 10 0.01774 0.418471 0 0 0.7478 0 0.01774 -0.329329 0 0.5335083 0.3298064 1
006 3 48 10 0.017647 0.418825 0 0 0.7478 0 0.017647 -0.328975 0 0.5444336 0.329448 1
006 3 48 10 0.017552 0.419177 0 0 0.7478 0 0.017552 -0.328623 0 0.555481 0.3290914 1
006 3 48 10 0.017455 0.419527 0 0 0.7478 0 0.017455 -0.328273 0 0.5662231 0.3287367 1
006 3 48 10 0.017356 0.419875 0 0 0.7478 0 0.017356 -0.327925 0 0.5776367 0.328384 1
006 3 48 10 0.017256 0.420221 0 0 0.7478 0 0.017256 -0.327579 0 0.5886841 0.3280332 1
006 3 48 10 0.017154 0.420565 0 0 0.7478 0 0.017154 -0.327235 0 0.6002808 0.3276843 1
006 3 48 10 0.01705 0.420907 0 0 0.7478 0 0.01705 -0.326893 0 0.6112061 0.3273373 1
006 3 48 10 0.016945 0.421247 0 0 0.7478 0 0.016945 -0.326553 0 0.6255493 0.3269923 1
006 3 48 10 0.016838 0.421585 0 0 0.7478 0 0.016838 -0.326215 0 0.6329956 0.3266493 1
006 3 48 10 0.016729 0.421921 0 0 0.7478 0 0.016729 -0.325879 0 0.6443481 0.3263081 1
006 3 48 10 0.016619 0.422254 0 0 0.7478 0 0.016619 -0.325546 0 0.6560059 0.3259699 1
006 3 48 10 0.016507 0.422586 0 0 0.7478 0 0.016507 -0.325214 0 0.6665649 0.3256327 1
006 3 48 10 0.016393 0.422915 0 0 0.7478 0 0.016393 -0.324885 0 0.6774902 0.3252983 1
006 3 48 10 0.016278 0.423241 0 0 0.7478 0 0.016278 -0.324559 0 0.6889648 0.3249669 1
006 3 48 10 0.016161 0.423566 0 0 0.7478 0 0.016161 -0.324234 0 0.7003174 0.3246365 1
006 3 48 10 0.016042 0.423888 0 0 0.7478 0 0.016042 -0.323912 0 0.7112427 0.324309 1
006 3 48 10 0.015922 0.424207 0 0 0.7478 0 0.015922 -0.323593 0 0.7225952 0.3239845 1
006 3 48 10 0.0158 0.424525 0 0 0.7478 0 0.0158 -0.323275 0 0.7333374 0.3236609 1
006 3 48 10 0.015676 0.424839 0 0 0.7478 0 0.015676 -0.322961 0 0.7443848 0.3233412 1
006 3 48 10 0.015551 0.425152 0 0 0.7478 0 0.015551 -0.322648 0 0.7557373 0.3230225 1
006 3 48 10 0.015425 0.425461 0 0 0.7478 0 0.015425 -0.322339 0 0.7665405 0.3227079 1
006 3 48 10 0.015297 0.425769 0 0 0.7478 0 0.015297 -0.322031 0 0.7807617 0.3223941 1
006 3 48 10 0.015167 0.426073 0 0 0.7478 0 0.015167 -0.321727 0 0.788147 0.3220843 1
006 3 48 10 0.015036 0.426375 0 0 0.7478 0 0.015036 -0.321425 0 0.7997437 0.3217765 1
006 3 48 10 0.014903 0.426675 0 0 0.7478 0 0.014903 -0.321125 0 0.8112793 0.3214706 1
006 3 48 10 0.014769 0.426972 0 0 0.7478 0 0.014769 -0.320828 0 0.8220215 0.3211677 1
006 3 48 10 0.014634 0.427266 0 0 0.7478 0 0.014634 -0.320534 0 0.8330078 0.3208679 1
006 3 48 10 0.014497 0.427557 0 0 0.7478 0 0.014497 -0.320243 0 0.8444824 0.3205709 1
006 3 48 10 0.014358 0.427845 0 0 0.7478 0 0.014358 -0.319955 0 0.8554688 0.320277 1
006 3 48 10 0.014218 0.428131 0 0 0.7478 0 0.014218 -0.319669 0 0.866394 0.319985 1
006 3 48 10 0.014077 0.428414 0 0 0.7478 0 0.014077 -0.319386 0 0.8777466 0.3196961 1
006 3 48 10 0.013934 0.428694 0 0 0.7478 0 0.013934 -0.319106 0 0.8886108 0.3194101 1
006 3 48 10 0.01379 0.428971 0 0 0.7478 0 0.01379 -0.318829 0 0.9005127 0.3191271 1
006 3 48 10 0.013644 0.429246 0 0 0.7478 0 0.013644 -0.318554 0 0.9107666 0.318846 1
006 3 48 10 0.013498 0.429517 0 0 0.7478 0 0.013498 -0.318283 0 0.9221191 0.3185691 1
006 3 48 10 0.013349 0.429786 0 0 0.7478 0 0.013349 -0.318014 0 0.9362793 0.318294 1
006 3 48 10 0.0132 0.430051 0 0 0.7478 0 0.0132 -0.317749 0 0.9440308 0.3180231 1
006 3 48 10 0.013049 0.430314 0 0 0.7478 0 0.013049 -0.317486 0 0.9556274 0.317754 1
006 3 48 10 0.012897 0.430573 0 0 0.7478 0 0.012897 -0.317227 0 0.9663696 0.317489 1
006 3 48 10 0.012743 0.43083 0 0 0.7478 0 0.012743 -0.31697 0 0.9777222 0.3172261 1
006 3 48 10 0.012588 0.431083 0 0 0.7478 0 0.012588 -0.316717 0 0.9889526 0.316967 1
006 3 48 10 0.012432 0.431333 0 0 0.7478 0 0.012432 -0.316467 0 0.9996948 0.3167111 1
006 3 48 10 0.012275 0.43158 0 0 0.7478 0 0.012275 -0.31622 0 1.011169 0.3164581 1
006 3 48 10 0.012116 0.431824 0 0 0.7478 0 0.012116 -0.315976 0 1.022644 0.3162082 1
006 3 48 10 0.011957 0.432065 0 0 0.7478 0 0.011957 -0.315735 0 1.033142 0.3159613 1
006 3 48 10 0.011796 0.432302 0 0 0.7478 0 0.011796 -0.315498 0 1.04425 0.3157184 1
006 3 48 10 0.011634 0.432537 0 0 0.7478 0 0.011634 -0.315263 0 1.05603 0.3154776 1
006 3 48 10 0.01147 0.432768 0 0 0.7478 0 0.01147 -0.315032 0 1.06665 0.3152407 1
006 3 48 10 0.011306 0.432995 0 0 0.7478 0 0.011306 -0.314805 0 1.077698 0.3150079 1
006 3 48 10 0.01114 0.43322 0 0 0.7478 0 0.01114 -0.31458 0 1.091919 0.3147772 1
006 3 48 10 0.010974 0.433441 0 0 0.7478 0 0.010974 -0.314359 0 1.099792 0.3145505 1
006 3 48 10 0.010806 0.433659 0 0 0.7478 0 0.010806 -0.314141 0 1.110718 0.3143268 1
006 3 48 10 0.010637 0.433873 0 0 0.7478 0 0.010637 -0.313927 0 1.12207 0.3141071 1
006 3 48 10 0.010467 0.434084 0 0 0.7478 0 0.010467 -0.313716 0 1.13324 0.3138905 1
006 3 48 10 0.010296 0.434292 0 0 0.7478 0 0.010296 -0.313508 0 1.144165 0.313677 1
006 3 48 10 0.010124 0.434496 0 0 0.7478 0 0.010124 -0.313304 0 1.155945 0.3134675 1
006 3 48 10 0.009951 0.434697 0 0 0.7478 0 0.009951 -0.313103 0 1.166138 0.3132611 1
006 3 48 10 0.009777 0.434894 0 0 0.7478 0 0.009777 -0.312906 0 1.177673 0.3130587 1
006 3 48 10 0.009602 0.435088 0 0 0.7478 0 0.009602 -0.312712 0 1.189209 0.3128594 1
006 3 48 10 0.009427 0.435278 0 0 0.7478 0 0.009427 -0.312522 0 1.200012 0.3126642 1
006 3 48 10 0.00925 0.435465 0 0 0.7478 0 0.00925 -0.312335 0 1.211243 0.3124719 1
006 3 48 10 0.009072 0.435648 0 0 0.7478 0 0.009072 -0.312152 0 1.222107 0.3122838 1
006 3 48 10 0.008893 0.435828 0 0 0.7478 0 0.008893 -0.311972 0 1.233093 0.3120987 1
006 3 48 10 0.008714 0.436004 0 0 0.7478 0 0.008714 -0.311796 0 1.247437 0.3119177 1
006 3 48 10 0.008533 0.436176 0 0 0.7478 0 0.008533 -0.311624 0 1.255188 0.3117408 1
006 3 48 10 0.008352 0.436345 0 0 0.7478 0 0.008352 -0.311455 0 1.266846 0.3115669 1
006 3 48 10 0.00817 0.436511 0 0 0.7478 0 0.00817 -0.311289 0 1.277344 0.3113962 1
006 3 48 10 0.007987 0.436672 0 0 0.7478 0 0.007987 -0.311128 0 1.288635 0.3112305 1
006 3 48 10 0.007803 0.43683 0 0 0.7478 0 0.007803 -0.31097 0 1.299805 0.3110678 1
006 3 48 10 0.007618 0.436984 0 0 0.7478 0 0.007618 -0.310816 0 1.311218 0.3109093 1
006 3 48 10 0.007433 0.437135 0 0 0.7478 0 0.007433 -0.310665 0 1.322327 0.3107539 1
006 3 48 10 0.007247 0.437282 0 0 0.7478 0 0.007247 -0.310518 0 1.333435 0.3106025 1
006 3 48 10 0.00706 0.437425 0 0 0.7478 0 0.00706 -0.310375 0 1.344116 0.3104553 1
006 3 48 10 0.006873 0.437564 0 0 0.7478 0 0.006873 -0.310236 0 1.355652 0.3103121 1
006 3 48 10 0.006685 0.4377 0 0 0.7478 0 0.006685 -0.3101 0 1.366699 0.3101721 1
006 3 48 10 0.006496 0.437831 0 0 0.7478 0 0.006496 -0.309969 0 1.377991 0.310037 1
006 3 48 10 0.006306 0.437959 0 0 0.7478 0 0.006306 -0.309841 0 1.388733 0.3099051 1
006 3 48 10 0.006116 0.438084 0 0 0.7478 0 0.006116 -0.309716 0 1.403625 0.3097764 1
006 3 48 10 0.005926 0.438204 0 0 0.7478 0 0.005926 -0.309596 0 1.410889 0.3096527 1
006 3 48 10 0.005734 0.438321 0 0 0.7478 0 0.005734 -0.309479 0 1.42218 0.3095321 1
006 3 48 10 0.005542 0.438433 0 0 0.7478 0 0.005542 -0.309367 0 1.433228 0.3094167 1
006 3 48 10 0.00535 0.438542 0 0 0.7478 0 0.00535 -0.309258 0 1.444519 0.3093043 1
006 3 48 10 0.005157 0.438647 0 0 0.7478 0 0.005157 -0.309153 0 1.455933 0.309196 1
006 3 48 10 0.004964 0.438749 0 0 0.7478 0 0.004964 -0.309051 0 1.46637 0.3090909 1
006 3 48 10 0.00477 0.438846 0 0 0.7478 0 0.00477 -0.308954 0 1.477661 0.3089908 1
006 3 48 10 0.004575 0.438939 0 0 0.7478 0 0.004575 -0.308861 0 1.489075 0.3088949 1
006 3 48 10 0.00438 0.439029 0 0 0.7478 0 0.00438 -0.308771 0 1.500488 0.308802 1
006 3 48 10 0.004185 0.439115 0 0 0.7478 0 0.004185 -0.308685 0 1.510803 0.3087133 1
006 3 48 10 0.003989 0.439196 0 0 0.7478 0 0.003989 -0.308604 0 1.522156 0.3086298 1
006 3 48 10 0.003793 0.439274 0 0 0.7478 0 0.003793 -0.308526 0 1.533325 0.3085493 1
006 3 48 10 0.003596 0.439348 0 0 0.7478 0 0.003596 -0.308452 0 1.546509 0.3084729 1
006 3 48 10 0.003399 0.439418 0 0 0.7478 0 0.003399 -0.308382 0 1.558899 0.3084007 1
006 3 48 10 0.003202 0.439484 0 0 0.7478 0 0.003202 -0.308316 0 1.566528 0.3083326 1
006 3 48 10 0.003005 0.439546 0 0 0.7478 0 0.003005 -0.308254 0 1.578125 0.3082686 1
006 3 48 10 0.002807 0.439604 0 0 0.7478 0 0.002807 -0.308196 0 1.588684 0.3082088 1
006 3 48 10 0.002608 0.439658 0 0 0.7478 0 0.002608 -0.308142 0 1.600037 0.308153 1
006 3 48 10 0.00241 0.439709 0 0 0.7478 0 0.00241 -0.308091 0 1.611084 0.3081004 1
006 3 48 10 0.002211 0.439755 0 0 0.7478 0 0.002211 -0.308045 0 1.622131 0.3080529 1
006 3 48 10 0.002013 0.439797 0 0 0.7478 0 0.002013 -0.308003 0 1.633118 0.3080096 1
006 3 48 10 0.001813 0.439835 0 0 0.7478 0 0.001813 -0.307965 0 1.644714 0.3079703 1
006 3 48 10 0.001614 0.43987 0 0 0.7478 0 0.001614 -0.30793 0 1.655762 0.3079342 1
006 3 48 10 0.001415 0.4399 0 0 0.7478 0 0.001415 -0.3079 0 1.667053 0.3079032 1
006 3 48 10 0.001215 0.439926 0 0 0.7478 0 0.001215 -0.307874 0 1.677551 0.3078764 1
006 3 48 10 0.001015 0.439948 0 0 0.7478 0 0.001015 -0.307852 0 1.688904 0.3078536 1
006 3 48 10 0.000816 0.439967 0 0 0.7478 0 0.000816 -0.307833 0 1.700317 0.3078341 1
006 3 48 10 0.000616 0.439981 0 0 0.7478 0 0.000616 -0.307819 0 1.714722 0.3078196 1
006 3 48 10 0.000416 0.439991 0 0 0.7478 0 0.000416 -0.307809 0 1.721924 0.3078093 1
006 3 48 10 0.000216 0.439998 0 0 0.7478 0 0.000216 -0.307802 0 1.733398 0.3078021 1
006 3 48 10 1.6E-05 0.44 0 0 0.7478 0 1.6E-05 -0.3078 0 1.744507 0.3078 1
006 3 48 10 -0.000184 0.439998 0 0 0.7478 0 -0.000184 -0.307802 0 1.755676 0.3078021 1
006 3 48 10 -0.000384 0.439993 0 0 0.7478 0 -0.000384 -0.307807 0 1.766479 0.3078072 1
006 3 48 10 -0.000584 0.439983 0 0 0.7478 0 -0.000584 -0.307817 0 1.777832 0.3078175 1
006 3 48 10 -0.000784 0.439969 0 0 0.7478 0 -0.000784 -0.307831 0 1.78894 0.307832 1
006 3 48 10 -0.000984 0.439952 0 0 0.7478 0 -0.000984 -0.307848 0 1.799988 0.3078496 1
006 3 48 10 -0.001183 0.43993 0 0 0.7478 0 -0.001183 -0.30787 0 1.810913 0.3078722 1
006 3 48 10 -0.001383 0.439904 0 0 0.7478 0 -0.001383 -0.307896 0 1.822205 0.3078991 1
006 3 48 10 -0.001582 0.439875 0 0 0.7478 0 -0.001582 -0.307925 0 1.833374 0.307929 1
006 3 48 10 -0.001782 0.439841 0 0 0.7478 0 -0.001782 -0.307959 0 1.844482 0.3079641 1
006 3 48 10 -0.001981 0.439803 0 0 0.7478 0 -0.001981 -0.307997 0 1.855896 0.3080034 1
006 3 48 10 -0.00218 0.439762 0 0 0.7478 0 -0.00218 -0.308038 0 1.870239 0.3080457 1
006 3 48 10 -0.002378 0.439716 0 0 0.7478 0 -0.002378 -0.308084 0 1.877625 0.3080932 1
006 3 48 10 -0.002577 0.439667 0 0 0.7478 0 -0.002577 -0.308133 0 1.88855 0.3081437 1
006 3 48 10 -0.002775 0.439613 0 0 0.7478 0 -0.002775 -0.308187 0 1.899841 0.3081995 1
006 3 48 10 -0.002973 0.439556 0 0 0.7478 0 -0.002973 -0.308244 0 1.910889 0.3082583 1
006 3 48 10 -0.003171 0.439494 0 0 0.7478 0 -0.003171 -0.308306 0 1.922424 0.3083223 1
006 3 48 10 -0.003368 0.439429 0 0 0.7478 0 -0.003368 -0.308371 0 1.933655 0.3083894 1
006 3 48 10 -0.003565 0.439359 0 0 0.7478 0 -0.003565 -0.308441 0 1.944336 0.3084616 1
006 3 48 10 -0.003762 0.439286 0 0 0.7478 0 -0.003762 -0.308514 0 1.955566 0.3085369 1
006 3 48 10 -0.003958 0.439209 0 0 0.7478 0 -0.003958 -0.308591 0 1.966614 0.3086164 1
006 3 48 10 -0.004154 0.439128 0 0 0.7478 0 -0.004154 -0.308672 0 1.978088 0.3086999 1
006 3 48 10 -0.004349 0.439043 0 0 0.7478 0 -0.004349 -0.308757 0 1.98877 0.3087876 1
006 3 48 10 -0.004544 0.438954 0 0 0.7478 0 -0.004544 -0.308846 0 2 0.3088794 1
006 3 48 10 -0.004739 0.438861 0 0 0.7478 0 -0.004739 -0.308939 0 2.011047 0.3089753 1
006 3 48 10 -0.004933 0.438764 0 0 0.7478 0 -0.004933 -0.309036 0 2.025635 0.3090754 1
006 3 48 10 -0.005126 0.438664 0 0 0.7478 0 -0.005126 -0.309136 0 2.03302 0.3091785 1
006 3 48 10 -0.005319 0.438559 0 0 0.7478 0 -0.005319 -0.309241 0 2.044495 0.3092867 1
006 3 48 10 -0.005512 0.438451 0 0 0.7478 0 -0.005512 -0.309349 0 2.055298 0.3093981 1
006 3 48 10 -0.005704 0.438339 0 0 0.7478 0 -0.005704 -0.309461 0 2.066772 0.3095136 1
006 3 48 10 -0.005895 0.438223 0 0 0.7478 0 -0.005895 -0.309577 0 2.077576 0.3096331 1
006 3 48 10 -0.006086 0.438103 0 0 0.7478 0 -0.006086 -0.309697 0 2.088928 0.3097568 1
006 3 48 10 -0.006276 0.437979 0 0 0.7478 0 -0.006276 -0.309821 0 2.099976 0.3098845 1
006 3 48 10 -0.006466 0.437852 0 0 0.7478 0 -0.006466 -0.309948 0 2.111145 0.3100154 1
006 3 48 10 -0.006655 0.437721 0 0 0.7478 0 -0.006655 -0.310079 0 2.122192 0.3101504 1
006 3 48 10 -0.006843 0.437586 0 0 0.7478 0 -0.006843 -0.310214 0 2.133484 0.3102894 1
006 3 48 10 -0.007031 0.437447 0 0 0.7478 0 -0.007031 -0.310353 0 2.144409 0.3104326 1
006 3 48 10 -0.007217 0.437305 0 0 0.7478 0 -0.007217 -0.310495 0 2.155457 0.3105789 1
006 3 48 10 -0.007404 0.437158 0 0 0.7478 0 -0.007404 -0.310642 0 2.167297 0.3107302 1
006 3 48 10 -0.007589 0.437008 0 0 0.7478 0 -0.007589 -0.310792 0 2.18158 0.3108847 1
006 3 48 10 -0.007774 0.436855 0 0 0.7478 0 -0.007774 -0.310945 0 2.18866 0.3110421 1
006 3 48 10 -0.007958 0.436698 0 0 0.7478 0 -0.007958 -0.311102 0 2.200195 0.3112037 1
006 3 48 10 -0.008141 0.436537 0 0 0.7478 0 -0.008141 -0.311263 0 2.211182 0.3113694 1
006 3 48 10 -0.008323 0.436372 0 0 0.7478 0 -0.008323 -0.311428 0 2.222046 0.3115392 1
006 3 48 10 -0.008504 0.436204 0 0 0.7478 0 -0.008504 -0.311596 0 2.233398 0.311712 1
006 3 48 10 -0.008685 0.436032 0 0 0.7478 0 -0.008685 -0.311768 0 2.244446 0.3118889 1
006 3 48 10 -0.008865 0.435856 0 0 0.7478 0 -0.008865 -0.311944 0 2.255493 0.3120699 1
006 3 48 10 -0.009044 0.435677 0 0 0.7478 0 -0.009044 -0.312123 0 2.266907 0.312254 1
006 3 48 10 -0.009221 0.435494 0 0 0.7478 0 -0.009221 -0.312306 0 2.277649 0.3124421 1
006 3 48 10 -0.009398 0.435308 0 0 0.7478 0 -0.009398 -0.312492 0 2.289307 0.3126333 1
006 3 48 10 -0.009575 0.435119 0 0 0.7478 0 -0.009575 -0.312681 0 2.299805 0.3128276 1
006 3 48 10 -0.00975 0.434925 0 0 0.7478 0 -0.00975 -0.312875 0 2.311218 0.3130268 1
006 3 48 10 -0.009924 0.434729 0 0 0.7478 0 -0.009924 -0.313071 0 2.322693 0.3132282 1
006 3 48 10 -0.010097 0.434528 0 0 0.7478 0 -0.010097 -0.313272 0 2.33667 0.3134347 1
006 3 48 10 -0.010269 0.434325 0 0 0.7478 0 -0.010269 -0.313475 0 2.344116 0.3136431 1
006 3 48 10 -0.01044 0.434118 0 0 0.7478 0 -0.01044 -0.313682 0 2.355469 0.3138557 1
006 3 48 10 -0.01061 0.433907 0 0 0.7478 0 -0.01061 -0.313893 0 2.367004 0.3140723 1
006 3 48 10 -0.010779 0.433693 0 0 0.7478 0 -0.010779 -0.314107 0 2.377502 0.3142919 1
006 3 48 10 -0.010947 0.433476 0 0 0.7478 0 -0.010947 -0.314324 0 2.389099 0.3145145 1
006 3 48 10 -0.011114 0.433255 0 0 0.7478 0 -0.011114 -0.314545 0 2.400024 0.3147413 1
006 3 48 10 -0.01128 0.433031 0 0 0.7478 0 -0.01128 -0.314769 0 2.411194 0.314971 1
006 3 48 10 -0.011444 0.432804 0 0 0.7478 0 -0.011444 -0.314996 0 2.422302 0.3152038 1
006 3 48 10 -0.011608 0.432574 0 0 0.7478 0 -0.011608 -0.315226 0 2.433411 0.3154396 1
006 3 48 10 -0.01177 0.43234 0 0 0.7478 0 -0.01177 -0.31546 0 2.444397 0.3156795 1
006 3 48 10 -0.011931 0.432103 0 0 0.7478 0 -0.011931 -0.315697 0 2.455383 0.3159223 1
006 3 48 10 -0.012091 0.431863 0 0 0.7478 0 -0.012091 -0.315937 0 2.466553 0.3161682 1
006 3 48 10 -0.01225 0.431619 0 0 0.7478 0 -0.01225 -0.316181 0 2.477905 0.3164182 1
006 3 48 10 -0.012407 0.431373 0 0 0.7478 0 -0.012407 -0.316427 0 2.492676 0.3166701 1
006 3 48 10 -0.012563 0.431123 0 0 0.7478 0 -0.012563 -0.316677 0 2.499573 0.3169261 1
006 3 48 10 -0.012718 0.43087 0 0 0.7478 0 -0.012718 -0.31693 0 2.511536 0.3171851 1
006 3 48 10 -0.012872 0.430614 0 0 0.7478 0 -0.012872 -0.317186 0 2.521973 0.3174471 1
006 3 48 10 -0.013025 0.430355 0 0 0.7478 0 -0.013025 -0.317445 0 2.533691 0.3177121 1
006 3 48 10 -0.013176 0.430093 0 0 0.7478 0 -0.013176 -0.317707 0 2.544495 0.3179801 1
006 3 48 10 -0.013326 0.429828 0 0 0.7478 0 -0.013326 -0.317972 0 2.55542 0.3182511 1
006 3 48 10 -0.013474 0.42956 0 0 0.7478 0 -0.013474 -0.31824 0 2.566772 0.3185251 1
006 3 48 10 -0.013621 0.429289 0 0 0.7478 0 -0.013621 -0.318511 0 2.578064 0.3188021 1
006 3 48 10 -0.013767 0.429015 0 0 0.7478 0 -0.013767 -0.318785 0 2.588684 0.3190821 1
006 3 48 10 -0.013911 0.428739 0 0 0.7478 0 -0.013911 -0.319061 0 2.599854 0.3193641 1
006 3 48 10 -0.014054 0.428459 0 0 0.7478 0 -0.014054 -0.319341 0 2.611694 0.3196501 1
006 3 48 10 -0.014196 0.428176 0 0 0.7478 0 -0.014196 -0.319624 0 2.622192 0.3199391 1
006 3 48 10 -0.014336 0.427891 0 0 0.7478 0 -0.014336 -0.319909 0 2.633789 0.32023 1
006 3 48 10 -0.014475 0.427603 0 0 0.7478 0 -0.014475 -0.320197 0 2.648376 0.320524 1
006 3 48 10 -0.014612 0.427312 0 0 0.7478 0 -0.014612 -0.320488 0 2.655334 0.3208209 1
006 3 48 10 -0.014748 0.427019 0 0 0.7478 0 -0.014748 -0.320781 0 2.666809 0.3211198 1
006 3 48 10 -0.014882 0.426722 0 0 0.7478 0 -0.014882 -0.321078 0 2.677979 0.3214227 1
006 3 48 10 -0.015015 0.426423 0 0 0.7478 0 -0.015015 -0.321377 0 2.688843 0.3217275 1
006 3 48 10 -0.015146 0.426122 0 0 0.7478 0 -0.015146 -0.321678 0 2.700012 0.3220344 1
006 3 48 10 -0.015276 0.425817 0 0 0.7478 0 -0.015276 -0.321983 0 2.711304 0.3223451 1
006 3 48 10 -0.015405 0.425511 0 0 0.7478 0 -0.015405 -0.322289 0 2.722351 0.322657 1
006 3 48 10 -0.015531 0.425201 0 0 0.7478 0 -0.015531 -0.322599 0 2.733582 0.3229726 1
006 3 48 10 -0.015657 0.424889 0 0 0.7478 0 -0.015657 -0.322911 0 2.74469 0.3232903 1
006 3 48 10 -0.01578 0.424575 0 0 0.7478 0 -0.01578 -0.323225 0 2.755676 0.3236099 1
006 3 48 10 -0.015902 0.424258 0 0 0.7478 0 -0.015902 -0.323542 0 2.767029 0.3239326 1
006 3 48 10 -0.016023 0.423939 0 0 0.7478 0 -0.016023 -0.323861 0 2.77771 0.3242571 1
006 3 48 10 -0.016142 0.423617 0 0 0.7478 0 -0.016142 -0.324183 0 2.789001 0.3245846 1
006 3 48 10 -0.016259 0.423293 0 0 0.7478 0 -0.016259 -0.324507 0 2.803955 0.3249141 1
006 3 48 10 -0.016375 0.422967 0 0 0.7478 0 -0.016375 -0.324833 0 2.811035 0.3252454 1
006 3 48 10 -0.016489 0.422638 0 0 0.7478 0 -0.016489 -0.325162 0 2.822266 0.3255798 1
006 3 48 10 -0.016601 0.422307 0 0 0.7478 0 -0.016601 -0.325493 0 2.833435 0.3259161 1
006 3 48 10 -0.016712 0.421974 0 0 0.7478 0 -0.016712 -0.325826 0 2.844543 0.3262543 1
006 3 48 10 -0.016821 0.421639 0 0 0.7478 0 -0.016821 -0.326161 0 2.855896 0.3265945 1
006 3 48 10 -0.016928 0.421301 0 0 0.7478 0 -0.016928 -0.326499 0 2.86676 0.3269375 1
006 3 48 10 -0.017034 0.420962 0 0 0.7478 0 -0.017034 -0.326838 0 2.877563 0.3272816 1
006 3 48 10 -0.017138 0.42062 0 0 0.7478 0 -0.017138 -0.32718 0 2.888977 0.3276286 1
006 3 48 10 -0.01724 0.420276 0 0 0.7478 0 -0.01724 -0.327524 0 2.899902 0.3279774 1
006 3 48 10 -0.017341 0.41993 0 0 0.7478 0 -0.017341 -0.32787 0 2.911255 0.3283283 1
006 3 48 10 -0.017439 0.419583 0 0 0.7478 0 -0.017439 -0.328217 0 2.922546 0.32868 1
006 3 48 10 -0.017536 0.419233 0 0 0.7478 0 -0.017536 -0.328567 0 2.933228 0.3290346 1
006 3 48 10 -0.017632 0.418881 0 0 0.7478 0 -0.017632 -0.328919 0 2.944763 0.3293912 1
006 3 48 10 -0.017725 0.418528 0 0 0.7478 0 -0.017725 -0.329272 0 2.959167 0.3297487 1
006 3 48 10 -0.017817 0.418172 0 0 0.7478 0 -0.017817 -0.329628 0 2.966431 0.3301091 1
006 3 48 10 -0.017907 0.417815 0 0 0.7478 0 -0.017907 -0.329985 0 2.977539 0.3304705 1
006 3 48 10 -0.017995 0.417456 0 0 0.7478 0 -0.017995 -0.330344 0 2.989014 0.3308338 1
006 3 48 10 -0.018081 0.417095 0 0 0.7478 0 -0.018081 -0.330705 0 3 0.3311989 1
006 3 48 10 -0.018166 0.416733 0 0 0.7478 0 -0.018166 -0.331067 0 3.011292 0.331565 1
006 3 48 10 -0.018249 0.416369 0 0 0.7478 0 -0.018249 -0.331431 0 3.0224 0.331933 1
006 3 48 10 -0.01833 0.416003 0 0 0.7478 0 -0.01833 -0.331797 0 3.033691 0.3323029 1
006 3 48 10 -0.018409 0.415635 0 0 0.7478 0 -0.018409 -0.332165 0 3.044922 0.3326747 1
006 3 48 10 -0.018486 0.415266 0 0 0.7478 0 -0.018486 -0.332534 0 3.055786 0.3330474 1
006 3 48 10 -0.018561 0.414896 0 0 0.7478 0 -0.018561 -0.332904 0 3.066711 0.333421 1
006 3 48 10 -0.018635 0.414524 0 0 0.7478 0 -0.018635 -0.333276 0 3.077759 0.3337966 1
006 3 48 10 -0.018707 0.414151 0 0 0.7478 0 -0.018707 -0.333649 0 3.089294 0.334173 1
006 3 48 10 -0.018777 0.413776 0 0 0.7478 0 -0.018777 -0.334024 0 3.100342 0.3345513 1
006 3 48 10 -0.018844 0.4134 0 0 0.7478 0 -0.018844 -0.3344 0 3.114258 0.3349305 1
006 3 48 10 -0.018911 0.413022 0 0 0.7478 0 -0.018911 -0.334778 0 3.121887 0.3353117 1
006 3 48 10 -0.018975 0.412643 0 0 0.7478 0 -0.018975 -0.335157 0 3.133667 0.3356937 1
006 3 48 10 -0.019037 0.412263 0 0 0.7478 0 -0.019037 -0.335537 0 3.144592 0.3360766 1
006 3 48 10 -0.019097 0.411882 0 0 0.7478 0 -0.019097 -0.335918 0 3.155762 0.3364604 1
006 3 48 10 -0.019156 0.411499 0 0 0.7478 0 -0.019156 -0.336301 0 3.16687 0.3368461 1
006 3 48 10 -0.019212 0.411115 0 0 0.7478 0 -0.019212 -0.336685 0 3.177917 0.3372327 1
006 3 48 10 -0.019267 0.410731 0 0 0.7478 0 -0.019267 -0.337069 0 3.189087 0.3376192 1
006 3 48 10 -0.01932 0.410345 0 0 0.7478 0 -0.01932 -0.337455 0 3.200134 0.3380076 1
006 3 48 10 -0.01937 0.409958 0 0 0.7478 0 -0.01937 -0.337842 0 3.211182 0.3383968 1
006 3 48 10 -0.019419 0.40957 0 0 0.7478 0 -0.019419 -0.33823 0 3.222412 0.338787 1
006 3 48 10 -0.019466 0.409181 0 0 0.7478 0 -0.019466 -0.338619 0 3.233215 0.3391781 1
006 3 48 10 -0.019511 0.408791 0 0 0.7478 0 -0.019511 -0.339009 0 3.244751 0.33957 1
006 3 48 10 -0.019554 0.408401 0 0 0.7478 0 -0.019554 -0.339399 0 3.255859 0.3399618 1
006 3 48 10 -0.019595 0.408009 0 0 0.7478 0 -0.019595 -0.339791 0 3.27063 0.3403555 1
006 3 48 10 -0.019634 0.407617 0 0 0.7478 0 -0.019634 -0.340183 0 3.27771 0.3407491 1
006 3 48 10 -0.019671 0.407224 0 0 0.7478 0 -0.019671 -0.340576 0 3.288757 0.3411436 1
006 3 48 10 -0.019706 0.40683 0 0 0.7478 0 -0.019706 -0.34097 0 3.300293 0.3415389 1
006 3 48 10 -0.019739 0.406436 0 0 0.7478 0 -0.019739 -0.341364 0 3.311096 0.3419342 1
006 3 48 10 -0.019771 0.406041 0 0 0.7478 0 -0.019771 -0.341759 0 3.32251 0.3423304 1
006 3 48 10 -0.0198 0.405645 0 0 0.7478 0 -0.0198 -0.342155 0 3.33313 0.3427274 1
006 3 48 10 -0.019827 0.405249 0 0 0.7478 0 -0.019827 -0.342551 0 3.344788 0.3431243 1
006 3 48 10 -0.019852 0.404852 0 0 0.7478 0 -0.019852 -0.342948 0 3.355957 0.3435221 1
006 3 48 10 -0.019876 0.404454 0 0 0.7478 0 -0.019876 -0.343346 0 3.366577 0.3439208 1
006 3 48 10 -0.019897 0.404057 0 0 0.7478 0 -0.019897 -0.343743 0 3.377991 0.3443184 1
006 3 48 10 -0.019916 0.403659 0 0 0.7478 0 -0.019916 -0.344141 0 3.389038 0.3447168 1
006 3 48 10 -0.019933 0.40326 0 0 0.7478 0 -0.019933 -0.34454 0 3.399902 0.3451161 1
006 3 48 10 -0.019949 0.402861 0 0 0.7478 0 -0.019949 -0.344939 0 3.411682 0.3455154 1
006 3 48 10 -0.019962 0.402462 0 0 0.7478 0 -0.019962 -0.345338 0 3.425537 0.3459145 1
006 3 48 10 -0.019973 0.402063 0 0 0.7478 0 -0.019973 -0.345737 0 3.433044 0.3463134 1
006 3 48 10 -0.019983 0.401663 0 0 0.7478 0 -0.019983 -0.346137 0 3.444946 0.3467133 1
006 3 48 10 -0.01999 0.401263 0 0 0.7478 0 -0.01999 -0.346537 0 3.455994 0.3471131 1
006 3 48 10 -0.019995 0.400864 0 0 0.7478 0 -0.019995 -0.346936 0 3.466614 0.3475117 1
006 3 48 10 -0.019999 0.400464 0 0 0.7478 0 -0.019999 -0.347336 0 3.478027 0.3479113 1
006 3 48 10 -0.02 0.400064 0 0 0.7478 0 -0.02 -0.347736 0 3.489197 0.3483107 1
006 3 48 10 -0.019999 0.399664 0 0 0.7478 0 -0.019999 -0.348136 0 3.5 0.3487099 1
006 3 48 10 -0.019997 0.399264 0 0 0.7478 0 -0.019997 -0.348536 0 3.510742 0.3491092 1
006 3 48 10 -0.019992 0.398864 0 0 0.7478 0 -0.019992 -0.348936 0 3.522522 0.3495082 1
006 3 48 10 -0.019985 0.398464 0 0 0.7478 0 -0.019985 -0.349336 0 3.533325 0.3499072 1
006 3 48 10 -0.019977 0.398064 0 0 0.7478 0 -0.019977 -0.349736 0 3.544983 0.3503061 1
006 3 48 10 -0.019966 0.397665 0 0 0.7478 0 -0.019966 -0.350135 0 3.555786 0.3507038 1
006 3 48 10 -0.019953 0.397266 0 0 0.7478 0 -0.019953 -0.350534 0 3.566956 0.3511014 1
006 3 48 10 -0.019939 0.396867 0 0 0.7478 0 -0.019939 -0.350933 0 3.581482 0.351499 1
006 3 48 10 -0.019922 0.396468 0 0 0.7478 0 -0.019922 -0.351332 0 3.588623 0.3518964 1
006 3 48 10 -0.019903 0.39607 0 0 0.7478 0 -0.019903 -0.35173 0 3.600098 0.3522927 1
006 3 48 10 -0.019883 0.395672 0 0 0.7478 0 -0.019883 -0.352128 0 3.611389 0.3526889 1
006 3 48 10 -0.01986 0.395275 0 0 0.7478 0 -0.01986 -0.352525 0 3.622559 0.353084 1
006 3 48 10 -0.019835 0.394878 0 0 0.7478 0 -0.019835 -0.352922 0 3.633789 0.3534789 1
006 3 48 10 -0.019809 0.394481 0 0 0.7478 0 -0.019809 -0.353319 0 3.644409 0.3538738 1
006 3 48 10 -0.01978 0.394085 0 0 0.7478 0 -0.01978 -0.353715 0 3.65564 0.3542676 1
006 3 48 10 -0.01975 0.39369 0 0 0.7478 0 -0.01975 -0.35411 0 3.66687 0.3546603 1
006 3 48 10 -0.019717 0.393296 0 0 0.7478 0 -0.019717 -0.354504 0 3.678162 0.3550519 1
006 3 48 10 -0.019683 0.392902 0 0 0.7478 0 -0.019683 -0.354898 0 3.689209 0.3554434 1
006 3 48 10 -0.019646 0.392508 0 0 0.7478 0 -0.019646 -0.355292 0 3.699829 0.3558348 1
006 3 48 10 -0.019608 0.392116 0 0 0.7478 0 -0.019608 -0.355684 0 3.711792 0.356224 1
006 3 48 10 -0.019567 0.391724 0 0 0.7478 0 -0.019567 -0.356076 0 3.7229 0.3566132 1
006 3 48 10 -0.019525 0.391333 0 0 0.7478 0 -0.019525 -0.356467 0 3.737122 0.3570013 1
006 3 48 10 -0.019481 0.390943 0 0 0.7478 0 -0.019481 -0.356857 0 3.74408 0.3573883 1
006 3 48 10 -0.019434 0.390554 0 0 0.7478 0 -0.019434 -0.357246 0 3.755615 0.3577742 1
006 3 48 10 -0.019386 0.390166 0 0 0.7478 0 -0.019386 -0.357634 0 3.766846 0.358159 1
006 3 48 10 -0.019336 0.389778 0 0 0.7478 0 -0.019336 -0.358022 0 3.778198 0.3585438 1
006 3 48 10 -0.019284 0.389392 0 0 0.7478 0 -0.019284 -0.358408 0 3.78894 0.3589264 1
006 3 48 10 -0.01923 0.389007 0 0 0.7478 0 -0.01923 -0.358793 0 3.80011 0.3593079 1
006 3 48 10 -0.019174 0.388623 0 0 0.7478 0 -0.019174 -0.359177 0 3.811523 0.3596884 1
006 3 48 10 -0.019116 0.38824 0 0 0.7478 0 -0.019116 -0.35956 0 3.822815 0.3600678 1
006 3 48 10 -0.019056 0.387858 0 0 0.7478 0 -0.019056 -0.359942 0 3.833557 0.3604461 1
006 3 48 10 -0.018995 0.387478 0 0 0.7478 0 -0.018995 -0.360322 0 3.844482 0.3608223 1
006 3 48 10 -0.018931 0.387099 0 0 0.7478 0 -0.018931 -0.360701 0 3.855957 0.3611974 1
006 3 48 10 -0.018866 0.386721 0 0 0.7478 0 -0.018866 -0.361079 0 3.867126 0.3615715 1
006 3 48 10 -0.018798 0.386344 0 0 0.7478 0 -0.018798 -0.361456 0 3.877808 0.3619444 1
006 3 48 10 -0.018729 0.385969 0 0 0.7478 0 -0.018729 -0.361831 0 3.892456 0.3623154 1
006 3 48 10 -0.018658 0.385595 0 0 0.7478 0 -0.018658 -0.362205 0 3.899902 0.3626852 1
006 3 48 10 -0.018585 0.385222 0 0 0.7478 0 -0.018585 -0.362578 0 3.911194 0.363054 1
006 3 48 10 -0.01851 0.384851 0 0 0.7478 0 -0.01851 -0.362949 0 3.922058 0.3634207 1
006 3 48 10 -0.018434 0.384482 0 0 0.7478 0 -0.018434 -0.363318 0 3.933899 0.3637854 1
006 3 48 10 -0.018355 0.384114 0 0 0.7478 0 -0.018355 -0.363686 0 3.944763 0.3641489 1
006 3 48 10 -0.018275 0.383748 0 0 0.7478 0 -0.018275 -0.364052 0 3.955933 0.3645104 1
006 3 48 10 -0.018193 0.383383 0 0 0.7478 0 -0.018193 -0.364417 0 3.966614 0.3648708 1
006 3 48 10 -0.018109 0.38302 0 0 0.7478 0 -0.018109 -0.36478 0 3.97821 0.3652292 1
006 3 48 10 -0.018023 0.382659 0 0 0.7478 0 -0.018023 -0.365141 0 3.989197 0.3655855 1
006 3 48 10 -0.017935 0.382299 0 0 0.7478 0 -0.017935 -0.365501 0 4.000061 0.3659407 1
006 3 48 10 -0.017846 0.381941 0 0 0.7478 0 -0.017846 -0.365859 0 4.011353 0.366294 1
006 3 48 10 -0.017755 0.381585 0 0 0.7478 0 -0.017755 -0.366215 0 4.022461 0.3666452 1
006 3 48 10 -0.017662 0.381231 0 0 0.7478 0 -0.017662 -0.366569 0 4.033936 0.3669942 1
006 3 48 10 -0.017567 0.380879 0 0 0.7478 0 -0.017567 -0.366921 0 4.047852 0.3673413 1
006 3 48 10 -0.01747 0.380529 0 0 0.7478 0 -0.01747 -0.367271 0 4.055664 0.3676862 1
006 3 48 10 -0.017372 0.38018 0 0 0.7478 0 -0.017372 -0.36762 0 4.066895 0.3680302 1
006 3 48 10 -0.017272 0.379834 0 0 0.7478 0 -0.017272 -0.367966 0 4.077881 0.3683711 1
006 3 48 10 -0.017171 0.379489 0 0 0.7478 0 -0.017171 -0.368311 0 4.088928 0.368711 1
006 3 48 10 -0.017067 0.379147 0 0 0.7478 0 -0.017067 -0.368653 0 4.100037 0.3690479 1
006 3 48 10 -0.016962 0.378807 0 0 0.7478 0 -0.016962 -0.368993 0 4.111206 0.3693826 1
006 3 48 10 -0.016855 0.378468 0 0 0.7478 0 -0.016855 -0.369332 0 4.122253 0.3697164 1
006 3 48 10 -0.016747 0.378132 0 0 0.7478 0 -0.016747 -0.369668 0 4.133423 0.3700471 1
006 3 48 10 -0.016637 0.377799 0 0 0.7478 0 -0.016637 -0.370001 0 4.144775 0.3703749 1
006 3 48 10 -0.016525 0.377467 0 0 0.7478 0 -0.016525 -0.370333 0 4.155823 0.3707015 1
006 3 48 10 -0.016411 0.377138 0 0 0.7478 0 -0.016411 -0.370662 0 4.166748 0.3710251 1
006 3 48 10 -0.016296 0.37681 0 0 0.7478 0 -0.016296 -0.37099 0 4.177856 0.3713477 1
006 3 48 10 -0.016179 0.376486 0 0 0.7478 0 -0.016179 -0.371314 0 4.189392 0.3716663 1
006 3 48 10 -0.016061 0.376163 0 0 0.7478 0 -0.016061 -0.371637 0 4.203735 0.3719839 1
006 3 48 10 -0.015941 0.375843 0 0 0.7478 0 -0.015941 -0.371957 0 4.211365 0.3722984 1
006 3 48 10 -0.015819 0.375526 0 0 0.7478 0 -0.015819 -0.372274 0 4.222534 0.3726099 1
006 3 48 10 -0.015696 0.375211 0 0 0.7478 0 -0.015696 -0.372589 0 4.233582 0.3729194 1
006 3 48 10 -0.015571 0.374898 0 0 0.7478 0 -0.015571 -0.372902 0 4.24469 0.3732269 1
006 3 48 10 -0.015445 0.374588 0 0 0.7478 0 -0.015445 -0.373212 0 4.255981 0.3735314 1
006 3 48 10 -0.015317 0.37428 0 0 0.7478 0 -0.015317 -0.37352 0 4.266724 0.3738339 1
006 3 48 10 -0.015188 0.373975 0 0 0.7478 0 -0.015188 -0.373825 0 4.277954 0.3741334 1
006 3 48 10 -0.015057 0.373673 0 0 0.7478 0 -0.015057 -0.374127 0 4.289368 0.3744299 1
006 3 48 10 -0.014925 0.373373 0 0 0.7478 0 -0.014925 -0.374427 0 4.300171 0.3747243 1
006 3 48 10 -0.014791 0.373076 0 0 0.7478 0 -0.014791 -0.374724 0 4.311218 0.3750158 1
006 3 48 10 -0.014655 0.372781 0 0 0.7478 0 -0.014655 -0.375019 0 4.322571 0.3753052 1
006 3 48 10 -0.014519 0.372489 0 0 0.7478 0 -0.014519 -0.375311 0 4.333801 0.3755917 1
006 3 48 10 -0.01438 0.3722 0 0 0.7478 0 -0.01438 -0.3756 0 4.34491 0.3758751 1
006 3 48 10 -0.014241 0.371914 0 0 0.7478 0 -0.014241 -0.375886 0 4.358765 0.3761557 1
006 3 48 10 -0.0141 0.371631 0 0 0.7478 0 -0.0141 -0.376169 0 4.366821 0.3764332 1
006 3 48 10 -0.013957 0.37135 0 0 0.7478 0 -0.013957 -0.37645 0 4.377991 0.3767087 1
006 3 48 10 -0.013813 0.371072 0 0 0.7478 0 -0.013813 -0.376728 0 4.389099 0.3769811 1
006 3 48 10 -0.013668 0.370798 0 0 0.7478 0 -0.013668 -0.377002 0 4.402466 0.3772497 1
006 3 48 10 -0.013521 0.370526 0 0 0.7478 0 -0.013521 -0.377274 0 4.411072 0.3775162 1
006 3 48 10 -0.013373 0.370257 0 0 0.7478 0 -0.013373 -0.377543 0 4.422363 0.3777798 1
006 3 48 10 -0.013224 0.369991 0 0 0.7478 0 -0.013224 -0.377809 0 4.433655 0.3780403 1
006 3 48 10 -0.013073 0.369728 0 0 0.7478 0 -0.013073 -0.378072 0 4.444702 0.378298 1
006 3 48 10 -0.012921 0.369468 0 0 0.7478 0 -0.012921 -0.378332 0 4.455933 0.3785526 1
006 3 48 10 -0.012768 0.369211 0 0 0.7478 0 -0.012768 -0.378589 0 4.466797 0.3788042 1
006 3 48 10 -0.012613 0.368957 0 0 0.7478 0 -0.012613 -0.378843 0 4.477722 0.3790529 1
006 3 48 10 -0.012457 0.368707 0 0 0.7478 0 -0.012457 -0.379093 0 4.489258 0.3792976 1
006 3 48 10 -0.0123 0.368459 0 0 0.7478 0 -0.0123 -0.379341 0 4.500183 0.3795403 1
006 3 48 10 -0.012142 0.368215 0 0 0.7478 0 -0.012142 -0.379585 0 4.514465 0.3797791 1
006 3 48 10 -0.011982 0.367973 0 0 0.7478 0 -0.011982 -0.379827 0 4.522278 0.3800159 1
006 3 48 10 -0.011821 0.367735 0 0 0.7478 0 -0.011821 -0.380065 0 4.533569 0.3802488 1
006 3 48 10 -0.01166 0.3675 0 0 0.7478 0 -0.01166 -0.3803 0 4.5448 0.3804787 1
006 3 48 10 -0.011496 0.367269 0 0 0.7478 0 -0.011496 -0.380531 0 4.555725 0.3807046 1
006 3 48 10 -0.011332 0.367041 0 0 0.7478 0 -0.011332 -0.380759 0 4.566833 0.3809276 1
006 3 48 10 -0.011167 0.366816 0 0 0.7478 0 -0.011167 -0.380984 0 4.577881 0.3811476 1
006 3 48 10 -0.011 0.366594 0 0 0.7478 0 -0.011 -0.381206 0 4.589111 0.3813646 1
006 3 48 10 -0.010833 0.366376 0 0 0.7478 0 -0.010833 -0.381424 0 4.60022 0.3815778 1
006 3 48 10 -0.010664 0.366161 0 0 0.7478 0 -0.010664 -0.381639 0 4.611389 0.3817879 1
006 3 48 10 -0.010494 0.365949 0 0 0.7478 0 -0.010494 -0.381851 0 4.622437 0.3819952 1
006 3 48 10 -0.010324 0.365741 0 0 0.7478 0 -0.010324 -0.382059 0 4.633911 0.3821985 1
006 3 48 10 -0.010152 0.365536 0 0 0.7478 0 -0.010152 -0.382264 0 4.644836 0.3823988 1
006 3 48 10 -0.009979 0.365335 0 0 0.7478 0 -0.009979 -0.382465 0 4.655884 0.3825952 1
006 3 48 10 -0.009805 0.365137 0 0 0.7478 0 -0.009805 -0.382663 0 4.670288 0.3827886 1
006 3 48 10 -0.00963 0.364943 0 0 0.7478 0 -0.00963 -0.382857 0 4.677734 0.3829781 1
006 3 48 10 -0.009455 0.364752 0 0 0.7478 0 -0.009455 -0.383048 0 4.689453 0.3831647 1
006 3 48 10 -0.009278 0.364564 0 0 0.7478 0 -0.009278 -0.383236 0 4.700378 0.3833483 1
006 3 48 10 -0.0091 0.364381 0 0 0.7478 0 -0.0091 -0.383419 0 4.711548 0.383527 1
006 3 48 10 -0.008922 0.3642 0 0 0.7478 0 -0.008922 -0.3836 0 4.722534 0.3837037 1
006 3 48 10 -0.008742 0.364024 0 0 0.7478 0 -0.008742 -0.383776 0 4.733337 0.3838755 1
006 3 48 10 -0.008562 0.363851 0 0 0.7478 0 -0.008562 -0.383949 0 4.744934 0.3840444 1
006 3 48 10 -0.008381 0.363681 0 0 0.7478 0 -0.008381 -0.384119 0 4.756104 0.3842104 1
006 3 48 10 -0.008199 0.363516 0 0 0.7478 0 -0.008199 -0.384284 0 4.766846 0.3843714 1
006 3 48 10 -0.008016 0.363353 0 0 0.7478 0 -0.008016 -0.384447 0 4.778076 0.3845305 1
006 3 48 10 -0.007832 0.363195 0 0 0.7478 0 -0.007832 -0.384605 0 4.789246 0.3846847 1
006 3 48 10 -0.007648 0.36304 0 0 0.7478 0 -0.007648 -0.38476 0 4.800354 0.384836 1
006 3 48 10 -0.007463 0.362889 0 0 0.7478 0 -0.007463 -0.384911 0 4.811401 0.3849834 1
006 3 48 10 -0.007277 0.362742 0 0 0.7478 0 -0.007277 -0.385058 0 4.825867 0.3851267 1
006 3 48 10 -0.00709 0.362598 0 0 0.7478 0 -0.00709 -0.385202 0 4.832947 0.3852672 1
006 3 48 10 -0.006903 0.362458 0 0 0.7478 0 -0.006903 -0.385342 0 4.844788 0.3854038 1
006 3 48 10 -0.006715 0.362322 0 0 0.7478 0 -0.006715 -0.385478 0 4.855957 0.3855365 1
006 3 48 10 -0.006526 0.362189 0 0 0.7478 0 -0.006526 -0.385611 0 4.866943 0.3856662 1
006 3 48 10 -0.006337 0.362061 0 0 0.7478 0 -0.006337 -0.385739 0 4.878174 0.3857911 1
006 3 48 10 -0.006147 0.361936 0 0 0.7478 0 -0.006147 -0.385864 0 4.888977 0.385913 1
006 3 48 10 -0.005956 0.361815 0 0 0.7478 0 -0.005956 -0.385985 0 4.900269 0.3860309 1
006 3 48 10 -0.005765 0.361698 0 0 0.7478 0 -0.005765 -0.386102 0 4.911499 0.386145 1
006 3 48 10 -0.005573 0.361584 0 0 0.7478 0 -0.005573 -0.386216 0 4.922729 0.3862562 1
006 3 48 10 -0.005381 0.361475 0 0 0.7478 0 -0.005381 -0.386325 0 4.933533 0.3863625 1
006 3 48 10 -0.005188 0.361369 0 0 0.7478 0 -0.005188 -0.386431 0 4.944763 0.3864658 1
006 3 48 10 -0.004994 0.361267 0 0 0.7478 0 -0.004994 -0.386533 0 4.956177 0.3865652 1
006 3 48 10 -0.0048 0.361169 0 0 0.7478 0 -0.0048 -0.386631 0 4.967041 0.3866608 1
006 3 48 10 -0.004606 0.361075 0 0 0.7478 0 -0.004606 -0.386725 0 4.981323 0.3867524 1
006 3 48 10 -0.004411 0.360985 0 0 0.7478 0 -0.004411 -0.386815 0 4.989014 0.3868401 1
006 3 48 10 -0.004216 0.360899 0 0 0.7478 0 -0.004216 -0.386901 0 5 0.386924 1
006 3 48 10 -0.00402 0.360816 0 0 0.7478 0 -0.00402 -0.386984 0 5.01123 0.3870049 1
006 3 48 10 -0.003824 0.360738 0 0 0.7478 0 -0.003824 -0.387062 0 5.0224 0.3870809 1
006 3 48 10 -0.003628 0.360663 0 0 0.7478 0 -0.003628 -0.387137 0 5.033752 0.387154 1
006 3 48 10 -0.003431 0.360593 0 0 0.7478 0 -0.003431 -0.387207 0 5.0448 0.3872222 1
006 3 48 10 -0.003234 0.360526 0 0 0.7478 0 -0.003234 -0.387274 0 5.055908 0.3872875 1
006 3 48 10 -0.003036 0.360464 0 0 0.7478 0 -0.003036 -0.387336 0 5.066711 0.3873479 1
006 3 48 10 -0.002838 0.360405 0 0 0.7478 0 -0.002838 -0.387395 0 5.078003 0.3874054 1
006 3 48 10 -0.00264 0.36035 0 0 0.7478 0 -0.00264 -0.38745 0 5.089172 0.387459 1
006 3 48 10 -0.002442 0.360299 0 0 0.7478 0 -0.002442 -0.387501 0 5.10022 0.3875087 1
006 3 48 10 -0.002243 0.360252 0 0 0.7478 0 -0.002243 -0.387548 0 5.111328 0.3875545 1
006 3 48 10 -0.002044 0.360209 0 0 0.7478 0 -0.002044 -0.387591 0 5.122498 0.3875964 1
006 3 48 10 -0.001845 0.360171 0 0 0.7478 0 -0.001845 -0.387629 0 5.137268 0.3876334 1
006 3 48 10 -0.001646 0.360136 0 0 0.7478 0 -0.001646 -0.387664 0 5.144287 0.3876675 1
006 3 48 10 -0.001447 0.360105 0 0 0.7478 0 -0.001447 -0.387695 0 5.155762 0.3876977 1
006 3 48 10 -0.001247 0.360078 0 0 0.7478 0 -0.001247 -0.387722 0 5.166809 0.387724 1
006 3 48 10 -0.001047 0.360055 0 0 0.7478 0 -0.001047 -0.387745 0 5.177917 0.3877464 1
006 3 48 10 -0.000848 0.360036 0 0 0.7478 0 -0.000848 -0.387764 0 5.189392 0.3877649 1
006 3 48 10 -0.000648 0.360021 0 0 0.7478 0 -0.000648 -0.387779 0 5.200317 0.3877795 1
006 3 48 10 -0.000448 0.36001 0 0 0.7478 0 -0.000448 -0.38779 0 5.211487 0.3877903 1
006 3 48 10 -0.000248 0.360003 0 0 0.7478 0 -0.000248 -0.387797 0 5.222534 0.3877971 1
006 3 48 10 -4.8E-05 0.36 0 0 0.7478 0 -4.8E-05 -0.3878 0 5.233643 0.3878 1
006 3 48 10 0.000152 0.360001 0 0 0.7478 0 0.000152 -0.387799 0 5.244873 0.387799 1
006 3 48 10 0.000352 0.360006 0 0 0.7478 0 0.000352 -0.387794 0 5.25592 0.3877942 1
006 3 48 10 0.000552 0.360015 0 0 0.7478 0 0.000552 -0.387785 0 5.266541 0.3877854 1
006 3 48 10 0.000752 0.360028 0 0 0.7478 0 0.000752 -0.387772 0 5.277954 0.3877727 1
006 3 48 10 0.000952 0.360045 0 0 0.7478 0 0.000952 -0.387755 0 5.293152 0.3877561 1
006 3 48 10 0.001152 0.360066 0 0 0.7478 0 0.001152 -0.387734 0 5.30011 0.3877357 1
006 3 48 10 0.001351 0.360091 0 0 0.7478 0 0.001351 -0.387709 0 5.311279 0.3877113 1
006 3 48 10 0.001551 0.36012 0 0 0.7478 0 0.001551 -0.38768 0 5.322449 0.3876831 1
006 3 48 10 0.00175 0.360153 0 0 0.7478 0 0.00175 -0.387647 0 5.333496 0.3876509 1
006 3 48 10 0.001949 0.36019 0 0 0.7478 0 0.001949 -0.38761 0 5.344727 0.3876149 1
006 3 48 10 0.002148 0.360231 0 0 0.7478 0 0.002148 -0.387569 0 5.355652 0.3875749 1
006 3 48 10 0.002347 0.360276 0 0 0.7478 0 0.002347 -0.387524 0 5.367188 0.3875311 1
006 3 48 10 0.002545 0.360325 0 0 0.7478 0 0.002545 -0.387475 0 5.378113 0.3874833 1
006 3 48 10 0.002744 0.360378 0 0 0.7478 0 0.002744 -0.387422 0 5.389404 0.3874317 1
006 3 48 10 0.002942 0.360435 0 0 0.7478 0 0.002942 -0.387365 0 5.400208 0.3873762 1
006 3 48 10 0.003139 0.360496 0 0 0.7478 0 0.003139 -0.387304 0 5.411438 0.3873167 1
006 3 48 10 0.003337 0.360561 0 0 0.7478 0 0.003337 -0.387239 0 5.422546 0.3872534 1
006 3 48 10 0.003534 0.360629 0 0 0.7478 0 0.003534 -0.387171 0 5.433411 0.3871871 1
006 3 48 10 0.00373 0.360702 0 0 0.7478 0 0.00373 -0.387098 0 5.447693 0.387116 1
006 3 48 10 0.003927 0.360778 0 0 0.7478 0 0.003927 -0.387022 0 5.455383 0.3870419 1
006 3 48 10 0.004122 0.360859 0 0 0.7478 0 0.004122 -0.386941 0 5.467468 0.386963 1
006 3 48 10 0.004318 0.360943 0 0 0.7478 0 0.004318 -0.386857 0 5.478027 0.3868811 1
006 3 48 10 0.004513 0.361032 0 0 0.7478 0 0.004513 -0.386768 0 5.489197 0.3867943 1
006 3 48 10 0.004708 0.361124 0 0 0.7478 0 0.004708 -0.386676 0 5.500305 0.3867047 1
006 3 48 10 0.004902 0.36122 0 0 0.7478 0 0.004902 -0.38658 0 5.511475 0.3866111 1
006 3 48 10 0.005095 0.36132 0 0 0.7478 0 0.005095 -0.38648 0 5.522583 0.3865136 1
006 3 48 10 0.005289 0.361424 0 0 0.7478 0 0.005289 -0.386376 0 5.533691 0.3864122 1
006 3 48 10 0.005481 0.361531 0 0 0.7478 0 0.005481 -0.386269 0 5.544861 0.3863079 1
006 3 48 10 0.005673 0.361643 0 0 0.7478 0 0.005673 -0.386157 0 5.556274 0.3861986 1
006 3 48 10 0.005865 0.361758 0 0 0.7478 0 0.005865 -0.386042 0 5.566772 0.3860866 1
006 3 48 10 0.006056 0.361878 0 0 0.7478 0 0.006056 -0.385922 0 5.578125 0.3859695 1
006 3 48 10 0.006246 0.362001 0 0 0.7478 0 0.006246 -0.385799 0 5.589294 0.3858495 1
006 3 48 10 0.006436 0.362127 0 0 0.7478 0 0.006436 -0.385673 0 5.603699 0.3857267 1
006 3 48 10 0.006625 0.362258 0 0 0.7478 0 0.006625 -0.385542 0 5.611206 0.3855989 1
006 3 48 10 0.006813 0.362392 0 0 0.7478 0 0.006813 -0.385408 0 5.622681 0.3854682 1
006 3 48 10 0.007001 0.362531 0 0 0.7478 0 0.007001 -0.385269 0 5.633789 0.3853326 1
006 3 48 10 0.007188 0.362672 0 0 0.7478 0 0.007188 -0.385128 0 5.64502 0.3851951 1
006 3 48 10 0.007374 0.362818 0 0 0.7478 0 0.007374 -0.384982 0 5.655823 0.3850526 1
006 3 48 10 0.00756 0.362967 0 0 0.7478 0 0.00756 -0.384833 0 5.666931 0.3849072 1
006 3 48 10 0.007744 0.36312 0 0 0.7478 0 0.007744 -0.38468 0 5.678101 0.3847579 1
006 3 48 10 0.007928 0.363277 0 0 0.7478 0 0.007928 -0.384523 0 5.688843 0.3846047 1
006 3 48 10 0.008112 0.363438 0 0 0.7478 0 0.008112 -0.384362 0 5.700745 0.3844476 1
006 3 48 10 0.008294 0.363602 0 0 0.7478 0 0.008294 -0.384198 0 5.711487 0.3842875 1
006 3 48 10 0.008476 0.363769 0 0 0.7478 0 0.008476 -0.384031 0 5.722595 0.3841245 1
006 3 48 10 0.008656 0.363941 0 0 0.7478 0 0.008656 -0.383859 0 5.733643 0.3839566 1
006 3 48 10 0.008836 0.364116 0 0 0.7478 0 0.008836 -0.383684 0 5.744934 0.3837857 1
006 3 48 10 0.009015 0.364294 0 0 0.7478 0 0.009015 -0.383506 0 5.759766 0.3836119 1
006 3 48 10 0.009193 0.364476 0 0 0.7478 0 0.009193 -0.383324 0 5.766541 0.3834342 1
006 3 48 10 0.00937 0.364662 0 0 0.7478 0 0.00937 -0.383138 0 5.778137 0.3832526 1
006 3 48 10 0.009547 0.364851 0 0 0.7478 0 0.009547 -0.382949 0 5.789246 0.383068 1
006 3 48 10 0.009722 0.365044 0 0 0.7478 0 0.009722 -0.382756 0 5.800476 0.3828794 1
006 3 48 10 0.009896 0.36524 0 0 0.7478 0 0.009896 -0.38256 0 5.811829 0.382688 1
006 3 48 10 0.010069 0.36544 0 0 0.7478 0 0.010069 -0.38236 0 5.822937 0.3824925 1
006 3 48 10 0.010242 0.365643 0 0 0.7478 0 0.010242 -0.382157 0 5.833496 0.3822942 1
006 3 48 10 0.010413 0.365849 0 0 0.7478 0 0.010413 -0.381951 0 5.845032 0.3820929 1
006 3 48 10 0.010583 0.366059 0 0 0.7478 0 0.010583 -0.381741 0 5.855774 0.3818877 1
006 3 48 10 0.010752 0.366272 0 0 0.7478 0 0.010752 -0.381528 0 5.867188 0.3816794 1
006 3 48 10 0.01092 0.366489 0 0 0.7478 0 0.01092 -0.381311 0 5.878052 0.3814673 1
006 3 48 10 0.011087 0.366709 0 0 0.7478 0 0.011087 -0.381091 0 5.889282 0.3812522 1
006 3 48 10 0.011253 0.366933 0 0 0.7478 0 0.011253 -0.380867 0 5.900452 0.3810332 1
006 3 48 10 0.011418 0.367159 0 0 0.7478 0 0.011418 -0.380641 0 5.915405 0.3808122 1
006 3 48 10 0.011582 0.367389 0 0 0.7478 0 0.011582 -0.380411 0 5.921936 0.3805873 1
006 3 48 10 0.011744 0.367623 0 0 0.7478 0 0.011744 -0.380177 0 5.934021 0.3803583 1
006 3 48 10 0.011906 0.367859 0 0 0.7478 0 0.011906 -0.379941 0 5.944519 0.3801275 1
006 3 48 10 0.012066 0.368099 0 0 0.7478 0 0.012066 -0.379701 0 5.95575 0.3798926 1
006 3 48 10 0.012225 0.368342 0 0 0.7478 0 0.012225 -0.379458 0 5.96698 0.3796549 1
006 3 48 10 0.012382 0.368588 0 0 0.7478 0 0.012382 -0.379212 0 5.978027 0.3794141 1
006 3 48 10 0.012539 0.368837 0 0 0.7478 0 0.012539 -0.378963 0 5.989136 0.3791704 1
006 3 48 10 0.012694 0.369089 0 0 0.7478 0 0.012694 -0.378711 0 6.000122 0.3789237 1
006 3 48 10 0.012848 0.369345 0 0 0.7478 0 0.012848 -0.378455 0 6.01178 0.378673 1
006 3 48 10 0.013 0.369603 0 0 0.7478 0 0.013 -0.378197 0 6.022339 0.3784204 1
006 3 48 10 0.013152 0.369865 0 0 0.7478 0 0.013152 -0.377935 0 6.033569 0.3781638 1
006 3 48 10 0.013302 0.370129 0 0 0.7478 0 0.013302 -0.377671 0 6.044678 0.3779052 1
006 3 48 10 0.01345 0.370397 0 0 0.7478 0 0.01345 -0.377403 0 6.05658 0.3776426 1
006 3 48 10 0.013598 0.370667 0 0 0.7478 0 0.013598 -0.377133 0 6.070496 0.377378 1
006 3 48 10 0.013744 0.370941 0 0 0.7478 0 0.013744 -0.376859 0 6.077881 0.3771095 1
006 3 48 10 0.013888 0.371217 0 0 0.7478 0 0.013888 -0.376583 0 6.089478 0.376839 1
006 3 48 10 0.014032 0.371496 0 0 0.7478 0 0.014032 -0.376304 0 6.100403 0.3765655 1
006 3 48 10 0.014173 0.371778 0 0 0.7478 0 0.014173 -0.376022 0 6.11145 0.376289 1
006 3 48 10 0.014314 0.372063 0 0 0.7478 0 0.014314 -0.375737 0 6.122864 0.3760095 1
006 3 48 10 0.014453 0.372351 0 0 0.7478 0 0.014453 -0.375449 0 6.133667 0.3757271 1
006 3 48 10 0.01459 0.372641 0 0 0.7478 0 0.01459 -0.375159 0 6.145081 0.3754426 1
006 3 48 10 0.014726 0.372935 0 0 0.7478 0 0.014726 -0.374865 0 6.156311 0.3751541 1
006 3 48 10 0.014861 0.37323 0 0 0.7478 0 0.014861 -0.37457 0 6.166992 0.3748647 1
006 3 48 10 0.014994 0.373529 0 0 0.7478 0 0.014994 -0.374271 0 6.17804 0.3745712 1
006 3 48 10 0.015126 0.37383 0 0 0.7478 0 0.015126 -0.37397 0 6.189087 0.3742757 1
006 3 48 10 0.015256 0.374134 0 0 0.7478 0 0.015256 -0.373666 0 6.200439 0.3739773 1
006 3 48 10 0.015384 0.37444 0 0 0.7478 0 0.015384 -0.37336 0 6.211731 0.3736768 1
006 3 48 10 0.015511 0.374749 0 0 0.7478 0 0.015511 -0.373051 0 6.226013 0.3733733 1
006 3 48 10 0.015637 0.375061 0 0 0.7478 0 0.015637 -0.372739 0 6.233521 0.3730668 1
006 3 48 10 0.015761 0.375375 0 0 0.7478 0 0.015761 -0.372425 0 6.244751 0.3727584 1
006 3 48 10 0.015883 0.375691 0 0 0.7478 0 0.015883 -0.372109 0 6.256165 0.3724478 1
006 3 48 10 0.016004 0.37601 0 0 0.7478 0 0.016004 -0.37179 0 6.267029 0.3721343 1
006 3 48 10 0.016123 0.376331 0 0 0.7478 0 0.016123 -0.371469 0 6.278076 0.3718187 1
006 3 48 10 0.01624 0.376655 0 0 0.7478 0 0.01624 -0.371145 0 6.289124 0.3715001 1
006 3 48 10 0.016356 0.376981 0 0 0.7478 0 0.016356 -0.370819 0 6.300415 0.3711795 1
006 3 48 10 0.016471 0.377309 0 0 0.7478 0 0.016471 -0.370491 0 6.311768 0.3708569 1
006 3 48 10 0.016583 0.37764 0 0 0.7478 0 0.016583 -0.37016 0 6.322266 0.3705313 1
006 3 48 10 0.016694 0.377973 0 0 0.7478 0 0.016694 -0.369827 0 6.333435 0.3702036 1
006 3 48 10 0.016804 0.378308 0 0 0.7478 0 0.016804 -0.369492 0 6.344788 0.3698739 1
006 3 48 10 0.016911 0.378645 0 0 0.7478 0 0.016911 -0.369155 0 6.35614 0.3695422 1
006 3 48 10 0.017017 0.378984 0 0 0.7478 0 0.017017 -0.368816 0 6.367126 0.3692084 1
006 3 48 10 0.017121 0.379325 0 0 0.7478 0 0.017121 -0.368475 0 6.381226 0.3688725 1
006 3 48 10 0.017224 0.379669 0 0 0.7478 0 0.017224 -0.368131 0 6.388733 0.3685337 1
006 3 48 10 0.017325 0.380014 0 0 0.7478 0 0.017325 -0.367786 0 6.400391 0.3681938 1
006 3 48 10 0.017424 0.380362 0 0 0.7478 0 0.017424 -0.367438 0 6.411316 0.3678509 1
006 3 48 10 0.017521 0.380711 0 0 0.7478 0 0.017521 -0.367089 0 6.422729 0.3675069 1
006 3 48 10 0.017617 0.381063 0 0 0.7478 0 0.017617 -0.366737 0 6.433533 0.3671599 1
006 3 48 10 0.01771 0.381416 0 0 0.7478 0 0.01771 -0.366384 0 6.445068 0.3668118 1
006 3 48 10 0.017802 0.381771 0 0 0.7478 0 0.017802 -0.366029 0 6.456055 0.3664616 1
006 3 48 10 0.017893 0.382128 0 0 0.7478 0 0.017893 -0.365672 0 6.467651 0.3661095 1
006 3 48 10 0.017981 0.382487 0 0 0.7478 0 0.017981 -0.365313 0 6.478149 0.3657553 1
006 3 48 10 0.018068 0.382847 0 0 0.7478 0 0.018068 -0.364953 0 6.48938 0.3654 1
006 3 48 10 0.018153 0.383209 0 0 0.7478 0 0.018153 -0.364591 0 6.500488 0.3650426 1
006 3 48 10 0.018236 0.383573 0 0 0.7478 0 0.018236 -0.364227 0 6.511719 0.3646832 1
006 3 48 10 0.018317 0.383939 0 0 0.7478 0 0.018317 -0.363861 0 6.522522 0.3643217 1
006 3 48 10 0.018396 0.384306 0 0 0.7478 0 0.018396 -0.363494 0 6.536926 0.3639592 1
006 3 48 10 0.018474 0.384675 0 0 0.7478 0 0.018474 -0.363125 0 6.5448 0.3635946 1
006 3 48 10 0.01855 0.385045 0 0 0.7478 0 0.01855 -0.362755 0 6.555847 0.363229 1
006 3 48 10 0.018623 0.385417 0 0 0.7478 0 0.018623 -0.362383 0 6.567444 0.3628612 1
006 3 48 10 0.018695 0.38579 0 0 0.7478 0 0.018695 -0.36201 0 6.57843 0.3624924 1
006 3 48 10 0.018766 0.386164 0 0 0.7478 0 0.018766 -0.361636 0 6.589294 0.3621226 1
006 3 48 10 0.018834 0.38654 0 0 0.7478 0 0.018834 -0.36126 0 6.600708 0.3617506 1
006 3 48 10 0.0189 0.386918 0 0 0.7478 0 0.0189 -0.360882 0 6.611633 0.3613766 1
006 3 48 10 0.018965 0.387296 0 0 0.7478 0 0.018965 -0.360504 0 6.622803 0.3610025 1
006 3 48 10 0.019027 0.387676 0 0 0.7478 0 0.019027 -0.360124 0 6.633972 0.3606263 1
006 3 48 10 0.019088 0.388058 0 0 0.7478 0 0.019088 -0.359742 0 6.644775 0.3602481 1
006 3 48 10 0.019147 0.38844 0 0 0.7478 0 0.019147 -0.35936 0 6.656189 0.3598697 1
006 3 48 10 0.019203 0.388823 0 0 0.7478 0 0.019203 -0.358977 0 6.666809 0.3594902 1
006 3 48 10 0.019258 0.389208 0 0 0.7478 0 0.019258 -0.358592 0 6.67865 0.3591087 1
006 3 48 10 0.019311 0.389594 0 0 0.7478 0 0.019311 -0.358206 0 6.692444 0.3587261 1
006 3 48 10 0.019362 0.38998 0 0 0.7478 0 0.019362 -0.35782 0 6.700256 0.3583435 1
006 3 48 10 0.019412 0.390368 0 0 0.7478 0 0.019412 -0.357432 0 6.711487 0.3579587 1
006 3 48 10 0.019459 0.390757 0 0 0.7478 0 0.019459 -0.357043 0 6.722595 0.3575729 1
006 3 48 10 0.019504 0.391147 0 0 0.7478 0 0.019504 -0.356653 0 6.734009 0.3571859 1
006 3 48 10 0.019547 0.391537 0 0 0.7478 0 0.019547 -0.356263 0 6.74469 0.3567988 1
006 3 48 10 0.019589 0.391928 0 0 0.7478 0 0.019589 -0.355872 0 6.756226 0.3564107 1
006 3 48 10 0.019628 0.392321 0 0 0.7478 0 0.019628 -0.355479 0 6.766846 0.3560205 1
006 3 48 10 0.019665 0.392713 0 0 0.7478 0 0.019665 -0.355087 0 6.77832 0.3556311 1
006 3 48 10 0.019701 0.393107 0 0 0.7478 0 0.019701 -0.354693 0 6.789429 0.3552397 1
006 3 48 10 0.019734 0.393502 0 0 0.7478 0 0.019734 -0.354298 0 6.80072 0.3548471 1
006 3 48 10 0.019766 0.393897 0 0 0.7478 0 0.019766 -0.353903 0 6.811707 0.3544545 1
006 3 48 10 0.019795 0.394292 0 0 0.7478 0 0.019795 -0.353508 0 6.822754 0.3540618 1
006 3 48 10 0.019823 0.394688 0 0 0.7478 0 0.019823 -0.353112 0 6.834473 0.3536679 1
006 3 48 10 0.019848 0.395085 0 0 0.7478 0 0.019848 -0.352715 0 6.848328 0.353273 1
006 3 48 10 0.019872 0.395482 0 0 0.7478 0 0.019872 -0.352318 0 6.855835 0.352878 1
006 3 48 10 0.019894 0.39588 0 0 0.7478 0 0.019894 -0.35192 0 6.867126 0.3524818 1
006 3 48 10 0.019913 0.396278 0 0 0.7478 0 0.019913 -0.351522 0 6.878235 0.3520856 1
006 3 48 10 0.019931 0.396676 0 0 0.7478 0 0.019931 -0.351124 0 6.889465 0.3516892 1
006 3 48 10 0.019946 0.397075 0 0 0.7478 0 0.019946 -0.350725 0 6.900269 0.3512917 1
006 3 48 10 0.01996 0.397474 0 0 0.7478 0 0.01996 -0.350326 0 6.911743 0.3508941 1
006 3 48 10 0.019972 0.397874 0 0 0.7478 0 0.019972 -0.349926 0 6.922485 0.3504955 1
006 3 48 10 0.019981 0.398273 0 0 0.7478 0 0.019981 -0.349527 0 6.933655 0.3500977 1
006 3 48 10 0.019989 0.398673 0 0 0.7478 0 0.019989 -0.349127 0 6.945007 0.3496988 1
006 3 48 10 0.019995 0.399073 0 0 0.7478 0 0.019995 -0.348727 0 6.955994 0.3492998 1
006 3 48 10 0.019998 0.399473 0 0 0.7478 0 0.019998 -0.348327 0 6.966736 0.3489006 1
006 3 48 10 0.02 0.399873 0 0 0.7478 0 0.02 -0.347927 0 6.978149 0.3485013 1
006 3 48 10 0.02 0.4 0 0 0.7478 0 0.02 -0.3478 0 6.989258 0.3483745 1
