006 3 77 16 0.02 0.4 0 0 0.7478 0 0.02 -0.3478 0 0 0.3483745 1
006 3 77 16 0.019999 0.4006 0 0 0.7478 0 0.019999 -0.3472 0 0.01123047 0.3477755 1
006 3 77 16 0.019996 0.4012 0 0 0.7478 0 0.019996 -0.3466 0 0.02233887 0.3471763 1
006 3 77 16 0.019991 0.4018 0 0 0.7478 0 0.019991 -0.346 0 0.03356934 0.346577 1
006 3 77 16 0.019984 0.402399 0 0 0.7478 0 0.019984 -0.345401 0 0.04431152 0.3459786 1
006 3 77 16 0.019975 0.402999 0 0 0.7478 0 0.019975 -0.344801 0 0.05578613 0.3453791 1
006 3 77 16 0.019964 0.403598 0 0 0.7478 0 0.019964 -0.344202 0 0.06713867 0.3447805 1
006 3 77 16 0.019951 0.404197 0 0 0.7478 0 0.019951 -0.343603 0 0.07824707 0.3441817 1
006 3 77 16 0.019936 0.404795 0 0 0.7478 0 0.019936 -0.343005 0 0.09326172 0.3435839 1
006 3 77 16 0.019919 0.405393 0 0 0.7478 0 0.019919 -0.342407 0 0.1005859 0.3429859 1
006 3 77 16 0.0199 0.40599 0 0 0.7478 0 0.0199 -0.34181 0 0.1113281 0.3423888 1
006 3 77 16 0.019879 0.406587 0 0 0.7478 0 0.019879 -0.341213 0 0.1229248 0.3417916 1
006 3 77 16 0.019856 0.407183 0 0 0.7478 0 0.019856 -0.340617 0 0.1333008 0.3411953 1
006 3 77 16 0.019831 0.407778 0 0 0.7478 0 0.019831 -0.340022 0 0.1448975 0.3405998 1
006 3 77 16 0.019804 0.408373 0 0 0.7478 0 0.019804 -0.339427 0 0.1561279 0.3400042 1
006 3 77 16 0.019775 0.408966 0 0 0.7478 0 0.019775 -0.338834 0 0.1668701 0.3394105 1
006 3 77 16 0.019745 0.409559 0 0 0.7478 0 0.019745 -0.338241 0 0.1782227 0.3388168 1
006 3 77 16 0.019712 0.410151 0 0 0.7478 0 0.019712 -0.337649 0 0.1890869 0.3382239 1
006 3 77 16 0.019677 0.410742 0 0 0.7478 0 0.019677 -0.337058 0 0.2005615 0.3376319 1
006 3 77 16 0.01964 0.411332 0 0 0.7478 0 0.01964 -0.336468 0 0.2113037 0.3370407 1
006 3 77 16 0.019601 0.41192 0 0 0.7478 0 0.019601 -0.33588 0 0.2225342 0.3364514 1
006 3 77 16 0.019561 0.412508 0 0 0.7478 0 0.019561 -0.335292 0 0.2338867 0.3358621 1
006 3 77 16 0.019518 0.413094 0 0 0.7478 0 0.019518 -0.334706 0 0.2481689 0.3352746 1
006 3 77 16 0.019473 0.413679 0 0 0.7478 0 0.019473 -0.334121 0 0.2556152 0.3346879 1
006 3 77 16 0.019427 0.414262 0 0 0.7478 0 0.019427 -0.333538 0 0.2670898 0.3341033 1
006 3 77 16 0.019378 0.414844 0 0 0.7478 0 0.019378 -0.332956 0 0.2780762 0.3335194 1
006 3 77 16 0.019328 0.415425 0 0 0.7478 0 0.019328 -0.332375 0 0.2891846 0.3329365 1
006 3 77 16 0.019275 0.416004 0 0 0.7478 0 0.019275 -0.331796 0 0.3007813 0.3323554 1
006 3 77 16 0.019221 0.416581 0 0 0.7478 0 0.019221 -0.331219 0 0.3112793 0.3317762 1
006 3 77 16 0.019165 0.417157 0 0 0.7478 0 0.019165 -0.330643 0 0.3226318 0.3311979 1
006 3 77 16 0.019107 0.417731 0 0 0.7478 0 0.019107 -0.330069 0 0.333374 0.3306215 1
006 3 77 16 0.019047 0.418304 0 0 0.7478 0 0.019047 -0.329496 0 0.3448486 0.3300461 1
006 3 77 16 0.018985 0.418874 0 0 0.7478 0 0.018985 -0.328926 0 0.3564453 0.3294734 1
006 3 77 16 0.018921 0.419443 0 0 0.7478 0 0.018921 -0.328357 0 0.3666992 0.3289017 1
006 3 77 16 0.018855 0.420009 0 0 0.7478 0 0.018855 -0.327791 0 0.3779297 0.3283328 1
006 3 77 16 0.018787 0.420574 0 0 0.7478 0 0.018787 -0.327226 0 0.3896484 0.3277648 1
006 3 77 16 0.018718 0.421136 0 0 0.7478 0 0.018718 -0.326664 0 0.4029541 0.3271998 1
006 3 77 16 0.018647 0.421697 0 0 0.7478 0 0.018647 -0.326103 0 0.4112549 0.3266357 1
006 3 77 16 0.018573 0.422255 0 0 0.7478 0 0.018573 -0.325545 0 0.4224854 0.3260744 1
006 3 77 16 0.018498 0.422811 0 0 0.7478 0 0.018498 -0.324989 0 0.4335938 0.325515 1
006 3 77 16 0.018421 0.423365 0 0 0.7478 0 0.018421 -0.324435 0 0.444458 0.3249575 1
006 3 77 16 0.018342 0.423917 0 0 0.7478 0 0.018342 -0.323883 0 0.4558105 0.3244019 1
006 3 77 16 0.018262 0.424466 0 0 0.7478 0 0.018262 -0.323334 0 0.4666748 0.3238493 1
006 3 77 16 0.018179 0.425012 0 0 0.7478 0 0.018179 -0.322788 0 0.4782715 0.3232995 1
006 3 77 16 0.018095 0.425556 0 0 0.7478 0 0.018095 -0.322244 0 0.4891357 0.3227516 1
006 3 77 16 0.018009 0.426098 0 0 0.7478 0 0.018009 -0.321702 0 0.5001221 0.3222057 1
006 3 77 16 0.017921 0.426637 0 0 0.7478 0 0.017921 -0.321163 0 0.5114746 0.3216626 1
006 3 77 16 0.017831 0.427173 0 0 0.7478 0 0.017831 -0.320627 0 0.5219727 0.3211224 1
006 3 77 16 0.01774 0.427707 0 0 0.7478 0 0.01774 -0.320093 0 0.5336914 0.3205842 1
006 3 77 16 0.017647 0.428238 0 0 0.7478 0 0.017647 -0.319562 0 0.5449219 0.3200489 1
006 3 77 16 0.017552 0.428766 0 0 0.7478 0 0.017552 -0.319034 0 0.5598145 0.3195165 1
006 3 77 16 0.017455 0.429291 0 0 0.7478 0 0.017455 -0.318509 0 0.5665283 0.3189869 1
006 3 77 16 0.017356 0.429813 0 0 0.7478 0 0.017356 -0.317987 0 0.5777588 0.3184603 1
006 3 77 16 0.017256 0.430332 0 0 0.7478 0 0.017256 -0.317468 0 0.5888672 0.3179366 1
006 3 77 16 0.017154 0.430848 0 0 0.7478 0 0.017154 -0.316952 0 0.6000977 0.3174159 1
006 3 77 16 0.01705 0.431361 0 0 0.7478 0 0.01705 -0.316439 0 0.6116943 0.316898 1
006 3 77 16 0.016945 0.431871 0 0 0.7478 0 0.016945 -0.315929 0 0.6224365 0.3163831 1
006 3 77 16 0.016838 0.432378 0 0 0.7478 0 0.016838 -0.315422 0 0.6334229 0.3158711 1
006 3 77 16 0.016729 0.432881 0 0 0.7478 0 0.016729 -0.314919 0 0.6445313 0.315363 1
006 3 77 16 0.016619 0.433382 0 0 0.7478 0 0.016619 -0.314418 0 0.6560059 0.3148569 1
006 3 77 16 0.016507 0.433879 0 0 0.7478 0 0.016507 -0.313921 0 0.666748 0.3143547 1
006 3 77 16 0.016393 0.434372 0 0 0.7478 0 0.016393 -0.313428 0 0.6782227 0.3138564 1
006 3 77 16 0.016278 0.434862 0 0 0.7478 0 0.016278 -0.312938 0 0.689209 0.313361 1
006 3 77 16 0.016161 0.435349 0 0 0.7478 0 0.016161 -0.312451 0 0.7001953 0.3128687 1
006 3 77 16 0.016042 0.435832 0 0 0.7478 0 0.016042 -0.311968 0 0.7145996 0.3123802 1
006 3 77 16 0.015922 0.436311 0 0 0.7478 0 0.015922 -0.311489 0 0.722168 0.3118957 1
006 3 77 16 0.0158 0.436787 0 0 0.7478 0 0.0158 -0.311013 0 0.7337646 0.3114141 1
006 3 77 16 0.015676 0.437259 0 0 0.7478 0 0.015676 -0.310541 0 0.7446289 0.3109364 1
006 3 77 16 0.015551 0.437728 0 0 0.7478 0 0.015551 -0.310072 0 0.7573242 0.3104617 1
006 3 77 16 0.015425 0.438192 0 0 0.7478 0 0.015425 -0.309608 0 0.7672119 0.309992 1
006 3 77 16 0.015297 0.438653 0 0 0.7478 0 0.015297 -0.309147 0 0.7781982 0.3095252 1
006 3 77 16 0.015167 0.43911 0 0 0.7478 0 0.015167 -0.30869 0 0.7890625 0.3090624 1
006 3 77 16 0.015036 0.439563 0 0 0.7478 0 0.015036 -0.308237 0 0.800293 0.3086035 1
006 3 77 16 0.014903 0.440012 0 0 0.7478 0 0.014903 -0.307788 0 0.8115234 0.3081486 1
006 3 77 16 0.014769 0.440457 0 0 0.7478 0 0.014769 -0.307343 0 0.8221436 0.3076976 1
006 3 77 16 0.014634 0.440898 0 0 0.7478 0 0.014634 -0.306902 0 0.8338623 0.3072507 1
006 3 77 16 0.014497 0.441335 0 0 0.7478 0 0.014497 -0.306465 0 0.8449707 0.3068077 1
006 3 77 16 0.014358 0.441768 0 0 0.7478 0 0.014358 -0.306032 0 0.8562012 0.3063686 1
006 3 77 16 0.014218 0.442197 0 0 0.7478 0 0.014218 -0.305603 0 0.8699951 0.3059336 1
006 3 77 16 0.014077 0.442621 0 0 0.7478 0 0.014077 -0.305179 0 0.8775635 0.3055035 1
006 3 77 16 0.013934 0.443041 0 0 0.7478 0 0.013934 -0.304759 0 0.8896484 0.3050774 1
006 3 77 16 0.01379 0.443457 0 0 0.7478 0 0.01379 -0.304343 0 0.9002686 0.3046553 1
006 3 77 16 0.013644 0.443869 0 0 0.7478 0 0.013644 -0.303931 0 0.911377 0.3042371 1
006 3 77 16 0.013498 0.444276 0 0 0.7478 0 0.013498 -0.303524 0 0.9224854 0.303824 1
006 3 77 16 0.013349 0.444679 0 0 0.7478 0 0.013349 -0.303121 0 0.9334717 0.3034148 1
006 3 77 16 0.0132 0.445077 0 0 0.7478 0 0.0132 -0.302723 0 0.9445801 0.3030106 1
006 3 77 16 0.013049 0.445471 0 0 0.7478 0 0.013049 -0.302329 0 0.9561768 0.3026105 1
006 3 77 16 0.012897 0.44586 0 0 0.7478 0 0.012897 -0.30194 0 0.9667969 0.3022153 1
006 3 77 16 0.012743 0.446244 0 0 0.7478 0 0.012743 -0.301556 0 0.9781494 0.3018251 1
006 3 77 16 0.012588 0.446624 0 0 0.7478 0 0.012588 -0.301176 0 0.989502 0.3014389 1
006 3 77 16 0.012432 0.447 0 0 0.7478 0 0.012432 -0.3008 0 1.000244 0.3010568 1
006 3 77 16 0.012275 0.44737 0 0 0.7478 0 0.012275 -0.30043 0 1.011597 0.3006807 1
006 3 77 16 0.012116 0.447736 0 0 0.7478 0 0.012116 -0.300064 0 1.026001 0.3003085 1
006 3 77 16 0.011957 0.448097 0 0 0.7478 0 0.011957 -0.299703 0 1.033325 0.2999414 1
006 3 77 16 0.011796 0.448453 0 0 0.7478 0 0.011796 -0.299347 0 1.045044 0.2995793 1
006 3 77 16 0.011634 0.448805 0 0 0.7478 0 0.011634 -0.298995 0 1.055786 0.2992212 1
006 3 77 16 0.01147 0.449151 0 0 0.7478 0 0.01147 -0.298649 0 1.066895 0.2988692 1
006 3 77 16 0.011306 0.449493 0 0 0.7478 0 0.011306 -0.298307 0 1.078125 0.2985212 1
006 3 77 16 0.01114 0.44983 0 0 0.7478 0 0.01114 -0.29797 0 1.088989 0.2981782 1
006 3 77 16 0.010974 0.450162 0 0 0.7478 0 0.010974 -0.297638 0 1.10083 0.2978402 1
006 3 77 16 0.010806 0.450488 0 0 0.7478 0 0.010806 -0.297312 0 1.111328 0.2975083 1
006 3 77 16 0.010637 0.45081 0 0 0.7478 0 0.010637 -0.29699 0 1.122437 0.2971804 1
006 3 77 16 0.010467 0.451126 0 0 0.7478 0 0.010467 -0.296674 0 1.133789 0.2968586 1
006 3 77 16 0.010296 0.451438 0 0 0.7478 0 0.010296 -0.296362 0 1.144531 0.2965408 1
006 3 77 16 0.010124 0.451744 0 0 0.7478 0 0.010124 -0.296056 0 1.155762 0.296229 1
006 3 77 16 0.009951 0.452045 0 0 0.7478 0 0.009951 -0.295755 0 1.166992 0.2959224 1
006 3 77 16 0.009777 0.452341 0 0 0.7478 0 0.009777 -0.295459 0 1.181763 0.2956207 1
006 3 77 16 0.009602 0.452632 0 0 0.7478 0 0.009602 -0.295168 0 1.189209 0.2953241 1
006 3 77 16 0.009427 0.452917 0 0 0.7478 0 0.009427 -0.294883 0 1.200195 0.2950336 1
006 3 77 16 0.00925 0.453198 0 0 0.7478 0 0.00925 -0.294602 0 1.211304 0.2947471 1
006 3 77 16 0.009072 0.453472 0 0 0.7478 0 0.009072 -0.294328 0 1.222534 0.2944677 1
006 3 77 16 0.008893 0.453742 0 0 0.7478 0 0.008893 -0.294058 0 1.233521 0.2941924 1
006 3 77 16 0.008714 0.454006 0 0 0.7478 0 0.008714 -0.293794 0 1.244995 0.2939232 1
006 3 77 16 0.008533 0.454265 0 0 0.7478 0 0.008533 -0.293535 0 1.255981 0.293659 1
006 3 77 16 0.008352 0.454518 0 0 0.7478 0 0.008352 -0.293282 0 1.266846 0.2934009 1
006 3 77 16 0.00817 0.454766 0 0 0.7478 0 0.00817 -0.293034 0 1.278442 0.2931479 1
006 3 77 16 0.007987 0.455008 0 0 0.7478 0 0.007987 -0.292792 0 1.28894 0.2929009 1
006 3 77 16 0.007803 0.455245 0 0 0.7478 0 0.007803 -0.292555 0 1.300293 0.292659 1
006 3 77 16 0.007618 0.455476 0 0 0.7478 0 0.007618 -0.292324 0 1.311523 0.2924232 1
006 3 77 16 0.007433 0.455702 0 0 0.7478 0 0.007433 -0.292098 0 1.322754 0.2921925 1
006 3 77 16 0.007247 0.455922 0 0 0.7478 0 0.007247 -0.291878 0 1.336548 0.2919679 1
006 3 77 16 0.00706 0.456137 0 0 0.7478 0 0.00706 -0.291663 0 1.344604 0.2917484 1
006 3 77 16 0.006873 0.456346 0 0 0.7478 0 0.006873 -0.291454 0 1.355835 0.291535 1
006 3 77 16 0.006685 0.456549 0 0 0.7478 0 0.006685 -0.291251 0 1.366699 0.2913277 1
006 3 77 16 0.006496 0.456747 0 0 0.7478 0 0.006496 -0.291053 0 1.378052 0.2911255 1
006 3 77 16 0.006306 0.456939 0 0 0.7478 0 0.006306 -0.290861 0 1.389526 0.2909293 1
006 3 77 16 0.006116 0.457125 0 0 0.7478 0 0.006116 -0.290675 0 1.400391 0.2907393 1
006 3 77 16 0.005926 0.457306 0 0 0.7478 0 0.005926 -0.290494 0 1.411987 0.2905544 1
006 3 77 16 0.005734 0.457481 0 0 0.7478 0 0.005734 -0.290319 0 1.422607 0.2903756 1
006 3 77 16 0.005542 0.45765 0 0 0.7478 0 0.005542 -0.29015 0 1.43335 0.2902029 1
006 3 77 16 0.00535 0.457813 0 0 0.7478 0 0.00535 -0.289987 0 1.445068 0.2900364 1
006 3 77 16 0.005157 0.457971 0 0 0.7478 0 0.005157 -0.289829 0 1.455933 0.2898749 1
006 3 77 16 0.004964 0.458123 0 0 0.7478 0 0.004964 -0.289677 0 1.466553 0.2897195 1
006 3 77 16 0.00477 0.458269 0 0 0.7478 0 0.00477 -0.289531 0 1.478271 0.2895703 1
006 3 77 16 0.004575 0.458409 0 0 0.7478 0 0.004575 -0.289391 0 1.492676 0.2894271 1
006 3 77 16 0.00438 0.458543 0 0 0.7478 0 0.00438 -0.289257 0 1.499756 0.2892902 1
006 3 77 16 0.004185 0.458672 0 0 0.7478 0 0.004185 -0.289128 0 1.51123 0.2891583 1
006 3 77 16 0.003989 0.458794 0 0 0.7478 0 0.003989 -0.289006 0 1.522461 0.2890335 1
006 3 77 16 0.003793 0.458911 0 0 0.7478 0 0.003793 -0.288889 0 1.533325 0.2889139 1
006 3 77 16 0.003596 0.459022 0 0 0.7478 0 0.003596 -0.288778 0 1.544678 0.2888004 1
006 3 77 16 0.003399 0.459127 0 0 0.7478 0 0.003399 -0.288673 0 1.55603 0.288693 1
006 3 77 16 0.003202 0.459226 0 0 0.7478 0 0.003202 -0.288574 0 1.566895 0.2885917 1
006 3 77 16 0.003005 0.459319 0 0 0.7478 0 0.003005 -0.288481 0 1.578125 0.2884966 1
006 3 77 16 0.002807 0.459406 0 0 0.7478 0 0.002807 -0.288394 0 1.589233 0.2884077 1
006 3 77 16 0.002608 0.459488 0 0 0.7478 0 0.002608 -0.288312 0 1.60083 0.2883238 1
006 3 77 16 0.00241 0.459563 0 0 0.7478 0 0.00241 -0.288237 0 1.611328 0.288247 1
006 3 77 16 0.002211 0.459632 0 0 0.7478 0 0.002211 -0.288168 0 1.622681 0.2881765 1
006 3 77 16 0.002013 0.459695 0 0 0.7478 0 0.002013 -0.288105 0 1.633911 0.288112 1
006 3 77 16 0.001813 0.459753 0 0 0.7478 0 0.001813 -0.288047 0 1.648071 0.2880527 1
006 3 77 16 0.001614 0.459804 0 0 0.7478 0 0.001614 -0.287996 0 1.655762 0.2880005 1
006 3 77 16 0.001415 0.45985 0 0 0.7478 0 0.001415 -0.28795 0 1.667114 0.2879535 1
006 3 77 16 0.001215 0.459889 0 0 0.7478 0 0.001215 -0.287911 0 1.678223 0.2879136 1
006 3 77 16 0.001015 0.459923 0 0 0.7478 0 0.001015 -0.287877 0 1.689575 0.2878788 1
006 3 77 16 0.000816 0.45995 0 0 0.7478 0 0.000816 -0.28785 0 1.700195 0.2878512 1
006 3 77 16 0.000616 0.459972 0 0 0.7478 0 0.000616 -0.287828 0 1.711426 0.2878287 1
006 3 77 16 0.000416 0.459987 0 0 0.7478 0 0.000416 -0.287813 0 1.722778 0.2878133 1
006 3 77 16 0.000216 0.459997 0 0 0.7478 0 0.000216 -0.287803 0 1.733765 0.2878031 1
006 3 77 16 1.6E-05 0.46 0 0 0.7478 0 1.6E-05 -0.2878 0 1.744873 0.2878 1
006 3 77 16 -0.000184 0.459997 0 0 0.7478 0 -0.000184 -0.287803 0 1.755859 0.2878031 1
006 3 77 16 -0.000384 0.459989 0 0 0.7478 0 -0.000384 -0.287811 0 1.767212 0.2878112 1
006 3 77 16 -0.000584 0.459974 0 0 0.7478 0 -0.000584 -0.287826 0 1.778076 0.2878266 1
006 3 77 16 -0.000784 0.459954 0 0 0.7478 0 -0.000784 -0.287846 0 1.789185 0.2878471 1
006 3 77 16 -0.000984 0.459927 0 0 0.7478 0 -0.000984 -0.287873 0 1.803345 0.2878747 1
006 3 77 16 -0.001183 0.459895 0 0 0.7478 0 -0.001183 -0.287905 0 1.811279 0.2879074 1
006 3 77 16 -0.001383 0.459856 0 0 0.7478 0 -0.001383 -0.287944 0 1.822632 0.2879473 1
006 3 77 16 -0.001582 0.459812 0 0 0.7478 0 -0.001582 -0.287988 0 1.834106 0.2879923 1
006 3 77 16 -0.001782 0.459761 0 0 0.7478 0 -0.001782 -0.288039 0 1.844727 0.2880445 1
006 3 77 16 -0.001981 0.459705 0 0 0.7478 0 -0.001981 -0.288095 0 1.855835 0.2881018 1
006 3 77 16 -0.00218 0.459643 0 0 0.7478 0 -0.00218 -0.288157 0 1.867065 0.2881652 1
006 3 77 16 -0.002378 0.459574 0 0 0.7478 0 -0.002378 -0.288226 0 1.878174 0.2882358 1
006 3 77 16 -0.002577 0.4595 0 0 0.7478 0 -0.002577 -0.2883 0 1.88916 0.2883115 1
006 3 77 16 -0.002775 0.45942 0 0 0.7478 0 -0.002775 -0.28838 0 1.900146 0.2883933 1
006 3 77 16 -0.002973 0.459333 0 0 0.7478 0 -0.002973 -0.288467 0 1.911743 0.2884823 1
006 3 77 16 -0.003171 0.459241 0 0 0.7478 0 -0.003171 -0.288559 0 1.922729 0.2885764 1
006 3 77 16 -0.003368 0.459143 0 0 0.7478 0 -0.003368 -0.288657 0 1.93396 0.2886766 1
006 3 77 16 -0.003565 0.459039 0 0 0.7478 0 -0.003565 -0.288761 0 1.944824 0.288783 1
006 3 77 16 -0.003762 0.458929 0 0 0.7478 0 -0.003762 -0.288871 0 1.959229 0.2888955 1
006 3 77 16 -0.003958 0.458813 0 0 0.7478 0 -0.003958 -0.288987 0 1.966553 0.2890141 1
006 3 77 16 -0.004154 0.458692 0 0 0.7478 0 -0.004154 -0.289108 0 1.978271 0.2891378 1
006 3 77 16 -0.004349 0.458564 0 0 0.7478 0 -0.004349 -0.289236 0 1.989136 0.2892687 1
006 3 77 16 -0.004544 0.458431 0 0 0.7478 0 -0.004544 -0.289369 0 2.00061 0.2894047 1
006 3 77 16 -0.004739 0.458292 0 0 0.7478 0 -0.004739 -0.289508 0 2.011353 0.2895468 1
006 3 77 16 -0.004933 0.458147 0 0 0.7478 0 -0.004933 -0.289653 0 2.022583 0.289695 1
006 3 77 16 -0.005126 0.457996 0 0 0.7478 0 -0.005126 -0.289804 0 2.033447 0.2898493 1
006 3 77 16 -0.005319 0.457839 0 0 0.7478 0 -0.005319 -0.289961 0 2.044556 0.2900098 1
006 3 77 16 -0.005512 0.457677 0 0 0.7478 0 -0.005512 -0.290123 0 2.05603 0.2901753 1
006 3 77 16 -0.005704 0.457508 0 0 0.7478 0 -0.005704 -0.290292 0 2.066895 0.290348 1
006 3 77 16 -0.005895 0.457334 0 0 0.7478 0 -0.005895 -0.290466 0 2.077881 0.2905258 1
006 3 77 16 -0.006086 0.457155 0 0 0.7478 0 -0.006086 -0.290645 0 2.089233 0.2907087 1
006 3 77 16 -0.006276 0.456969 0 0 0.7478 0 -0.006276 -0.290831 0 2.100708 0.2908987 1
006 3 77 16 -0.006466 0.456778 0 0 0.7478 0 -0.006466 -0.291022 0 2.114624 0.2910938 1
006 3 77 16 -0.006655 0.456581 0 0 0.7478 0 -0.006655 -0.291219 0 2.122803 0.291295 1
006 3 77 16 -0.006843 0.456379 0 0 0.7478 0 -0.006843 -0.291421 0 2.133545 0.2915013 1
006 3 77 16 -0.007031 0.456171 0 0 0.7478 0 -0.007031 -0.291629 0 2.144897 0.2917137 1
006 3 77 16 -0.007217 0.455957 0 0 0.7478 0 -0.007217 -0.291843 0 2.15564 0.2919322 1
006 3 77 16 -0.007404 0.455738 0 0 0.7478 0 -0.007404 -0.292062 0 2.16687 0.2921558 1
006 3 77 16 -0.007589 0.455513 0 0 0.7478 0 -0.007589 -0.292287 0 2.178467 0.2923855 1
006 3 77 16 -0.007774 0.455282 0 0 0.7478 0 -0.007774 -0.292518 0 2.189453 0.2926213 1
006 3 77 16 -0.007958 0.455046 0 0 0.7478 0 -0.007958 -0.292754 0 2.200684 0.2928621 1
006 3 77 16 -0.008141 0.454805 0 0 0.7478 0 -0.008141 -0.292995 0 2.21167 0.293108 1
006 3 77 16 -0.008323 0.454558 0 0 0.7478 0 -0.008323 -0.293242 0 2.2229 0.2933601 1
006 3 77 16 -0.008504 0.454305 0 0 0.7478 0 -0.008504 -0.293495 0 2.234131 0.2936182 1
006 3 77 16 -0.008685 0.454048 0 0 0.7478 0 -0.008685 -0.293752 0 2.244995 0.2938803 1
006 3 77 16 -0.008865 0.453784 0 0 0.7478 0 -0.008865 -0.294016 0 2.25647 0.2941496 1
006 3 77 16 -0.009044 0.453516 0 0 0.7478 0 -0.009044 -0.294284 0 2.270264 0.2944229 1
006 3 77 16 -0.009221 0.453242 0 0 0.7478 0 -0.009221 -0.294558 0 2.27771 0.2947023 1
006 3 77 16 -0.009398 0.452962 0 0 0.7478 0 -0.009398 -0.294838 0 2.289429 0.2949877 1
006 3 77 16 -0.009575 0.452678 0 0 0.7478 0 -0.009575 -0.295122 0 2.300415 0.2952773 1
006 3 77 16 -0.00975 0.452388 0 0 0.7478 0 -0.00975 -0.295412 0 2.311401 0.2955728 1
006 3 77 16 -0.009924 0.452093 0 0 0.7478 0 -0.009924 -0.295707 0 2.322754 0.2958735 1
006 3 77 16 -0.010097 0.451793 0 0 0.7478 0 -0.010097 -0.296007 0 2.333862 0.2961791 1
006 3 77 16 -0.010269 0.451487 0 0 0.7478 0 -0.010269 -0.296313 0 2.344849 0.2964909 1
006 3 77 16 -0.01044 0.451176 0 0 0.7478 0 -0.01044 -0.296624 0 2.355957 0.2968076 1
006 3 77 16 -0.01061 0.450861 0 0 0.7478 0 -0.01061 -0.296939 0 2.367065 0.2971285 1
006 3 77 16 -0.010779 0.45054 0 0 0.7478 0 -0.010779 -0.29726 0 2.378418 0.2974553 1
006 3 77 16 -0.010947 0.450214 0 0 0.7478 0 -0.010947 -0.297586 0 2.389526 0.2977873 1
006 3 77 16 -0.011114 0.449883 0 0 0.7478 0 -0.011114 -0.297917 0 2.400269 0.2981242 1
006 3 77 16 -0.01128 0.449547 0 0 0.7478 0 -0.01128 -0.298253 0 2.411255 0.2984662 1
006 3 77 16 -0.011444 0.449206 0 0 0.7478 0 -0.011444 -0.298594 0 2.42627 0.2988132 1
006 3 77 16 -0.011608 0.44886 0 0 0.7478 0 -0.011608 -0.29894 0 2.433594 0.2991653 1
006 3 77 16 -0.01177 0.44851 0 0 0.7478 0 -0.01177 -0.29929 0 2.444946 0.2995214 1
006 3 77 16 -0.011931 0.448154 0 0 0.7478 0 -0.011931 -0.299646 0 2.455933 0.2998834 1
006 3 77 16 -0.012091 0.447794 0 0 0.7478 0 -0.012091 -0.300006 0 2.466919 0.3002495 1
006 3 77 16 -0.01225 0.447429 0 0 0.7478 0 -0.01225 -0.300371 0 2.478394 0.3006207 1
006 3 77 16 -0.012407 0.447059 0 0 0.7478 0 -0.012407 -0.300741 0 2.48938 0.3009968 1
006 3 77 16 -0.012563 0.446684 0 0 0.7478 0 -0.012563 -0.301116 0 2.500366 0.301378 1
006 3 77 16 -0.012718 0.446305 0 0 0.7478 0 -0.012718 -0.301495 0 2.511841 0.3017631 1
006 3 77 16 -0.012872 0.445921 0 0 0.7478 0 -0.012872 -0.301879 0 2.522705 0.3021533 1
006 3 77 16 -0.013025 0.445533 0 0 0.7478 0 -0.013025 -0.302267 0 2.533813 0.3025475 1
006 3 77 16 -0.013176 0.44514 0 0 0.7478 0 -0.013176 -0.30266 0 2.545044 0.3029467 1
006 3 77 16 -0.013326 0.444742 0 0 0.7478 0 -0.013326 -0.303058 0 2.556274 0.3033508 1
006 3 77 16 -0.013474 0.44434 0 0 0.7478 0 -0.013474 -0.30346 0 2.566895 0.303759 1
006 3 77 16 -0.013621 0.443934 0 0 0.7478 0 -0.013621 -0.303866 0 2.582031 0.3041711 1
006 3 77 16 -0.013767 0.443523 0 0 0.7478 0 -0.013767 -0.304277 0 2.589355 0.3045883 1
006 3 77 16 -0.013911 0.443108 0 0 0.7478 0 -0.013911 -0.304692 0 2.600708 0.3050094 1
006 3 77 16 -0.014054 0.442688 0 0 0.7478 0 -0.014054 -0.305112 0 2.611572 0.3054355 1
006 3 77 16 -0.014196 0.442265 0 0 0.7478 0 -0.014196 -0.305535 0 2.622437 0.3058646 1
006 3 77 16 -0.014336 0.441837 0 0 0.7478 0 -0.014336 -0.305963 0 2.633789 0.3062986 1
006 3 77 16 -0.014475 0.441404 0 0 0.7478 0 -0.014475 -0.306396 0 2.644775 0.3067377 1
006 3 77 16 -0.014612 0.440968 0 0 0.7478 0 -0.014612 -0.306832 0 2.65625 0.3071797 1
006 3 77 16 -0.014748 0.440528 0 0 0.7478 0 -0.014748 -0.307272 0 2.667114 0.3076257 1
006 3 77 16 -0.014882 0.440083 0 0 0.7478 0 -0.014882 -0.307717 0 2.678345 0.3080766 1
006 3 77 16 -0.015015 0.439635 0 0 0.7478 0 -0.015015 -0.308165 0 2.689331 0.3085306 1
006 3 77 16 -0.015146 0.439182 0 0 0.7478 0 -0.015146 -0.308618 0 2.700562 0.3089894 1
006 3 77 16 -0.015276 0.438726 0 0 0.7478 0 -0.015276 -0.309074 0 2.711426 0.3094513 1
006 3 77 16 -0.015405 0.438266 0 0 0.7478 0 -0.015405 -0.309534 0 2.7229 0.3099171 1
006 3 77 16 -0.015531 0.437802 0 0 0.7478 0 -0.015531 -0.309998 0 2.737061 0.3103868 1
006 3 77 16 -0.015657 0.437334 0 0 0.7478 0 -0.015657 -0.310466 0 2.744629 0.3108605 1
006 3 77 16 -0.01578 0.436862 0 0 0.7478 0 -0.01578 -0.310938 0 2.755859 0.3113382 1
006 3 77 16 -0.015902 0.436387 0 0 0.7478 0 -0.015902 -0.311413 0 2.766968 0.3118187 1
006 3 77 16 -0.016023 0.435908 0 0 0.7478 0 -0.016023 -0.311892 0 2.778198 0.3123033 1
006 3 77 16 -0.016142 0.435426 0 0 0.7478 0 -0.016142 -0.312374 0 2.789429 0.3127908 1
006 3 77 16 -0.016259 0.43494 0 0 0.7478 0 -0.016259 -0.31286 0 2.800537 0.3132822 1
006 3 77 16 -0.016375 0.43445 0 0 0.7478 0 -0.016375 -0.31335 0 2.811401 0.3137776 1
006 3 77 16 -0.016489 0.433957 0 0 0.7478 0 -0.016489 -0.313843 0 2.822632 0.3142758 1
006 3 77 16 -0.016601 0.433461 0 0 0.7478 0 -0.016601 -0.314339 0 2.833862 0.314777 1
006 3 77 16 -0.016712 0.432961 0 0 0.7478 0 -0.016712 -0.314839 0 2.844971 0.3152822 1
006 3 77 16 -0.016821 0.432458 0 0 0.7478 0 -0.016821 -0.315342 0 2.856079 0.3157903 1
006 3 77 16 -0.016928 0.431952 0 0 0.7478 0 -0.016928 -0.315848 0 2.867188 0.3163013 1
006 3 77 16 -0.017034 0.431443 0 0 0.7478 0 -0.017034 -0.316357 0 2.878052 0.3168152 1
006 3 77 16 -0.017138 0.43093 0 0 0.7478 0 -0.017138 -0.31687 0 2.8927 0.3173331 1
006 3 77 16 -0.01724 0.430414 0 0 0.7478 0 -0.01724 -0.317386 0 2.900146 0.3178539 1
006 3 77 16 -0.017341 0.429896 0 0 0.7478 0 -0.017341 -0.317904 0 2.911621 0.3183766 1
006 3 77 16 -0.017439 0.429374 0 0 0.7478 0 -0.017439 -0.318426 0 2.923096 0.3189031 1
006 3 77 16 -0.017536 0.428849 0 0 0.7478 0 -0.017536 -0.318951 0 2.93396 0.3194327 1
006 3 77 16 -0.017632 0.428322 0 0 0.7478 0 -0.017632 -0.319478 0 2.944702 0.3199642 1
006 3 77 16 -0.017725 0.427791 0 0 0.7478 0 -0.017725 -0.320009 0 2.956421 0.3204995 1
006 3 77 16 -0.017817 0.427258 0 0 0.7478 0 -0.017817 -0.320542 0 2.967285 0.3210368 1
006 3 77 16 -0.017907 0.426722 0 0 0.7478 0 -0.017907 -0.321078 0 2.978149 0.3215769 1
006 3 77 16 -0.017995 0.426184 0 0 0.7478 0 -0.017995 -0.321616 0 2.98938 0.322119 1
006 3 77 16 -0.018081 0.425643 0 0 0.7478 0 -0.018081 -0.322157 0 3.000488 0.322664 1
006 3 77 16 -0.018166 0.425099 0 0 0.7478 0 -0.018166 -0.322701 0 3.011597 0.3232119 1
006 3 77 16 -0.018249 0.424553 0 0 0.7478 0 -0.018249 -0.323247 0 3.022583 0.3237617 1
006 3 77 16 -0.01833 0.424004 0 0 0.7478 0 -0.01833 -0.323796 0 3.033813 0.3243144 1
006 3 77 16 -0.018409 0.423453 0 0 0.7478 0 -0.018409 -0.324347 0 3.04834 0.324869 1
006 3 77 16 -0.018486 0.4229 0 0 0.7478 0 -0.018486 -0.3249 0 3.055908 0.3254254 1
006 3 77 16 -0.018561 0.422344 0 0 0.7478 0 -0.018561 -0.325456 0 3.066895 0.3259848 1
006 3 77 16 -0.018635 0.421786 0 0 0.7478 0 -0.018635 -0.326014 0 3.078003 0.3265461 1
006 3 77 16 -0.018707 0.421226 0 0 0.7478 0 -0.018707 -0.326574 0 3.089355 0.3271094 1
006 3 77 16 -0.018777 0.420664 0 0 0.7478 0 -0.018777 -0.327136 0 3.100586 0.3276744 1
006 3 77 16 -0.018844 0.420099 0 0 0.7478 0 -0.018844 -0.327701 0 3.111328 0.3282423 1
006 3 77 16 -0.018911 0.419533 0 0 0.7478 0 -0.018911 -0.328267 0 3.122803 0.3288113 1
006 3 77 16 -0.018975 0.418965 0 0 0.7478 0 -0.018975 -0.328835 0 3.134033 0.329382 1
006 3 77 16 -0.019037 0.418394 0 0 0.7478 0 -0.019037 -0.329406 0 3.144775 0.3299556 1
006 3 77 16 -0.019097 0.417822 0 0 0.7478 0 -0.019097 -0.329978 0 3.156128 0.3305301 1
006 3 77 16 -0.019156 0.417249 0 0 0.7478 0 -0.019156 -0.330551 0 3.167114 0.3311056 1
006 3 77 16 -0.019212 0.416673 0 0 0.7478 0 -0.019212 -0.331127 0 3.178589 0.3316839 1
006 3 77 16 -0.019267 0.416096 0 0 0.7478 0 -0.019267 -0.331704 0 3.189453 0.3322631 1
006 3 77 16 -0.01932 0.415517 0 0 0.7478 0 -0.01932 -0.332283 0 3.204102 0.3328442 1
006 3 77 16 -0.01937 0.414937 0 0 0.7478 0 -0.01937 -0.332863 0 3.211426 0.3334261 1
006 3 77 16 -0.019419 0.414355 0 0 0.7478 0 -0.019419 -0.333445 0 3.222412 0.33401 1
006 3 77 16 -0.019466 0.413772 0 0 0.7478 0 -0.019466 -0.334028 0 3.233521 0.3345947 1
006 3 77 16 -0.019511 0.413187 0 0 0.7478 0 -0.019511 -0.334613 0 3.244873 0.3351814 1
006 3 77 16 -0.019554 0.412601 0 0 0.7478 0 -0.019554 -0.335199 0 3.255981 0.3357688 1
006 3 77 16 -0.019595 0.412014 0 0 0.7478 0 -0.019595 -0.335786 0 3.267334 0.3363572 1
006 3 77 16 -0.019634 0.411425 0 0 0.7478 0 -0.019634 -0.336375 0 3.278076 0.3369475 1
006 3 77 16 -0.019671 0.410836 0 0 0.7478 0 -0.019671 -0.336964 0 3.289429 0.3375376 1
006 3 77 16 -0.019706 0.410245 0 0 0.7478 0 -0.019706 -0.337555 0 3.300537 0.3381297 1
006 3 77 16 -0.019739 0.409653 0 0 0.7478 0 -0.019739 -0.338147 0 3.312012 0.3387226 1
006 3 77 16 -0.019771 0.409061 0 0 0.7478 0 -0.019771 -0.338739 0 3.322876 0.3393155 1
006 3 77 16 -0.0198 0.408467 0 0 0.7478 0 -0.0198 -0.339333 0 3.33374 0.3399102 1
006 3 77 16 -0.019827 0.407873 0 0 0.7478 0 -0.019827 -0.339927 0 3.345093 0.3405047 1
006 3 77 16 -0.019852 0.407278 0 0 0.7478 0 -0.019852 -0.340522 0 3.359253 0.3411002 1
006 3 77 16 -0.019876 0.406682 0 0 0.7478 0 -0.019876 -0.341118 0 3.366821 0.3416965 1
006 3 77 16 -0.019897 0.406085 0 0 0.7478 0 -0.019897 -0.341715 0 3.378784 0.3422937 1
006 3 77 16 -0.019916 0.405488 0 0 0.7478 0 -0.019916 -0.342312 0 3.389282 0.3428909 1
006 3 77 16 -0.019933 0.40489 0 0 0.7478 0 -0.019933 -0.34291 0 3.400513 0.3434888 1
006 3 77 16 -0.019949 0.404292 0 0 0.7478 0 -0.019949 -0.343508 0 3.411499 0.3440868 1
006 3 77 16 -0.019962 0.403693 0 0 0.7478 0 -0.019962 -0.344107 0 3.422852 0.3446855 1
006 3 77 16 -0.019973 0.403094 0 0 0.7478 0 -0.019973 -0.344706 0 3.433838 0.3452841 1
006 3 77 16 -0.019983 0.402495 0 0 0.7478 0 -0.019983 -0.345305 0 3.444824 0.3458827 1
006 3 77 16 -0.01999 0.401895 0 0 0.7478 0 -0.01999 -0.345905 0 3.456177 0.3464821 1
006 3 77 16 -0.019995 0.401295 0 0 0.7478 0 -0.019995 -0.346505 0 3.466797 0.3470814 1
006 3 77 16 -0.019999 0.400696 0 0 0.7478 0 -0.019999 -0.347104 0 3.478394 0.3476796 1
006 3 77 16 -0.02 0.400096 0 0 0.7478 0 -0.02 -0.347704 0 3.489258 0.3482787 1
006 3 77 16 -0.019999 0.399496 0 0 0.7478 0 -0.019999 -0.348304 0 3.500732 0.3488777 1
006 3 77 16 -0.019997 0.398896 0 0 0.7478 0 -0.019997 -0.348904 0 3.515015 0.3494766 1
006 3 77 16 -0.019992 0.398296 0 0 0.7478 0 -0.019992 -0.349504 0 3.522339 0.3500753 1
006 3 77 16 -0.019985 0.397696 0 0 0.7478 0 -0.019985 -0.350104 0 3.533813 0.3506739 1
006 3 77 16 -0.019977 0.397097 0 0 0.7478 0 -0.019977 -0.350703 0 3.544922 0.3512715 1
006 3 77 16 -0.019966 0.396498 0 0 0.7478 0 -0.019966 -0.351302 0 3.556152 0.3518689 1
006 3 77 16 -0.019953 0.395899 0 0 0.7478 0 -0.019953 -0.351901 0 3.566772 0.3524662 1
006 3 77 16 -0.019939 0.3953 0 0 0.7478 0 -0.019939 -0.3525 0 3.578247 0.3530635 1
006 3 77 16 -0.019922 0.394702 0 0 0.7478 0 -0.019922 -0.353098 0 3.589722 0.3536595 1
006 3 77 16 -0.019903 0.394105 0 0 0.7478 0 -0.019903 -0.353695 0 3.600586 0.3542545 1
006 3 77 16 -0.019883 0.393508 0 0 0.7478 0 -0.019883 -0.354292 0 3.611694 0.3548495 1
006 3 77 16 -0.01986 0.392912 0 0 0.7478 0 -0.01986 -0.354888 0 3.622925 0.3554433 1
006 3 77 16 -0.019835 0.392317 0 0 0.7478 0 -0.019835 -0.355483 0 3.634033 0.3560359 1
006 3 77 16 -0.019809 0.391722 0 0 0.7478 0 -0.019809 -0.356078 0 3.644775 0.3566286 1
006 3 77 16 -0.01978 0.391128 0 0 0.7478 0 -0.01978 -0.356672 0 3.662842 0.35722 1
006 3 77 16 -0.01975 0.390535 0 0 0.7478 0 -0.01975 -0.357265 0 3.672607 0.3578105 1
006 3 77 16 -0.019717 0.389943 0 0 0.7478 0 -0.019717 -0.357857 0 3.678589 0.3583997 1
006 3 77 16 -0.019683 0.389352 0 0 0.7478 0 -0.019683 -0.358448 0 3.689453 0.358988 1
006 3 77 16 -0.019646 0.388762 0 0 0.7478 0 -0.019646 -0.359038 0 3.700684 0.3595751 1
006 3 77 16 -0.019608 0.388174 0 0 0.7478 0 -0.019608 -0.359626 0 3.71167 0.3601601 1
006 3 77 16 -0.019567 0.387586 0 0 0.7478 0 -0.019567 -0.360214 0 3.723022 0.3607451 1
006 3 77 16 -0.019525 0.386999 0 0 0.7478 0 -0.019525 -0.360801 0 3.733765 0.3613289 1
006 3 77 16 -0.019481 0.386414 0 0 0.7478 0 -0.019481 -0.361386 0 3.744995 0.3619107 1
006 3 77 16 -0.019434 0.385831 0 0 0.7478 0 -0.019434 -0.361969 0 3.755981 0.3624903 1
006 3 77 16 -0.019386 0.385248 0 0 0.7478 0 -0.019386 -0.362552 0 3.767334 0.3630699 1
006 3 77 16 -0.019336 0.384668 0 0 0.7478 0 -0.019336 -0.363132 0 3.778442 0.3636464 1
006 3 77 16 -0.019284 0.384088 0 0 0.7478 0 -0.019284 -0.363712 0 3.789551 0.3642228 1
006 3 77 16 -0.01923 0.383511 0 0 0.7478 0 -0.01923 -0.364289 0 3.800537 0.3647962 1
006 3 77 16 -0.019174 0.382934 0 0 0.7478 0 -0.019174 -0.364866 0 3.812134 0.3653695 1
006 3 77 16 -0.019116 0.38236 0 0 0.7478 0 -0.019116 -0.36544 0 3.826172 0.3659396 1
006 3 77 16 -0.019056 0.381788 0 0 0.7478 0 -0.019056 -0.366012 0 3.833618 0.3665077 1
006 3 77 16 -0.018995 0.381217 0 0 0.7478 0 -0.018995 -0.366583 0 3.845093 0.3670748 1
006 3 77 16 -0.018931 0.380648 0 0 0.7478 0 -0.018931 -0.367152 0 3.856445 0.3676397 1
006 3 77 16 -0.018866 0.380081 0 0 0.7478 0 -0.018866 -0.367719 0 3.866943 0.3682026 1
006 3 77 16 -0.018798 0.379516 0 0 0.7478 0 -0.018798 -0.368284 0 3.878296 0.3687634 1
006 3 77 16 -0.018729 0.378953 0 0 0.7478 0 -0.018729 -0.368847 0 3.889648 0.3693222 1
006 3 77 16 -0.018658 0.378392 0 0 0.7478 0 -0.018658 -0.369408 0 3.900391 0.3698789 1
006 3 77 16 -0.018585 0.377834 0 0 0.7478 0 -0.018585 -0.369966 0 3.911621 0.3704325 1
006 3 77 16 -0.01851 0.377277 0 0 0.7478 0 -0.01851 -0.370523 0 3.922607 0.370985 1
006 3 77 16 -0.018434 0.376723 0 0 0.7478 0 -0.018434 -0.371077 0 3.933716 0.3715346 1
006 3 77 16 -0.018355 0.376171 0 0 0.7478 0 -0.018355 -0.371629 0 3.945068 0.372082 1
006 3 77 16 -0.018275 0.375622 0 0 0.7478 0 -0.018275 -0.372178 0 3.956177 0.3726264 1
006 3 77 16 -0.018193 0.375075 0 0 0.7478 0 -0.018193 -0.372725 0 3.967285 0.3731687 1
006 3 77 16 -0.018109 0.37453 0 0 0.7478 0 -0.018109 -0.37327 0 3.981812 0.373709 1
006 3 77 16 -0.018023 0.373988 0 0 0.7478 0 -0.018023 -0.373812 0 3.989136 0.3742462 1
006 3 77 16 -0.017935 0.373449 0 0 0.7478 0 -0.017935 -0.374351 0 4.000732 0.3747804 1
006 3 77 16 -0.017846 0.372912 0 0 0.7478 0 -0.017846 -0.374888 0 4.011597 0.3753125 1
006 3 77 16 -0.017755 0.372378 0 0 0.7478 0 -0.017755 -0.375422 0 4.022583 0.3758416 1
006 3 77 16 -0.017662 0.371847 0 0 0.7478 0 -0.017662 -0.375953 0 4.033936 0.3763676 1
006 3 77 16 -0.017567 0.371318 0 0 0.7478 0 -0.017567 -0.376482 0 4.045166 0.3768916 1
006 3 77 16 -0.01747 0.370793 0 0 0.7478 0 -0.01747 -0.377007 0 4.055786 0.3774115 1
006 3 77 16 -0.017372 0.37027 0 0 0.7478 0 -0.017372 -0.37753 0 4.067261 0.3779294 1
006 3 77 16 -0.017272 0.36975 0 0 0.7478 0 -0.017272 -0.37805 0 4.078735 0.3784443 1
006 3 77 16 -0.017171 0.369234 0 0 0.7478 0 -0.017171 -0.378566 0 4.089478 0.3789552 1
006 3 77 16 -0.017067 0.36872 0 0 0.7478 0 -0.017067 -0.37908 0 4.10083 0.379464 1
006 3 77 16 -0.016962 0.36821 0 0 0.7478 0 -0.016962 -0.37959 0 4.111572 0.3799688 1
006 3 77 16 -0.016855 0.367703 0 0 0.7478 0 -0.016855 -0.380097 0 4.123169 0.3804705 1
006 3 77 16 -0.016747 0.367199 0 0 0.7478 0 -0.016747 -0.380601 0 4.137085 0.3809693 1
006 3 77 16 -0.016637 0.366698 0 0 0.7478 0 -0.016637 -0.381102 0 4.144653 0.381465 1
006 3 77 16 -0.016525 0.3662 0 0 0.7478 0 -0.016525 -0.3816 0 4.156128 0.3819577 1
006 3 77 16 -0.016411 0.365706 0 0 0.7478 0 -0.016411 -0.382094 0 4.166992 0.3824463 1
006 3 77 16 -0.016296 0.365216 0 0 0.7478 0 -0.016296 -0.382584 0 4.178345 0.3829309 1
006 3 77 16 -0.016179 0.364729 0 0 0.7478 0 -0.016179 -0.383071 0 4.189453 0.3834125 1
006 3 77 16 -0.016061 0.364245 0 0 0.7478 0 -0.016061 -0.383555 0 4.200439 0.3838911 1
006 3 77 16 -0.015941 0.363765 0 0 0.7478 0 -0.015941 -0.384035 0 4.21167 0.3843657 1
006 3 77 16 -0.015819 0.363289 0 0 0.7478 0 -0.015819 -0.384511 0 4.222534 0.3848363 1
006 3 77 16 -0.015696 0.362816 0 0 0.7478 0 -0.015696 -0.384984 0 4.233887 0.3853038 1
006 3 77 16 -0.015571 0.362347 0 0 0.7478 0 -0.015571 -0.385453 0 4.245117 0.3857674 1
006 3 77 16 -0.015445 0.361882 0 0 0.7478 0 -0.015445 -0.385918 0 4.256348 0.386227 1
006 3 77 16 -0.015317 0.36142 0 0 0.7478 0 -0.015317 -0.38638 0 4.267334 0.3866835 1
006 3 77 16 -0.015188 0.360962 0 0 0.7478 0 -0.015188 -0.386838 0 4.278564 0.387136 1
006 3 77 16 -0.015057 0.360509 0 0 0.7478 0 -0.015057 -0.387291 0 4.292725 0.3875836 1
006 3 77 16 -0.014925 0.360059 0 0 0.7478 0 -0.014925 -0.387741 0 4.300415 0.3880281 1
006 3 77 16 -0.014791 0.359613 0 0 0.7478 0 -0.014791 -0.388187 0 4.311523 0.3884687 1
006 3 77 16 -0.014655 0.359172 0 0 0.7478 0 -0.014655 -0.388628 0 4.322632 0.3889042 1
006 3 77 16 -0.014519 0.358734 0 0 0.7478 0 -0.014519 -0.389066 0 4.333618 0.3893368 1
006 3 77 16 -0.01438 0.358301 0 0 0.7478 0 -0.01438 -0.389499 0 4.345093 0.3897643 1
006 3 77 16 -0.014241 0.357871 0 0 0.7478 0 -0.014241 -0.389929 0 4.356079 0.390189 1
006 3 77 16 -0.0141 0.357446 0 0 0.7478 0 -0.0141 -0.390354 0 4.367188 0.3906085 1
006 3 77 16 -0.013957 0.357025 0 0 0.7478 0 -0.013957 -0.390775 0 4.37854 0.3910241 1
006 3 77 16 -0.013813 0.356609 0 0 0.7478 0 -0.013813 -0.391191 0 4.389282 0.3914348 1
006 3 77 16 -0.013668 0.356196 0 0 0.7478 0 -0.013668 -0.391604 0 4.400391 0.3918424 1
006 3 77 16 -0.013521 0.355789 0 0 0.7478 0 -0.013521 -0.392011 0 4.411621 0.3922441 1
006 3 77 16 -0.013373 0.355385 0 0 0.7478 0 -0.013373 -0.392415 0 4.422729 0.3926428 1
006 3 77 16 -0.013224 0.354986 0 0 0.7478 0 -0.013224 -0.392814 0 4.433838 0.3930365 1
006 3 77 16 -0.013073 0.354592 0 0 0.7478 0 -0.013073 -0.393208 0 4.448242 0.3934253 1
006 3 77 16 -0.012921 0.354202 0 0 0.7478 0 -0.012921 -0.393598 0 4.455688 0.39381 1
006 3 77 16 -0.012768 0.353817 0 0 0.7478 0 -0.012768 -0.393983 0 4.467041 0.3941898 1
006 3 77 16 -0.012613 0.353436 0 0 0.7478 0 -0.012613 -0.394364 0 4.478271 0.3945656 1
006 3 77 16 -0.012457 0.35306 0 0 0.7478 0 -0.012457 -0.39474 0 4.489136 0.3949365 1
006 3 77 16 -0.0123 0.352688 0 0 0.7478 0 -0.0123 -0.395112 0 4.500854 0.3953034 1
006 3 77 16 -0.012142 0.352322 0 0 0.7478 0 -0.012142 -0.395478 0 4.511475 0.3956643 1
006 3 77 16 -0.011982 0.35196 0 0 0.7478 0 -0.011982 -0.39584 0 4.522949 0.3960213 1
006 3 77 16 -0.011821 0.351603 0 0 0.7478 0 -0.011821 -0.396197 0 4.534302 0.3963733 1
006 3 77 16 -0.01166 0.351251 0 0 0.7478 0 -0.01166 -0.396549 0 4.544922 0.3967204 1
006 3 77 16 -0.011496 0.350903 0 0 0.7478 0 -0.011496 -0.396897 0 4.556274 0.3970634 1
006 3 77 16 -0.011332 0.350561 0 0 0.7478 0 -0.011332 -0.397239 0 4.566895 0.3974006 1
006 3 77 16 -0.011167 0.350223 0 0 0.7478 0 -0.011167 -0.397577 0 4.578857 0.3977338 1
006 3 77 16 -0.011 0.349891 0 0 0.7478 0 -0.011 -0.397909 0 4.589966 0.398061 1
006 3 77 16 -0.010833 0.349563 0 0 0.7478 0 -0.010833 -0.398237 0 4.603882 0.3983843 1
006 3 77 16 -0.010664 0.349241 0 0 0.7478 0 -0.010664 -0.398559 0 4.61145 0.3987016 1
006 3 77 16 -0.010494 0.348924 0 0 0.7478 0 -0.010494 -0.398876 0 4.622681 0.399014 1
006 3 77 16 -0.010324 0.348611 0 0 0.7478 0 -0.010324 -0.399189 0 4.634033 0.3993225 1
006 3 77 16 -0.010152 0.348304 0 0 0.7478 0 -0.010152 -0.399496 0 4.64502 0.399625 1
006 3 77 16 -0.009979 0.348002 0 0 0.7478 0 -0.009979 -0.399798 0 4.656494 0.3999225 1
006 3 77 16 -0.009805 0.347705 0 0 0.7478 0 -0.009805 -0.400095 0 4.667114 0.4002151 1
006 3 77 16 -0.00963 0.347414 0 0 0.7478 0 -0.00963 -0.400386 0 4.678711 0.4005018 1
006 3 77 16 -0.009455 0.347128 0 0 0.7478 0 -0.009455 -0.400672 0 4.689819 0.4007835 1
006 3 77 16 -0.009278 0.346847 0 0 0.7478 0 -0.009278 -0.400953 0 4.700684 0.4010603 1
006 3 77 16 -0.0091 0.346571 0 0 0.7478 0 -0.0091 -0.401229 0 4.711792 0.4013322 1
006 3 77 16 -0.008922 0.346301 0 0 0.7478 0 -0.008922 -0.401499 0 4.723022 0.4015981 1
006 3 77 16 -0.008742 0.346036 0 0 0.7478 0 -0.008742 -0.401764 0 4.734009 0.4018591 1
006 3 77 16 -0.008562 0.345776 0 0 0.7478 0 -0.008562 -0.402024 0 4.745239 0.4021151 1
006 3 77 16 -0.008381 0.345522 0 0 0.7478 0 -0.008381 -0.402278 0 4.759644 0.4023653 1
006 3 77 16 -0.008199 0.345273 0 0 0.7478 0 -0.008199 -0.402527 0 4.766968 0.4026105 1
006 3 77 16 -0.008016 0.34503 0 0 0.7478 0 -0.008016 -0.40277 0 4.77832 0.4028498 1
006 3 77 16 -0.007832 0.344792 0 0 0.7478 0 -0.007832 -0.403008 0 4.789185 0.4030841 1
006 3 77 16 -0.007648 0.34456 0 0 0.7478 0 -0.007648 -0.40324 0 4.800781 0.4033125 1
006 3 77 16 -0.007463 0.344333 0 0 0.7478 0 -0.007463 -0.403467 0 4.811768 0.403536 1
006 3 77 16 -0.007277 0.344112 0 0 0.7478 0 -0.007277 -0.403688 0 4.82312 0.4037536 1
006 3 77 16 -0.00709 0.343897 0 0 0.7478 0 -0.00709 -0.403903 0 4.833862 0.4039652 1
006 3 77 16 -0.006903 0.343687 0 0 0.7478 0 -0.006903 -0.404113 0 4.844849 0.4041719 1
006 3 77 16 -0.006715 0.343483 0 0 0.7478 0 -0.006715 -0.404317 0 4.856323 0.4043728 1
006 3 77 16 -0.006526 0.343284 0 0 0.7478 0 -0.006526 -0.404516 0 4.866943 0.4045686 1
006 3 77 16 -0.006337 0.343091 0 0 0.7478 0 -0.006337 -0.404709 0 4.87854 0.4047586 1
006 3 77 16 -0.006147 0.342904 0 0 0.7478 0 -0.006147 -0.404896 0 4.889526 0.4049426 1
006 3 77 16 -0.005956 0.342722 0 0 0.7478 0 -0.005956 -0.405078 0 4.900879 0.4051218 1
006 3 77 16 -0.005765 0.342547 0 0 0.7478 0 -0.005765 -0.405253 0 4.914795 0.405294 1
006 3 77 16 -0.005573 0.342376 0 0 0.7478 0 -0.005573 -0.405424 0 4.922607 0.4054623 1
006 3 77 16 -0.005381 0.342212 0 0 0.7478 0 -0.005381 -0.405588 0 4.93396 0.4056237 1
006 3 77 16 -0.005188 0.342054 0 0 0.7478 0 -0.005188 -0.405746 0 4.945068 0.4057792 1
006 3 77 16 -0.004994 0.341901 0 0 0.7478 0 -0.004994 -0.405899 0 4.956055 0.4059297 1
006 3 77 16 -0.0048 0.341754 0 0 0.7478 0 -0.0048 -0.406046 0 4.967163 0.4060743 1
006 3 77 16 -0.004606 0.341613 0 0 0.7478 0 -0.004606 -0.406187 0 4.978516 0.4062131 1
006 3 77 16 -0.004411 0.341478 0 0 0.7478 0 -0.004411 -0.406322 0 4.989746 0.4063459 1
006 3 77 16 -0.004216 0.341348 0 0 0.7478 0 -0.004216 -0.406452 0 5.000366 0.4064739 1
006 3 77 16 -0.00402 0.341225 0 0 0.7478 0 -0.00402 -0.406575 0 5.011719 0.4065949 1
006 3 77 16 -0.003824 0.341107 0 0 0.7478 0 -0.003824 -0.406693 0 5.022705 0.406711 1
006 3 77 16 -0.003628 0.340995 0 0 0.7478 0 -0.003628 -0.406805 0 5.03418 0.4068212 1
006 3 77 16 -0.003431 0.340889 0 0 0.7478 0 -0.003431 -0.406911 0 5.045044 0.4069254 1
006 3 77 16 -0.003234 0.340789 0 0 0.7478 0 -0.003234 -0.407011 0 5.056641 0.4070238 1
006 3 77 16 -0.003036 0.340695 0 0 0.7478 0 -0.003036 -0.407105 0 5.070435 0.4071163 1
006 3 77 16 -0.002838 0.340607 0 0 0.7478 0 -0.002838 -0.407193 0 5.078369 0.4072029 1
006 3 77 16 -0.00264 0.340525 0 0 0.7478 0 -0.00264 -0.407275 0 5.089722 0.4072835 1
006 3 77 16 -0.002442 0.340449 0 0 0.7478 0 -0.002442 -0.407351 0 5.100586 0.4073583 1
006 3 77 16 -0.002243 0.340379 0 0 0.7478 0 -0.002243 -0.407421 0 5.112061 0.4074272 1
006 3 77 16 -0.002044 0.340314 0 0 0.7478 0 -0.002044 -0.407486 0 5.122803 0.4074911 1
006 3 77 16 -0.001845 0.340256 0 0 0.7478 0 -0.001845 -0.407544 0 5.134033 0.4075482 1
006 3 77 16 -0.001646 0.340204 0 0 0.7478 0 -0.001646 -0.407596 0 5.145264 0.4075993 1
006 3 77 16 -0.001447 0.340157 0 0 0.7478 0 -0.001447 -0.407643 0 5.156616 0.4076456 1
006 3 77 16 -0.001247 0.340117 0 0 0.7478 0 -0.001247 -0.407683 0 5.167236 0.4076849 1
006 3 77 16 -0.001047 0.340082 0 0 0.7478 0 -0.001047 -0.407718 0 5.178589 0.4077193 1
006 3 77 16 -0.000848 0.340054 0 0 0.7478 0 -0.000848 -0.407746 0 5.189941 0.4077469 1
006 3 77 16 -0.000648 0.340031 0 0 0.7478 0 -0.000648 -0.407769 0 5.200806 0.4077695 1
006 3 77 16 -0.000448 0.340015 0 0 0.7478 0 -0.000448 -0.407785 0 5.21228 0.4077852 1
006 3 77 16 -0.000248 0.340005 0 0 0.7478 0 -0.000248 -0.407795 0 5.226196 0.4077951 1
006 3 77 16 -4.8E-05 0.34 0 0 0.7478 0 -4.8E-05 -0.4078 0 5.233643 0.4078 1
006 3 77 16 0.000152 0.340002 0 0 0.7478 0 0.000152 -0.407798 0 5.244995 0.407798 1
006 3 77 16 0.000352 0.340009 0 0 0.7478 0 0.000352 -0.407791 0 5.25647 0.4077911 1
006 3 77 16 0.000552 0.340023 0 0 0.7478 0 0.000552 -0.407777 0 5.267212 0.4077774 1
006 3 77 16 0.000752 0.340042 0 0 0.7478 0 0.000752 -0.407758 0 5.278564 0.4077587 1
006 3 77 16 0.000952 0.340068 0 0 0.7478 0 0.000952 -0.407732 0 5.289307 0.4077331 1
006 3 77 16 0.001152 0.3401 0 0 0.7478 0 0.001152 -0.4077 0 5.300781 0.4077016 1
006 3 77 16 0.001351 0.340137 0 0 0.7478 0 0.001351 -0.407663 0 5.312134 0.4076652 1
006 3 77 16 0.001551 0.340181 0 0 0.7478 0 0.001551 -0.407619 0 5.322998 0.4076219 1
006 3 77 16 0.00175 0.34023 0 0 0.7478 0 0.00175 -0.40757 0 5.334106 0.4075737 1
006 3 77 16 0.001949 0.340286 0 0 0.7478 0 0.001949 -0.407514 0 5.344971 0.4075187 1
006 3 77 16 0.002148 0.340347 0 0 0.7478 0 0.002148 -0.407453 0 5.356323 0.4074587 1
006 3 77 16 0.002347 0.340414 0 0 0.7478 0 0.002347 -0.407386 0 5.367676 0.4073927 1
006 3 77 16 0.002545 0.340488 0 0 0.7478 0 0.002545 -0.407312 0 5.381714 0.4073199 1
006 3 77 16 0.002744 0.340567 0 0 0.7478 0 0.002744 -0.407233 0 5.38916 0.4072422 1
006 3 77 16 0.002942 0.340652 0 0 0.7478 0 0.002942 -0.407148 0 5.400635 0.4071586 1
006 3 77 16 0.003139 0.340744 0 0 0.7478 0 0.003139 -0.407056 0 5.411865 0.4070681 1
006 3 77 16 0.003337 0.340841 0 0 0.7478 0 0.003337 -0.406959 0 5.423096 0.4069727 1
006 3 77 16 0.003534 0.340944 0 0 0.7478 0 0.003534 -0.406856 0 5.434204 0.4068713 1
006 3 77 16 0.00373 0.341053 0 0 0.7478 0 0.00373 -0.406747 0 5.445313 0.4067641 1
006 3 77 16 0.003927 0.341168 0 0 0.7478 0 0.003927 -0.406632 0 5.456299 0.4066509 1
006 3 77 16 0.004122 0.341288 0 0 0.7478 0 0.004122 -0.406512 0 5.467407 0.4065329 1
006 3 77 16 0.004318 0.341415 0 0 0.7478 0 0.004318 -0.406385 0 5.478638 0.4064079 1
006 3 77 16 0.004513 0.341548 0 0 0.7478 0 0.004513 -0.406252 0 5.48938 0.4062771 1
006 3 77 16 0.004708 0.341686 0 0 0.7478 0 0.004708 -0.406114 0 5.500732 0.4061413 1
006 3 77 16 0.004902 0.34183 0 0 0.7478 0 0.004902 -0.40597 0 5.511719 0.4059996 1
006 3 77 16 0.005095 0.34198 0 0 0.7478 0 0.005095 -0.40582 0 5.523315 0.405852 1
006 3 77 16 0.005289 0.342136 0 0 0.7478 0 0.005289 -0.405664 0 5.537476 0.4056985 1
006 3 77 16 0.005481 0.342297 0 0 0.7478 0 0.005481 -0.405503 0 5.544922 0.40554 1
006 3 77 16 0.005673 0.342465 0 0 0.7478 0 0.005673 -0.405335 0 5.555908 0.4053747 1
006 3 77 16 0.005865 0.342638 0 0 0.7478 0 0.005865 -0.405162 0 5.567261 0.4052044 1
006 3 77 16 0.006056 0.342816 0 0 0.7478 0 0.006056 -0.404984 0 5.578125 0.4050293 1
006 3 77 16 0.006246 0.343001 0 0 0.7478 0 0.006246 -0.404799 0 5.589478 0.4048472 1
006 3 77 16 0.006436 0.343191 0 0 0.7478 0 0.006436 -0.404609 0 5.60083 0.4046602 1
006 3 77 16 0.006625 0.343387 0 0 0.7478 0 0.006625 -0.404413 0 5.611938 0.4044673 1
006 3 77 16 0.006813 0.343589 0 0 0.7478 0 0.006813 -0.404211 0 5.623047 0.4042684 1
006 3 77 16 0.007001 0.343796 0 0 0.7478 0 0.007001 -0.404004 0 5.633911 0.4040646 1
006 3 77 16 0.007188 0.344009 0 0 0.7478 0 0.007188 -0.403791 0 5.645264 0.403855 1
006 3 77 16 0.007374 0.344227 0 0 0.7478 0 0.007374 -0.403573 0 5.656128 0.4036403 1
006 3 77 16 0.00756 0.344451 0 0 0.7478 0 0.00756 -0.403349 0 5.666992 0.4034198 1
006 3 77 16 0.007744 0.344681 0 0 0.7478 0 0.007744 -0.403119 0 5.678833 0.4031934 1
006 3 77 16 0.007928 0.344916 0 0 0.7478 0 0.007928 -0.402884 0 5.693237 0.402962 1
006 3 77 16 0.008112 0.345156 0 0 0.7478 0 0.008112 -0.402644 0 5.700195 0.4027257 1
006 3 77 16 0.008294 0.345402 0 0 0.7478 0 0.008294 -0.402398 0 5.71167 0.4024835 1
006 3 77 16 0.008476 0.345654 0 0 0.7478 0 0.008476 -0.402146 0 5.723022 0.4022353 1
006 3 77 16 0.008656 0.345911 0 0 0.7478 0 0.008656 -0.401889 0 5.733765 0.4019822 1
006 3 77 16 0.008836 0.346173 0 0 0.7478 0 0.008836 -0.401627 0 5.744995 0.4017242 1
006 3 77 16 0.009015 0.346441 0 0 0.7478 0 0.009015 -0.401359 0 5.756104 0.4014602 1
006 3 77 16 0.009193 0.346714 0 0 0.7478 0 0.009193 -0.401086 0 5.7677 0.4011913 1
006 3 77 16 0.00937 0.346993 0 0 0.7478 0 0.00937 -0.400807 0 5.778809 0.4009165 1
006 3 77 16 0.009547 0.347276 0 0 0.7478 0 0.009547 -0.400524 0 5.789795 0.4006377 1
006 3 77 16 0.009722 0.347566 0 0 0.7478 0 0.009722 -0.400234 0 5.800781 0.4003521 1
006 3 77 16 0.009896 0.34786 0 0 0.7478 0 0.009896 -0.39994 0 5.812134 0.4000624 1
006 3 77 16 0.010069 0.348159 0 0 0.7478 0 0.010069 -0.399641 0 5.822998 0.3997678 1
006 3 77 16 0.010242 0.348464 0 0 0.7478 0 0.010242 -0.399336 0 5.834351 0.3994673 1
006 3 77 16 0.010413 0.348774 0 0 0.7478 0 0.010413 -0.399026 0 5.848389 0.3991618 1
006 3 77 16 0.010583 0.349089 0 0 0.7478 0 0.010583 -0.398711 0 5.855835 0.3988514 1
006 3 77 16 0.010752 0.349409 0 0 0.7478 0 0.010752 -0.398391 0 5.867676 0.398536 1
006 3 77 16 0.01092 0.349734 0 0 0.7478 0 0.01092 -0.398066 0 5.878662 0.3982157 1
006 3 77 16 0.011087 0.350064 0 0 0.7478 0 0.011087 -0.397736 0 5.889648 0.3978905 1
006 3 77 16 0.011253 0.350399 0 0 0.7478 0 0.011253 -0.397401 0 5.901001 0.3975603 1
006 3 77 16 0.011418 0.350739 0 0 0.7478 0 0.011418 -0.397061 0 5.912109 0.3972251 1
006 3 77 16 0.011582 0.351084 0 0 0.7478 0 0.011582 -0.396716 0 5.922852 0.396885 1
006 3 77 16 0.011744 0.351434 0 0 0.7478 0 0.011744 -0.396366 0 5.934082 0.3965399 1
006 3 77 16 0.011906 0.351789 0 0 0.7478 0 0.011906 -0.396011 0 5.945313 0.3961899 1
006 3 77 16 0.012066 0.352148 0 0 0.7478 0 0.012066 -0.395652 0 5.956421 0.3958359 1
006 3 77 16 0.012225 0.352513 0 0 0.7478 0 0.012225 -0.395287 0 5.967896 0.395476 1
006 3 77 16 0.012382 0.352882 0 0 0.7478 0 0.012382 -0.394918 0 5.97876 0.3951121 1
006 3 77 16 0.012539 0.353256 0 0 0.7478 0 0.012539 -0.394544 0 5.989868 0.3947432 1
006 3 77 16 0.012694 0.353634 0 0 0.7478 0 0.012694 -0.394166 0 6.004639 0.3943703 1
006 3 77 16 0.012848 0.354017 0 0 0.7478 0 0.012848 -0.393783 0 6.011353 0.3939925 1
006 3 77 16 0.013 0.354405 0 0 0.7478 0 0.013 -0.393395 0 6.023193 0.3936097 1
006 3 77 16 0.013152 0.354797 0 0 0.7478 0 0.013152 -0.393003 0 6.033936 0.393223 1
006 3 77 16 0.013302 0.355194 0 0 0.7478 0 0.013302 -0.392606 0 6.044922 0.3928313 1
006 3 77 16 0.01345 0.355595 0 0 0.7478 0 0.01345 -0.392205 0 6.056274 0.3924356 1
006 3 77 16 0.013598 0.356001 0 0 0.7478 0 0.013598 -0.391799 0 6.067017 0.3920349 1
006 3 77 16 0.013744 0.356411 0 0 0.7478 0 0.013744 -0.391389 0 6.078735 0.3916302 1
006 3 77 16 0.013888 0.356826 0 0 0.7478 0 0.013888 -0.390974 0 6.089722 0.3912206 1
006 3 77 16 0.014032 0.357245 0 0 0.7478 0 0.014032 -0.390555 0 6.100952 0.390807 1
006 3 77 16 0.014173 0.357668 0 0 0.7478 0 0.014173 -0.390132 0 6.111938 0.3903893 1
006 3 77 16 0.014314 0.358095 0 0 0.7478 0 0.014314 -0.389705 0 6.123047 0.3899678 1
006 3 77 16 0.014453 0.358526 0 0 0.7478 0 0.014453 -0.389274 0 6.133911 0.3895422 1
006 3 77 16 0.01459 0.358962 0 0 0.7478 0 0.01459 -0.388838 0 6.145386 0.3891116 1
006 3 77 16 0.014726 0.359402 0 0 0.7478 0 0.014726 -0.388398 0 6.15979 0.3886771 1
006 3 77 16 0.014861 0.359846 0 0 0.7478 0 0.014861 -0.387954 0 6.167114 0.3882385 1
006 3 77 16 0.014994 0.360293 0 0 0.7478 0 0.014994 -0.387507 0 6.178833 0.387797 1
006 3 77 16 0.015126 0.360745 0 0 0.7478 0 0.015126 -0.387055 0 6.189697 0.3873504 1
006 3 77 16 0.015256 0.361201 0 0 0.7478 0 0.015256 -0.386599 0 6.200928 0.3868999 1
006 3 77 16 0.015384 0.361661 0 0 0.7478 0 0.015384 -0.386139 0 6.21167 0.3864453 1
006 3 77 16 0.015511 0.362124 0 0 0.7478 0 0.015511 -0.385676 0 6.223145 0.3859878 1
006 3 77 16 0.015637 0.362591 0 0 0.7478 0 0.015637 -0.385209 0 6.233765 0.3855262 1
006 3 77 16 0.015761 0.363062 0 0 0.7478 0 0.015761 -0.384738 0 6.245117 0.3850607 1
006 3 77 16 0.015883 0.363537 0 0 0.7478 0 0.015883 -0.384263 0 6.25647 0.3845911 1
006 3 77 16 0.016004 0.364015 0 0 0.7478 0 0.016004 -0.383785 0 6.267456 0.3841185 1
006 3 77 16 0.016123 0.364497 0 0 0.7478 0 0.016123 -0.383303 0 6.278564 0.3836419 1
006 3 77 16 0.01624 0.364983 0 0 0.7478 0 0.01624 -0.382817 0 6.289551 0.3831613 1
006 3 77 16 0.016356 0.365471 0 0 0.7478 0 0.016356 -0.382329 0 6.301147 0.3826787 1
006 3 77 16 0.016471 0.365964 0 0 0.7478 0 0.016471 -0.381836 0 6.31543 0.3821911 1
006 3 77 16 0.016583 0.36646 0 0 0.7478 0 0.016583 -0.38134 0 6.322754 0.3817004 1
006 3 77 16 0.016694 0.366959 0 0 0.7478 0 0.016694 -0.380841 0 6.334351 0.3812067 1
006 3 77 16 0.016804 0.367461 0 0 0.7478 0 0.016804 -0.380339 0 6.345215 0.38071 1
006 3 77 16 0.016911 0.367967 0 0 0.7478 0 0.016911 -0.379833 0 6.356323 0.3802092 1
006 3 77 16 0.017017 0.368476 0 0 0.7478 0 0.017017 -0.379324 0 6.36731 0.3797055 1
006 3 77 16 0.017121 0.368988 0 0 0.7478 0 0.017121 -0.378812 0 6.378784 0.3791987 1
006 3 77 16 0.017224 0.369503 0 0 0.7478 0 0.017224 -0.378297 0 6.389526 0.3786889 1
006 3 77 16 0.017325 0.370021 0 0 0.7478 0 0.017325 -0.377779 0 6.400513 0.378176 1
006 3 77 16 0.017424 0.370543 0 0 0.7478 0 0.017424 -0.377257 0 6.412109 0.3776591 1
006 3 77 16 0.017521 0.371067 0 0 0.7478 0 0.017521 -0.376733 0 6.423096 0.3771402 1
006 3 77 16 0.017617 0.371594 0 0 0.7478 0 0.017617 -0.376206 0 6.434326 0.3766182 1
006 3 77 16 0.01771 0.372124 0 0 0.7478 0 0.01771 -0.375676 0 6.445068 0.3760932 1
006 3 77 16 0.017802 0.372657 0 0 0.7478 0 0.017802 -0.375143 0 6.456787 0.3755651 1
006 3 77 16 0.017893 0.373192 0 0 0.7478 0 0.017893 -0.374608 0 6.470581 0.3750351 1
006 3 77 16 0.017981 0.37373 0 0 0.7478 0 0.017981 -0.37407 0 6.478271 0.3745019 1
006 3 77 16 0.018068 0.374271 0 0 0.7478 0 0.018068 -0.373529 0 6.489624 0.3739657 1
006 3 77 16 0.018153 0.374814 0 0 0.7478 0 0.018153 -0.372986 0 6.506836 0.3734275 1
006 3 77 16 0.018236 0.37536 0 0 0.7478 0 0.018236 -0.37244 0 6.513062 0.3728862 1
006 3 77 16 0.018317 0.375908 0 0 0.7478 0 0.018317 -0.371892 0 6.523193 0.3723428 1
006 3 77 16 0.018396 0.376459 0 0 0.7478 0 0.018396 -0.371341 0 6.534424 0.3717964 1
006 3 77 16 0.018474 0.377012 0 0 0.7478 0 0.018474 -0.370788 0 6.545044 0.3712479 1
006 3 77 16 0.01855 0.377567 0 0 0.7478 0 0.01855 -0.370233 0 6.556274 0.3706974 1
006 3 77 16 0.018623 0.378125 0 0 0.7478 0 0.018623 -0.369675 0 6.567383 0.3701438 1
006 3 77 16 0.018695 0.378685 0 0 0.7478 0 0.018695 -0.369115 0 6.578491 0.3695881 1
006 3 77 16 0.018766 0.379247 0 0 0.7478 0 0.018766 -0.368553 0 6.590088 0.3690304 1
006 3 77 16 0.018834 0.379811 0 0 0.7478 0 0.018834 -0.367989 0 6.60083 0.3684706 1
006 3 77 16 0.0189 0.380377 0 0 0.7478 0 0.0189 -0.367423 0 6.612183 0.3679088 1
006 3 77 16 0.018965 0.380945 0 0 0.7478 0 0.018965 -0.366855 0 6.626465 0.3673449 1
006 3 77 16 0.019027 0.381515 0 0 0.7478 0 0.019027 -0.366285 0 6.633667 0.3667789 1
006 3 77 16 0.019088 0.382086 0 0 0.7478 0 0.019088 -0.365714 0 6.645264 0.3662118 1
006 3 77 16 0.019147 0.38266 0 0 0.7478 0 0.019147 -0.36514 0 6.65625 0.3656417 1
006 3 77 16 0.019203 0.383235 0 0 0.7478 0 0.019203 -0.364565 0 6.66748 0.3650704 1
006 3 77 16 0.019258 0.383812 0 0 0.7478 0 0.019258 -0.363988 0 6.678711 0.3644971 1
006 3 77 16 0.019311 0.384391 0 0 0.7478 0 0.019311 -0.363409 0 6.689819 0.3639217 1
006 3 77 16 0.019362 0.384971 0 0 0.7478 0 0.019362 -0.362829 0 6.700806 0.3633453 1
006 3 77 16 0.019412 0.385552 0 0 0.7478 0 0.019412 -0.362248 0 6.712036 0.3627677 1
006 3 77 16 0.019459 0.386135 0 0 0.7478 0 0.019459 -0.361665 0 6.723267 0.3621881 1
006 3 77 16 0.019504 0.38672 0 0 0.7478 0 0.019504 -0.36108 0 6.734009 0.3616064 1
006 3 77 16 0.019547 0.387306 0 0 0.7478 0 0.019547 -0.360494 0 6.745117 0.3610235 1
006 3 77 16 0.019589 0.387893 0 0 0.7478 0 0.019589 -0.359907 0 6.756348 0.3604397 1
006 3 77 16 0.019628 0.388481 0 0 0.7478 0 0.019628 -0.359319 0 6.767334 0.3598547 1
006 3 77 16 0.019665 0.38907 0 0 0.7478 0 0.019665 -0.35873 0 6.781372 0.3592686 1
006 3 77 16 0.019701 0.389661 0 0 0.7478 0 0.019701 -0.358139 0 6.789429 0.3586805 1
006 3 77 16 0.019734 0.390252 0 0 0.7478 0 0.019734 -0.357548 0 6.800781 0.3580922 1
006 3 77 16 0.019766 0.390845 0 0 0.7478 0 0.019766 -0.356955 0 6.81189 0.3575018 1
006 3 77 16 0.019795 0.391438 0 0 0.7478 0 0.019795 -0.356362 0 6.823486 0.3569113 1
006 3 77 16 0.019823 0.392032 0 0 0.7478 0 0.019823 -0.355768 0 6.834106 0.3563198 1
006 3 77 16 0.019848 0.392628 0 0 0.7478 0 0.019848 -0.355172 0 6.845459 0.3557261 1
006 3 77 16 0.019872 0.393223 0 0 0.7478 0 0.019872 -0.354577 0 6.856323 0.3551334 1
006 3 77 16 0.019894 0.39382 0 0 0.7478 0 0.019894 -0.35398 0 6.867432 0.3545386 1
006 3 77 16 0.019913 0.394417 0 0 0.7478 0 0.019913 -0.353383 0 6.878784 0.3539436 1
006 3 77 16 0.019931 0.395015 0 0 0.7478 0 0.019931 -0.352785 0 6.889648 0.3533476 1
006 3 77 16 0.019946 0.395613 0 0 0.7478 0 0.019946 -0.352187 0 6.900879 0.3527513 1
006 3 77 16 0.01996 0.396211 0 0 0.7478 0 0.01996 -0.351589 0 6.911865 0.3521551 1
006 3 77 16 0.019972 0.39681 0 0 0.7478 0 0.019972 -0.35099 0 6.923706 0.3515578 1
006 3 77 16 0.019981 0.39741 0 0 0.7478 0 0.019981 -0.35039 0 6.937378 0.3509592 1
006 3 77 16 0.019989 0.398009 0 0 0.7478 0 0.019989 -0.349791 0 6.945068 0.3503617 1
006 3 77 16 0.019995 0.398609 0 0 0.7478 0 0.019995 -0.349191 0 6.956299 0.349763 1
006 3 77 16 0.019998 0.399209 0 0 0.7478 0 0.019998 -0.348591 0 6.967651 0.3491642 1
006 3 77 16 0.02 0.399809 0 0 0.7478 0 0.02 -0.347991 0 6.978638 0.3485653 1
006 3 77 16 0.02 0.4 0 0 0.7478 0 0.02 -0.3478 0 6.98999 0.3483745 1
