006 3 86 18 0 0.4 0.02 0 0.7478 0 0 -0.3478 0.02 0 0.3483745 2
006 3 86 18 0.0006 0.4 0.019999 0 0.7478 0 0.0006 -0.3478 0.019999 0.0111084 0.348375 2
006 3 86 18 0.0012 0.4 0.019996 0 0.7478 0 0.0012 -0.3478 0.019996 0.02258301 0.3483764 2
006 3 86 18 0.0018 0.4 0.019991 0 0.7478 0 0.0018 -0.3478 0.019991 0.03735352 0.3483787 2
006 3 86 18 0.002399 0.4 0.019984 0 0.7478 0 0.002399 -0.3478 0.019984 0.04504395 0.3483819 2
006 3 86 18 0.002999 0.4 0.019975 0 0.7478 0 0.002999 -0.3478 0.019975 0.05578613 0.348386 2
006 3 86 18 0.003598 0.4 0.019964 0 0.7478 0 0.003598 -0.3478 0.019964 0.06652832 0.3483911 2
006 3 86 18 0.004197 0.4 0.019951 0 0.7478 0 0.004197 -0.3478 0.019951 0.07775879 0.348397 2
006 3 86 18 0.004795 0.4 0.019936 0 0.7478 0 0.004795 -0.3478 0.019936 0.08886719 0.3484039 2
006 3 86 18 0.005393 0.4 0.019919 0 0.7478 0 0.005393 -0.3478 0.019919 0.1002197 0.3484116 2
006 3 86 18 0.00599 0.4 0.0199 0 0.7478 0 0.00599 -0.3478 0.0199 0.1108398 0.3484203 2
006 3 86 18 0.006587 0.4 0.019879 0 0.7478 0 0.006587 -0.3478 0.019879 0.1220703 0.3484299 2
006 3 86 18 0.007183 0.4 0.019856 0 0.7478 0 0.007183 -0.3478 0.019856 0.1335449 0.3484404 2
006 3 86 18 0.007778 0.4 0.019831 0 0.7478 0 0.007778 -0.3478 0.019831 0.1446533 0.3484517 2
006 3 86 18 0.008373 0.4 0.019804 0 0.7478 0 0.008373 -0.3478 0.019804 0.1556396 0.348464 2
006 3 86 18 0.008966 0.4 0.019775 0 0.7478 0 0.008966 -0.3478 0.019775 0.166626 0.3484771 2
006 3 86 18 0.009559 0.4 0.019745 0 0.7478 0 0.009559 -0.3478 0.019745 0.1778564 0.3484911 2
006 3 86 18 0.010151 0.4 0.019712 0 0.7478 0 0.010151 -0.3478 0.019712 0.1922607 0.348506 2
006 3 86 18 0.010742 0.4 0.019677 0 0.7478 0 0.010742 -0.3478 0.019677 0.1998291 0.3485217 2
006 3 86 18 0.011332 0.4 0.01964 0 0.7478 0 0.011332 -0.3478 0.01964 0.2109375 0.3485383 2
006 3 86 18 0.01192 0.4 0.019601 0 0.7478 0 0.01192 -0.3478 0.019601 0.22229 0.3485558 2
006 3 86 18 0.012508 0.4 0.019561 0 0.7478 0 0.012508 -0.3478 0.019561 0.2331543 0.3485741 2
006 3 86 18 0.013094 0.4 0.019518 0 0.7478 0 0.013094 -0.3478 0.019518 0.2443848 0.3485932 2
006 3 86 18 0.013679 0.4 0.019473 0 0.7478 0 0.013679 -0.3478 0.019473 0.2553711 0.3486132 2
006 3 86 18 0.014262 0.4 0.019427 0 0.7478 0 0.014262 -0.3478 0.019427 0.2663574 0.348634 2
006 3 86 18 0.014844 0.4 0.019378 0 0.7478 0 0.014844 -0.3478 0.019378 0.277832 0.3486556 2
006 3 86 18 0.015425 0.4 0.019328 0 0.7478 0 0.015425 -0.3478 0.019328 0.2885742 0.348678 2
006 3 86 18 0.016004 0.4 0.019275 0 0.7478 0 0.016004 -0.3478 0.019275 0.2998047 0.3487011 2
006 3 86 18 0.016581 0.4 0.019221 0 0.7478 0 0.016581 -0.3478 0.019221 0.3110352 0.3487251 2
006 3 86 18 0.017157 0.4 0.019165 0 0.7478 0 0.017157 -0.3478 0.019165 0.3222656 0.3487499 2
006 3 86 18 0.017731 0.4 0.019107 0 0.7478 0 0.017731 -0.3478 0.019107 0.3334961 0.3487754 2
006 3 86 18 0.018304 0.4 0.019047 0 0.7478 0 0.018304 -0.3478 0.019047 0.34729 0.3488017 2
006 3 86 18 0.018874 0.4 0.018985 0 0.7478 0 0.018874 -0.3478 0.018985 0.3554688 0.3488287 2
006 3 86 18 0.019443 0.4 0.018921 0 0.7478 0 0.019443 -0.3478 0.018921 0.3662109 0.3488565 2
006 3 86 18 0.020009 0.4 0.018855 0 0.7478 0 0.020009 -0.3478 0.018855 0.3776855 0.3488849 2
006 3 86 18 0.020574 0.4 0.018787 0 0.7478 0 0.020574 -0.3478 0.018787 0.3890381 0.3489141 2
006 3 86 18 0.021136 0.4 0.018718 0 0.7478 0 0.021136 -0.3478 0.018718 0.4000244 0.348944 2
006 3 86 18 0.021697 0.4 0.018647 0 0.7478 0 0.021697 -0.3478 0.018647 0.4110107 0.3489746 2
006 3 86 18 0.022255 0.4 0.018573 0 0.7478 0 0.022255 -0.3478 0.018573 0.4221191 0.3490058 2
006 3 86 18 0.022811 0.4 0.018498 0 0.7478 0 0.022811 -0.3478 0.018498 0.4331055 0.3490377 2
006 3 86 18 0.023365 0.4 0.018421 0 0.7478 0 0.023365 -0.3478 0.018421 0.4443359 0.3490703 2
006 3 86 18 0.023917 0.4 0.018342 0 0.7478 0 0.023917 -0.3478 0.018342 0.4555664 0.3491035 2
006 3 86 18 0.024466 0.4 0.018262 0 0.7478 0 0.024466 -0.3478 0.018262 0.4664307 0.3491374 2
006 3 86 18 0.025012 0.4 0.018179 0 0.7478 0 0.025012 -0.3478 0.018179 0.477417 0.3491718 2
006 3 86 18 0.025556 0.4 0.018095 0 0.7478 0 0.025556 -0.3478 0.018095 0.4893799 0.3492068 2
006 3 86 18 0.026098 0.4 0.018009 0 0.7478 0 0.026098 -0.3478 0.018009 0.5030518 0.3492424 2
006 3 86 18 0.026637 0.4 0.017921 0 0.7478 0 0.026637 -0.3478 0.017921 0.5108643 0.3492786 2
006 3 86 18 0.027173 0.4 0.017831 0 0.7478 0 0.027173 -0.3478 0.017831 0.5223389 0.3493153 2
006 3 86 18 0.027707 0.4 0.01774 0 0.7478 0 0.027707 -0.3478 0.01774 0.5333252 0.3493526 2
006 3 86 18 0.028238 0.4 0.017647 0 0.7478 0 0.028238 -0.3478 0.017647 0.5443115 0.3493904 2
006 3 86 18 0.028766 0.4 0.017552 0 0.7478 0 0.028766 -0.3478 0.017552 0.5556641 0.3494287 2
006 3 86 18 0.029291 0.4 0.017455 0 0.7478 0 0.029291 -0.3478 0.017455 0.5665283 0.3494674 2
006 3 86 18 0.029813 0.4 0.017356 0 0.7478 0 0.029813 -0.3478 0.017356 0.5775146 0.3495066 2
006 3 86 18 0.030332 0.4 0.017256 0 0.7478 0 0.030332 -0.3478 0.017256 0.5891113 0.3495463 2
006 3 86 18 0.030848 0.4 0.017154 0 0.7478 0 0.030848 -0.3478 0.017154 0.6003418 0.3495865 2
006 3 86 18 0.031361 0.4 0.01705 0 0.7478 0 0.031361 -0.3478 0.01705 0.6112061 0.349627 2
006 3 86 18 0.031871 0.4 0.016945 0 0.7478 0 0.031871 -0.3478 0.016945 0.6223145 0.349668 2
006 3 86 18 0.032378 0.4 0.016838 0 0.7478 0 0.032378 -0.3478 0.016838 0.6330566 0.3497094 2
006 3 86 18 0.032881 0.4 0.016729 0 0.7478 0 0.032881 -0.3478 0.016729 0.6447754 0.3497511 2
006 3 86 18 0.033382 0.4 0.016619 0 0.7478 0 0.033382 -0.3478 0.016619 0.6658936 0.3497933 2
006 3 86 18 0.033879 0.4 0.016507 0 0.7478 0 0.033879 -0.3478 0.016507 0.671875 0.3498358 2
006 3 86 18 0.034372 0.4 0.016393 0 0.7478 0 0.034372 -0.3478 0.016393 0.6779785 0.3498785 2
006 3 86 18 0.034862 0.4 0.016278 0 0.7478 0 0.034862 -0.3478 0.016278 0.6889648 0.3499216 2
006 3 86 18 0.035349 0.4 0.016161 0 0.7478 0 0.035349 -0.3478 0.016161 0.7000732 0.3499651 2
006 3 86 18 0.035832 0.4 0.016042 0 0.7478 0 0.035832 -0.3478 0.016042 0.7109375 0.3500087 2
006 3 86 18 0.036311 0.4 0.015922 0 0.7478 0 0.036311 -0.3478 0.015922 0.722168 0.3500526 2
006 3 86 18 0.036787 0.4 0.0158 0 0.7478 0 0.036787 -0.3478 0.0158 0.7336426 0.3500968 2
006 3 86 18 0.037259 0.4 0.015676 0 0.7478 0 0.037259 -0.3478 0.015676 0.7443848 0.3501411 2
006 3 86 18 0.037728 0.4 0.015551 0 0.7478 0 0.037728 -0.3478 0.015551 0.7557373 0.3501858 2
006 3 86 18 0.038192 0.4 0.015425 0 0.7478 0 0.038192 -0.3478 0.015425 0.7666016 0.3502305 2
006 3 86 18 0.038653 0.4 0.015297 0 0.7478 0 0.038653 -0.3478 0.015297 0.777832 0.3502754 2
006 3 86 18 0.03911 0.4 0.015167 0 0.7478 0 0.03911 -0.3478 0.015167 0.7888184 0.3503205 2
006 3 86 18 0.039563 0.4 0.015036 0 0.7478 0 0.039563 -0.3478 0.015036 0.8001709 0.3503657 2
006 3 86 18 0.040012 0.4 0.014903 0 0.7478 0 0.040012 -0.3478 0.014903 0.814209 0.350411 2
006 3 86 18 0.040457 0.4 0.014769 0 0.7478 0 0.040457 -0.3478 0.014769 0.8221436 0.3504564 2
006 3 86 18 0.040898 0.4 0.014634 0 0.7478 0 0.040898 -0.3478 0.014634 0.8328857 0.350502 2
006 3 86 18 0.041335 0.4 0.014497 0 0.7478 0 0.041335 -0.3478 0.014497 0.8444824 0.3505475 2
006 3 86 18 0.041768 0.4 0.014358 0 0.7478 0 0.041768 -0.3478 0.014358 0.8555908 0.3505931 2
006 3 86 18 0.042197 0.4 0.014218 0 0.7478 0 0.042197 -0.3478 0.014218 0.866333 0.3506388 2
006 3 86 18 0.042621 0.4 0.014077 0 0.7478 0 0.042621 -0.3478 0.014077 0.8775635 0.3506844 2
006 3 86 18 0.043041 0.4 0.013934 0 0.7478 0 0.043041 -0.3478 0.013934 0.8891602 0.35073 2
006 3 86 18 0.043457 0.4 0.01379 0 0.7478 0 0.043457 -0.3478 0.01379 0.8997803 0.3507756 2
006 3 86 18 0.043869 0.4 0.013644 0 0.7478 0 0.043869 -0.3478 0.013644 0.9111328 0.3508211 2
006 3 86 18 0.044276 0.4 0.013498 0 0.7478 0 0.044276 -0.3478 0.013498 0.9221191 0.3508666 2
006 3 86 18 0.044679 0.4 0.013349 0 0.7478 0 0.044679 -0.3478 0.013349 0.9332275 0.350912 2
006 3 86 18 0.045077 0.4 0.0132 0 0.7478 0 0.045077 -0.3478 0.0132 0.9448242 0.3509573 2
006 3 86 18 0.045471 0.4 0.013049 0 0.7478 0 0.045471 -0.3478 0.013049 0.9555664 0.3510025 2
006 3 86 18 0.04586 0.4 0.012897 0 0.7478 0 0.04586 -0.3478 0.012897 0.9698486 0.3510474 2
006 3 86 18 0.046244 0.4 0.012743 0 0.7478 0 0.046244 -0.3478 0.012743 0.9775391 0.3510922 2
006 3 86 18 0.046624 0.4 0.012588 0 0.7478 0 0.046624 -0.3478 0.012588 0.9887695 0.3511369 2
006 3 86 18 0.047 0.4 0.012432 0 0.7478 0 0.047 -0.3478 0.012432 0.9998779 0.3511814 2
006 3 86 18 0.04737 0.4 0.012275 0 0.7478 0 0.04737 -0.3478 0.012275 1.010986 0.3512256 2
006 3 86 18 0.047736 0.4 0.012116 0 0.7478 0 0.047736 -0.3478 0.012116 1.022095 0.3512696 2
006 3 86 18 0.048097 0.4 0.011957 0 0.7478 0 0.048097 -0.3478 0.011957 1.033325 0.3513134 2
006 3 86 18 0.048453 0.4 0.011796 0 0.7478 0 0.048453 -0.3478 0.011796 1.044189 0.3513569 2
006 3 86 18 0.048805 0.4 0.011634 0 0.7478 0 0.048805 -0.3478 0.011634 1.055908 0.3514002 2
006 3 86 18 0.049151 0.4 0.01147 0 0.7478 0 0.049151 -0.3478 0.01147 1.066772 0.3514431 2
006 3 86 18 0.049493 0.4 0.011306 0 0.7478 0 0.049493 -0.3478 0.011306 1.077759 0.3514857 2
006 3 86 18 0.04983 0.4 0.01114 0 0.7478 0 0.04983 -0.3478 0.01114 1.088745 0.351528 2
006 3 86 18 0.050162 0.4 0.010974 0 0.7478 0 0.050162 -0.3478 0.010974 1.099976 0.35157 2
006 3 86 18 0.050488 0.4 0.010806 0 0.7478 0 0.050488 -0.3478 0.010806 1.111328 0.3516115 2
006 3 86 18 0.05081 0.4 0.010637 0 0.7478 0 0.05081 -0.3478 0.010637 1.125488 0.3516527 2
006 3 86 18 0.051126 0.4 0.010467 0 0.7478 0 0.051126 -0.3478 0.010467 1.132324 0.3516934 2
006 3 86 18 0.051438 0.4 0.010296 0 0.7478 0 0.051438 -0.3478 0.010296 1.144653 0.3517339 2
006 3 86 18 0.051744 0.4 0.010124 0 0.7478 0 0.051744 -0.3478 0.010124 1.155518 0.3517737 2
006 3 86 18 0.052045 0.4 0.009951 0 0.7478 0 0.052045 -0.3478 0.009951 1.166626 0.3518132 2
006 3 86 18 0.052341 0.4 0.009777 0 0.7478 0 0.052341 -0.3478 0.009777 1.177734 0.3518522 2
006 3 86 18 0.052632 0.4 0.009602 0 0.7478 0 0.052632 -0.3478 0.009602 1.188721 0.3518908 2
006 3 86 18 0.052917 0.4 0.009427 0 0.7478 0 0.052917 -0.3478 0.009427 1.199951 0.3519288 2
006 3 86 18 0.053198 0.4 0.00925 0 0.7478 0 0.053198 -0.3478 0.00925 1.211182 0.3519665 2
006 3 86 18 0.053472 0.4 0.009072 0 0.7478 0 0.053472 -0.3478 0.009072 1.22229 0.3520034 2
006 3 86 18 0.053742 0.4 0.008893 0 0.7478 0 0.053742 -0.3478 0.008893 1.233398 0.3520399 2
006 3 86 18 0.054006 0.4 0.008714 0 0.7478 0 0.054006 -0.3478 0.008714 1.244507 0.3520758 2
006 3 86 18 0.054265 0.4 0.008533 0 0.7478 0 0.054265 -0.3478 0.008533 1.255859 0.3521113 2
006 3 86 18 0.054518 0.4 0.008352 0 0.7478 0 0.054518 -0.3478 0.008352 1.266724 0.352146 2
006 3 86 18 0.054766 0.4 0.00817 0 0.7478 0 0.054766 -0.3478 0.00817 1.281738 0.3521802 2
006 3 86 18 0.055008 0.4 0.007987 0 0.7478 0 0.055008 -0.3478 0.007987 1.28894 0.3522137 2
006 3 86 18 0.055245 0.4 0.007803 0 0.7478 0 0.055245 -0.3478 0.007803 1.299805 0.3522467 2
006 3 86 18 0.055476 0.4 0.007618 0 0.7478 0 0.055476 -0.3478 0.007618 1.310913 0.3522789 2
006 3 86 18 0.055702 0.4 0.007433 0 0.7478 0 0.055702 -0.3478 0.007433 1.322266 0.3523107 2
006 3 86 18 0.055922 0.4 0.007247 0 0.7478 0 0.055922 -0.3478 0.007247 1.33313 0.3523416 2
006 3 86 18 0.056137 0.4 0.00706 0 0.7478 0 0.056137 -0.3478 0.00706 1.344482 0.352372 2
006 3 86 18 0.056346 0.4 0.006873 0 0.7478 0 0.056346 -0.3478 0.006873 1.355591 0.3524017 2
006 3 86 18 0.056549 0.4 0.006685 0 0.7478 0 0.056549 -0.3478 0.006685 1.366577 0.3524306 2
006 3 86 18 0.056747 0.4 0.006496 0 0.7478 0 0.056747 -0.3478 0.006496 1.378052 0.3524589 2
006 3 86 18 0.056939 0.4 0.006306 0 0.7478 0 0.056939 -0.3478 0.006306 1.388916 0.3524864 2
006 3 86 18 0.057125 0.4 0.006116 0 0.7478 0 0.057125 -0.3478 0.006116 1.400269 0.3525131 2
006 3 86 18 0.057306 0.4 0.005926 0 0.7478 0 0.057306 -0.3478 0.005926 1.411011 0.3525392 2
006 3 86 18 0.057481 0.4 0.005734 0 0.7478 0 0.057481 -0.3478 0.005734 1.422363 0.3525646 2
006 3 86 18 0.05765 0.4 0.005542 0 0.7478 0 0.05765 -0.3478 0.005542 1.437256 0.3525891 2
006 3 86 18 0.057813 0.4 0.00535 0 0.7478 0 0.057813 -0.3478 0.00535 1.443848 0.3526128 2
006 3 86 18 0.057971 0.4 0.005157 0 0.7478 0 0.057971 -0.3478 0.005157 1.455688 0.3526359 2
006 3 86 18 0.058123 0.4 0.004964 0 0.7478 0 0.058123 -0.3478 0.004964 1.466431 0.3526581 2
006 3 86 18 0.058269 0.4 0.00477 0 0.7478 0 0.058269 -0.3478 0.00477 1.477783 0.3526796 2
006 3 86 18 0.058409 0.4 0.004575 0 0.7478 0 0.058409 -0.3478 0.004575 1.488892 0.3527001 2
006 3 86 18 0.058543 0.4 0.00438 0 0.7478 0 0.058543 -0.3478 0.00438 1.500366 0.3527199 2
006 3 86 18 0.058672 0.4 0.004185 0 0.7478 0 0.058672 -0.3478 0.004185 1.510986 0.3527389 2
006 3 86 18 0.058794 0.4 0.003989 0 0.7478 0 0.058794 -0.3478 0.003989 1.522217 0.3527569 2
006 3 86 18 0.058911 0.4 0.003793 0 0.7478 0 0.058911 -0.3478 0.003793 1.533325 0.3527743 2
006 3 86 18 0.059022 0.4 0.003596 0 0.7478 0 0.059022 -0.3478 0.003596 1.544434 0.3527908 2
006 3 86 18 0.059127 0.4 0.003399 0 0.7478 0 0.059127 -0.3478 0.003399 1.555664 0.3528064 2
006 3 86 18 0.059226 0.4 0.003202 0 0.7478 0 0.059226 -0.3478 0.003202 1.566895 0.3528212 2
006 3 86 18 0.059319 0.4 0.003005 0 0.7478 0 0.059319 -0.3478 0.003005 1.577759 0.3528351 2
006 3 86 18 0.059406 0.4 0.002807 0 0.7478 0 0.059406 -0.3478 0.002807 1.592529 0.3528481 2
006 3 86 18 0.059488 0.4 0.002608 0 0.7478 0 0.059488 -0.3478 0.002608 1.599731 0.3528604 2
006 3 86 18 0.059563 0.4 0.00241 0 0.7478 0 0.059563 -0.3478 0.00241 1.610962 0.3528716 2
006 3 86 18 0.059632 0.4 0.002211 0 0.7478 0 0.059632 -0.3478 0.002211 1.622192 0.352882 2
006 3 86 18 0.059695 0.4 0.002013 0 0.7478 0 0.059695 -0.3478 0.002013 1.633179 0.3528914 2
006 3 86 18 0.059753 0.4 0.001813 0 0.7478 0 0.059753 -0.3478 0.001813 1.644653 0.3529002 2
006 3 86 18 0.059804 0.4 0.001614 0 0.7478 0 0.059804 -0.3478 0.001614 1.655396 0.3529079 2
006 3 86 18 0.05985 0.4 0.001415 0 0.7478 0 0.05985 -0.3478 0.001415 1.666748 0.3529148 2
006 3 86 18 0.059889 0.4 0.001215 0 0.7478 0 0.059889 -0.3478 0.001215 1.677856 0.3529207 2
006 3 86 18 0.059923 0.4 0.001015 0 0.7478 0 0.059923 -0.3478 0.001015 1.688965 0.3529258 2
006 3 86 18 0.05995 0.4 0.000816 0 0.7478 0 0.05995 -0.3478 0.000816 1.700195 0.3529299 2
006 3 86 18 0.059972 0.4 0.000616 0 0.7478 0 0.059972 -0.3478 0.000616 1.71106 0.3529332 2
006 3 86 18 0.059987 0.4 0.000416 0 0.7478 0 0.059987 -0.3478 0.000416 1.722412 0.3529355 2
006 3 86 18 0.059997 0.4 0.000216 0 0.7478 0 0.059997 -0.3478 0.000216 1.733765 0.352937 2
006 3 86 18 0.06 0.4 1.6E-05 0 0.7478 0 0.06 -0.3478 1.6E-05 1.747925 0.3529374 2
006 3 86 18 0.059997 0.4 -0.000184 0 0.7478 0 0.059997 -0.3478 -0.000184 1.755615 0.352937 2
006 3 86 18 0.059989 0.4 -0.000384 0 0.7478 0 0.059989 -0.3478 -0.000384 1.766846 0.3529358 2
006 3 86 18 0.059974 0.4 -0.000584 0 0.7478 0 0.059974 -0.3478 -0.000584 1.77832 0.3529335 2
006 3 86 18 0.059954 0.4 -0.000784 0 0.7478 0 0.059954 -0.3478 -0.000784 1.789307 0.3529305 2
006 3 86 18 0.059927 0.4 -0.000984 0 0.7478 0 0.059927 -0.3478 -0.000984 1.799927 0.3529264 2
006 3 86 18 0.059895 0.4 -0.001183 0 0.7478 0 0.059895 -0.3478 -0.001183 1.811279 0.3529216 2
006 3 86 18 0.059856 0.4 -0.001383 0 0.7478 0 0.059856 -0.3478 -0.001383 1.82251 0.3529157 2
006 3 86 18 0.059812 0.4 -0.001582 0 0.7478 0 0.059812 -0.3478 -0.001582 1.833862 0.3529091 2
006 3 86 18 0.059761 0.4 -0.001782 0 0.7478 0 0.059761 -0.3478 -0.001782 1.844482 0.3529014 2
006 3 86 18 0.059705 0.4 -0.001981 0 0.7478 0 0.059705 -0.3478 -0.001981 1.855591 0.352893 2
006 3 86 18 0.059643 0.4 -0.00218 0 0.7478 0 0.059643 -0.3478 -0.00218 1.866577 0.3528837 2
006 3 86 18 0.059574 0.4 -0.002378 0 0.7478 0 0.059574 -0.3478 -0.002378 1.878052 0.3528733 2
006 3 86 18 0.0595 0.4 -0.002577 0 0.7478 0 0.0595 -0.3478 -0.002577 1.889404 0.3528622 2
006 3 86 18 0.05942 0.4 -0.002775 0 0.7478 0 0.05942 -0.3478 -0.002775 1.90332 0.3528502 2
006 3 86 18 0.059333 0.4 -0.002973 0 0.7478 0 0.059333 -0.3478 -0.002973 1.911011 0.3528372 2
006 3 86 18 0.059241 0.4 -0.003171 0 0.7478 0 0.059241 -0.3478 -0.003171 1.922607 0.3528234 2
006 3 86 18 0.059143 0.4 -0.003368 0 0.7478 0 0.059143 -0.3478 -0.003368 1.933838 0.3528088 2
006 3 86 18 0.059039 0.4 -0.003565 0 0.7478 0 0.059039 -0.3478 -0.003565 1.944458 0.3527933 2
006 3 86 18 0.058929 0.4 -0.003762 0 0.7478 0 0.058929 -0.3478 -0.003762 1.955566 0.352777 2
006 3 86 18 0.058813 0.4 -0.003958 0 0.7478 0 0.058813 -0.3478 -0.003958 1.966553 0.3527598 2
006 3 86 18 0.058692 0.4 -0.004154 0 0.7478 0 0.058692 -0.3478 -0.004154 1.977905 0.3527419 2
006 3 86 18 0.058564 0.4 -0.004349 0 0.7478 0 0.058564 -0.3478 -0.004349 1.989014 0.3527229 2
006 3 86 18 0.058431 0.4 -0.004544 0 0.7478 0 0.058431 -0.3478 -0.004544 1.999878 0.3527034 2
006 3 86 18 0.058292 0.4 -0.004739 0 0.7478 0 0.058292 -0.3478 -0.004739 2.01123 0.3526829 2
006 3 86 18 0.058147 0.4 -0.004933 0 0.7478 0 0.058147 -0.3478 -0.004933 2.022339 0.3526616 2
006 3 86 18 0.057996 0.4 -0.005126 0 0.7478 0 0.057996 -0.3478 -0.005126 2.033325 0.3526395 2
006 3 86 18 0.057839 0.4 -0.005319 0 0.7478 0 0.057839 -0.3478 -0.005319 2.044434 0.3526166 2
006 3 86 18 0.057677 0.4 -0.005512 0 0.7478 0 0.057677 -0.3478 -0.005512 2.05896 0.352593 2
006 3 86 18 0.057508 0.4 -0.005704 0 0.7478 0 0.057508 -0.3478 -0.005704 2.06665 0.3525685 2
006 3 86 18 0.057334 0.4 -0.005895 0 0.7478 0 0.057334 -0.3478 -0.005895 2.077637 0.3525433 2
006 3 86 18 0.057155 0.4 -0.006086 0 0.7478 0 0.057155 -0.3478 -0.006086 2.089355 0.3525175 2
006 3 86 18 0.056969 0.4 -0.006276 0 0.7478 0 0.056969 -0.3478 -0.006276 2.100098 0.3524907 2
006 3 86 18 0.056778 0.4 -0.006466 0 0.7478 0 0.056778 -0.3478 -0.006466 2.111938 0.3524633 2
006 3 86 18 0.056581 0.4 -0.006655 0 0.7478 0 0.056581 -0.3478 -0.006655 2.122314 0.3524351 2
006 3 86 18 0.056379 0.4 -0.006843 0 0.7478 0 0.056379 -0.3478 -0.006843 2.133545 0.3524064 2
006 3 86 18 0.056171 0.4 -0.007031 0 0.7478 0 0.056171 -0.3478 -0.007031 2.144531 0.3523768 2
006 3 86 18 0.055957 0.4 -0.007217 0 0.7478 0 0.055957 -0.3478 -0.007217 2.15564 0.3523466 2
006 3 86 18 0.055738 0.4 -0.007404 0 0.7478 0 0.055738 -0.3478 -0.007404 2.16687 0.3523157 2
006 3 86 18 0.055513 0.4 -0.007589 0 0.7478 0 0.055513 -0.3478 -0.007589 2.177734 0.3522841 2
006 3 86 18 0.055282 0.4 -0.007774 0 0.7478 0 0.055282 -0.3478 -0.007774 2.188965 0.3522519 2
006 3 86 18 0.055046 0.4 -0.007958 0 0.7478 0 0.055046 -0.3478 -0.007958 2.200195 0.352219 2
006 3 86 18 0.054805 0.4 -0.008141 0 0.7478 0 0.054805 -0.3478 -0.008141 2.2146 0.3521856 2
006 3 86 18 0.054558 0.4 -0.008323 0 0.7478 0 0.054558 -0.3478 -0.008323 2.222534 0.3521515 2
006 3 86 18 0.054305 0.4 -0.008504 0 0.7478 0 0.054305 -0.3478 -0.008504 2.233398 0.3521167 2
006 3 86 18 0.054048 0.4 -0.008685 0 0.7478 0 0.054048 -0.3478 -0.008685 2.244263 0.3520816 2
006 3 86 18 0.053784 0.4 -0.008865 0 0.7478 0 0.053784 -0.3478 -0.008865 2.255737 0.3520457 2
006 3 86 18 0.053516 0.4 -0.009044 0 0.7478 0 0.053516 -0.3478 -0.009044 2.266846 0.3520094 2
006 3 86 18 0.053242 0.4 -0.009221 0 0.7478 0 0.053242 -0.3478 -0.009221 2.277832 0.3519724 2
006 3 86 18 0.052962 0.4 -0.009398 0 0.7478 0 0.052962 -0.3478 -0.009398 2.289185 0.3519348 2
006 3 86 18 0.052678 0.4 -0.009575 0 0.7478 0 0.052678 -0.3478 -0.009575 2.300049 0.351897 2
006 3 86 18 0.052388 0.4 -0.00975 0 0.7478 0 0.052388 -0.3478 -0.00975 2.311279 0.3518585 2
006 3 86 18 0.052093 0.4 -0.009924 0 0.7478 0 0.052093 -0.3478 -0.009924 2.32251 0.3518195 2
006 3 86 18 0.051793 0.4 -0.010097 0 0.7478 0 0.051793 -0.3478 -0.010097 2.333374 0.3517802 2
006 3 86 18 0.051487 0.4 -0.010269 0 0.7478 0 0.051487 -0.3478 -0.010269 2.344727 0.3517402 2
006 3 86 18 0.051176 0.4 -0.01044 0 0.7478 0 0.051176 -0.3478 -0.01044 2.355835 0.3516999 2
006 3 86 18 0.050861 0.4 -0.01061 0 0.7478 0 0.050861 -0.3478 -0.01061 2.370483 0.3516593 2
006 3 86 18 0.05054 0.4 -0.010779 0 0.7478 0 0.05054 -0.3478 -0.010779 2.377441 0.3516181 2
006 3 86 18 0.050214 0.4 -0.010947 0 0.7478 0 0.050214 -0.3478 -0.010947 2.38916 0.3515766 2
006 3 86 18 0.049883 0.4 -0.011114 0 0.7478 0 0.049883 -0.3478 -0.011114 2.399902 0.3515347 2
006 3 86 18 0.049547 0.4 -0.01128 0 0.7478 0 0.049547 -0.3478 -0.01128 2.411011 0.3514925 2
006 3 86 18 0.049206 0.4 -0.011444 0 0.7478 0 0.049206 -0.3478 -0.011444 2.422241 0.3514499 2
006 3 86 18 0.04886 0.4 -0.011608 0 0.7478 0 0.04886 -0.3478 -0.011608 2.433594 0.351407 2
006 3 86 18 0.04851 0.4 -0.01177 0 0.7478 0 0.04851 -0.3478 -0.01177 2.444336 0.3513639 2
006 3 86 18 0.048154 0.4 -0.011931 0 0.7478 0 0.048154 -0.3478 -0.011931 2.455933 0.3513204 2
006 3 86 18 0.047794 0.4 -0.012091 0 0.7478 0 0.047794 -0.3478 -0.012091 2.466553 0.3512767 2
006 3 86 18 0.047429 0.4 -0.01225 0 0.7478 0 0.047429 -0.3478 -0.01225 2.478149 0.3512327 2
006 3 86 18 0.047059 0.4 -0.012407 0 0.7478 0 0.047059 -0.3478 -0.012407 2.488892 0.3511884 2
006 3 86 18 0.046684 0.4 -0.012563 0 0.7478 0 0.046684 -0.3478 -0.012563 2.500122 0.3511439 2
006 3 86 18 0.046305 0.4 -0.012718 0 0.7478 0 0.046305 -0.3478 -0.012718 2.51123 0.3510993 2
006 3 86 18 0.045921 0.4 -0.012872 0 0.7478 0 0.045921 -0.3478 -0.012872 2.525757 0.3510545 2
006 3 86 18 0.045533 0.4 -0.013025 0 0.7478 0 0.045533 -0.3478 -0.013025 2.532959 0.3510096 2
006 3 86 18 0.04514 0.4 -0.013176 0 0.7478 0 0.04514 -0.3478 -0.013176 2.544678 0.3509645 2
006 3 86 18 0.044742 0.4 -0.013326 0 0.7478 0 0.044742 -0.3478 -0.013326 2.555664 0.3509192 2
006 3 86 18 0.04434 0.4 -0.013474 0 0.7478 0 0.04434 -0.3478 -0.013474 2.56665 0.3508738 2
006 3 86 18 0.043934 0.4 -0.013621 0 0.7478 0 0.043934 -0.3478 -0.013621 2.577759 0.3508284 2
006 3 86 18 0.043523 0.4 -0.013767 0 0.7478 0 0.043523 -0.3478 -0.013767 2.588867 0.3507828 2
006 3 86 18 0.043108 0.4 -0.013911 0 0.7478 0 0.043108 -0.3478 -0.013911 2.599976 0.3507373 2
006 3 86 18 0.042688 0.4 -0.014054 0 0.7478 0 0.042688 -0.3478 -0.014054 2.611084 0.3506916 2
006 3 86 18 0.042265 0.4 -0.014196 0 0.7478 0 0.042265 -0.3478 -0.014196 2.622681 0.3506461 2
006 3 86 18 0.041837 0.4 -0.014336 0 0.7478 0 0.041837 -0.3478 -0.014336 2.633057 0.3506005 2
006 3 86 18 0.041404 0.4 -0.014475 0 0.7478 0 0.041404 -0.3478 -0.014475 2.644653 0.3505548 2
006 3 86 18 0.040968 0.4 -0.014612 0 0.7478 0 0.040968 -0.3478 -0.014612 2.655762 0.3505092 2
006 3 86 18 0.040528 0.4 -0.014748 0 0.7478 0 0.040528 -0.3478 -0.014748 2.666748 0.3504638 2
006 3 86 18 0.040083 0.4 -0.014882 0 0.7478 0 0.040083 -0.3478 -0.014882 2.681152 0.3504182 2
006 3 86 18 0.039635 0.4 -0.015015 0 0.7478 0 0.039635 -0.3478 -0.015015 2.689087 0.350373 2
006 3 86 18 0.039182 0.4 -0.015146 0 0.7478 0 0.039182 -0.3478 -0.015146 2.699829 0.3503276 2
006 3 86 18 0.038726 0.4 -0.015276 0 0.7478 0 0.038726 -0.3478 -0.015276 2.711182 0.3502826 2
006 3 86 18 0.038266 0.4 -0.015405 0 0.7478 0 0.038266 -0.3478 -0.015405 2.722534 0.3502377 2
006 3 86 18 0.037802 0.4 -0.015531 0 0.7478 0 0.037802 -0.3478 -0.015531 2.733521 0.3501928 2
006 3 86 18 0.037334 0.4 -0.015657 0 0.7478 0 0.037334 -0.3478 -0.015657 2.744873 0.3501483 2
006 3 86 18 0.036862 0.4 -0.01578 0 0.7478 0 0.036862 -0.3478 -0.01578 2.755981 0.3501038 2
006 3 86 18 0.036387 0.4 -0.015902 0 0.7478 0 0.036387 -0.3478 -0.015902 2.766724 0.3500596 2
006 3 86 18 0.035908 0.4 -0.016023 0 0.7478 0 0.035908 -0.3478 -0.016023 2.778564 0.3500156 2
006 3 86 18 0.035426 0.4 -0.016142 0 0.7478 0 0.035426 -0.3478 -0.016142 2.789185 0.349972 2
006 3 86 18 0.03494 0.4 -0.016259 0 0.7478 0 0.03494 -0.3478 -0.016259 2.800171 0.3499286 2
006 3 86 18 0.03445 0.4 -0.016375 0 0.7478 0 0.03445 -0.3478 -0.016375 2.811035 0.3498854 2
006 3 86 18 0.033957 0.4 -0.016489 0 0.7478 0 0.033957 -0.3478 -0.016489 2.82251 0.3498425 2
006 3 86 18 0.033461 0.4 -0.016601 0 0.7478 0 0.033461 -0.3478 -0.016601 2.837524 0.3498001 2
006 3 86 18 0.032961 0.4 -0.016712 0 0.7478 0 0.032961 -0.3478 -0.016712 2.84436 0.3497579 2
006 3 86 18 0.032458 0.4 -0.016821 0 0.7478 0 0.032458 -0.3478 -0.016821 2.855713 0.349716 2
006 3 86 18 0.031952 0.4 -0.016928 0 0.7478 0 0.031952 -0.3478 -0.016928 2.866821 0.3496746 2
006 3 86 18 0.031443 0.4 -0.017034 0 0.7478 0 0.031443 -0.3478 -0.017034 2.877686 0.3496336 2
006 3 86 18 0.03093 0.4 -0.017138 0 0.7478 0 0.03093 -0.3478 -0.017138 2.889282 0.3495929 2
006 3 86 18 0.030414 0.4 -0.01724 0 0.7478 0 0.030414 -0.3478 -0.01724 2.900146 0.3495527 2
006 3 86 18 0.029896 0.4 -0.017341 0 0.7478 0 0.029896 -0.3478 -0.017341 2.911499 0.349513 2
006 3 86 18 0.029374 0.4 -0.017439 0 0.7478 0 0.029374 -0.3478 -0.017439 2.922607 0.3494736 2
006 3 86 18 0.028849 0.4 -0.017536 0 0.7478 0 0.028849 -0.3478 -0.017536 2.933228 0.3494347 2
006 3 86 18 0.028322 0.4 -0.017632 0 0.7478 0 0.028322 -0.3478 -0.017632 2.944336 0.3493964 2
006 3 86 18 0.027791 0.4 -0.017725 0 0.7478 0 0.027791 -0.3478 -0.017725 2.955688 0.3493585 2
006 3 86 18 0.027258 0.4 -0.017817 0 0.7478 0 0.027258 -0.3478 -0.017817 2.966675 0.3493212 2
006 3 86 18 0.026722 0.4 -0.017907 0 0.7478 0 0.026722 -0.3478 -0.017907 2.978394 0.3492844 2
006 3 86 18 0.026184 0.4 -0.017995 0 0.7478 0 0.026184 -0.3478 -0.017995 2.992798 0.3492481 2
006 3 86 18 0.025643 0.4 -0.018081 0 0.7478 0 0.025643 -0.3478 -0.018081 2.999878 0.3492124 2
006 3 86 18 0.025099 0.4 -0.018166 0 0.7478 0 0.025099 -0.3478 -0.018166 3.01123 0.3491773 2
006 3 86 18 0.024553 0.4 -0.018249 0 0.7478 0 0.024553 -0.3478 -0.018249 3.022583 0.3491428 2
006 3 86 18 0.024004 0.4 -0.01833 0 0.7478 0 0.024004 -0.3478 -0.01833 3.033203 0.3491089 2
006 3 86 18 0.023453 0.4 -0.018409 0 0.7478 0 0.023453 -0.3478 -0.018409 3.044922 0.3490756 2
006 3 86 18 0.0229 0.4 -0.018486 0 0.7478 0 0.0229 -0.3478 -0.018486 3.055786 0.3490429 2
006 3 86 18 0.022344 0.4 -0.018561 0 0.7478 0 0.022344 -0.3478 -0.018561 3.066528 0.3490109 2
006 3 86 18 0.021786 0.4 -0.018635 0 0.7478 0 0.021786 -0.3478 -0.018635 3.078003 0.3489795 2
006 3 86 18 0.021226 0.4 -0.018707 0 0.7478 0 0.021226 -0.3478 -0.018707 3.089111 0.3489489 2
006 3 86 18 0.020664 0.4 -0.018777 0 0.7478 0 0.020664 -0.3478 -0.018777 3.100098 0.3489189 2
006 3 86 18 0.020099 0.4 -0.018844 0 0.7478 0 0.020099 -0.3478 -0.018844 3.11145 0.3488895 2
006 3 86 18 0.019533 0.4 -0.018911 0 0.7478 0 0.019533 -0.3478 -0.018911 3.122559 0.348861 2
006 3 86 18 0.018965 0.4 -0.018975 0 0.7478 0 0.018965 -0.3478 -0.018975 3.133545 0.3488331 2
006 3 86 18 0.018394 0.4 -0.019037 0 0.7478 0 0.018394 -0.3478 -0.019037 3.148438 0.3488059 2
006 3 86 18 0.017822 0.4 -0.019097 0 0.7478 0 0.017822 -0.3478 -0.019097 3.155396 0.3487795 2
006 3 86 18 0.017249 0.4 -0.019156 0 0.7478 0 0.017249 -0.3478 -0.019156 3.166382 0.3487539 2
006 3 86 18 0.016673 0.4 -0.019212 0 0.7478 0 0.016673 -0.3478 -0.019212 3.177856 0.348729 2
006 3 86 18 0.016096 0.4 -0.019267 0 0.7478 0 0.016096 -0.3478 -0.019267 3.189697 0.3487049 2
006 3 86 18 0.015517 0.4 -0.01932 0 0.7478 0 0.015517 -0.3478 -0.01932 3.200317 0.3486816 2
006 3 86 18 0.014937 0.4 -0.01937 0 0.7478 0 0.014937 -0.3478 -0.01937 3.211426 0.3486591 2
006 3 86 18 0.014355 0.4 -0.019419 0 0.7478 0 0.014355 -0.3478 -0.019419 3.222656 0.3486373 2
006 3 86 18 0.013772 0.4 -0.019466 0 0.7478 0 0.013772 -0.3478 -0.019466 3.233521 0.3486165 2
006 3 86 18 0.013187 0.4 -0.019511 0 0.7478 0 0.013187 -0.3478 -0.019511 3.244751 0.3485963 2
006 3 86 18 0.012601 0.4 -0.019554 0 0.7478 0 0.012601 -0.3478 -0.019554 3.255859 0.3485771 2
006 3 86 18 0.012014 0.4 -0.019595 0 0.7478 0 0.012014 -0.3478 -0.019595 3.266968 0.3485586 2
006 3 86 18 0.011425 0.4 -0.019634 0 0.7478 0 0.011425 -0.3478 -0.019634 3.278442 0.348541 2
006 3 86 18 0.010836 0.4 -0.019671 0 0.7478 0 0.010836 -0.3478 -0.019671 3.289795 0.3485243 2
006 3 86 18 0.010245 0.4 -0.019706 0 0.7478 0 0.010245 -0.3478 -0.019706 3.303467 0.3485084 2
006 3 86 18 0.009653 0.4 -0.019739 0 0.7478 0 0.009653 -0.3478 -0.019739 3.311401 0.3484934 2
006 3 86 18 0.009061 0.4 -0.019771 0 0.7478 0 0.009061 -0.3478 -0.019771 3.322754 0.3484793 2
006 3 86 18 0.008467 0.4 -0.0198 0 0.7478 0 0.008467 -0.3478 -0.0198 3.33374 0.348466 2
006 3 86 18 0.007873 0.4 -0.019827 0 0.7478 0 0.007873 -0.3478 -0.019827 3.34436 0.3484536 2
006 3 86 18 0.007278 0.4 -0.019852 0 0.7478 0 0.007278 -0.3478 -0.019852 3.355957 0.3484421 2
006 3 86 18 0.006682 0.4 -0.019876 0 0.7478 0 0.006682 -0.3478 -0.019876 3.366699 0.3484315 2
006 3 86 18 0.006085 0.4 -0.019897 0 0.7478 0 0.006085 -0.3478 -0.019897 3.377808 0.3484218 2
006 3 86 18 0.005488 0.4 -0.019916 0 0.7478 0 0.005488 -0.3478 -0.019916 3.389404 0.348413 2
006 3 86 18 0.00489 0.4 -0.019933 0 0.7478 0 0.00489 -0.3478 -0.019933 3.400635 0.348405 2
006 3 86 18 0.004292 0.4 -0.019949 0 0.7478 0 0.004292 -0.3478 -0.019949 3.411011 0.3483981 2
006 3 86 18 0.003693 0.4 -0.019962 0 0.7478 0 0.003693 -0.3478 -0.019962 3.422974 0.348392 2
006 3 86 18 0.003094 0.4 -0.019973 0 0.7478 0 0.003094 -0.3478 -0.019973 3.433716 0.3483867 2
006 3 86 18 0.002495 0.4 -0.019983 0 0.7478 0 0.002495 -0.3478 -0.019983 3.444458 0.3483825 2
006 3 86 18 0.001895 0.4 -0.01999 0 0.7478 0 0.001895 -0.3478 -0.01999 3.459229 0.3483791 2
006 3 86 18 0.001295 0.4 -0.019995 0 0.7478 0 0.001295 -0.3478 -0.019995 3.466553 0.3483767 2
006 3 86 18 0.000696 0.4 -0.019999 0 0.7478 0 0.000696 -0.3478 -0.019999 3.477905 0.3483752 2
006 3 86 18 9.6E-05 0.4 -0.02 0 0.7478 0 9.6E-05 -0.3478 -0.02 3.489136 0.3483746 2
006 3 86 18 -0.000504 0.4 -0.019999 0 0.7478 0 -0.000504 -0.3478 -0.019999 3.500244 0.3483749 2
006 3 86 18 -0.001104 0.4 -0.019997 0 0.7478 0 -0.001104 -0.3478 -0.019997 3.51123 0.3483761 2
006 3 86 18 -0.001704 0.4 -0.019992 0 0.7478 0 -0.001704 -0.3478 -0.019992 3.522583 0.3483783 2
006 3 86 18 -0.002304 0.4 -0.019985 0 0.7478 0 -0.002304 -0.3478 -0.019985 3.533569 0.3483813 2
006 3 86 18 -0.002903 0.4 -0.019977 0 0.7478 0 -0.002903 -0.3478 -0.019977 3.544678 0.3483853 2
006 3 86 18 -0.003502 0.4 -0.019966 0 0.7478 0 -0.003502 -0.3478 -0.019966 3.555786 0.3483902 2
006 3 86 18 -0.004101 0.4 -0.019953 0 0.7478 0 -0.004101 -0.3478 -0.019953 3.567261 0.348396 2
006 3 86 18 -0.0047 0.4 -0.019939 0 0.7478 0 -0.0047 -0.3478 -0.019939 3.577759 0.3484028 2
006 3 86 18 -0.005298 0.4 -0.019922 0 0.7478 0 -0.005298 -0.3478 -0.019922 3.589355 0.3484104 2
006 3 86 18 -0.005895 0.4 -0.019903 0 0.7478 0 -0.005895 -0.3478 -0.019903 3.603027 0.3484189 2
006 3 86 18 -0.006492 0.4 -0.019883 0 0.7478 0 -0.006492 -0.3478 -0.019883 3.614624 0.3484283 2
006 3 86 18 -0.007088 0.4 -0.01986 0 0.7478 0 -0.007088 -0.3478 -0.01986 3.622192 0.3484387 2
006 3 86 18 -0.007683 0.4 -0.019835 0 0.7478 0 -0.007683 -0.3478 -0.019835 3.633545 0.3484498 2
006 3 86 18 -0.008278 0.4 -0.019809 0 0.7478 0 -0.008278 -0.3478 -0.019809 3.644531 0.348462 2
006 3 86 18 -0.008872 0.4 -0.01978 0 0.7478 0 -0.008872 -0.3478 -0.01978 3.65564 0.3484749 2
006 3 86 18 -0.009465 0.4 -0.01975 0 0.7478 0 -0.009465 -0.3478 -0.01975 3.666626 0.3484888 2
006 3 86 18 -0.010057 0.4 -0.019717 0 0.7478 0 -0.010057 -0.3478 -0.019717 3.678223 0.3485036 2
006 3 86 18 -0.010648 0.4 -0.019683 0 0.7478 0 -0.010648 -0.3478 -0.019683 3.689697 0.3485192 2
006 3 86 18 -0.011238 0.4 -0.019646 0 0.7478 0 -0.011238 -0.3478 -0.019646 3.700317 0.3485356 2
006 3 86 18 -0.011826 0.4 -0.019608 0 0.7478 0 -0.011826 -0.3478 -0.019608 3.711304 0.3485529 2
006 3 86 18 -0.012414 0.4 -0.019567 0 0.7478 0 -0.012414 -0.3478 -0.019567 3.7229 0.3485711 2
006 3 86 18 -0.013001 0.4 -0.019525 0 0.7478 0 -0.013001 -0.3478 -0.019525 3.733765 0.3485901 2
006 3 86 18 -0.013586 0.4 -0.019481 0 0.7478 0 -0.013586 -0.3478 -0.019481 3.744507 0.34861 2
006 3 86 18 -0.014169 0.4 -0.019434 0 0.7478 0 -0.014169 -0.3478 -0.019434 3.756226 0.3486306 2
006 3 86 18 -0.014752 0.4 -0.019386 0 0.7478 0 -0.014752 -0.3478 -0.019386 3.770142 0.3486521 2
006 3 86 18 -0.015332 0.4 -0.019336 0 0.7478 0 -0.015332 -0.3478 -0.019336 3.77771 0.3486743 2
006 3 86 18 -0.015912 0.4 -0.019284 0 0.7478 0 -0.015912 -0.3478 -0.019284 3.789185 0.3486974 2
006 3 86 18 -0.016489 0.4 -0.01923 0 0.7478 0 -0.016489 -0.3478 -0.01923 3.800049 0.3487213 2
006 3 86 18 -0.017066 0.4 -0.019174 0 0.7478 0 -0.017066 -0.3478 -0.019174 3.811279 0.3487459 2
006 3 86 18 -0.01764 0.4 -0.019116 0 0.7478 0 -0.01764 -0.3478 -0.019116 3.82251 0.3487713 2
006 3 86 18 -0.018212 0.4 -0.019056 0 0.7478 0 -0.018212 -0.3478 -0.019056 3.833374 0.3487974 2
006 3 86 18 -0.018783 0.4 -0.018995 0 0.7478 0 -0.018783 -0.3478 -0.018995 3.844849 0.3488244 2
006 3 86 18 -0.019352 0.4 -0.018931 0 0.7478 0 -0.019352 -0.3478 -0.018931 3.855957 0.348852 2
006 3 86 18 -0.019919 0.4 -0.018866 0 0.7478 0 -0.019919 -0.3478 -0.018866 3.867065 0.3488804 2
006 3 86 18 -0.020484 0.4 -0.018798 0 0.7478 0 -0.020484 -0.3478 -0.018798 3.878174 0.3489094 2
006 3 86 18 -0.021047 0.4 -0.018729 0 0.7478 0 -0.021047 -0.3478 -0.018729 3.889648 0.3489392 2
006 3 86 18 -0.021608 0.4 -0.018658 0 0.7478 0 -0.021608 -0.3478 -0.018658 3.900146 0.3489697 2
006 3 86 18 -0.022166 0.4 -0.018585 0 0.7478 0 -0.022166 -0.3478 -0.018585 3.911499 0.3490008 2
006 3 86 18 -0.022723 0.4 -0.01851 0 0.7478 0 -0.022723 -0.3478 -0.01851 3.925781 0.3490326 2
006 3 86 18 -0.023277 0.4 -0.018434 0 0.7478 0 -0.023277 -0.3478 -0.018434 3.93335 0.3490651 2
006 3 86 18 -0.023829 0.4 -0.018355 0 0.7478 0 -0.023829 -0.3478 -0.018355 3.94458 0.3490982 2
006 3 86 18 -0.024378 0.4 -0.018275 0 0.7478 0 -0.024378 -0.3478 -0.018275 3.955933 0.3491319 2
006 3 86 18 -0.024925 0.4 -0.018193 0 0.7478 0 -0.024925 -0.3478 -0.018193 3.966797 0.3491662 2
006 3 86 18 -0.02547 0.4 -0.018109 0 0.7478 0 -0.02547 -0.3478 -0.018109 3.978271 0.3492012 2
006 3 86 18 -0.026012 0.4 -0.018023 0 0.7478 0 -0.026012 -0.3478 -0.018023 3.989258 0.3492367 2
006 3 86 18 -0.026551 0.4 -0.017935 0 0.7478 0 -0.026551 -0.3478 -0.017935 4.000244 0.3492727 2
006 3 86 18 -0.027088 0.4 -0.017846 0 0.7478 0 -0.027088 -0.3478 -0.017846 4.011475 0.3493094 2
006 3 86 18 -0.027622 0.4 -0.017755 0 0.7478 0 -0.027622 -0.3478 -0.017755 4.022217 0.3493466 2
006 3 86 18 -0.028153 0.4 -0.017662 0 0.7478 0 -0.028153 -0.3478 -0.017662 4.033936 0.3493843 2
006 3 86 18 -0.028682 0.4 -0.017567 0 0.7478 0 -0.028682 -0.3478 -0.017567 4.044434 0.3494225 2
006 3 86 18 -0.029207 0.4 -0.01747 0 0.7478 0 -0.029207 -0.3478 -0.01747 4.055664 0.3494611 2
006 3 86 18 -0.02973 0.4 -0.017372 0 0.7478 0 -0.02973 -0.3478 -0.017372 4.067139 0.3495003 2
006 3 86 18 -0.03025 0.4 -0.017272 0 0.7478 0 -0.03025 -0.3478 -0.017272 4.081177 0.34954 2
006 3 86 18 -0.030766 0.4 -0.017171 0 0.7478 0 -0.030766 -0.3478 -0.017171 4.088989 0.34958 2
006 3 86 18 -0.03128 0.4 -0.017067 0 0.7478 0 -0.03128 -0.3478 -0.017067 4.100342 0.3496206 2
006 3 86 18 -0.03179 0.4 -0.016962 0 0.7478 0 -0.03179 -0.3478 -0.016962 4.11145 0.3496615 2
006 3 86 18 -0.032297 0.4 -0.016855 0 0.7478 0 -0.032297 -0.3478 -0.016855 4.122925 0.3497027 2
006 3 86 18 -0.032801 0.4 -0.016747 0 0.7478 0 -0.032801 -0.3478 -0.016747 4.133545 0.3497445 2
006 3 86 18 -0.033302 0.4 -0.016637 0 0.7478 0 -0.033302 -0.3478 -0.016637 4.144775 0.3497865 2
006 3 86 18 -0.0338 0.4 -0.016525 0 0.7478 0 -0.0338 -0.3478 -0.016525 4.156006 0.349829 2
006 3 86 18 -0.034294 0.4 -0.016411 0 0.7478 0 -0.034294 -0.3478 -0.016411 4.16687 0.3498717 2
006 3 86 18 -0.034784 0.4 -0.016296 0 0.7478 0 -0.034784 -0.3478 -0.016296 4.177979 0.3499147 2
006 3 86 18 -0.035271 0.4 -0.016179 0 0.7478 0 -0.035271 -0.3478 -0.016179 4.189209 0.349958 2
006 3 86 18 -0.035755 0.4 -0.016061 0 0.7478 0 -0.035755 -0.3478 -0.016061 4.200439 0.3500017 2
006 3 86 18 -0.036235 0.4 -0.015941 0 0.7478 0 -0.036235 -0.3478 -0.015941 4.211304 0.3500456 2
006 3 86 18 -0.036711 0.4 -0.015819 0 0.7478 0 -0.036711 -0.3478 -0.015819 4.222778 0.3500897 2
006 3 86 18 -0.037184 0.4 -0.015696 0 0.7478 0 -0.037184 -0.3478 -0.015696 4.237305 0.350134 2
006 3 86 18 -0.037653 0.4 -0.015571 0 0.7478 0 -0.037653 -0.3478 -0.015571 4.244507 0.3501786 2
006 3 86 18 -0.038118 0.4 -0.015445 0 0.7478 0 -0.038118 -0.3478 -0.015445 4.256226 0.3502233 2
006 3 86 18 -0.03858 0.4 -0.015317 0 0.7478 0 -0.03858 -0.3478 -0.015317 4.266846 0.3502683 2
006 3 86 18 -0.039038 0.4 -0.015188 0 0.7478 0 -0.039038 -0.3478 -0.015188 4.278198 0.3503134 2
006 3 86 18 -0.039491 0.4 -0.015057 0 0.7478 0 -0.039491 -0.3478 -0.015057 4.289429 0.3503585 2
006 3 86 18 -0.039941 0.4 -0.014925 0 0.7478 0 -0.039941 -0.3478 -0.014925 4.300415 0.3504039 2
006 3 86 18 -0.040387 0.4 -0.014791 0 0.7478 0 -0.040387 -0.3478 -0.014791 4.311523 0.3504493 2
006 3 86 18 -0.040828 0.4 -0.014655 0 0.7478 0 -0.040828 -0.3478 -0.014655 4.322754 0.3504947 2
006 3 86 18 -0.041266 0.4 -0.014519 0 0.7478 0 -0.041266 -0.3478 -0.014519 4.33374 0.3505403 2
006 3 86 18 -0.041699 0.4 -0.01438 0 0.7478 0 -0.041699 -0.3478 -0.01438 4.344849 0.3505858 2
006 3 86 18 -0.042129 0.4 -0.014241 0 0.7478 0 -0.042129 -0.3478 -0.014241 4.356323 0.3506316 2
006 3 86 18 -0.042554 0.4 -0.0141 0 0.7478 0 -0.042554 -0.3478 -0.0141 4.366943 0.3506772 2
006 3 86 18 -0.042975 0.4 -0.013957 0 0.7478 0 -0.042975 -0.3478 -0.013957 4.378052 0.3507228 2
006 3 86 18 -0.043391 0.4 -0.013813 0 0.7478 0 -0.043391 -0.3478 -0.013813 4.392578 0.3507683 2
006 3 86 18 -0.043804 0.4 -0.013668 0 0.7478 0 -0.043804 -0.3478 -0.013668 4.399902 0.350814 2
006 3 86 18 -0.044211 0.4 -0.013521 0 0.7478 0 -0.044211 -0.3478 -0.013521 4.411499 0.3508593 2
006 3 86 18 -0.044615 0.4 -0.013373 0 0.7478 0 -0.044615 -0.3478 -0.013373 4.422852 0.3509048 2
006 3 86 18 -0.045014 0.4 -0.013224 0 0.7478 0 -0.045014 -0.3478 -0.013224 4.433594 0.3509501 2
006 3 86 18 -0.045408 0.4 -0.013073 0 0.7478 0 -0.045408 -0.3478 -0.013073 4.44458 0.3509952 2
006 3 86 18 -0.045798 0.4 -0.012921 0 0.7478 0 -0.045798 -0.3478 -0.012921 4.455933 0.3510402 2
006 3 86 18 -0.046183 0.4 -0.012768 0 0.7478 0 -0.046183 -0.3478 -0.012768 4.466919 0.3510851 2
006 3 86 18 -0.046564 0.4 -0.012613 0 0.7478 0 -0.046564 -0.3478 -0.012613 4.478271 0.3511298 2
006 3 86 18 -0.04694 0.4 -0.012457 0 0.7478 0 -0.04694 -0.3478 -0.012457 4.489136 0.3511743 2
006 3 86 18 -0.047312 0.4 -0.0123 0 0.7478 0 -0.047312 -0.3478 -0.0123 4.500244 0.3512187 2
006 3 86 18 -0.047678 0.4 -0.012142 0 0.7478 0 -0.047678 -0.3478 -0.012142 4.511475 0.3512627 2
006 3 86 18 -0.04804 0.4 -0.011982 0 0.7478 0 -0.04804 -0.3478 -0.011982 4.522705 0.3513065 2
006 3 86 18 -0.048397 0.4 -0.011821 0 0.7478 0 -0.048397 -0.3478 -0.011821 4.533813 0.35135 2
006 3 86 18 -0.048749 0.4 -0.01166 0 0.7478 0 -0.048749 -0.3478 -0.01166 4.548096 0.3513933 2
006 3 86 18 -0.049097 0.4 -0.011496 0 0.7478 0 -0.049097 -0.3478 -0.011496 4.555664 0.3514363 2
006 3 86 18 -0.049439 0.4 -0.011332 0 0.7478 0 -0.049439 -0.3478 -0.011332 4.566772 0.351479 2
006 3 86 18 -0.049777 0.4 -0.011167 0 0.7478 0 -0.049777 -0.3478 -0.011167 4.578369 0.3515214 2
006 3 86 18 -0.050109 0.4 -0.011 0 0.7478 0 -0.050109 -0.3478 -0.011 4.589478 0.3515633 2
006 3 86 18 -0.050437 0.4 -0.010833 0 0.7478 0 -0.050437 -0.3478 -0.010833 4.600342 0.351605 2
006 3 86 18 -0.050759 0.4 -0.010664 0 0.7478 0 -0.050759 -0.3478 -0.010664 4.61145 0.3516462 2
006 3 86 18 -0.051076 0.4 -0.010494 0 0.7478 0 -0.051076 -0.3478 -0.010494 4.622803 0.351687 2
006 3 86 18 -0.051389 0.4 -0.010324 0 0.7478 0 -0.051389 -0.3478 -0.010324 4.633667 0.3517275 2
006 3 86 18 -0.051696 0.4 -0.010152 0 0.7478 0 -0.051696 -0.3478 -0.010152 4.644653 0.3517675 2
006 3 86 18 -0.051998 0.4 -0.009979 0 0.7478 0 -0.051998 -0.3478 -0.009979 4.656006 0.3518071 2
006 3 86 18 -0.052295 0.4 -0.009805 0 0.7478 0 -0.052295 -0.3478 -0.009805 4.66687 0.3518462 2
006 3 86 18 -0.052586 0.4 -0.00963 0 0.7478 0 -0.052586 -0.3478 -0.00963 4.677979 0.3518847 2
006 3 86 18 -0.052872 0.4 -0.009455 0 0.7478 0 -0.052872 -0.3478 -0.009455 4.689697 0.3519228 2
006 3 86 18 -0.053153 0.4 -0.009278 0 0.7478 0 -0.053153 -0.3478 -0.009278 4.703613 0.3519605 2
006 3 86 18 -0.053429 0.4 -0.0091 0 0.7478 0 -0.053429 -0.3478 -0.0091 4.711304 0.3519976 2
006 3 86 18 -0.053699 0.4 -0.008922 0 0.7478 0 -0.053699 -0.3478 -0.008922 4.722656 0.3520341 2
006 3 86 18 -0.053964 0.4 -0.008742 0 0.7478 0 -0.053964 -0.3478 -0.008742 4.733887 0.3520701 2
006 3 86 18 -0.054224 0.4 -0.008562 0 0.7478 0 -0.054224 -0.3478 -0.008562 4.744629 0.3521056 2
006 3 86 18 -0.054478 0.4 -0.008381 0 0.7478 0 -0.054478 -0.3478 -0.008381 4.756348 0.3521405 2
006 3 86 18 -0.054727 0.4 -0.008199 0 0.7478 0 -0.054727 -0.3478 -0.008199 4.766968 0.3521748 2
006 3 86 18 -0.05497 0.4 -0.008016 0 0.7478 0 -0.05497 -0.3478 -0.008016 4.778198 0.3522084 2
006 3 86 18 -0.055208 0.4 -0.007832 0 0.7478 0 -0.055208 -0.3478 -0.007832 4.789551 0.3522415 2
006 3 86 18 -0.05544 0.4 -0.007648 0 0.7478 0 -0.05544 -0.3478 -0.007648 4.800293 0.3522739 2
006 3 86 18 -0.055667 0.4 -0.007463 0 0.7478 0 -0.055667 -0.3478 -0.007463 4.811523 0.3523057 2
006 3 86 18 -0.055888 0.4 -0.007277 0 0.7478 0 -0.055888 -0.3478 -0.007277 4.822632 0.3523369 2
006 3 86 18 -0.056103 0.4 -0.00709 0 0.7478 0 -0.056103 -0.3478 -0.00709 4.833618 0.3523672 2
006 3 86 18 -0.056313 0.4 -0.006903 0 0.7478 0 -0.056313 -0.3478 -0.006903 4.844727 0.352397 2
006 3 86 18 -0.056517 0.4 -0.006715 0 0.7478 0 -0.056517 -0.3478 -0.006715 4.859741 0.352426 2
006 3 86 18 -0.056716 0.4 -0.006526 0 0.7478 0 -0.056716 -0.3478 -0.006526 4.866577 0.3524544 2
006 3 86 18 -0.056909 0.4 -0.006337 0 0.7478 0 -0.056909 -0.3478 -0.006337 4.878052 0.3524821 2
006 3 86 18 -0.057096 0.4 -0.006147 0 0.7478 0 -0.057096 -0.3478 -0.006147 4.889526 0.352509 2
006 3 86 18 -0.057278 0.4 -0.005956 0 0.7478 0 -0.057278 -0.3478 -0.005956 4.900269 0.3525352 2
006 3 86 18 -0.057453 0.4 -0.005765 0 0.7478 0 -0.057453 -0.3478 -0.005765 4.911743 0.3525605 2
006 3 86 18 -0.057624 0.4 -0.005573 0 0.7478 0 -0.057624 -0.3478 -0.005573 4.923096 0.3525853 2
006 3 86 18 -0.057788 0.4 -0.005381 0 0.7478 0 -0.057788 -0.3478 -0.005381 4.933716 0.3526092 2
006 3 86 18 -0.057946 0.4 -0.005188 0 0.7478 0 -0.057946 -0.3478 -0.005188 4.944702 0.3526322 2
006 3 86 18 -0.058099 0.4 -0.004994 0 0.7478 0 -0.058099 -0.3478 -0.004994 4.955933 0.3526546 2
006 3 86 18 -0.058246 0.4 -0.0048 0 0.7478 0 -0.058246 -0.3478 -0.0048 4.966919 0.3526762 2
006 3 86 18 -0.058387 0.4 -0.004606 0 0.7478 0 -0.058387 -0.3478 -0.004606 4.977905 0.3526969 2
006 3 86 18 -0.058522 0.4 -0.004411 0 0.7478 0 -0.058522 -0.3478 -0.004411 4.989258 0.3527167 2
006 3 86 18 -0.058652 0.4 -0.004216 0 0.7478 0 -0.058652 -0.3478 -0.004216 5.000732 0.352736 2
006 3 86 18 -0.058775 0.4 -0.00402 0 0.7478 0 -0.058775 -0.3478 -0.00402 5.015137 0.3527541 2
006 3 86 18 -0.058893 0.4 -0.003824 0 0.7478 0 -0.058893 -0.3478 -0.003824 5.022583 0.3527716 2
006 3 86 18 -0.059005 0.4 -0.003628 0 0.7478 0 -0.059005 -0.3478 -0.003628 5.033813 0.3527883 2
006 3 86 18 -0.059111 0.4 -0.003431 0 0.7478 0 -0.059111 -0.3478 -0.003431 5.044556 0.3528041 2
006 3 86 18 -0.059211 0.4 -0.003234 0 0.7478 0 -0.059211 -0.3478 -0.003234 5.055908 0.352819 2
006 3 86 18 -0.059305 0.4 -0.003036 0 0.7478 0 -0.059305 -0.3478 -0.003036 5.067383 0.352833 2
006 3 86 18 -0.059393 0.4 -0.002838 0 0.7478 0 -0.059393 -0.3478 -0.002838 5.078003 0.3528462 2
006 3 86 18 -0.059475 0.4 -0.00264 0 0.7478 0 -0.059475 -0.3478 -0.00264 5.089478 0.3528584 2
006 3 86 18 -0.059551 0.4 -0.002442 0 0.7478 0 -0.059551 -0.3478 -0.002442 5.100464 0.3528698 2
006 3 86 18 -0.059621 0.4 -0.002243 0 0.7478 0 -0.059621 -0.3478 -0.002243 5.111694 0.3528803 2
006 3 86 18 -0.059686 0.4 -0.002044 0 0.7478 0 -0.059686 -0.3478 -0.002044 5.122803 0.3528901 2
006 3 86 18 -0.059744 0.4 -0.001845 0 0.7478 0 -0.059744 -0.3478 -0.001845 5.133789 0.3528988 2
006 3 86 18 -0.059796 0.4 -0.001646 0 0.7478 0 -0.059796 -0.3478 -0.001646 5.14502 0.3529066 2
006 3 86 18 -0.059843 0.4 -0.001447 0 0.7478 0 -0.059843 -0.3478 -0.001447 5.156494 0.3529137 2
006 3 86 18 -0.059883 0.4 -0.001247 0 0.7478 0 -0.059883 -0.3478 -0.001247 5.170044 0.3529198 2
006 3 86 18 -0.059918 0.4 -0.001047 0 0.7478 0 -0.059918 -0.3478 -0.001047 5.177734 0.3529251 2
006 3 86 18 -0.059946 0.4 -0.000848 0 0.7478 0 -0.059946 -0.3478 -0.000848 5.189453 0.3529293 2
006 3 86 18 -0.059969 0.4 -0.000648 0 0.7478 0 -0.059969 -0.3478 -0.000648 5.200317 0.3529328 2
006 3 86 18 -0.059985 0.4 -0.000448 0 0.7478 0 -0.059985 -0.3478 -0.000448 5.211792 0.3529352 2
006 3 86 18 -0.059995 0.4 -0.000248 0 0.7478 0 -0.059995 -0.3478 -0.000248 5.222778 0.3529367 2
006 3 86 18 -0.06 0.4 -4.8E-05 0 0.7478 0 -0.06 -0.3478 -4.8E-05 5.233276 0.3529374 2
006 3 86 18 -0.059998 0.4 0.000152 0 0.7478 0 -0.059998 -0.3478 0.000152 5.244751 0.3529371 2
006 3 86 18 -0.059991 0.4 0.000352 0 0.7478 0 -0.059991 -0.3478 0.000352 5.256104 0.3529361 2
006 3 86 18 -0.059977 0.4 0.000552 0 0.7478 0 -0.059977 -0.3478 0.000552 5.267334 0.3529339 2
006 3 86 18 -0.059958 0.4 0.000752 0 0.7478 0 -0.059958 -0.3478 0.000752 5.278564 0.3529311 2
006 3 86 18 -0.059932 0.4 0.000952 0 0.7478 0 -0.059932 -0.3478 0.000952 5.289551 0.3529272 2
006 3 86 18 -0.0599 0.4 0.001152 0 0.7478 0 -0.0599 -0.3478 0.001152 5.300293 0.3529223 2
006 3 86 18 -0.059863 0.4 0.001351 0 0.7478 0 -0.059863 -0.3478 0.001351 5.311279 0.3529167 2
006 3 86 18 -0.059819 0.4 0.001551 0 0.7478 0 -0.059819 -0.3478 0.001551 5.325928 0.3529101 2
006 3 86 18 -0.05977 0.4 0.00175 0 0.7478 0 -0.05977 -0.3478 0.00175 5.333374 0.3529027 2
006 3 86 18 -0.059714 0.4 0.001949 0 0.7478 0 -0.059714 -0.3478 0.001949 5.344971 0.3528943 2
006 3 86 18 -0.059653 0.4 0.002148 0 0.7478 0 -0.059653 -0.3478 0.002148 5.355835 0.3528852 2
006 3 86 18 -0.059586 0.4 0.002347 0 0.7478 0 -0.059586 -0.3478 0.002347 5.366821 0.3528751 2
006 3 86 18 -0.059512 0.4 0.002545 0 0.7478 0 -0.059512 -0.3478 0.002545 5.37793 0.352864 2
006 3 86 18 -0.059433 0.4 0.002744 0 0.7478 0 -0.059433 -0.3478 0.002744 5.389404 0.3528522 2
006 3 86 18 -0.059348 0.4 0.002942 0 0.7478 0 -0.059348 -0.3478 0.002942 5.400391 0.3528394 2
006 3 86 18 -0.059256 0.4 0.003139 0 0.7478 0 -0.059256 -0.3478 0.003139 5.411377 0.3528257 2
006 3 86 18 -0.059159 0.4 0.003337 0 0.7478 0 -0.059159 -0.3478 0.003337 5.423218 0.3528112 2
006 3 86 18 -0.059056 0.4 0.003534 0 0.7478 0 -0.059056 -0.3478 0.003534 5.433716 0.3527959 2
006 3 86 18 -0.058947 0.4 0.00373 0 0.7478 0 -0.058947 -0.3478 0.00373 5.444702 0.3527797 2
006 3 86 18 -0.058832 0.4 0.003927 0 0.7478 0 -0.058832 -0.3478 0.003927 5.456177 0.3527626 2
006 3 86 18 -0.058712 0.4 0.004122 0 0.7478 0 -0.058712 -0.3478 0.004122 5.467163 0.3527448 2
006 3 86 18 -0.058585 0.4 0.004318 0 0.7478 0 -0.058585 -0.3478 0.004318 5.481323 0.3527261 2
006 3 86 18 -0.058452 0.4 0.004513 0 0.7478 0 -0.058452 -0.3478 0.004513 5.48938 0.3527064 2
006 3 86 18 -0.058314 0.4 0.004708 0 0.7478 0 -0.058314 -0.3478 0.004708 5.500244 0.3526861 2
006 3 86 18 -0.05817 0.4 0.004902 0 0.7478 0 -0.05817 -0.3478 0.004902 5.511597 0.352665 2
006 3 86 18 -0.05802 0.4 0.005095 0 0.7478 0 -0.05802 -0.3478 0.005095 5.522583 0.352643 2
006 3 86 18 -0.057864 0.4 0.005289 0 0.7478 0 -0.057864 -0.3478 0.005289 5.533569 0.3526203 2
006 3 86 18 -0.057703 0.4 0.005481 0 0.7478 0 -0.057703 -0.3478 0.005481 5.5448 0.3525968 2
006 3 86 18 -0.057535 0.4 0.005673 0 0.7478 0 -0.057535 -0.3478 0.005673 5.55603 0.3525724 2
006 3 86 18 -0.057362 0.4 0.005865 0 0.7478 0 -0.057362 -0.3478 0.005865 5.566772 0.3525473 2
006 3 86 18 -0.057184 0.4 0.006056 0 0.7478 0 -0.057184 -0.3478 0.006056 5.578003 0.3525217 2
006 3 86 18 -0.056999 0.4 0.006246 0 0.7478 0 -0.056999 -0.3478 0.006246 5.589844 0.352495 2
006 3 86 18 -0.056809 0.4 0.006436 0 0.7478 0 -0.056809 -0.3478 0.006436 5.600464 0.3524677 2
006 3 86 18 -0.056613 0.4 0.006625 0 0.7478 0 -0.056613 -0.3478 0.006625 5.611694 0.3524397 2
006 3 86 18 -0.056411 0.4 0.006813 0 0.7478 0 -0.056411 -0.3478 0.006813 5.622559 0.3524109 2
006 3 86 18 -0.056204 0.4 0.007001 0 0.7478 0 -0.056204 -0.3478 0.007001 5.637085 0.3523815 2
006 3 86 18 -0.055991 0.4 0.007188 0 0.7478 0 -0.055991 -0.3478 0.007188 5.644165 0.3523514 2
006 3 86 18 -0.055773 0.4 0.007374 0 0.7478 0 -0.055773 -0.3478 0.007374 5.656128 0.3523206 2
006 3 86 18 -0.055549 0.4 0.00756 0 0.7478 0 -0.055549 -0.3478 0.00756 5.667236 0.3522892 2
006 3 86 18 -0.055319 0.4 0.007744 0 0.7478 0 -0.055319 -0.3478 0.007744 5.678223 0.352257 2
006 3 86 18 -0.055084 0.4 0.007928 0 0.7478 0 -0.055084 -0.3478 0.007928 5.689331 0.3522243 2
006 3 86 18 -0.054844 0.4 0.008112 0 0.7478 0 -0.054844 -0.3478 0.008112 5.700317 0.352191 2
006 3 86 18 -0.054598 0.4 0.008294 0 0.7478 0 -0.054598 -0.3478 0.008294 5.711548 0.352157 2
006 3 86 18 -0.054346 0.4 0.008476 0 0.7478 0 -0.054346 -0.3478 0.008476 5.723022 0.3521224 2
006 3 86 18 -0.054089 0.4 0.008656 0 0.7478 0 -0.054089 -0.3478 0.008656 5.734009 0.3520872 2
006 3 86 18 -0.053827 0.4 0.008836 0 0.7478 0 -0.053827 -0.3478 0.008836 5.744995 0.3520515 2
006 3 86 18 -0.053559 0.4 0.009015 0 0.7478 0 -0.053559 -0.3478 0.009015 5.756104 0.3520151 2
006 3 86 18 -0.053286 0.4 0.009193 0 0.7478 0 -0.053286 -0.3478 0.009193 5.767212 0.3519783 2
006 3 86 18 -0.053007 0.4 0.00937 0 0.7478 0 -0.053007 -0.3478 0.00937 5.77832 0.3519409 2
006 3 86 18 -0.052724 0.4 0.009547 0 0.7478 0 -0.052724 -0.3478 0.009547 5.793213 0.3519031 2
006 3 86 18 -0.052434 0.4 0.009722 0 0.7478 0 -0.052434 -0.3478 0.009722 5.799927 0.3518646 2
006 3 86 18 -0.05214 0.4 0.009896 0 0.7478 0 -0.05214 -0.3478 0.009896 5.81189 0.3518257 2
006 3 86 18 -0.051841 0.4 0.010069 0 0.7478 0 -0.051841 -0.3478 0.010069 5.822998 0.3517864 2
006 3 86 18 -0.051536 0.4 0.010242 0 0.7478 0 -0.051536 -0.3478 0.010242 5.833374 0.3517466 2
006 3 86 18 -0.051226 0.4 0.010413 0 0.7478 0 -0.051226 -0.3478 0.010413 5.845459 0.3517064 2
006 3 86 18 -0.050911 0.4 0.010583 0 0.7478 0 -0.050911 -0.3478 0.010583 5.855957 0.3516657 2
006 3 86 18 -0.050591 0.4 0.010752 0 0.7478 0 -0.050591 -0.3478 0.010752 5.867188 0.3516246 2
006 3 86 18 -0.050266 0.4 0.01092 0 0.7478 0 -0.050266 -0.3478 0.01092 5.878174 0.3515832 2
006 3 86 18 -0.049936 0.4 0.011087 0 0.7478 0 -0.049936 -0.3478 0.011087 5.889771 0.3515414 2
006 3 86 18 -0.049601 0.4 0.011253 0 0.7478 0 -0.049601 -0.3478 0.011253 5.900391 0.3514992 2
006 3 86 18 -0.049261 0.4 0.011418 0 0.7478 0 -0.049261 -0.3478 0.011418 5.911499 0.3514568 2
006 3 86 18 -0.048916 0.4 0.011582 0 0.7478 0 -0.048916 -0.3478 0.011582 5.922852 0.3514139 2
006 3 86 18 -0.048566 0.4 0.011744 0 0.7478 0 -0.048566 -0.3478 0.011744 5.933594 0.3513708 2
006 3 86 18 -0.048211 0.4 0.011906 0 0.7478 0 -0.048211 -0.3478 0.011906 5.948486 0.3513273 2
006 3 86 18 -0.047852 0.4 0.012066 0 0.7478 0 -0.047852 -0.3478 0.012066 5.955688 0.3512837 2
006 3 86 18 -0.047487 0.4 0.012225 0 0.7478 0 -0.047487 -0.3478 0.012225 5.967041 0.3512397 2
006 3 86 18 -0.047118 0.4 0.012382 0 0.7478 0 -0.047118 -0.3478 0.012382 5.978516 0.3511955 2
006 3 86 18 -0.046744 0.4 0.012539 0 0.7478 0 -0.046744 -0.3478 0.012539 5.989502 0.351151 2
006 3 86 18 -0.046366 0.4 0.012694 0 0.7478 0 -0.046366 -0.3478 0.012694 6.000732 0.3511065 2
006 3 86 18 -0.045983 0.4 0.012848 0 0.7478 0 -0.045983 -0.3478 0.012848 6.011475 0.3510617 2
006 3 86 18 -0.045595 0.4 0.013 0 0.7478 0 -0.045595 -0.3478 0.013 6.022827 0.3510167 2
006 3 86 18 -0.045203 0.4 0.013152 0 0.7478 0 -0.045203 -0.3478 0.013152 6.033569 0.3509717 2
006 3 86 18 -0.044806 0.4 0.013302 0 0.7478 0 -0.044806 -0.3478 0.013302 6.044922 0.3509264 2
006 3 86 18 -0.044405 0.4 0.01345 0 0.7478 0 -0.044405 -0.3478 0.01345 6.05603 0.3508811 2
006 3 86 18 -0.043999 0.4 0.013598 0 0.7478 0 -0.043999 -0.3478 0.013598 6.067139 0.3508357 2
006 3 86 18 -0.043589 0.4 0.013744 0 0.7478 0 -0.043589 -0.3478 0.013744 6.078247 0.3507901 2
006 3 86 18 -0.043174 0.4 0.013888 0 0.7478 0 -0.043174 -0.3478 0.013888 6.089966 0.3507445 2
006 3 86 18 -0.042755 0.4 0.014032 0 0.7478 0 -0.042755 -0.3478 0.014032 6.10376 0.3506989 2
006 3 86 18 -0.042332 0.4 0.014173 0 0.7478 0 -0.042332 -0.3478 0.014173 6.111328 0.3506533 2
006 3 86 18 -0.041905 0.4 0.014314 0 0.7478 0 -0.041905 -0.3478 0.014314 6.122681 0.3506077 2
006 3 86 18 -0.041474 0.4 0.014453 0 0.7478 0 -0.041474 -0.3478 0.014453 6.133667 0.3505621 2
006 3 86 18 -0.041038 0.4 0.01459 0 0.7478 0 -0.041038 -0.3478 0.01459 6.14502 0.3505165 2
006 3 86 18 -0.040598 0.4 0.014726 0 0.7478 0 -0.040598 -0.3478 0.014726 6.156372 0.350471 2
006 3 86 18 -0.040154 0.4 0.014861 0 0.7478 0 -0.040154 -0.3478 0.014861 6.166992 0.3504255 2
006 3 86 18 -0.039707 0.4 0.014994 0 0.7478 0 -0.039707 -0.3478 0.014994 6.178345 0.3503802 2
006 3 86 18 -0.039255 0.4 0.015126 0 0.7478 0 -0.039255 -0.3478 0.015126 6.189575 0.350335 2
006 3 86 18 -0.038799 0.4 0.015256 0 0.7478 0 -0.038799 -0.3478 0.015256 6.200562 0.3502898 2
006 3 86 18 -0.038339 0.4 0.015384 0 0.7478 0 -0.038339 -0.3478 0.015384 6.211792 0.3502447 2
006 3 86 18 -0.037876 0.4 0.015511 0 0.7478 0 -0.037876 -0.3478 0.015511 6.223145 0.3502 2
006 3 86 18 -0.037409 0.4 0.015637 0 0.7478 0 -0.037409 -0.3478 0.015637 6.234009 0.3501554 2
006 3 86 18 -0.036938 0.4 0.015761 0 0.7478 0 -0.036938 -0.3478 0.015761 6.244873 0.3501109 2
006 3 86 18 -0.036463 0.4 0.015883 0 0.7478 0 -0.036463 -0.3478 0.015883 6.259888 0.3500666 2
006 3 86 18 -0.035985 0.4 0.016004 0 0.7478 0 -0.035985 -0.3478 0.016004 6.266724 0.3500227 2
006 3 86 18 -0.035503 0.4 0.016123 0 0.7478 0 -0.035503 -0.3478 0.016123 6.278564 0.3499789 2
006 3 86 18 -0.035017 0.4 0.01624 0 0.7478 0 -0.035017 -0.3478 0.01624 6.289429 0.3499354 2
006 3 86 18 -0.034529 0.4 0.016356 0 0.7478 0 -0.034529 -0.3478 0.016356 6.300537 0.3498923 2
006 3 86 18 -0.034036 0.4 0.016471 0 0.7478 0 -0.034036 -0.3478 0.016471 6.312134 0.3498494 2
006 3 86 18 -0.03354 0.4 0.016583 0 0.7478 0 -0.03354 -0.3478 0.016583 6.322632 0.3498068 2
006 3 86 18 -0.033041 0.4 0.016694 0 0.7478 0 -0.033041 -0.3478 0.016694 6.333618 0.3497645 2
006 3 86 18 -0.032539 0.4 0.016804 0 0.7478 0 -0.032539 -0.3478 0.016804 6.345215 0.3497227 2
006 3 86 18 -0.032033 0.4 0.016911 0 0.7478 0 -0.032033 -0.3478 0.016911 6.356323 0.3496812 2
006 3 86 18 -0.031524 0.4 0.017017 0 0.7478 0 -0.031524 -0.3478 0.017017 6.367065 0.3496401 2
006 3 86 18 -0.031012 0.4 0.017121 0 0.7478 0 -0.031012 -0.3478 0.017121 6.378418 0.3495994 2
006 3 86 18 -0.030497 0.4 0.017224 0 0.7478 0 -0.030497 -0.3478 0.017224 6.389771 0.3495591 2
006 3 86 18 -0.029979 0.4 0.017325 0 0.7478 0 -0.029979 -0.3478 0.017325 6.400146 0.3495193 2
006 3 86 18 -0.029457 0.4 0.017424 0 0.7478 0 -0.029457 -0.3478 0.017424 6.414673 0.3494798 2
006 3 86 18 -0.028933 0.4 0.017521 0 0.7478 0 -0.028933 -0.3478 0.017521 6.422729 0.3494409 2
006 3 86 18 -0.028406 0.4 0.017617 0 0.7478 0 -0.028406 -0.3478 0.017617 6.433838 0.3494025 2
006 3 86 18 -0.027876 0.4 0.01771 0 0.7478 0 -0.027876 -0.3478 0.01771 6.444702 0.3493645 2
006 3 86 18 -0.027343 0.4 0.017802 0 0.7478 0 -0.027343 -0.3478 0.017802 6.456421 0.349327 2
006 3 86 18 -0.026808 0.4 0.017893 0 0.7478 0 -0.026808 -0.3478 0.017893 6.467285 0.3492902 2
006 3 86 18 -0.02627 0.4 0.017981 0 0.7478 0 -0.02627 -0.3478 0.017981 6.478271 0.3492539 2
006 3 86 18 -0.025729 0.4 0.018068 0 0.7478 0 -0.025729 -0.3478 0.018068 6.489868 0.3492181 2
006 3 86 18 -0.025186 0.4 0.018153 0 0.7478 0 -0.025186 -0.3478 0.018153 6.500122 0.3491829 2
006 3 86 18 -0.02464 0.4 0.018236 0 0.7478 0 -0.02464 -0.3478 0.018236 6.511963 0.3491483 2
006 3 86 18 -0.024092 0.4 0.018317 0 0.7478 0 -0.024092 -0.3478 0.018317 6.524658 0.3491143 2
006 3 86 18 -0.023541 0.4 0.018396 0 0.7478 0 -0.023541 -0.3478 0.018396 6.533813 0.3490808 2
006 3 86 18 -0.022988 0.4 0.018474 0 0.7478 0 -0.022988 -0.3478 0.018474 6.5448 0.3490481 2
006 3 86 18 -0.022433 0.4 0.01855 0 0.7478 0 -0.022433 -0.3478 0.01855 6.555908 0.349016 2
006 3 86 18 -0.021875 0.4 0.018623 0 0.7478 0 -0.021875 -0.3478 0.018623 6.57019 0.3489845 2
006 3 86 18 -0.021315 0.4 0.018695 0 0.7478 0 -0.021315 -0.3478 0.018695 6.578003 0.3489537 2
006 3 86 18 -0.020753 0.4 0.018766 0 0.7478 0 -0.020753 -0.3478 0.018766 6.5896 0.3489236 2
006 3 86 18 -0.020189 0.4 0.018834 0 0.7478 0 -0.020189 -0.3478 0.018834 6.600342 0.3488942 2
006 3 86 18 -0.019623 0.4 0.0189 0 0.7478 0 -0.019623 -0.3478 0.0189 6.611694 0.3488654 2
006 3 86 18 -0.019055 0.4 0.018965 0 0.7478 0 -0.019055 -0.3478 0.018965 6.622803 0.3488375 2
006 3 86 18 -0.018485 0.4 0.019027 0 0.7478 0 -0.018485 -0.3478 0.019027 6.633789 0.3488102 2
006 3 86 18 -0.017914 0.4 0.019088 0 0.7478 0 -0.017914 -0.3478 0.019088 6.64502 0.3487837 2
006 3 86 18 -0.01734 0.4 0.019147 0 0.7478 0 -0.01734 -0.3478 0.019147 6.65625 0.348758 2
006 3 86 18 -0.016765 0.4 0.019203 0 0.7478 0 -0.016765 -0.3478 0.019203 6.667236 0.3487329 2
006 3 86 18 -0.016188 0.4 0.019258 0 0.7478 0 -0.016188 -0.3478 0.019258 6.678101 0.3487087 2
006 3 86 18 -0.015609 0.4 0.019311 0 0.7478 0 -0.015609 -0.3478 0.019311 6.689697 0.3486852 2
006 3 86 18 -0.015029 0.4 0.019362 0 0.7478 0 -0.015029 -0.3478 0.019362 6.700562 0.3486626 2
006 3 86 18 -0.014448 0.4 0.019412 0 0.7478 0 -0.014448 -0.3478 0.019412 6.711914 0.3486408 2
006 3 86 18 -0.013865 0.4 0.019459 0 0.7478 0 -0.013865 -0.3478 0.019459 6.725708 0.3486197 2
006 3 86 18 -0.01328 0.4 0.019504 0 0.7478 0 -0.01328 -0.3478 0.019504 6.733521 0.3485995 2
006 3 86 18 -0.012694 0.4 0.019547 0 0.7478 0 -0.012694 -0.3478 0.019547 6.744995 0.3485801 2
006 3 86 18 -0.012107 0.4 0.019589 0 0.7478 0 -0.012107 -0.3478 0.019589 6.756226 0.3485615 2
006 3 86 18 -0.011519 0.4 0.019628 0 0.7478 0 -0.011519 -0.3478 0.019628 6.76709 0.3485438 2
006 3 86 18 -0.01093 0.4 0.019665 0 0.7478 0 -0.01093 -0.3478 0.019665 6.778442 0.3485269 2
006 3 86 18 -0.010339 0.4 0.019701 0 0.7478 0 -0.010339 -0.3478 0.019701 6.789795 0.3485109 2
006 3 86 18 -0.009748 0.4 0.019734 0 0.7478 0 -0.009748 -0.3478 0.019734 6.800537 0.3484958 2
006 3 86 18 -0.009155 0.4 0.019766 0 0.7478 0 -0.009155 -0.3478 0.019766 6.812256 0.3484815 2
006 3 86 18 -0.008562 0.4 0.019795 0 0.7478 0 -0.008562 -0.3478 0.019795 6.82312 0.348468 2
006 3 86 18 -0.007968 0.4 0.019823 0 0.7478 0 -0.007968 -0.3478 0.019823 6.833618 0.3484555 2
006 3 86 18 -0.007372 0.4 0.019848 0 0.7478 0 -0.007372 -0.3478 0.019848 6.845093 0.3484439 2
006 3 86 18 -0.006777 0.4 0.019872 0 0.7478 0 -0.006777 -0.3478 0.019872 6.856445 0.3484331 2
006 3 86 18 -0.00618 0.4 0.019894 0 0.7478 0 -0.00618 -0.3478 0.019894 6.867065 0.3484233 2
006 3 86 18 -0.005583 0.4 0.019913 0 0.7478 0 -0.005583 -0.3478 0.019913 6.881592 0.3484143 2
006 3 86 18 -0.004985 0.4 0.019931 0 0.7478 0 -0.004985 -0.3478 0.019931 6.88916 0.3484063 2
006 3 86 18 -0.004387 0.4 0.019946 0 0.7478 0 -0.004387 -0.3478 0.019946 6.900391 0.3483991 2
006 3 86 18 -0.003789 0.4 0.01996 0 0.7478 0 -0.003789 -0.3478 0.01996 6.911743 0.3483929 2
006 3 86 18 -0.00319 0.4 0.019972 0 0.7478 0 -0.00319 -0.3478 0.019972 6.923096 0.3483875 2
006 3 86 18 -0.00259 0.4 0.019981 0 0.7478 0 -0.00259 -0.3478 0.019981 6.933838 0.3483831 2
006 3 86 18 -0.001991 0.4 0.019989 0 0.7478 0 -0.001991 -0.3478 0.019989 6.944946 0.3483796 2
006 3 86 18 -0.001391 0.4 0.019995 0 0.7478 0 -0.001391 -0.3478 0.019995 6.956177 0.348377 2
006 3 86 18 -0.000791 0.4 0.019998 0 0.7478 0 -0.000791 -0.3478 0.019998 6.967163 0.3483754 2
006 3 86 18 -0.000191 0.4 0.02 0 0.7478 0 -0.000191 -0.3478 0.02 6.978394 0.3483746 2
006 3 86 18 0 0.4 0.02 0 0.7478 0 0 -0.3478 0.02 6.989624 0.3483745 2
