006 3 83 17 0 0.42 0 0 0.7478 0 0 -0.3278 0 0 0.3278 2
006 3 83 17 0 0.419999 0.0006 0 0.7478 0 0 -0.327801 0.0006 0.01086426 0.3278015 2
006 3 83 17 0 0.419996 0.0012 0 0.7478 0 0 -0.327804 0.0012 0.0222168 0.3278062 2
006 3 83 17 0 0.419991 0.0018 0 0.7478 0 0 -0.327809 0.0018 0.0333252 0.3278139 2
006 3 83 17 0 0.419984 0.002399 0 0.7478 0 0 -0.327816 0.002399 0.04431152 0.3278248 2
006 3 83 17 0 0.419975 0.002999 0 0.7478 0 0 -0.327825 0.002999 0.05541992 0.3278387 2
006 3 83 17 0 0.419964 0.003598 0 0.7478 0 0 -0.327836 0.003598 0.06640625 0.3278557 2
006 3 83 17 0 0.419951 0.004197 0 0.7478 0 0 -0.327849 0.004197 0.07775879 0.3278758 2
006 3 83 17 0 0.419936 0.004795 0 0.7478 0 0 -0.327864 0.004795 0.08862305 0.327899 2
006 3 83 17 0 0.419919 0.005393 0 0.7478 0 0 -0.327881 0.005393 0.1037598 0.3279253 2
006 3 83 17 0 0.4199 0.00599 0 0.7478 0 0 -0.3279 0.00599 0.1112061 0.3279547 2
006 3 83 17 0 0.419879 0.006587 0 0.7478 0 0 -0.327921 0.006587 0.1223145 0.3279871 2
006 3 83 17 0 0.419856 0.007183 0 0.7478 0 0 -0.327944 0.007183 0.1331787 0.3280226 2
006 3 83 17 0 0.419831 0.007778 0 0.7478 0 0 -0.327969 0.007778 0.1444092 0.3280612 2
006 3 83 17 0 0.419804 0.008373 0 0.7478 0 0 -0.327996 0.008373 0.1552734 0.3281028 2
006 3 83 17 0 0.419775 0.008966 0 0.7478 0 0 -0.328025 0.008966 0.166748 0.3281475 2
006 3 83 17 0 0.419745 0.009559 0 0.7478 0 0 -0.328055 0.009559 0.1778564 0.3281942 2
006 3 83 17 0 0.419712 0.010151 0 0.7478 0 0 -0.328088 0.010151 0.1888428 0.328245 2
006 3 83 17 0 0.419677 0.010742 0 0.7478 0 0 -0.328123 0.010742 0.1998291 0.3282987 2
006 3 83 17 0 0.41964 0.011332 0 0.7478 0 0 -0.32816 0.011332 0.2113037 0.3283556 2
006 3 83 17 0 0.419601 0.01192 0 0.7478 0 0 -0.328199 0.01192 0.2226563 0.3284154 2
006 3 83 17 0 0.419561 0.012508 0 0.7478 0 0 -0.328239 0.012508 0.2336426 0.3284772 2
006 3 83 17 0 0.419518 0.013094 0 0.7478 0 0 -0.328282 0.013094 0.2446289 0.328543 2
006 3 83 17 0 0.419473 0.013679 0 0.7478 0 0 -0.328327 0.013679 0.2602539 0.3286118 2
006 3 83 17 0 0.419427 0.014262 0 0.7478 0 0 -0.328373 0.014262 0.2664795 0.3286825 2
006 3 83 17 0 0.419378 0.014844 0 0.7478 0 0 -0.328422 0.014844 0.27771 0.3287573 2
006 3 83 17 0 0.419328 0.015425 0 0.7478 0 0 -0.328472 0.015425 0.2890625 0.328834 2
006 3 83 17 0 0.419275 0.016004 0 0.7478 0 0 -0.328525 0.016004 0.3006592 0.3289146 2
006 3 83 17 0 0.419221 0.016581 0 0.7478 0 0 -0.328579 0.016581 0.3110352 0.3289971 2
006 3 83 17 0 0.419165 0.017157 0 0.7478 0 0 -0.328635 0.017157 0.3223877 0.3290825 2
006 3 83 17 0 0.419107 0.017731 0 0.7478 0 0 -0.328693 0.017731 0.333252 0.3291709 2
006 3 83 17 0 0.419047 0.018304 0 0.7478 0 0 -0.328753 0.018304 0.3443604 0.3292622 2
006 3 83 17 0 0.418985 0.018874 0 0.7478 0 0 -0.328815 0.018874 0.3557129 0.3293562 2
006 3 83 17 0 0.418921 0.019443 0 0.7478 0 0 -0.328879 0.019443 0.3664551 0.3294532 2
006 3 83 17 0 0.418855 0.020009 0 0.7478 0 0 -0.328945 0.020009 0.3774414 0.329553 2
006 3 83 17 0 0.418787 0.020574 0 0.7478 0 0 -0.329013 0.020574 0.3887939 0.3296556 2
006 3 83 17 0 0.418718 0.021136 0 0.7478 0 0 -0.329082 0.021136 0.4000244 0.32976 2
006 3 83 17 0 0.418647 0.021697 0 0.7478 0 0 -0.329153 0.021697 0.4151611 0.3298673 2
006 3 83 17 0 0.418573 0.022255 0 0.7478 0 0 -0.329227 0.022255 0.4221191 0.3299783 2
006 3 83 17 0 0.418498 0.022811 0 0.7478 0 0 -0.329302 0.022811 0.4335938 0.3300911 2
006 3 83 17 0 0.418421 0.023365 0 0.7478 0 0 -0.329379 0.023365 0.4450684 0.3302067 2
006 3 83 17 0 0.418342 0.023917 0 0.7478 0 0 -0.329458 0.023917 0.4559326 0.330325 2
006 3 83 17 0 0.418262 0.024466 0 0.7478 0 0 -0.329538 0.024466 0.4665527 0.330445 2
006 3 83 17 0 0.418179 0.025012 0 0.7478 0 0 -0.329621 0.025012 0.4779053 0.3305686 2
006 3 83 17 0 0.418095 0.025556 0 0.7478 0 0 -0.329705 0.025556 0.4891357 0.330694 2
006 3 83 17 0 0.418009 0.026098 0 0.7478 0 0 -0.329791 0.026098 0.4997559 0.330822 2
006 3 83 17 0 0.417921 0.026637 0 0.7478 0 0 -0.329879 0.026637 0.510376 0.3309527 2
006 3 83 17 0 0.417831 0.027173 0 0.7478 0 0 -0.329969 0.027173 0.5219727 0.331086 2
006 3 83 17 0 0.41774 0.027707 0 0.7478 0 0 -0.33006 0.027707 0.5334473 0.3312209 2
006 3 83 17 0 0.417647 0.028238 0 0.7478 0 0 -0.330153 0.028238 0.5447998 0.3313584 2
006 3 83 17 0 0.417552 0.028766 0 0.7478 0 0 -0.330248 0.028766 0.5560303 0.3314984 2
006 3 83 17 0 0.417455 0.029291 0 0.7478 0 0 -0.330345 0.029291 0.5695801 0.331641 2
006 3 83 17 0 0.417356 0.029813 0 0.7478 0 0 -0.330444 0.029813 0.5778809 0.3317861 2
006 3 83 17 0 0.417256 0.030332 0 0.7478 0 0 -0.330544 0.030332 0.588623 0.3319328 2
006 3 83 17 0 0.417154 0.030848 0 0.7478 0 0 -0.330646 0.030848 0.5998535 0.3320819 2
006 3 83 17 0 0.41705 0.031361 0 0.7478 0 0 -0.33075 0.031361 0.6112061 0.3322335 2
006 3 83 17 0 0.416945 0.031871 0 0.7478 0 0 -0.330855 0.031871 0.6223145 0.3323865 2
006 3 83 17 0 0.416838 0.032378 0 0.7478 0 0 -0.330962 0.032378 0.6335449 0.332542 2
006 3 83 17 0 0.416729 0.032881 0 0.7478 0 0 -0.331071 0.032881 0.6442871 0.3326998 2
006 3 83 17 0 0.416619 0.033382 0 0.7478 0 0 -0.331181 0.033382 0.6555176 0.3328591 2
006 3 83 17 0 0.416507 0.033879 0 0.7478 0 0 -0.331293 0.033879 0.6665039 0.3330208 2
006 3 83 17 0 0.416393 0.034372 0 0.7478 0 0 -0.331407 0.034372 0.6776123 0.3331847 2
006 3 83 17 0 0.416278 0.034862 0 0.7478 0 0 -0.331522 0.034862 0.6890869 0.3333499 2
006 3 83 17 0 0.416161 0.035349 0 0.7478 0 0 -0.331639 0.035349 0.6999512 0.3335176 2
006 3 83 17 0 0.416042 0.035832 0 0.7478 0 0 -0.331758 0.035832 0.7110596 0.3336874 2
006 3 83 17 0 0.415922 0.036311 0 0.7478 0 0 -0.331878 0.036311 0.7252197 0.3338585 2
006 3 83 17 0 0.4158 0.036787 0 0.7478 0 0 -0.332 0.036787 0.7330322 0.3340319 2
006 3 83 17 0 0.415676 0.037259 0 0.7478 0 0 -0.332124 0.037259 0.7442627 0.3342074 2
006 3 83 17 0 0.415551 0.037728 0 0.7478 0 0 -0.332249 0.037728 0.7556152 0.3343842 2
006 3 83 17 0 0.415425 0.038192 0 0.7478 0 0 -0.332375 0.038192 0.7666016 0.334562 2
006 3 83 17 0 0.415297 0.038653 0 0.7478 0 0 -0.332503 0.038653 0.7779541 0.3347421 2
006 3 83 17 0 0.415167 0.03911 0 0.7478 0 0 -0.332633 0.03911 0.7889404 0.3349243 2
006 3 83 17 0 0.415036 0.039563 0 0.7478 0 0 -0.332764 0.039563 0.7998047 0.3351076 2
006 3 83 17 0 0.414903 0.040012 0 0.7478 0 0 -0.332897 0.040012 0.8111572 0.3352929 2
006 3 83 17 0 0.414769 0.040457 0 0.7478 0 0 -0.333031 0.040457 0.8221436 0.3354794 2
006 3 83 17 0 0.414634 0.040898 0 0.7478 0 0 -0.333166 0.040898 0.833252 0.3356668 2
006 3 83 17 0 0.414497 0.041335 0 0.7478 0 0 -0.333303 0.041335 0.8443604 0.3358563 2
006 3 83 17 0 0.414358 0.041768 0 0.7478 0 0 -0.333442 0.041768 0.8554688 0.3360478 2
006 3 83 17 0 0.414218 0.042197 0 0.7478 0 0 -0.333582 0.042197 0.8664551 0.3362403 2
006 3 83 17 0 0.414077 0.042621 0 0.7478 0 0 -0.333723 0.042621 0.8811035 0.3364336 2
006 3 83 17 0 0.413934 0.043041 0 0.7478 0 0 -0.333866 0.043041 0.8884277 0.3366289 2
006 3 83 17 0 0.41379 0.043457 0 0.7478 0 0 -0.33401 0.043457 0.8999023 0.3368251 2
006 3 83 17 0 0.413644 0.043869 0 0.7478 0 0 -0.334156 0.043869 0.9111328 0.3370233 2
006 3 83 17 0 0.413498 0.044276 0 0.7478 0 0 -0.334302 0.044276 0.9221191 0.3372213 2
006 3 83 17 0 0.413349 0.044679 0 0.7478 0 0 -0.334451 0.044679 0.9334717 0.3374221 2
006 3 83 17 0 0.4132 0.045077 0 0.7478 0 0 -0.3346 0.045077 0.9443359 0.3376227 2
006 3 83 17 0 0.413049 0.045471 0 0.7478 0 0 -0.334751 0.045471 0.9556885 0.3378251 2
006 3 83 17 0 0.412897 0.04586 0 0.7478 0 0 -0.334903 0.04586 0.9665527 0.3380283 2
006 3 83 17 0 0.412743 0.046244 0 0.7478 0 0 -0.335057 0.046244 0.9779053 0.3382332 2
006 3 83 17 0 0.412588 0.046624 0 0.7478 0 0 -0.335212 0.046624 0.9888916 0.3384389 2
006 3 83 17 0 0.412432 0.047 0 0.7478 0 0 -0.335368 0.047 1.000244 0.3386454 2
006 3 83 17 0 0.412275 0.04737 0 0.7478 0 0 -0.335525 0.04737 1.011353 0.3388524 2
006 3 83 17 0 0.412116 0.047736 0 0.7478 0 0 -0.335684 0.047736 1.022461 0.3390612 2
006 3 83 17 0 0.411957 0.048097 0 0.7478 0 0 -0.335843 0.048097 1.036743 0.3392696 2
006 3 83 17 0 0.411796 0.048453 0 0.7478 0 0 -0.336004 0.048453 1.044067 0.3394796 2
006 3 83 17 0 0.411634 0.048805 0 0.7478 0 0 -0.336166 0.048805 1.055786 0.3396903 2
006 3 83 17 0 0.41147 0.049151 0 0.7478 0 0 -0.33633 0.049151 1.066772 0.3399025 2
006 3 83 17 0 0.411306 0.049493 0 0.7478 0 0 -0.336494 0.049493 1.077637 0.3401144 2
006 3 83 17 0 0.41114 0.04983 0 0.7478 0 0 -0.33666 0.04983 1.088867 0.3403278 2
006 3 83 17 0 0.410974 0.050162 0 0.7478 0 0 -0.336826 0.050162 1.099976 0.3405407 2
006 3 83 17 0 0.410806 0.050488 0 0.7478 0 0 -0.336994 0.050488 1.111206 0.340755 2
006 3 83 17 0 0.410637 0.05081 0 0.7478 0 0 -0.337163 0.05081 1.122192 0.34097 2
006 3 83 17 0 0.410467 0.051126 0 0.7478 0 0 -0.337333 0.051126 1.133179 0.3411853 2
006 3 83 17 0 0.410296 0.051438 0 0.7478 0 0 -0.337504 0.051438 1.144653 0.3414012 2
006 3 83 17 0 0.410124 0.051744 0 0.7478 0 0 -0.337676 0.051744 1.155151 0.3416175 2
006 3 83 17 0 0.409951 0.052045 0 0.7478 0 0 -0.337849 0.052045 1.166626 0.3418342 2
006 3 83 17 0 0.409777 0.052341 0 0.7478 0 0 -0.338023 0.052341 1.178345 0.3420513 2
006 3 83 17 0 0.409602 0.052632 0 0.7478 0 0 -0.338198 0.052632 1.193115 0.3422689 2
006 3 83 17 0 0.409427 0.052917 0 0.7478 0 0 -0.338373 0.052917 1.199341 0.3424857 2
006 3 83 17 0 0.40925 0.053198 0 0.7478 0 0 -0.33855 0.053198 1.21106 0.3427041 2
006 3 83 17 0 0.409072 0.053472 0 0.7478 0 0 -0.338728 0.053472 1.222046 0.3429226 2
006 3 83 17 0 0.408893 0.053742 0 0.7478 0 0 -0.338907 0.053742 1.233154 0.3431416 2
006 3 83 17 0 0.408714 0.054006 0 0.7478 0 0 -0.339086 0.054006 1.244507 0.3433598 2
006 3 83 17 0 0.408533 0.054265 0 0.7478 0 0 -0.339267 0.054265 1.255371 0.3435794 2
006 3 83 17 0 0.408352 0.054518 0 0.7478 0 0 -0.339448 0.054518 1.266602 0.3437981 2
006 3 83 17 0 0.40817 0.054766 0 0.7478 0 0 -0.33963 0.054766 1.27771 0.3440172 2
006 3 83 17 0 0.407987 0.055008 0 0.7478 0 0 -0.339813 0.055008 1.28894 0.3442365 2
006 3 83 17 0 0.407803 0.055245 0 0.7478 0 0 -0.339997 0.055245 1.300049 0.344456 2
006 3 83 17 0 0.407618 0.055476 0 0.7478 0 0 -0.340182 0.055476 1.311157 0.3446757 2
006 3 83 17 0 0.407433 0.055702 0 0.7478 0 0 -0.340367 0.055702 1.322388 0.3448948 2
006 3 83 17 0 0.407247 0.055922 0 0.7478 0 0 -0.340553 0.055922 1.333618 0.3451139 2
006 3 83 17 0 0.40706 0.056137 0 0.7478 0 0 -0.34074 0.056137 1.348022 0.3453333 2
006 3 83 17 0 0.406873 0.056346 0 0.7478 0 0 -0.340927 0.056346 1.355347 0.3455518 2
006 3 83 17 0 0.406685 0.056549 0 0.7478 0 0 -0.341115 0.056549 1.366455 0.3457705 2
006 3 83 17 0 0.406496 0.056747 0 0.7478 0 0 -0.341304 0.056747 1.378052 0.3459893 2
006 3 83 17 0 0.406306 0.056939 0 0.7478 0 0 -0.341494 0.056939 1.388672 0.3462083 2
006 3 83 17 0 0.406116 0.057125 0 0.7478 0 0 -0.341684 0.057125 1.400146 0.3464263 2
006 3 83 17 0 0.405926 0.057306 0 0.7478 0 0 -0.341874 0.057306 1.411011 0.3466436 2
006 3 83 17 0 0.405734 0.057481 0 0.7478 0 0 -0.342066 0.057481 1.422119 0.3468619 2
006 3 83 17 0 0.405542 0.05765 0 0.7478 0 0 -0.342258 0.05765 1.433716 0.3470793 2
006 3 83 17 0 0.40535 0.057813 0 0.7478 0 0 -0.34245 0.057813 1.444336 0.3472958 2
006 3 83 17 0 0.405157 0.057971 0 0.7478 0 0 -0.342643 0.057971 1.455688 0.3475124 2
006 3 83 17 0 0.404964 0.058123 0 0.7478 0 0 -0.342836 0.058123 1.466797 0.347728 2
006 3 83 17 0 0.40477 0.058269 0 0.7478 0 0 -0.34303 0.058269 1.478027 0.3479437 2
006 3 83 17 0 0.404575 0.058409 0 0.7478 0 0 -0.343225 0.058409 1.489014 0.3481594 2
006 3 83 17 0 0.40438 0.058543 0 0.7478 0 0 -0.34342 0.058543 1.503662 0.3483742 2
006 3 83 17 0 0.404185 0.058672 0 0.7478 0 0 -0.343615 0.058672 1.510742 0.3485881 2
006 3 83 17 0 0.403989 0.058794 0 0.7478 0 0 -0.343811 0.058794 1.522217 0.3488018 2
006 3 83 17 0 0.403793 0.058911 0 0.7478 0 0 -0.344007 0.058911 1.533447 0.3490148 2
006 3 83 17 0 0.403596 0.059022 0 0.7478 0 0 -0.344204 0.059022 1.544434 0.3492277 2
006 3 83 17 0 0.403399 0.059127 0 0.7478 0 0 -0.344401 0.059127 1.555786 0.3494396 2
006 3 83 17 0 0.403202 0.059226 0 0.7478 0 0 -0.344598 0.059226 1.56665 0.3496505 2
006 3 83 17 0 0.403005 0.059319 0 0.7478 0 0 -0.344795 0.059319 1.577881 0.3498604 2
006 3 83 17 0 0.402807 0.059406 0 0.7478 0 0 -0.344993 0.059406 1.589111 0.3500703 2
006 3 83 17 0 0.402608 0.059488 0 0.7478 0 0 -0.345192 0.059488 1.599976 0.3502803 2
006 3 83 17 0 0.40241 0.059563 0 0.7478 0 0 -0.34539 0.059563 1.611328 0.3504882 2
006 3 83 17 0 0.402211 0.059632 0 0.7478 0 0 -0.345589 0.059632 1.622803 0.3506961 2
006 3 83 17 0 0.402013 0.059695 0 0.7478 0 0 -0.345787 0.059695 1.633545 0.3509019 2
006 3 83 17 0 0.401813 0.059753 0 0.7478 0 0 -0.345987 0.059753 1.644653 0.3511088 2
006 3 83 17 0 0.401614 0.059804 0 0.7478 0 0 -0.346186 0.059804 1.658691 0.3513136 2
006 3 83 17 0 0.401415 0.05985 0 0.7478 0 0 -0.346385 0.05985 1.666382 0.3515175 2
006 3 83 17 0 0.401215 0.059889 0 0.7478 0 0 -0.346585 0.059889 1.677612 0.3517213 2
006 3 83 17 0 0.401015 0.059923 0 0.7478 0 0 -0.346785 0.059923 1.689209 0.3519241 2
006 3 83 17 0 0.400816 0.05995 0 0.7478 0 0 -0.346984 0.05995 1.700073 0.3521248 2
006 3 83 17 0 0.400616 0.059972 0 0.7478 0 0 -0.347184 0.059972 1.711304 0.3523256 2
006 3 83 17 0 0.400416 0.059987 0 0.7478 0 0 -0.347384 0.059987 1.72229 0.3525253 2
006 3 83 17 0 0.400216 0.059997 0 0.7478 0 0 -0.347584 0.059997 1.733276 0.3527241 2
006 3 83 17 0 0.400016 0.06 0 0.7478 0 0 -0.347784 0.06 1.744507 0.3529217 2
006 3 83 17 0 0.399816 0.059997 0 0.7478 0 0 -0.347984 0.059997 1.755493 0.3531182 2
006 3 83 17 0 0.399616 0.059989 0 0.7478 0 0 -0.348184 0.059989 1.766602 0.353314 2
006 3 83 17 0 0.399416 0.059974 0 0.7478 0 0 -0.348384 0.059974 1.77771 0.3535085 2
006 3 83 17 0 0.399216 0.059954 0 0.7478 0 0 -0.348584 0.059954 1.788818 0.3537023 2
006 3 83 17 0 0.399016 0.059927 0 0.7478 0 0 -0.348784 0.059927 1.800049 0.3538948 2
006 3 83 17 0 0.398817 0.059895 0 0.7478 0 0 -0.348983 0.059895 1.814819 0.3540855 2
006 3 83 17 0 0.398617 0.059856 0 0.7478 0 0 -0.349183 0.059856 1.821655 0.354276 2
006 3 83 17 0 0.398418 0.059812 0 0.7478 0 0 -0.349382 0.059812 1.833374 0.3544647 2
006 3 83 17 0 0.398218 0.059761 0 0.7478 0 0 -0.349582 0.059761 1.844727 0.3546533 2
006 3 83 17 0 0.398019 0.059705 0 0.7478 0 0 -0.349781 0.059705 1.855713 0.35484 2
006 3 83 17 0 0.39782 0.059643 0 0.7478 0 0 -0.34998 0.059643 1.866577 0.3550258 2
006 3 83 17 0 0.397622 0.059574 0 0.7478 0 0 -0.350178 0.059574 1.878052 0.3552094 2
006 3 83 17 0 0.397423 0.0595 0 0.7478 0 0 -0.350377 0.0595 1.888672 0.3553931 2
006 3 83 17 0 0.397225 0.05942 0 0.7478 0 0 -0.350575 0.05942 1.900024 0.355575 2
006 3 83 17 0 0.397027 0.059333 0 0.7478 0 0 -0.350773 0.059333 1.911133 0.3557557 2
006 3 83 17 0 0.396829 0.059241 0 0.7478 0 0 -0.350971 0.059241 1.921875 0.3559356 2
006 3 83 17 0 0.396632 0.059143 0 0.7478 0 0 -0.351168 0.059143 1.933716 0.3561135 2
006 3 83 17 0 0.396435 0.059039 0 0.7478 0 0 -0.351365 0.059039 1.94458 0.3562905 2
006 3 83 17 0 0.396238 0.058929 0 0.7478 0 0 -0.351562 0.058929 1.955811 0.3564666 2
006 3 83 17 0 0.396042 0.058813 0 0.7478 0 0 -0.351758 0.058813 1.969971 0.3566408 2
006 3 83 17 0 0.395846 0.058692 0 0.7478 0 0 -0.351954 0.058692 1.977783 0.3568142 2
006 3 83 17 0 0.395651 0.058564 0 0.7478 0 0 -0.352149 0.058564 1.989136 0.3569855 2
006 3 83 17 0 0.395456 0.058431 0 0.7478 0 0 -0.352344 0.058431 2.000122 0.3571561 2
006 3 83 17 0 0.395261 0.058292 0 0.7478 0 0 -0.352539 0.058292 2.011353 0.3573257 2
006 3 83 17 0 0.395067 0.058147 0 0.7478 0 0 -0.352733 0.058147 2.022583 0.3574935 2
006 3 83 17 0 0.394874 0.057996 0 0.7478 0 0 -0.352926 0.057996 2.033691 0.3576595 2
006 3 83 17 0 0.394681 0.057839 0 0.7478 0 0 -0.353119 0.057839 2.044678 0.3578245 2
006 3 83 17 0 0.394488 0.057677 0 0.7478 0 0 -0.353312 0.057677 2.055542 0.3579888 2
006 3 83 17 0 0.394296 0.057508 0 0.7478 0 0 -0.353504 0.057508 2.067139 0.3581511 2
006 3 83 17 0 0.394105 0.057334 0 0.7478 0 0 -0.353695 0.057334 2.077881 0.3583118 2
006 3 83 17 0 0.393914 0.057155 0 0.7478 0 0 -0.353886 0.057155 2.089111 0.3584717 2
006 3 83 17 0 0.393724 0.056969 0 0.7478 0 0 -0.354076 0.056969 2.099854 0.3586297 2
006 3 83 17 0 0.393534 0.056778 0 0.7478 0 0 -0.354266 0.056778 2.11145 0.358787 2
006 3 83 17 0 0.393345 0.056581 0 0.7478 0 0 -0.354455 0.056581 2.126343 0.3589425 2
006 3 83 17 0 0.393157 0.056379 0 0.7478 0 0 -0.354643 0.056379 2.132935 0.3590964 2
006 3 83 17 0 0.392969 0.056171 0 0.7478 0 0 -0.354831 0.056171 2.144287 0.3592495 2
006 3 83 17 0 0.392783 0.055957 0 0.7478 0 0 -0.355017 0.055957 2.155762 0.3593998 2
006 3 83 17 0 0.392596 0.055738 0 0.7478 0 0 -0.355204 0.055738 2.166626 0.3595506 2
006 3 83 17 0 0.392411 0.055513 0 0.7478 0 0 -0.355389 0.055513 2.177612 0.3596985 2
006 3 83 17 0 0.392226 0.055282 0 0.7478 0 0 -0.355574 0.055282 2.188843 0.3598458 2
006 3 83 17 0 0.392042 0.055046 0 0.7478 0 0 -0.355758 0.055046 2.200439 0.3599914 2
006 3 83 17 0 0.391859 0.054805 0 0.7478 0 0 -0.355941 0.054805 2.210938 0.3601355 2
006 3 83 17 0 0.391677 0.054558 0 0.7478 0 0 -0.356123 0.054558 2.222168 0.3602779 2
006 3 83 17 0 0.391496 0.054305 0 0.7478 0 0 -0.356304 0.054305 2.233276 0.3604186 2
006 3 83 17 0 0.391315 0.054048 0 0.7478 0 0 -0.356485 0.054048 2.244507 0.3605589 2
006 3 83 17 0 0.391135 0.053784 0 0.7478 0 0 -0.356665 0.053784 2.255371 0.3606974 2
006 3 83 17 0 0.390956 0.053516 0 0.7478 0 0 -0.356844 0.053516 2.266602 0.3608346 2
006 3 83 17 0 0.390779 0.053242 0 0.7478 0 0 -0.357021 0.053242 2.280762 0.3609691 2
006 3 83 17 0 0.390602 0.052962 0 0.7478 0 0 -0.357198 0.052962 2.288818 0.361103 2
006 3 83 17 0 0.390425 0.052678 0 0.7478 0 0 -0.357375 0.052678 2.299927 0.3612366 2
006 3 83 17 0 0.39025 0.052388 0 0.7478 0 0 -0.35755 0.052388 2.311401 0.3613676 2
006 3 83 17 0 0.390076 0.052093 0 0.7478 0 0 -0.357724 0.052093 2.321899 0.3614971 2
006 3 83 17 0 0.389903 0.051793 0 0.7478 0 0 -0.357897 0.051793 2.333496 0.3616252 2
006 3 83 17 0 0.389731 0.051487 0 0.7478 0 0 -0.358069 0.051487 2.344604 0.3617517 2
006 3 83 17 0 0.38956 0.051176 0 0.7478 0 0 -0.35824 0.051176 2.355835 0.3618768 2
006 3 83 17 0 0.38939 0.050861 0 0.7478 0 0 -0.35841 0.050861 2.366943 0.3620008 2
006 3 83 17 0 0.389221 0.05054 0 0.7478 0 0 -0.358579 0.05054 2.378052 0.3621232 2
006 3 83 17 0 0.389053 0.050214 0 0.7478 0 0 -0.358747 0.050214 2.38916 0.3622442 2
006 3 83 17 0 0.388886 0.049883 0 0.7478 0 0 -0.358914 0.049883 2.399902 0.3623638 2
006 3 83 17 0 0.38872 0.049547 0 0.7478 0 0 -0.35908 0.049547 2.411255 0.3624822 2
006 3 83 17 0 0.388556 0.049206 0 0.7478 0 0 -0.359244 0.049206 2.422119 0.3625982 2
006 3 83 17 0 0.388392 0.04886 0 0.7478 0 0 -0.359408 0.04886 2.43689 0.3627139 2
006 3 83 17 0 0.38823 0.04851 0 0.7478 0 0 -0.35957 0.04851 2.444336 0.3628275 2
006 3 83 17 0 0.388069 0.048154 0 0.7478 0 0 -0.359731 0.048154 2.455688 0.3629397 2
006 3 83 17 0 0.387909 0.047794 0 0.7478 0 0 -0.359891 0.047794 2.466431 0.3630507 2
006 3 83 17 0 0.38775 0.047429 0 0.7478 0 0 -0.36005 0.047429 2.477783 0.3631605 2
006 3 83 17 0 0.387593 0.047059 0 0.7478 0 0 -0.360207 0.047059 2.489014 0.363268 2
006 3 83 17 0 0.387437 0.046684 0 0.7478 0 0 -0.360363 0.046684 2.500122 0.3633743 2
006 3 83 17 0 0.387282 0.046305 0 0.7478 0 0 -0.360518 0.046305 2.511597 0.3634795 2
006 3 83 17 0 0.387128 0.045921 0 0.7478 0 0 -0.360672 0.045921 2.522095 0.3635836 2
006 3 83 17 0 0.386975 0.045533 0 0.7478 0 0 -0.360825 0.045533 2.533325 0.3636866 2
006 3 83 17 0 0.386824 0.04514 0 0.7478 0 0 -0.360976 0.04514 2.544556 0.3637874 2
006 3 83 17 0 0.386674 0.044742 0 0.7478 0 0 -0.361126 0.044742 2.555908 0.3638871 2
006 3 83 17 0 0.386526 0.04434 0 0.7478 0 0 -0.361274 0.04434 2.567017 0.3639848 2
006 3 83 17 0 0.386379 0.043934 0 0.7478 0 0 -0.361421 0.043934 2.578003 0.3640815 2
006 3 83 17 0 0.386233 0.043523 0 0.7478 0 0 -0.361567 0.043523 2.592163 0.3641771 2
006 3 83 17 0 0.386089 0.043108 0 0.7478 0 0 -0.361711 0.043108 2.599854 0.3642707 2
006 3 83 17 0 0.385946 0.042688 0 0.7478 0 0 -0.361854 0.042688 2.611328 0.3643633 2
006 3 83 17 0 0.385804 0.042265 0 0.7478 0 0 -0.361996 0.042265 2.62207 0.364455 2
006 3 83 17 0 0.385664 0.041837 0 0.7478 0 0 -0.362136 0.041837 2.633301 0.3645447 2
006 3 83 17 0 0.385525 0.041404 0 0.7478 0 0 -0.362275 0.041404 2.644653 0.3646333 2
006 3 83 17 0 0.385388 0.040968 0 0.7478 0 0 -0.362412 0.040968 2.655396 0.3647202 2
006 3 83 17 0 0.385252 0.040528 0 0.7478 0 0 -0.362548 0.040528 2.666626 0.3648062 2
006 3 83 17 0 0.385118 0.040083 0 0.7478 0 0 -0.362682 0.040083 2.677856 0.3648902 2
006 3 83 17 0 0.384985 0.039635 0 0.7478 0 0 -0.362815 0.039635 2.688965 0.3649735 2
006 3 83 17 0 0.384854 0.039182 0 0.7478 0 0 -0.362946 0.039182 2.700073 0.3650548 2
006 3 83 17 0 0.384724 0.038726 0 0.7478 0 0 -0.363076 0.038726 2.711548 0.3651354 2
006 3 83 17 0 0.384595 0.038266 0 0.7478 0 0 -0.363205 0.038266 2.72229 0.3652152 2
006 3 83 17 0 0.384469 0.037802 0 0.7478 0 0 -0.363331 0.037802 2.733643 0.3652922 2
006 3 83 17 0 0.384343 0.037334 0 0.7478 0 0 -0.363457 0.037334 2.747925 0.3653694 2
006 3 83 17 0 0.38422 0.036862 0 0.7478 0 0 -0.36358 0.036862 2.755371 0.3654439 2
006 3 83 17 0 0.384098 0.036387 0 0.7478 0 0 -0.363702 0.036387 2.766602 0.3655176 2
006 3 83 17 0 0.383977 0.035908 0 0.7478 0 0 -0.363823 0.035908 2.777832 0.3655907 2
006 3 83 17 0 0.383858 0.035426 0 0.7478 0 0 -0.363942 0.035426 2.789063 0.3656621 2
006 3 83 17 0 0.383741 0.03494 0 0.7478 0 0 -0.364059 0.03494 2.800171 0.3657318 2
006 3 83 17 0 0.383625 0.03445 0 0.7478 0 0 -0.364175 0.03445 2.811157 0.3658008 2
006 3 83 17 0 0.383511 0.033957 0 0.7478 0 0 -0.364289 0.033957 2.82251 0.3658682 2
006 3 83 17 0 0.383399 0.033461 0 0.7478 0 0 -0.364401 0.033461 2.833496 0.365934 2
006 3 83 17 0 0.383288 0.032961 0 0.7478 0 0 -0.364512 0.032961 2.845459 0.3659992 2
006 3 83 17 0 0.383179 0.032458 0 0.7478 0 0 -0.364621 0.032458 2.855957 0.3660628 2
006 3 83 17 0 0.383072 0.031952 0 0.7478 0 0 -0.364728 0.031952 2.867188 0.3661249 2
006 3 83 17 0 0.382966 0.031443 0 0.7478 0 0 -0.364834 0.031443 2.878052 0.3661864 2
006 3 83 17 0 0.382862 0.03093 0 0.7478 0 0 -0.364938 0.03093 2.889526 0.3662464 2
006 3 83 17 0 0.38276 0.030414 0 0.7478 0 0 -0.36504 0.030414 2.90332 0.3663048 2
006 3 83 17 0 0.382659 0.029896 0 0.7478 0 0 -0.365141 0.029896 2.910889 0.3663628 2
006 3 83 17 0 0.382561 0.029374 0 0.7478 0 0 -0.365239 0.029374 2.922363 0.3664183 2
006 3 83 17 0 0.382464 0.028849 0 0.7478 0 0 -0.365336 0.028849 2.933228 0.3664733 2
006 3 83 17 0 0.382368 0.028322 0 0.7478 0 0 -0.365432 0.028322 2.94458 0.3665279 2
006 3 83 17 0 0.382275 0.027791 0 0.7478 0 0 -0.365525 0.027791 2.955566 0.3665799 2
006 3 83 17 0 0.382183 0.027258 0 0.7478 0 0 -0.365617 0.027258 2.966553 0.3666317 2
006 3 83 17 0 0.382093 0.026722 0 0.7478 0 0 -0.365707 0.026722 2.977905 0.366682 2
006 3 83 17 0 0.382005 0.026184 0 0.7478 0 0 -0.365795 0.026184 2.988892 0.3667309 2
006 3 83 17 0 0.381919 0.025643 0 0.7478 0 0 -0.365881 0.025643 3 0.3667785 2
006 3 83 17 0 0.381834 0.025099 0 0.7478 0 0 -0.365966 0.025099 3.01123 0.3668257 2
006 3 83 17 0 0.381751 0.024553 0 0.7478 0 0 -0.366049 0.024553 3.022095 0.3668715 2
006 3 83 17 0 0.38167 0.024004 0 0.7478 0 0 -0.36613 0.024004 3.033447 0.366916 2
006 3 83 17 0 0.381591 0.023453 0 0.7478 0 0 -0.366209 0.023453 3.045044 0.3669592 2
006 3 83 17 0 0.381514 0.0229 0 0.7478 0 0 -0.366286 0.0229 3.059204 0.3670011 2
006 3 83 17 0 0.381439 0.022344 0 0.7478 0 0 -0.366361 0.022344 3.06665 0.3670417 2
006 3 83 17 0 0.381365 0.021786 0 0.7478 0 0 -0.366435 0.021786 3.077637 0.3670821 2
006 3 83 17 0 0.381293 0.021226 0 0.7478 0 0 -0.366507 0.021226 3.088745 0.3671211 2
006 3 83 17 0 0.381223 0.020664 0 0.7478 0 0 -0.366577 0.020664 3.10022 0.3671589 2
006 3 83 17 0 0.381156 0.020099 0 0.7478 0 0 -0.366644 0.020099 3.111206 0.3671945 2
006 3 83 17 0 0.381089 0.019533 0 0.7478 0 0 -0.366711 0.019533 3.122192 0.3672308 2
006 3 83 17 0 0.381025 0.018965 0 0.7478 0 0 -0.366775 0.018965 3.133301 0.367265 2
006 3 83 17 0 0.380963 0.018394 0 0.7478 0 0 -0.366837 0.018394 3.144531 0.3672979 2
006 3 83 17 0 0.380903 0.017822 0 0.7478 0 0 -0.366897 0.017822 3.155518 0.3673296 2
006 3 83 17 0 0.380844 0.017249 0 0.7478 0 0 -0.366956 0.017249 3.16687 0.3673612 2
006 3 83 17 0 0.380788 0.016673 0 0.7478 0 0 -0.367012 0.016673 3.177979 0.3673905 2
006 3 83 17 0 0.380733 0.016096 0 0.7478 0 0 -0.367067 0.016096 3.188965 0.3674197 2
006 3 83 17 0 0.38068 0.015517 0 0.7478 0 0 -0.36712 0.015517 3.200562 0.3674478 2
006 3 83 17 0 0.38063 0.014937 0 0.7478 0 0 -0.36717 0.014937 3.2146 0.3674737 2
006 3 83 17 0 0.380581 0.014355 0 0.7478 0 0 -0.367219 0.014355 3.222046 0.3674994 2
006 3 83 17 0 0.380534 0.013772 0 0.7478 0 0 -0.367266 0.013772 3.233398 0.3675241 2
006 3 83 17 0 0.380489 0.013187 0 0.7478 0 0 -0.367311 0.013187 3.244507 0.3675477 2
006 3 83 17 0 0.380446 0.012601 0 0.7478 0 0 -0.367354 0.012601 3.255859 0.36757 2
006 3 83 17 0 0.380405 0.012014 0 0.7478 0 0 -0.367395 0.012014 3.266968 0.3675914 2
006 3 83 17 0 0.380366 0.011425 0 0.7478 0 0 -0.367434 0.011425 3.277832 0.3676116 2
006 3 83 17 0 0.380329 0.010836 0 0.7478 0 0 -0.367471 0.010836 3.289063 0.3676307 2
006 3 83 17 0 0.380294 0.010245 0 0.7478 0 0 -0.367506 0.010245 3.300293 0.3676488 2
006 3 83 17 0 0.380261 0.009653 0 0.7478 0 0 -0.367539 0.009653 3.311279 0.3676657 2
006 3 83 17 0 0.380229 0.009061 0 0.7478 0 0 -0.367571 0.009061 3.322266 0.3676826 2
006 3 83 17 0 0.3802 0.008467 0 0.7478 0 0 -0.3676 0.008467 3.33374 0.3676975 2
006 3 83 17 0 0.380173 0.007873 0 0.7478 0 0 -0.367627 0.007873 3.344482 0.3677113 2
006 3 83 17 0 0.380148 0.007278 0 0.7478 0 0 -0.367652 0.007278 3.355835 0.367724 2
006 3 83 17 0 0.380124 0.006682 0 0.7478 0 0 -0.367676 0.006682 3.370361 0.3677367 2
006 3 83 17 0 0.380103 0.006085 0 0.7478 0 0 -0.367697 0.006085 3.377686 0.3677473 2
006 3 83 17 0 0.380084 0.005488 0 0.7478 0 0 -0.367716 0.005488 3.388916 0.3677569 2
006 3 83 17 0 0.380067 0.00489 0 0.7478 0 0 -0.367733 0.00489 3.400269 0.3677655 2
006 3 83 17 0 0.380051 0.004292 0 0.7478 0 0 -0.367749 0.004292 3.411377 0.367774 2
006 3 83 17 0 0.380038 0.003693 0 0.7478 0 0 -0.367762 0.003693 3.422241 0.3677805 2
006 3 83 17 0 0.380027 0.003094 0 0.7478 0 0 -0.367773 0.003094 3.433838 0.367786 2
006 3 83 17 0 0.380017 0.002495 0 0.7478 0 0 -0.367783 0.002495 3.44458 0.3677914 2
006 3 83 17 0 0.38001 0.001895 0 0.7478 0 0 -0.36779 0.001895 3.455933 0.3677949 2
006 3 83 17 0 0.380005 0.001295 0 0.7478 0 0 -0.367795 0.001295 3.467041 0.3677973 2
006 3 83 17 0 0.380001 0.000696 0 0.7478 0 0 -0.367799 0.000696 3.478027 0.3677996 2
006 3 83 17 0 0.38 9.6E-05 0 0.7478 0 0 -0.3678 9.6E-05 3.489014 0.3678 2
006 3 83 17 0 0.380001 -0.000504 0 0.7478 0 0 -0.367799 -0.000504 3.500122 0.3677993 2
006 3 83 17 0 0.380003 -0.001104 0 0.7478 0 0 -0.367797 -0.001104 3.511597 0.3677987 2
006 3 83 17 0 0.380008 -0.001704 0 0.7478 0 0 -0.367792 -0.001704 3.526001 0.3677959 2
006 3 83 17 0 0.380015 -0.002304 0 0.7478 0 0 -0.367785 -0.002304 3.533325 0.3677922 2
006 3 83 17 0 0.380023 -0.002903 0 0.7478 0 0 -0.367777 -0.002903 3.544678 0.3677885 2
006 3 83 17 0 0.380034 -0.003502 0 0.7478 0 0 -0.367766 -0.003502 3.555664 0.3677827 2
006 3 83 17 0 0.380047 -0.004101 0 0.7478 0 0 -0.367753 -0.004101 3.566895 0.3677759 2
006 3 83 17 0 0.380061 -0.0047 0 0.7478 0 0 -0.367739 -0.0047 3.577759 0.367769 2
006 3 83 17 0 0.380078 -0.005298 0 0.7478 0 0 -0.367722 -0.005298 3.588867 0.3677601 2
006 3 83 17 0 0.380097 -0.005895 0 0.7478 0 0 -0.367703 -0.005895 3.600098 0.3677503 2
006 3 83 17 0 0.380117 -0.006492 0 0.7478 0 0 -0.367683 -0.006492 3.611206 0.3677403 2
006 3 83 17 0 0.38014 -0.007088 0 0.7478 0 0 -0.36766 -0.007088 3.622559 0.3677283 2
006 3 83 17 0 0.380165 -0.007683 0 0.7478 0 0 -0.367635 -0.007683 3.633423 0.3677152 2
006 3 83 17 0 0.380191 -0.008278 0 0.7478 0 0 -0.367609 -0.008278 3.644653 0.3677022 2
006 3 83 17 0 0.38022 -0.008872 0 0.7478 0 0 -0.36758 -0.008872 3.656006 0.367687 2
006 3 83 17 0 0.38025 -0.009465 0 0.7478 0 0 -0.36755 -0.009465 3.666992 0.3676718 2
006 3 83 17 0 0.380283 -0.010057 0 0.7478 0 0 -0.367517 -0.010057 3.681641 0.3676546 2
006 3 83 17 0 0.380317 -0.010648 0 0.7478 0 0 -0.367483 -0.010648 3.688599 0.3676372 2
006 3 83 17 0 0.380354 -0.011238 0 0.7478 0 0 -0.367446 -0.011238 3.700073 0.3676178 2
006 3 83 17 0 0.380392 -0.011826 0 0.7478 0 0 -0.367408 -0.011826 3.711304 0.3675983 2
006 3 83 17 0 0.380433 -0.012414 0 0.7478 0 0 -0.367367 -0.012414 3.722168 0.3675767 2
006 3 83 17 0 0.380475 -0.013001 0 0.7478 0 0 -0.367325 -0.013001 3.733765 0.367555 2
006 3 83 17 0 0.380519 -0.013586 0 0.7478 0 0 -0.367281 -0.013586 3.744873 0.3675322 2
006 3 83 17 0 0.380566 -0.014169 0 0.7478 0 0 -0.367234 -0.014169 3.755615 0.3675072 2
006 3 83 17 0 0.380614 -0.014752 0 0.7478 0 0 -0.367186 -0.014752 3.76709 0.3674822 2
006 3 83 17 0 0.380664 -0.015332 0 0.7478 0 0 -0.367136 -0.015332 3.77771 0.367456 2
006 3 83 17 0 0.380716 -0.015912 0 0.7478 0 0 -0.367084 -0.015912 3.789063 0.3674287 2
006 3 83 17 0 0.38077 -0.016489 0 0.7478 0 0 -0.36703 -0.016489 3.800171 0.3674002 2
006 3 83 17 0 0.380826 -0.017066 0 0.7478 0 0 -0.366974 -0.017066 3.811401 0.3673706 2
006 3 83 17 0 0.380884 -0.01764 0 0.7478 0 0 -0.366916 -0.01764 3.82251 0.3673398 2
006 3 83 17 0 0.380944 -0.018212 0 0.7478 0 0 -0.366856 -0.018212 3.836792 0.3673078 2
006 3 83 17 0 0.381005 -0.018783 0 0.7478 0 0 -0.366795 -0.018783 3.844482 0.3672756 2
006 3 83 17 0 0.381069 -0.019352 0 0.7478 0 0 -0.366731 -0.019352 3.855591 0.3672412 2
006 3 83 17 0 0.381134 -0.019919 0 0.7478 0 0 -0.366666 -0.019919 3.866699 0.3672066 2
006 3 83 17 0 0.381202 -0.020484 0 0.7478 0 0 -0.366598 -0.020484 3.877808 0.3671698 2
006 3 83 17 0 0.381271 -0.021047 0 0.7478 0 0 -0.366529 -0.021047 3.889038 0.3671328 2
006 3 83 17 0 0.381342 -0.021608 0 0.7478 0 0 -0.366458 -0.021608 3.900146 0.3670945 2
006 3 83 17 0 0.381415 -0.022166 0 0.7478 0 0 -0.366385 -0.022166 3.911865 0.3670549 2
006 3 83 17 0 0.38149 -0.022723 0 0.7478 0 0 -0.36631 -0.022723 3.922607 0.3670141 2
006 3 83 17 0 0.381566 -0.023277 0 0.7478 0 0 -0.366234 -0.023277 3.933594 0.366973 2
006 3 83 17 0 0.381645 -0.023829 0 0.7478 0 0 -0.366155 -0.023829 3.944702 0.3669296 2
006 3 83 17 0 0.381725 -0.024378 0 0.7478 0 0 -0.366075 -0.024378 3.955688 0.3668858 2
006 3 83 17 0 0.381807 -0.024925 0 0.7478 0 0 -0.365993 -0.024925 3.966675 0.3668407 2
006 3 83 17 0 0.381891 -0.02547 0 0.7478 0 0 -0.365909 -0.02547 3.978394 0.3667943 2
006 3 83 17 0 0.381977 -0.026012 0 0.7478 0 0 -0.365823 -0.026012 3.992676 0.3667466 2
006 3 83 17 0 0.382065 -0.026551 0 0.7478 0 0 -0.365735 -0.026551 4 0.3666975 2
006 3 83 17 0 0.382154 -0.027088 0 0.7478 0 0 -0.365646 -0.027088 4.01123 0.366648 2
006 3 83 17 0 0.382245 -0.027622 0 0.7478 0 0 -0.365555 -0.027622 4.023071 0.3665971 2
006 3 83 17 0 0.382338 -0.028153 0 0.7478 0 0 -0.365462 -0.028153 4.034058 0.3665448 2
006 3 83 17 0 0.382433 -0.028682 0 0.7478 0 0 -0.365367 -0.028682 4.045166 0.366491 2
006 3 83 17 0 0.38253 -0.029207 0 0.7478 0 0 -0.36527 -0.029207 4.055786 0.3664358 2
006 3 83 17 0 0.382628 -0.02973 0 0.7478 0 0 -0.365172 -0.02973 4.067017 0.3663802 2
006 3 83 17 0 0.382728 -0.03025 0 0.7478 0 0 -0.365072 -0.03025 4.077759 0.3663231 2
006 3 83 17 0 0.382829 -0.030766 0 0.7478 0 0 -0.364971 -0.030766 4.088989 0.3662654 2
006 3 83 17 0 0.382933 -0.03128 0 0.7478 0 0 -0.364867 -0.03128 4.100342 0.3662053 2
006 3 83 17 0 0.383038 -0.03179 0 0.7478 0 0 -0.364762 -0.03179 4.111572 0.3661447 2
006 3 83 17 0 0.383145 -0.032297 0 0.7478 0 0 -0.364655 -0.032297 4.122314 0.3660824 2
006 3 83 17 0 0.383253 -0.032801 0 0.7478 0 0 -0.364547 -0.032801 4.133789 0.3660197 2
006 3 83 17 0 0.383363 -0.033302 0 0.7478 0 0 -0.364437 -0.033302 4.148193 0.3659554 2
006 3 83 17 0 0.383475 -0.0338 0 0.7478 0 0 -0.364325 -0.0338 4.155396 0.3658895 2
006 3 83 17 0 0.383589 -0.034294 0 0.7478 0 0 -0.364211 -0.034294 4.167114 0.365822 2
006 3 83 17 0 0.383704 -0.034784 0 0.7478 0 0 -0.364096 -0.034784 4.178101 0.3657538 2
006 3 83 17 0 0.383821 -0.035271 0 0.7478 0 0 -0.363979 -0.035271 4.189087 0.3656839 2
006 3 83 17 0 0.383939 -0.035755 0 0.7478 0 0 -0.363861 -0.035755 4.200317 0.3656135 2
006 3 83 17 0 0.384059 -0.036235 0 0.7478 0 0 -0.363741 -0.036235 4.211426 0.3655413 2
006 3 83 17 0 0.384181 -0.036711 0 0.7478 0 0 -0.363619 -0.036711 4.22229 0.3654675 2
006 3 83 17 0 0.384304 -0.037184 0 0.7478 0 0 -0.363496 -0.037184 4.233765 0.3653929 2
006 3 83 17 0 0.384429 -0.037653 0 0.7478 0 0 -0.363371 -0.037653 4.244629 0.3653166 2
006 3 83 17 0 0.384555 -0.038118 0 0.7478 0 0 -0.363245 -0.038118 4.255493 0.3652395 2
006 3 83 17 0 0.384683 -0.03858 0 0.7478 0 0 -0.363117 -0.03858 4.26709 0.3651607 2
006 3 83 17 0 0.384812 -0.039038 0 0.7478 0 0 -0.362988 -0.039038 4.27832 0.3650812 2
006 3 83 17 0 0.384943 -0.039491 0 0.7478 0 0 -0.362857 -0.039491 4.289429 0.3649996 2
006 3 83 17 0 0.385075 -0.039941 0 0.7478 0 0 -0.362725 -0.039941 4.303345 0.3649174 2
006 3 83 17 0 0.385209 -0.040387 0 0.7478 0 0 -0.362591 -0.040387 4.311279 0.3648333 2
006 3 83 17 0 0.385345 -0.040828 0 0.7478 0 0 -0.362455 -0.040828 4.322632 0.3647472 2
006 3 83 17 0 0.385481 -0.041266 0 0.7478 0 0 -0.362319 -0.041266 4.333496 0.3646614 2
006 3 83 17 0 0.38562 -0.041699 0 0.7478 0 0 -0.36218 -0.041699 4.344971 0.3645726 2
006 3 83 17 0 0.385759 -0.042129 0 0.7478 0 0 -0.362041 -0.042129 4.355835 0.3644839 2
006 3 83 17 0 0.3859 -0.042554 0 0.7478 0 0 -0.3619 -0.042554 4.367065 0.3643932 2
006 3 83 17 0 0.386043 -0.042975 0 0.7478 0 0 -0.361757 -0.042975 4.378296 0.3643006 2
006 3 83 17 0 0.386187 -0.043391 0 0.7478 0 0 -0.361613 -0.043391 4.38916 0.364207 2
006 3 83 17 0 0.386332 -0.043804 0 0.7478 0 0 -0.361468 -0.043804 4.400024 0.3641125 2
006 3 83 17 0 0.386479 -0.044211 0 0.7478 0 0 -0.361321 -0.044211 4.411621 0.3640157 2
006 3 83 17 0 0.386627 -0.044615 0 0.7478 0 0 -0.361173 -0.044615 4.422485 0.3639181 2
006 3 83 17 0 0.386776 -0.045014 0 0.7478 0 0 -0.361024 -0.045014 4.433594 0.3638195 2
006 3 83 17 0 0.386927 -0.045408 0 0.7478 0 0 -0.360873 -0.045408 4.444946 0.3637186 2
006 3 83 17 0 0.387079 -0.045798 0 0.7478 0 0 -0.360721 -0.045798 4.459229 0.3636167 2
006 3 83 17 0 0.387232 -0.046183 0 0.7478 0 0 -0.360568 -0.046183 4.466675 0.3635136 2
006 3 83 17 0 0.387387 -0.046564 0 0.7478 0 0 -0.360413 -0.046564 4.478027 0.3634085 2
006 3 83 17 0 0.387543 -0.04694 0 0.7478 0 0 -0.360257 -0.04694 4.48938 0.3633022 2
006 3 83 17 0 0.3877 -0.047312 0 0.7478 0 0 -0.3601 -0.047312 4.500244 0.3631947 2
006 3 83 17 0 0.387858 -0.047678 0 0.7478 0 0 -0.359942 -0.047678 4.511353 0.363086 2
006 3 83 17 0 0.388018 -0.04804 0 0.7478 0 0 -0.359782 -0.04804 4.522583 0.3629751 2
006 3 83 17 0 0.388179 -0.048397 0 0.7478 0 0 -0.359621 -0.048397 4.533691 0.3628629 2
006 3 83 17 0 0.38834 -0.048749 0 0.7478 0 0 -0.35946 -0.048749 4.5448 0.3627505 2
006 3 83 17 0 0.388504 -0.049097 0 0.7478 0 0 -0.359296 -0.049097 4.556152 0.362635 2
006 3 83 17 0 0.388668 -0.049439 0 0.7478 0 0 -0.359132 -0.049439 4.567261 0.362519 2
006 3 83 17 0 0.388833 -0.049777 0 0.7478 0 0 -0.358967 -0.049777 4.578003 0.3624018 2
006 3 83 17 0 0.389 -0.050109 0 0.7478 0 0 -0.3588 -0.050109 4.588867 0.3622822 2
006 3 83 17 0 0.389167 -0.050437 0 0.7478 0 0 -0.358633 -0.050437 4.600098 0.3621623 2
006 3 83 17 0 0.389336 -0.050759 0 0.7478 0 0 -0.358464 -0.050759 4.61499 0.3620399 2
006 3 83 17 0 0.389506 -0.051076 0 0.7478 0 0 -0.358294 -0.051076 4.622192 0.3619162 2
006 3 83 17 0 0.389676 -0.051389 0 0.7478 0 0 -0.358124 -0.051389 4.633911 0.3617922 2
006 3 83 17 0 0.389848 -0.051696 0 0.7478 0 0 -0.357952 -0.051696 4.644775 0.3616658 2
006 3 83 17 0 0.390021 -0.051998 0 0.7478 0 0 -0.357779 -0.051998 4.655884 0.3615378 2
006 3 83 17 0 0.390195 -0.052295 0 0.7478 0 0 -0.357605 -0.052295 4.666992 0.3614085 2
006 3 83 17 0 0.39037 -0.052586 0 0.7478 0 0 -0.35743 -0.052586 4.677979 0.3612776 2
006 3 83 17 0 0.390545 -0.052872 0 0.7478 0 0 -0.357255 -0.052872 4.688965 0.3611462 2
006 3 83 17 0 0.390722 -0.053153 0 0.7478 0 0 -0.357078 -0.053153 4.700073 0.3610124 2
006 3 83 17 0 0.3909 -0.053429 0 0.7478 0 0 -0.3569 -0.053429 4.711304 0.360877 2
006 3 83 17 0 0.391078 -0.053699 0 0.7478 0 0 -0.356722 -0.053699 4.722412 0.3607411 2
006 3 83 17 0 0.391258 -0.053964 0 0.7478 0 0 -0.356542 -0.053964 4.733521 0.3606027 2
006 3 83 17 0 0.391438 -0.054224 0 0.7478 0 0 -0.356362 -0.054224 4.744995 0.3604637 2
006 3 83 17 0 0.391619 -0.054478 0 0.7478 0 0 -0.356181 -0.054478 4.755981 0.3603231 2
006 3 83 17 0 0.391801 -0.054727 0 0.7478 0 0 -0.355999 -0.054727 4.770142 0.360181 2
006 3 83 17 0 0.391984 -0.05497 0 0.7478 0 0 -0.355816 -0.05497 4.777588 0.3600371 2
006 3 83 17 0 0.392168 -0.055208 0 0.7478 0 0 -0.355632 -0.055208 4.789185 0.3598917 2
006 3 83 17 0 0.392352 -0.05544 0 0.7478 0 0 -0.355448 -0.05544 4.799927 0.3597455 2
006 3 83 17 0 0.392537 -0.055667 0 0.7478 0 0 -0.355263 -0.055667 4.811157 0.3595978 2
006 3 83 17 0 0.392723 -0.055888 0 0.7478 0 0 -0.355077 -0.055888 4.82251 0.3594484 2
006 3 83 17 0 0.39291 -0.056103 0 0.7478 0 0 -0.35489 -0.056103 4.834106 0.3592972 2
006 3 83 17 0 0.393097 -0.056313 0 0.7478 0 0 -0.354703 -0.056313 4.844971 0.3591453 2
006 3 83 17 0 0.393285 -0.056517 0 0.7478 0 0 -0.354515 -0.056517 4.855713 0.3589917 2
006 3 83 17 0 0.393474 -0.056716 0 0.7478 0 0 -0.354326 -0.056716 4.866943 0.3588364 2
006 3 83 17 0 0.393663 -0.056909 0 0.7478 0 0 -0.354137 -0.056909 4.878174 0.3586804 2
006 3 83 17 0 0.393853 -0.057096 0 0.7478 0 0 -0.353947 -0.057096 4.88916 0.3585225 2
006 3 83 17 0 0.394044 -0.057278 0 0.7478 0 0 -0.353756 -0.057278 4.900391 0.358363 2
006 3 83 17 0 0.394235 -0.057453 0 0.7478 0 0 -0.353565 -0.057453 4.911743 0.3582025 2
006 3 83 17 0 0.394427 -0.057624 0 0.7478 0 0 -0.353373 -0.057624 4.925903 0.3580405 2
006 3 83 17 0 0.394619 -0.057788 0 0.7478 0 0 -0.353181 -0.057788 4.93335 0.3578774 2
006 3 83 17 0 0.394812 -0.057946 0 0.7478 0 0 -0.352988 -0.057946 4.944702 0.3577125 2
006 3 83 17 0 0.395006 -0.058099 0 0.7478 0 0 -0.352794 -0.058099 4.955933 0.3575459 2
006 3 83 17 0 0.3952 -0.058246 0 0.7478 0 0 -0.3526 -0.058246 4.967407 0.3573784 2
006 3 83 17 0 0.395394 -0.058387 0 0.7478 0 0 -0.352406 -0.058387 4.978149 0.3572101 2
006 3 83 17 0 0.395589 -0.058522 0 0.7478 0 0 -0.352211 -0.058522 4.98938 0.3570398 2
006 3 83 17 0 0.395784 -0.058652 0 0.7478 0 0 -0.352016 -0.058652 5.000366 0.3568687 2
006 3 83 17 0 0.39598 -0.058775 0 0.7478 0 0 -0.35182 -0.058775 5.011475 0.3566957 2
006 3 83 17 0 0.396176 -0.058893 0 0.7478 0 0 -0.351624 -0.058893 5.022095 0.3565218 2
006 3 83 17 0 0.396372 -0.059005 0 0.7478 0 0 -0.351428 -0.059005 5.033691 0.356347 2
006 3 83 17 0 0.396569 -0.059111 0 0.7478 0 0 -0.351231 -0.059111 5.044922 0.3561703 2
006 3 83 17 0 0.396766 -0.059211 0 0.7478 0 0 -0.351034 -0.059211 5.056152 0.3559927 2
006 3 83 17 0 0.396964 -0.059305 0 0.7478 0 0 -0.350836 -0.059305 5.067139 0.3558131 2
006 3 83 17 0 0.397162 -0.059393 0 0.7478 0 0 -0.350638 -0.059393 5.081787 0.3556325 2
006 3 83 17 0 0.39736 -0.059475 0 0.7478 0 0 -0.35044 -0.059475 5.088867 0.3554511 2
006 3 83 17 0 0.397558 -0.059551 0 0.7478 0 0 -0.350242 -0.059551 5.100342 0.3552686 2
006 3 83 17 0 0.397757 -0.059621 0 0.7478 0 0 -0.350043 -0.059621 5.111328 0.3550842 2
006 3 83 17 0 0.397956 -0.059686 0 0.7478 0 0 -0.349844 -0.059686 5.122803 0.3548989 2
006 3 83 17 0 0.398155 -0.059744 0 0.7478 0 0 -0.349645 -0.059744 5.133545 0.3547125 2
006 3 83 17 0 0.398354 -0.059796 0 0.7478 0 0 -0.349446 -0.059796 5.14502 0.3545251 2
006 3 83 17 0 0.398553 -0.059843 0 0.7478 0 0 -0.349247 -0.059843 5.155762 0.3543369 2
006 3 83 17 0 0.398753 -0.059883 0 0.7478 0 0 -0.349047 -0.059883 5.167236 0.3541465 2
006 3 83 17 0 0.398953 -0.059918 0 0.7478 0 0 -0.348847 -0.059918 5.178223 0.3539553 2
006 3 83 17 0 0.399152 -0.059946 0 0.7478 0 0 -0.348648 -0.059946 5.188965 0.353764 2
006 3 83 17 0 0.399352 -0.059969 0 0.7478 0 0 -0.348448 -0.059969 5.200439 0.3535708 2
006 3 83 17 0 0.399552 -0.059985 0 0.7478 0 0 -0.348248 -0.059985 5.211304 0.3533764 2
006 3 83 17 0 0.399752 -0.059995 0 0.7478 0 0 -0.348048 -0.059995 5.222778 0.353181 2
006 3 83 17 0 0.399952 -0.06 0 0.7478 0 0 -0.347848 -0.06 5.236938 0.3529847 2
006 3 83 17 0 0.400152 -0.059998 0 0.7478 0 0 -0.347648 -0.059998 5.244629 0.3527873 2
006 3 83 17 0 0.400352 -0.059991 0 0.7478 0 0 -0.347448 -0.059991 5.255737 0.352589 2
006 3 83 17 0 0.400552 -0.059977 0 0.7478 0 0 -0.347248 -0.059977 5.26709 0.3523896 2
006 3 83 17 0 0.400752 -0.059958 0 0.7478 0 0 -0.347048 -0.059958 5.278687 0.3521892 2
006 3 83 17 0 0.400952 -0.059932 0 0.7478 0 0 -0.346848 -0.059932 5.289063 0.3519877 2
006 3 83 17 0 0.401152 -0.0599 0 0.7478 0 0 -0.346648 -0.0599 5.300537 0.3517852 2
006 3 83 17 0 0.401351 -0.059863 0 0.7478 0 0 -0.346449 -0.059863 5.311279 0.3515828 2
006 3 83 17 0 0.401551 -0.059819 0 0.7478 0 0 -0.346249 -0.059819 5.322754 0.3513782 2
006 3 83 17 0 0.40175 -0.05977 0 0.7478 0 0 -0.34605 -0.05977 5.333984 0.3511738 2
006 3 83 17 0 0.401949 -0.059714 0 0.7478 0 0 -0.345851 -0.059714 5.345947 0.3509682 2
006 3 83 17 0 0.402148 -0.059653 0 0.7478 0 0 -0.345652 -0.059653 5.355957 0.3507617 2
006 3 83 17 0 0.402347 -0.059586 0 0.7478 0 0 -0.345453 -0.059586 5.366943 0.3505542 2
006 3 83 17 0 0.402545 -0.059512 0 0.7478 0 0 -0.345255 -0.059512 5.378174 0.3503465 2
006 3 83 17 0 0.402744 -0.059433 0 0.7478 0 0 -0.345056 -0.059433 5.3927 0.350137 2
006 3 83 17 0 0.402942 -0.059348 0 0.7478 0 0 -0.344858 -0.059348 5.400146 0.3499275 2
006 3 83 17 0 0.403139 -0.059256 0 0.7478 0 0 -0.344661 -0.059256 5.411621 0.3497177 2
006 3 83 17 0 0.403337 -0.059159 0 0.7478 0 0 -0.344463 -0.059159 5.422485 0.3495061 2
006 3 83 17 0 0.403534 -0.059056 0 0.7478 0 0 -0.344266 -0.059056 5.434082 0.3492945 2
006 3 83 17 0 0.40373 -0.058947 0 0.7478 0 0 -0.34407 -0.058947 5.445068 0.3490829 2
006 3 83 17 0 0.403927 -0.058832 0 0.7478 0 0 -0.343873 -0.058832 5.455933 0.3488694 2
006 3 83 17 0 0.404122 -0.058712 0 0.7478 0 0 -0.343678 -0.058712 5.466919 0.348657 2
006 3 83 17 0 0.404318 -0.058585 0 0.7478 0 0 -0.343482 -0.058585 5.478027 0.3484423 2
006 3 83 17 0 0.404513 -0.058452 0 0.7478 0 0 -0.343287 -0.058452 5.489258 0.3482278 2
006 3 83 17 0 0.404708 -0.058314 0 0.7478 0 0 -0.343092 -0.058314 5.500488 0.3480124 2
006 3 83 17 0 0.404902 -0.05817 0 0.7478 0 0 -0.342898 -0.05817 5.511597 0.347797 2
006 3 83 17 0 0.405095 -0.05802 0 0.7478 0 0 -0.342705 -0.05802 5.522217 0.3475817 2
006 3 83 17 0 0.405289 -0.057864 0 0.7478 0 0 -0.342511 -0.057864 5.533813 0.3473644 2
006 3 83 17 0 0.405481 -0.057703 0 0.7478 0 0 -0.342319 -0.057703 5.548218 0.3471483 2
006 3 83 17 0 0.405673 -0.057535 0 0.7478 0 0 -0.342127 -0.057535 5.555908 0.346931 2
006 3 83 17 0 0.405865 -0.057362 0 0.7478 0 0 -0.341935 -0.057362 5.567017 0.346713 2
006 3 83 17 0 0.406056 -0.057184 0 0.7478 0 0 -0.341744 -0.057184 5.578369 0.3464952 2
006 3 83 17 0 0.406246 -0.056999 0 0.7478 0 0 -0.341554 -0.056999 5.589111 0.3462774 2
006 3 83 17 0 0.406436 -0.056809 0 0.7478 0 0 -0.341364 -0.056809 5.60022 0.3460587 2
006 3 83 17 0 0.406625 -0.056613 0 0.7478 0 0 -0.341175 -0.056613 5.61145 0.3458402 2
006 3 83 17 0 0.406813 -0.056411 0 0.7478 0 0 -0.340987 -0.056411 5.622681 0.3456216 2
006 3 83 17 0 0.407001 -0.056204 0 0.7478 0 0 -0.340799 -0.056204 5.633789 0.3454024 2
006 3 83 17 0 0.407188 -0.055991 0 0.7478 0 0 -0.340612 -0.055991 5.644775 0.3451833 2
006 3 83 17 0 0.407374 -0.055773 0 0.7478 0 0 -0.340426 -0.055773 5.65564 0.3449645 2
006 3 83 17 0 0.40756 -0.055549 0 0.7478 0 0 -0.34024 -0.055549 5.66687 0.3447448 2
006 3 83 17 0 0.407744 -0.055319 0 0.7478 0 0 -0.340056 -0.055319 5.678223 0.3445261 2
006 3 83 17 0 0.407928 -0.055084 0 0.7478 0 0 -0.339872 -0.055084 5.689575 0.3443069 2
006 3 83 17 0 0.408112 -0.054844 0 0.7478 0 0 -0.339688 -0.054844 5.703491 0.3440869 2
006 3 83 17 0 0.408294 -0.054598 0 0.7478 0 0 -0.339506 -0.054598 5.711182 0.3438681 2
006 3 83 17 0 0.408476 -0.054346 0 0.7478 0 0 -0.339324 -0.054346 5.722412 0.3436485 2
006 3 83 17 0 0.408656 -0.054089 0 0.7478 0 0 -0.339144 -0.054089 5.733643 0.3434302 2
006 3 83 17 0 0.408836 -0.053827 0 0.7478 0 0 -0.338964 -0.053827 5.746704 0.3432112 2
006 3 83 17 0 0.409015 -0.053559 0 0.7478 0 0 -0.338785 -0.053559 5.755859 0.3429925 2
006 3 83 17 0 0.409193 -0.053286 0 0.7478 0 0 -0.338607 -0.053286 5.767212 0.3427741 2
006 3 83 17 0 0.40937 -0.053007 0 0.7478 0 0 -0.33843 -0.053007 5.778076 0.342556 2
006 3 83 17 0 0.409547 -0.052724 0 0.7478 0 0 -0.338253 -0.052724 5.789185 0.3423374 2
006 3 83 17 0 0.409722 -0.052434 0 0.7478 0 0 -0.338078 -0.052434 5.800293 0.3421199 2
006 3 83 17 0 0.409896 -0.05214 0 0.7478 0 0 -0.337904 -0.05214 5.811523 0.341903 2
006 3 83 17 0 0.410069 -0.051841 0 0.7478 0 0 -0.337731 -0.051841 5.822632 0.3416865 2
006 3 83 17 0 0.410242 -0.051536 0 0.7478 0 0 -0.337558 -0.051536 5.833618 0.3414694 2
006 3 83 17 0 0.410413 -0.051226 0 0.7478 0 0 -0.337387 -0.051226 5.845093 0.3412537 2
006 3 83 17 0 0.410583 -0.050911 0 0.7478 0 0 -0.337217 -0.050911 5.859131 0.3410384 2
006 3 83 17 0 0.410752 -0.050591 0 0.7478 0 0 -0.337048 -0.050591 5.866699 0.3408237 2
006 3 83 17 0 0.41092 -0.050266 0 0.7478 0 0 -0.33688 -0.050266 5.87793 0.3406095 2
006 3 83 17 0 0.411087 -0.049936 0 0.7478 0 0 -0.336713 -0.049936 5.889282 0.3403957 2
006 3 83 17 0 0.411253 -0.049601 0 0.7478 0 0 -0.336547 -0.049601 5.900513 0.3401825 2
006 3 83 17 0 0.411418 -0.049261 0 0.7478 0 0 -0.336382 -0.049261 5.911377 0.3399698 2
006 3 83 17 0 0.411582 -0.048916 0 0.7478 0 0 -0.336218 -0.048916 5.922974 0.3397577 2
006 3 83 17 0 0.411744 -0.048566 0 0.7478 0 0 -0.336056 -0.048566 5.934204 0.3395472 2
006 3 83 17 0 0.411906 -0.048211 0 0.7478 0 0 -0.335894 -0.048211 5.944946 0.3393362 2
006 3 83 17 0 0.412066 -0.047852 0 0.7478 0 0 -0.335734 -0.047852 5.955811 0.339127 2
006 3 83 17 0 0.412225 -0.047487 0 0.7478 0 0 -0.335575 -0.047487 5.966675 0.3389183 2
006 3 83 17 0 0.412382 -0.047118 0 0.7478 0 0 -0.335418 -0.047118 5.978149 0.3387113 2
006 3 83 17 0 0.412539 -0.046744 0 0.7478 0 0 -0.335261 -0.046744 5.989136 0.338504 2
006 3 83 17 0 0.412694 -0.046366 0 0.7478 0 0 -0.335106 -0.046366 6.00061 0.3382984 2
006 3 83 17 0 0.412848 -0.045983 0 0.7478 0 0 -0.334952 -0.045983 6.014771 0.3380936 2
006 3 83 17 0 0.413 -0.045595 0 0.7478 0 0 -0.3348 -0.045595 6.022217 0.3378904 2
006 3 83 17 0 0.413152 -0.045203 0 0.7478 0 0 -0.334648 -0.045203 6.034058 0.3376871 2
006 3 83 17 0 0.413302 -0.044806 0 0.7478 0 0 -0.334498 -0.044806 6.045044 0.3374855 2
006 3 83 17 0 0.41345 -0.044405 0 0.7478 0 0 -0.33435 -0.044405 6.05603 0.3372858 2
006 3 83 17 0 0.413598 -0.043999 0 0.7478 0 0 -0.334202 -0.043999 6.067017 0.3370859 2
006 3 83 17 0 0.413744 -0.043589 0 0.7478 0 0 -0.334056 -0.043589 6.078247 0.3368878 2
006 3 83 17 0 0.413888 -0.043174 0 0.7478 0 0 -0.333912 -0.043174 6.089233 0.3366916 2
006 3 83 17 0 0.414032 -0.042755 0 0.7478 0 0 -0.333768 -0.042755 6.100342 0.3364953 2
006 3 83 17 0 0.414173 -0.042332 0 0.7478 0 0 -0.333627 -0.042332 6.11145 0.3363019 2
006 3 83 17 0 0.414314 -0.041905 0 0.7478 0 0 -0.333486 -0.041905 6.122925 0.3361085 2
006 3 83 17 0 0.414453 -0.041474 0 0.7478 0 0 -0.333347 -0.041474 6.133911 0.3359171 2
006 3 83 17 0 0.41459 -0.041038 0 0.7478 0 0 -0.33321 -0.041038 6.145264 0.3357276 2
006 3 83 17 0 0.414726 -0.040598 0 0.7478 0 0 -0.333074 -0.040598 6.156494 0.3355391 2
006 3 83 17 0 0.414861 -0.040154 0 0.7478 0 0 -0.332939 -0.040154 6.170532 0.3353516 2
006 3 83 17 0 0.414994 -0.039707 0 0.7478 0 0 -0.332806 -0.039707 6.178101 0.3351663 2
006 3 83 17 0 0.415126 -0.039255 0 0.7478 0 0 -0.332674 -0.039255 6.189331 0.334982 2
006 3 83 17 0 0.415256 -0.038799 0 0.7478 0 0 -0.332544 -0.038799 6.200195 0.3347997 2
006 3 83 17 0 0.415384 -0.038339 0 0.7478 0 0 -0.332416 -0.038339 6.211304 0.3346196 2
006 3 83 17 0 0.415511 -0.037876 0 0.7478 0 0 -0.332289 -0.037876 6.222412 0.3344407 2
006 3 83 17 0 0.415637 -0.037409 0 0.7478 0 0 -0.332163 -0.037409 6.233887 0.3342629 2
006 3 83 17 0 0.415761 -0.036938 0 0.7478 0 0 -0.332039 -0.036938 6.244873 0.3340873 2
006 3 83 17 0 0.415883 -0.036463 0 0.7478 0 0 -0.331917 -0.036463 6.255981 0.3339138 2
006 3 83 17 0 0.416004 -0.035985 0 0.7478 0 0 -0.331796 -0.035985 6.26709 0.3337417 2
006 3 83 17 0 0.416123 -0.035503 0 0.7478 0 0 -0.331677 -0.035503 6.278442 0.3335717 2
006 3 83 17 0 0.41624 -0.035017 0 0.7478 0 0 -0.33156 -0.035017 6.289307 0.333404 2
006 3 83 17 0 0.416356 -0.034529 0 0.7478 0 0 -0.331444 -0.034529 6.300415 0.3332377 2
006 3 83 17 0 0.416471 -0.034036 0 0.7478 0 0 -0.331329 -0.034036 6.311646 0.3330726 2
006 3 83 17 0 0.416583 -0.03354 0 0.7478 0 0 -0.331217 -0.03354 6.32605 0.3329108 2
006 3 83 17 0 0.416694 -0.033041 0 0.7478 0 0 -0.331106 -0.033041 6.333008 0.3327505 2
006 3 83 17 0 0.416804 -0.032539 0 0.7478 0 0 -0.330996 -0.032539 6.345093 0.3325915 2
006 3 83 17 0 0.416911 -0.032033 0 0.7478 0 0 -0.330889 -0.032033 6.355591 0.3324359 2
006 3 83 17 0 0.417017 -0.031524 0 0.7478 0 0 -0.330783 -0.031524 6.367065 0.3322817 2
006 3 83 17 0 0.417121 -0.031012 0 0.7478 0 0 -0.330679 -0.031012 6.378174 0.33213 2
006 3 83 17 0 0.417224 -0.030497 0 0.7478 0 0 -0.330576 -0.030497 6.389038 0.3319797 2
006 3 83 17 0 0.417325 -0.029979 0 0.7478 0 0 -0.330475 -0.029979 6.400391 0.331832 2
006 3 83 17 0 0.417424 -0.029457 0 0.7478 0 0 -0.330376 -0.029457 6.411621 0.3316866 2
006 3 83 17 0 0.417521 -0.028933 0 0.7478 0 0 -0.330279 -0.028933 6.422485 0.3315439 2
006 3 83 17 0 0.417617 -0.028406 0 0.7478 0 0 -0.330183 -0.028406 6.433472 0.3314026 2
006 3 83 17 0 0.41771 -0.027876 0 0.7478 0 0 -0.33009 -0.027876 6.444946 0.331265 2
006 3 83 17 0 0.417802 -0.027343 0 0.7478 0 0 -0.329998 -0.027343 6.456177 0.3311288 2
006 3 83 17 0 0.417893 -0.026808 0 0.7478 0 0 -0.329907 -0.026808 6.467163 0.3309944 2
006 3 83 17 0 0.417981 -0.02627 0 0.7478 0 0 -0.329819 -0.02627 6.481567 0.3308635 2
006 3 83 17 0 0.418068 -0.025729 0 0.7478 0 0 -0.329732 -0.025729 6.489014 0.3307343 2
006 3 83 17 0 0.418153 -0.025186 0 0.7478 0 0 -0.329647 -0.025186 6.50061 0.3306077 2
006 3 83 17 0 0.418236 -0.02464 0 0.7478 0 0 -0.329564 -0.02464 6.511353 0.3304838 2
006 3 83 17 0 0.418317 -0.024092 0 0.7478 0 0 -0.329483 -0.024092 6.522583 0.3303626 2
006 3 83 17 0 0.418396 -0.023541 0 0.7478 0 0 -0.329404 -0.023541 6.533813 0.3302441 2
006 3 83 17 0 0.418474 -0.022988 0 0.7478 0 0 -0.329326 -0.022988 6.544678 0.3301273 2
006 3 83 17 0 0.41855 -0.022433 0 0.7478 0 0 -0.32925 -0.022433 6.55603 0.3300133 2
006 3 83 17 0 0.418623 -0.021875 0 0.7478 0 0 -0.329177 -0.021875 6.567261 0.329903 2
006 3 83 17 0 0.418695 -0.021315 0 0.7478 0 0 -0.329105 -0.021315 6.578369 0.3297945 2
006 3 83 17 0 0.418766 -0.020753 0 0.7478 0 0 -0.329034 -0.020753 6.589233 0.3296878 2
006 3 83 17 0 0.418834 -0.020189 0 0.7478 0 0 -0.328966 -0.020189 6.60083 0.3295849 2
006 3 83 17 0 0.4189 -0.019623 0 0.7478 0 0 -0.3289 -0.019623 6.611694 0.3294848 2
006 3 83 17 0 0.418965 -0.019055 0 0.7478 0 0 -0.328835 -0.019055 6.622803 0.3293866 2
006 3 83 17 0 0.419027 -0.018485 0 0.7478 0 0 -0.328773 -0.018485 6.637451 0.3292922 2
006 3 83 17 0 0.419088 -0.017914 0 0.7478 0 0 -0.328712 -0.017914 6.644531 0.3291998 2
006 3 83 17 0 0.419147 -0.01734 0 0.7478 0 0 -0.328653 -0.01734 6.656006 0.3291101 2
006 3 83 17 0 0.419203 -0.016765 0 0.7478 0 0 -0.328597 -0.016765 6.667236 0.3290244 2
006 3 83 17 0 0.419258 -0.016188 0 0.7478 0 0 -0.328542 -0.016188 6.678345 0.3289406 2
006 3 83 17 0 0.419311 -0.015609 0 0.7478 0 0 -0.328489 -0.015609 6.689453 0.3288596 2
006 3 83 17 0 0.419362 -0.015029 0 0.7478 0 0 -0.328438 -0.015029 6.700439 0.3287817 2
006 3 83 17 0 0.419412 -0.014448 0 0.7478 0 0 -0.328388 -0.014448 6.71167 0.3287057 2
006 3 83 17 0 0.419459 -0.013865 0 0.7478 0 0 -0.328341 -0.013865 6.722534 0.3286336 2
006 3 83 17 0 0.419504 -0.01328 0 0.7478 0 0 -0.328296 -0.01328 6.734131 0.3285645 2
006 3 83 17 0 0.419547 -0.012694 0 0.7478 0 0 -0.328253 -0.012694 6.745117 0.3284983 2
006 3 83 17 0 0.419589 -0.012107 0 0.7478 0 0 -0.328211 -0.012107 6.755859 0.3284342 2
006 3 83 17 0 0.419628 -0.011519 0 0.7478 0 0 -0.328172 -0.011519 6.767334 0.3283741 2
006 3 83 17 0 0.419665 -0.01093 0 0.7478 0 0 -0.328135 -0.01093 6.778564 0.328317 2
006 3 83 17 0 0.419701 -0.010339 0 0.7478 0 0 -0.328099 -0.010339 6.792847 0.3282619 2
006 3 83 17 0 0.419734 -0.009748 0 0.7478 0 0 -0.328066 -0.009748 6.800049 0.3282108 2
006 3 83 17 0 0.419766 -0.009155 0 0.7478 0 0 -0.328034 -0.009155 6.811646 0.3281617 2
006 3 83 17 0 0.419795 -0.008562 0 0.7478 0 0 -0.328005 -0.008562 6.822754 0.3281167 2
006 3 83 17 0 0.419823 -0.007968 0 0.7478 0 0 -0.327977 -0.007968 6.834106 0.3280738 2
006 3 83 17 0 0.419848 -0.007372 0 0.7478 0 0 -0.327952 -0.007372 6.844849 0.3280348 2
006 3 83 17 0 0.419872 -0.006777 0 0.7478 0 0 -0.327928 -0.006777 6.855957 0.327998 2
006 3 83 17 0 0.419894 -0.00618 0 0.7478 0 0 -0.327906 -0.00618 6.867432 0.3279642 2
006 3 83 17 0 0.419913 -0.005583 0 0.7478 0 0 -0.327887 -0.005583 6.878174 0.3279345 2
006 3 83 17 0 0.419931 -0.004985 0 0.7478 0 0 -0.327869 -0.004985 6.889282 0.3279069 2
006 3 83 17 0 0.419946 -0.004387 0 0.7478 0 0 -0.327854 -0.004387 6.900269 0.3278833 2
006 3 83 17 0 0.41996 -0.003789 0 0.7478 0 0 -0.32784 -0.003789 6.911499 0.3278619 2
006 3 83 17 0 0.419972 -0.00319 0 0.7478 0 0 -0.327828 -0.00319 6.922729 0.3278435 2
006 3 83 17 0 0.419981 -0.00259 0 0.7478 0 0 -0.327819 -0.00259 6.934082 0.3278292 2
006 3 83 17 0 0.419989 -0.001991 0 0.7478 0 0 -0.327811 -0.001991 6.94812 0.327817 2
006 3 83 17 0 0.419995 -0.001391 0 0.7478 0 0 -0.327805 -0.001391 6.955566 0.3278079 2
006 3 83 17 0 0.419998 -0.000791 0 0.7478 0 0 -0.327802 -0.000791 6.967407 0.327803 2
006 3 83 17 0 0.42 -0.000191 0 0.7478 0 0 -0.3278 -0.000191 6.978638 0.3278 2
006 3 83 17 0 0.42 0 0 0.7478 0 0 -0.3278 0 6.989136 0.3278 2
