006 3 53 11 0 0.42 0 0 0.7478 0 0 -0.3278 0 0 0.3278 2
006 3 53 11 0 0.419999 0.0004 0 0.7478 0 0 -0.327801 0.0004 0.0111084 0.3278012 2
006 3 53 11 0 0.419996 0.0008 0 0.7478 0 0 -0.327804 0.0008 0.02270508 0.327805 2
006 3 53 11 0 0.419991 0.0012 0 0.7478 0 0 -0.327809 0.0012 0.03369141 0.3278112 2
006 3 53 11 0 0.419984 0.0016 0 0.7478 0 0 -0.327816 0.0016 0.04467773 0.3278199 2
006 3 53 11 0 0.419975 0.001999 0 0.7478 0 0 -0.327825 0.001999 0.05609131 0.3278311 2
006 3 53 11 0 0.419964 0.002399 0 0.7478 0 0 -0.327836 0.002399 0.06707764 0.3278447 2
006 3 53 11 0 0.419951 0.002798 0 0.7478 0 0 -0.327849 0.002798 0.08190918 0.3278609 2
006 3 53 11 0 0.419936 0.003197 0 0.7478 0 0 -0.327864 0.003197 0.09039307 0.3278796 2
006 3 53 11 0 0.419919 0.003595 0 0.7478 0 0 -0.327881 0.003595 0.1004028 0.3279007 2
006 3 53 11 0 0.4199 0.003993 0 0.7478 0 0 -0.3279 0.003993 0.1113281 0.3279243 2
006 3 53 11 0 0.419879 0.004391 0 0.7478 0 0 -0.327921 0.004391 0.1223145 0.3279504 2
006 3 53 11 0 0.419856 0.004788 0 0.7478 0 0 -0.327944 0.004788 0.1335449 0.3279789 2
006 3 53 11 0 0.419831 0.005185 0 0.7478 0 0 -0.327969 0.005185 0.1446533 0.32801 2
006 3 53 11 0 0.419804 0.005582 0 0.7478 0 0 -0.327996 0.005582 0.1555786 0.3280435 2
006 3 53 11 0 0.419775 0.005978 0 0.7478 0 0 -0.328025 0.005978 0.166626 0.3280795 2
006 3 53 11 0 0.419745 0.006373 0 0.7478 0 0 -0.328055 0.006373 0.1784668 0.3281169 2
006 3 53 11 0 0.419712 0.006767 0 0.7478 0 0 -0.328088 0.006767 0.1894531 0.3281578 2
006 3 53 11 0 0.419677 0.007161 0 0.7478 0 0 -0.328123 0.007161 0.2006836 0.3282011 2
006 3 53 11 0 0.41964 0.007554 0 0.7478 0 0 -0.32816 0.007554 0.2115479 0.3282469 2
006 3 53 11 0 0.419601 0.007947 0 0.7478 0 0 -0.328199 0.007947 0.2227783 0.3282952 2
006 3 53 11 0 0.419561 0.008338 0 0.7478 0 0 -0.328239 0.008338 0.2367554 0.3283449 2
006 3 53 11 0 0.419518 0.008729 0 0.7478 0 0 -0.328282 0.008729 0.2445679 0.328398 2
006 3 53 11 0 0.419473 0.009119 0 0.7478 0 0 -0.328327 0.009119 0.2559204 0.3284536 2
006 3 53 11 0 0.419427 0.009508 0 0.7478 0 0 -0.328373 0.009508 0.2670288 0.3285106 2
006 3 53 11 0 0.419378 0.009896 0 0.7478 0 0 -0.328422 0.009896 0.2778931 0.3285711 2
006 3 53 11 0 0.419328 0.010283 0 0.7478 0 0 -0.328472 0.010283 0.2891235 0.3286329 2
006 3 53 11 0 0.419275 0.010669 0 0.7478 0 0 -0.328525 0.010669 0.300293 0.3286982 2
006 3 53 11 0 0.419221 0.011054 0 0.7478 0 0 -0.328579 0.011054 0.3114014 0.3287649 2
006 3 53 11 0 0.419165 0.011438 0 0.7478 0 0 -0.328635 0.011438 0.3223267 0.328834 2
006 3 53 11 0 0.419107 0.011821 0 0.7478 0 0 -0.328693 0.011821 0.3339233 0.3289055 2
006 3 53 11 0 0.419047 0.012202 0 0.7478 0 0 -0.328753 0.012202 0.3446045 0.3289793 2
006 3 53 11 0 0.418985 0.012583 0 0.7478 0 0 -0.328815 0.012583 0.3557739 0.3290557 2
006 3 53 11 0 0.418921 0.012962 0 0.7478 0 0 -0.328879 0.012962 0.3674316 0.3291343 2
006 3 53 11 0 0.418855 0.013339 0 0.7478 0 0 -0.328945 0.013339 0.3783569 0.3292153 2
006 3 53 11 0 0.418787 0.013716 0 0.7478 0 0 -0.329013 0.013716 0.392334 0.3292988 2
006 3 53 11 0 0.418718 0.014091 0 0.7478 0 0 -0.329082 0.014091 0.3999634 0.3293835 2
006 3 53 11 0 0.418647 0.014465 0 0.7478 0 0 -0.329153 0.014465 0.4111938 0.3294707 2
006 3 53 11 0 0.418573 0.014837 0 0.7478 0 0 -0.329227 0.014837 0.4224243 0.3295611 2
006 3 53 11 0 0.418498 0.015208 0 0.7478 0 0 -0.329302 0.015208 0.4338379 0.329653 2
006 3 53 11 0 0.418421 0.015577 0 0.7478 0 0 -0.329379 0.015577 0.4445801 0.3297471 2
006 3 53 11 0 0.418342 0.015944 0 0.7478 0 0 -0.329458 0.015944 0.4558716 0.3298436 2
006 3 53 11 0 0.418262 0.01631 0 0.7478 0 0 -0.329538 0.01631 0.4669189 0.3299414 2
006 3 53 11 0 0.418179 0.016675 0 0.7478 0 0 -0.329621 0.016675 0.4779663 0.3300425 2
006 3 53 11 0 0.418095 0.017038 0 0.7478 0 0 -0.329705 0.017038 0.4893188 0.3301449 2
006 3 53 11 0 0.418009 0.017399 0 0.7478 0 0 -0.329791 0.017399 0.5003052 0.3302496 2
006 3 53 11 0 0.417921 0.017758 0 0.7478 0 0 -0.329879 0.017758 0.5112915 0.3303566 2
006 3 53 11 0 0.417831 0.018115 0 0.7478 0 0 -0.329969 0.018115 0.522644 0.3304659 2
006 3 53 11 0 0.41774 0.018471 0 0.7478 0 0 -0.33006 0.018471 0.5336914 0.3305764 2
006 3 53 11 0 0.417647 0.018825 0 0.7478 0 0 -0.330153 0.018825 0.5477295 0.3306893 2
006 3 53 11 0 0.417552 0.019177 0 0.7478 0 0 -0.330248 0.019177 0.5553589 0.3308043 2
006 3 53 11 0 0.417455 0.019527 0 0.7478 0 0 -0.330345 0.019527 0.5673828 0.3309216 2
006 3 53 11 0 0.417356 0.019875 0 0.7478 0 0 -0.330444 0.019875 0.5779419 0.3310411 2
006 3 53 11 0 0.417256 0.020221 0 0.7478 0 0 -0.330544 0.020221 0.5895996 0.3311619 2
006 3 53 11 0 0.417154 0.020565 0 0.7478 0 0 -0.330646 0.020565 0.6008301 0.3312849 2
006 3 53 11 0 0.41705 0.020907 0 0.7478 0 0 -0.33075 0.020907 0.6112061 0.3314101 2
006 3 53 11 0 0.416945 0.021247 0 0.7478 0 0 -0.330855 0.021247 0.6226196 0.3315365 2
006 3 53 11 0 0.416838 0.021585 0 0.7478 0 0 -0.330962 0.021585 0.6334839 0.3316651 2
006 3 53 11 0 0.416729 0.021921 0 0.7478 0 0 -0.331071 0.021921 0.6448364 0.3317959 2
006 3 53 11 0 0.416619 0.022254 0 0.7478 0 0 -0.331181 0.022254 0.6557007 0.3319278 2
006 3 53 11 0 0.416507 0.022586 0 0.7478 0 0 -0.331293 0.022586 0.6672363 0.332062 2
006 3 53 11 0 0.416393 0.022915 0 0.7478 0 0 -0.331407 0.022915 0.6781616 0.3321983 2
006 3 53 11 0 0.416278 0.023241 0 0.7478 0 0 -0.331522 0.023241 0.6897583 0.3323356 2
006 3 53 11 0 0.416161 0.023566 0 0.7478 0 0 -0.331639 0.023566 0.7034912 0.3324752 2
006 3 53 11 0 0.416042 0.023888 0 0.7478 0 0 -0.331758 0.023888 0.7111206 0.3326169 2
006 3 53 11 0 0.415922 0.024207 0 0.7478 0 0 -0.331878 0.024207 0.7227173 0.3327596 2
006 3 53 11 0 0.4158 0.024525 0 0.7478 0 0 -0.332 0.024525 0.7337036 0.3329046 2
006 3 53 11 0 0.415676 0.024839 0 0.7478 0 0 -0.332124 0.024839 0.7445679 0.3330515 2
006 3 53 11 0 0.415551 0.025152 0 0.7478 0 0 -0.332249 0.025152 0.7559814 0.3331997 2
006 3 53 11 0 0.415425 0.025461 0 0.7478 0 0 -0.332375 0.025461 0.7667847 0.3333488 2
006 3 53 11 0 0.415297 0.025769 0 0.7478 0 0 -0.332503 0.025769 0.7778931 0.3335001 2
006 3 53 11 0 0.415167 0.026073 0 0.7478 0 0 -0.332633 0.026073 0.7893677 0.3336533 2
006 3 53 11 0 0.415036 0.026375 0 0.7478 0 0 -0.332764 0.026375 0.800415 0.3338076 2
006 3 53 11 0 0.414903 0.026675 0 0.7478 0 0 -0.332897 0.026675 0.8113403 0.333964 2
006 3 53 11 0 0.414769 0.026972 0 0.7478 0 0 -0.333031 0.026972 0.8225708 0.3341214 2
006 3 53 11 0 0.414634 0.027266 0 0.7478 0 0 -0.333166 0.027266 0.8336792 0.3342798 2
006 3 53 11 0 0.414497 0.027557 0 0.7478 0 0 -0.333303 0.027557 0.8446655 0.3344402 2
006 3 53 11 0 0.414358 0.027845 0 0.7478 0 0 -0.333442 0.027845 0.859436 0.3346026 2
006 3 53 11 0 0.414218 0.028131 0 0.7478 0 0 -0.333582 0.028131 0.8668823 0.334766 2
006 3 53 11 0 0.414077 0.028414 0 0.7478 0 0 -0.333723 0.028414 0.8781738 0.3349304 2
006 3 53 11 0 0.413934 0.028694 0 0.7478 0 0 -0.333866 0.028694 0.8895874 0.3350968 2
006 3 53 11 0 0.41379 0.028971 0 0.7478 0 0 -0.33401 0.028971 0.9003296 0.3352641 2
006 3 53 11 0 0.413644 0.029246 0 0.7478 0 0 -0.334156 0.029246 0.9113159 0.3354334 2
006 3 53 11 0 0.413498 0.029517 0 0.7478 0 0 -0.334302 0.029517 0.9229126 0.3356026 2
006 3 53 11 0 0.413349 0.029786 0 0.7478 0 0 -0.334451 0.029786 0.9335327 0.3357747 2
006 3 53 11 0 0.4132 0.030051 0 0.7478 0 0 -0.3346 0.030051 0.9449463 0.3359467 2
006 3 53 11 0 0.413049 0.030314 0 0.7478 0 0 -0.334751 0.030314 0.9561768 0.3361208 2
006 3 53 11 0 0.412897 0.030573 0 0.7478 0 0 -0.334903 0.030573 0.967041 0.3362956 2
006 3 53 11 0 0.412743 0.03083 0 0.7478 0 0 -0.335057 0.03083 0.9780884 0.3364724 2
006 3 53 11 0 0.412588 0.031083 0 0.7478 0 0 -0.335212 0.031083 0.9890747 0.33665 2
006 3 53 11 0 0.412432 0.031333 0 0.7478 0 0 -0.335368 0.031333 1.000366 0.3368285 2
006 3 53 11 0 0.412275 0.03158 0 0.7478 0 0 -0.335525 0.03158 1.014526 0.3370079 2
006 3 53 11 0 0.412116 0.031824 0 0.7478 0 0 -0.335684 0.031824 1.022156 0.3371891 2
006 3 53 11 0 0.411957 0.032065 0 0.7478 0 0 -0.335843 0.032065 1.033447 0.3373702 2
006 3 53 11 0 0.411796 0.032302 0 0.7478 0 0 -0.336004 0.032302 1.0448 0.3375531 2
006 3 53 11 0 0.411634 0.032537 0 0.7478 0 0 -0.336166 0.032537 1.055908 0.3377369 2
006 3 53 11 0 0.41147 0.032768 0 0.7478 0 0 -0.33633 0.032768 1.067139 0.3379225 2
006 3 53 11 0 0.411306 0.032995 0 0.7478 0 0 -0.336494 0.032995 1.078125 0.3381078 2
006 3 53 11 0 0.41114 0.03322 0 0.7478 0 0 -0.33666 0.03322 1.089661 0.338295 2
006 3 53 11 0 0.410974 0.033441 0 0.7478 0 0 -0.336826 0.033441 1.100342 0.338482 2
006 3 53 11 0 0.410806 0.033659 0 0.7478 0 0 -0.336994 0.033659 1.111389 0.3386708 2
006 3 53 11 0 0.410637 0.033873 0 0.7478 0 0 -0.337163 0.033873 1.122314 0.3388602 2
006 3 53 11 0 0.410467 0.034084 0 0.7478 0 0 -0.337333 0.034084 1.133667 0.3390505 2
006 3 53 11 0 0.410296 0.034292 0 0.7478 0 0 -0.337504 0.034292 1.144653 0.3392417 2
006 3 53 11 0 0.410124 0.034496 0 0.7478 0 0 -0.337676 0.034496 1.156311 0.3394334 2
006 3 53 11 0 0.409951 0.034697 0 0.7478 0 0 -0.337849 0.034697 1.170715 0.339626 2
006 3 53 11 0 0.409777 0.034894 0 0.7478 0 0 -0.338023 0.034894 1.177795 0.3398193 2
006 3 53 11 0 0.409602 0.035088 0 0.7478 0 0 -0.338198 0.035088 1.189209 0.3400133 2
006 3 53 11 0 0.409427 0.035278 0 0.7478 0 0 -0.338373 0.035278 1.200439 0.340207 2
006 3 53 11 0 0.40925 0.035465 0 0.7478 0 0 -0.33855 0.035465 1.211853 0.3404025 2
006 3 53 11 0 0.409072 0.035648 0 0.7478 0 0 -0.338728 0.035648 1.222717 0.3405986 2
006 3 53 11 0 0.408893 0.035828 0 0.7478 0 0 -0.338907 0.035828 1.233704 0.3407955 2
006 3 53 11 0 0.408714 0.036004 0 0.7478 0 0 -0.339086 0.036004 1.24469 0.3409921 2
006 3 53 11 0 0.408533 0.036176 0 0.7478 0 0 -0.339267 0.036176 1.255981 0.3411902 2
006 3 53 11 0 0.408352 0.036345 0 0.7478 0 0 -0.339448 0.036345 1.267273 0.3413882 2
006 3 53 11 0 0.40817 0.036511 0 0.7478 0 0 -0.33963 0.036511 1.278076 0.3415869 2
006 3 53 11 0 0.407987 0.036672 0 0.7478 0 0 -0.339813 0.036672 1.289856 0.3417861 2
006 3 53 11 0 0.407803 0.03683 0 0.7478 0 0 -0.339997 0.03683 1.30011 0.341986 2
006 3 53 11 0 0.407618 0.036984 0 0.7478 0 0 -0.340182 0.036984 1.311646 0.3421865 2
006 3 53 11 0 0.407433 0.037135 0 0.7478 0 0 -0.340367 0.037135 1.325745 0.3423868 2
006 3 53 11 0 0.407247 0.037282 0 0.7478 0 0 -0.340553 0.037282 1.333618 0.3425876 2
006 3 53 11 0 0.40706 0.037425 0 0.7478 0 0 -0.34074 0.037425 1.344788 0.3427891 2
006 3 53 11 0 0.406873 0.037564 0 0.7478 0 0 -0.340927 0.037564 1.355591 0.3429902 2
006 3 53 11 0 0.406685 0.0377 0 0.7478 0 0 -0.341115 0.0377 1.368347 0.343192 2
006 3 53 11 0 0.406496 0.037831 0 0.7478 0 0 -0.341304 0.037831 1.378357 0.3433942 2
006 3 53 11 0 0.406306 0.037959 0 0.7478 0 0 -0.341494 0.037959 1.389404 0.3435972 2
006 3 53 11 0 0.406116 0.038084 0 0.7478 0 0 -0.341684 0.038084 1.400513 0.3437999 2
006 3 53 11 0 0.405926 0.038204 0 0.7478 0 0 -0.341874 0.038204 1.411316 0.344002 2
006 3 53 11 0 0.405734 0.038321 0 0.7478 0 0 -0.342066 0.038321 1.422913 0.3442058 2
006 3 53 11 0 0.405542 0.038433 0 0.7478 0 0 -0.342258 0.038433 1.433838 0.3444091 2
006 3 53 11 0 0.40535 0.038542 0 0.7478 0 0 -0.34245 0.038542 1.444641 0.3446121 2
006 3 53 11 0 0.405157 0.038647 0 0.7478 0 0 -0.342643 0.038647 1.455933 0.3448156 2
006 3 53 11 0 0.404964 0.038749 0 0.7478 0 0 -0.342836 0.038749 1.467285 0.3450188 2
006 3 53 11 0 0.40477 0.038846 0 0.7478 0 0 -0.34303 0.038846 1.48175 0.3452225 2
006 3 53 11 0 0.404575 0.038939 0 0.7478 0 0 -0.343225 0.038939 1.489197 0.3454267 2
006 3 53 11 0 0.40438 0.039029 0 0.7478 0 0 -0.34342 0.039029 1.500183 0.3456307 2
006 3 53 11 0 0.404185 0.039115 0 0.7478 0 0 -0.343615 0.039115 1.511169 0.3458341 2
006 3 53 11 0 0.403989 0.039196 0 0.7478 0 0 -0.343811 0.039196 1.522766 0.346038 2
006 3 53 11 0 0.403793 0.039274 0 0.7478 0 0 -0.344007 0.039274 1.533447 0.3462416 2
006 3 53 11 0 0.403596 0.039348 0 0.7478 0 0 -0.344204 0.039348 1.545288 0.3464457 2
006 3 53 11 0 0.403399 0.039418 0 0.7478 0 0 -0.344401 0.039418 1.555847 0.3466494 2
006 3 53 11 0 0.403202 0.039484 0 0.7478 0 0 -0.344598 0.039484 1.566833 0.3468527 2
006 3 53 11 0 0.403005 0.039546 0 0.7478 0 0 -0.344795 0.039546 1.578064 0.3470554 2
006 3 53 11 0 0.402807 0.039604 0 0.7478 0 0 -0.344993 0.039604 1.589417 0.3472587 2
006 3 53 11 0 0.402608 0.039658 0 0.7478 0 0 -0.345192 0.039658 1.600281 0.3474626 2
006 3 53 11 0 0.40241 0.039709 0 0.7478 0 0 -0.34539 0.039709 1.611694 0.3476651 2
006 3 53 11 0 0.402211 0.039755 0 0.7478 0 0 -0.345589 0.039755 1.622742 0.3478681 2
006 3 53 11 0 0.402013 0.039797 0 0.7478 0 0 -0.345787 0.039797 1.636963 0.3480696 2
006 3 53 11 0 0.401813 0.039835 0 0.7478 0 0 -0.345987 0.039835 1.644653 0.3482726 2
006 3 53 11 0 0.401614 0.03987 0 0.7478 0 0 -0.346186 0.03987 1.656128 0.3484743 2
006 3 53 11 0 0.401415 0.0399 0 0.7478 0 0 -0.346385 0.0399 1.667114 0.3486754 2
006 3 53 11 0 0.401215 0.039926 0 0.7478 0 0 -0.346585 0.039926 1.678101 0.3488771 2
006 3 53 11 0 0.401015 0.039948 0 0.7478 0 0 -0.346785 0.039948 1.689514 0.3490783 2
006 3 53 11 0 0.400816 0.039967 0 0.7478 0 0 -0.346984 0.039967 1.700623 0.3492782 2
006 3 53 11 0 0.400616 0.039981 0 0.7478 0 0 -0.347184 0.039981 1.711548 0.3494785 2
006 3 53 11 0 0.400416 0.039991 0 0.7478 0 0 -0.347384 0.039991 1.722595 0.3496783 2
006 3 53 11 0 0.400216 0.039998 0 0.7478 0 0 -0.347584 0.039998 1.733765 0.3498778 2
006 3 53 11 0 0.400016 0.04 0 0.7478 0 0 -0.347784 0.04 1.744629 0.3500767 2
006 3 53 11 0 0.399816 0.039998 0 0.7478 0 0 -0.347984 0.039998 1.756226 0.3502752 2
006 3 53 11 0 0.399616 0.039993 0 0.7478 0 0 -0.348184 0.039993 1.767029 0.3504733 2
006 3 53 11 0 0.399416 0.039983 0 0.7478 0 0 -0.348384 0.039983 1.777893 0.3506708 2
006 3 53 11 0 0.399216 0.039969 0 0.7478 0 0 -0.348584 0.039969 1.792297 0.350868 2
006 3 53 11 0 0.399016 0.039952 0 0.7478 0 0 -0.348784 0.039952 1.800354 0.3510647 2
006 3 53 11 0 0.398817 0.03993 0 0.7478 0 0 -0.348983 0.03993 1.811401 0.3512599 2
006 3 53 11 0 0.398617 0.039904 0 0.7478 0 0 -0.349183 0.039904 1.822449 0.3514557 2
006 3 53 11 0 0.398418 0.039875 0 0.7478 0 0 -0.349382 0.039875 1.833496 0.3516501 2
006 3 53 11 0 0.398218 0.039841 0 0.7478 0 0 -0.349582 0.039841 1.84491 0.3518449 2
006 3 53 11 0 0.398019 0.039803 0 0.7478 0 0 -0.349781 0.039803 1.855896 0.3520384 2
006 3 53 11 0 0.39782 0.039762 0 0.7478 0 0 -0.34998 0.039762 1.867126 0.3522315 2
006 3 53 11 0 0.397622 0.039716 0 0.7478 0 0 -0.350178 0.039716 1.878235 0.352423 2
006 3 53 11 0 0.397423 0.039667 0 0.7478 0 0 -0.350377 0.039667 1.889282 0.3526152 2
006 3 53 11 0 0.397225 0.039613 0 0.7478 0 0 -0.350575 0.039613 1.900269 0.3528059 2
006 3 53 11 0 0.397027 0.039556 0 0.7478 0 0 -0.350773 0.039556 1.911255 0.3529963 2
006 3 53 11 0 0.396829 0.039494 0 0.7478 0 0 -0.350971 0.039494 1.923035 0.3531861 2
006 3 53 11 0 0.396632 0.039429 0 0.7478 0 0 -0.351168 0.039429 1.933777 0.3533746 2
006 3 53 11 0 0.396435 0.039359 0 0.7478 0 0 -0.351365 0.039359 1.948608 0.3535626 2
006 3 53 11 0 0.396238 0.039286 0 0.7478 0 0 -0.351562 0.039286 1.955566 0.3537502 2
006 3 53 11 0 0.396042 0.039209 0 0.7478 0 0 -0.351758 0.039209 1.967224 0.3539365 2
006 3 53 11 0 0.395846 0.039128 0 0.7478 0 0 -0.351954 0.039128 1.978149 0.3541223 2
006 3 53 11 0 0.395651 0.039043 0 0.7478 0 0 -0.352149 0.039043 1.988953 0.3543067 2
006 3 53 11 0 0.395456 0.038954 0 0.7478 0 0 -0.352344 0.038954 2.000549 0.3544908 2
006 3 53 11 0 0.395261 0.038861 0 0.7478 0 0 -0.352539 0.038861 2.011292 0.3546744 2
006 3 53 11 0 0.395067 0.038764 0 0.7478 0 0 -0.352733 0.038764 2.022766 0.3548566 2
006 3 53 11 0 0.394874 0.038664 0 0.7478 0 0 -0.352926 0.038664 2.033813 0.3550375 2
006 3 53 11 0 0.394681 0.038559 0 0.7478 0 0 -0.353119 0.038559 2.0448 0.355218 2
006 3 53 11 0 0.394488 0.038451 0 0.7478 0 0 -0.353312 0.038451 2.055908 0.3553981 2
006 3 53 11 0 0.394296 0.038339 0 0.7478 0 0 -0.353504 0.038339 2.067261 0.3555769 2
006 3 53 11 0 0.394105 0.038223 0 0.7478 0 0 -0.353695 0.038223 2.078369 0.3557543 2
006 3 53 11 0 0.393914 0.038103 0 0.7478 0 0 -0.353886 0.038103 2.090027 0.3559313 2
006 3 53 11 0 0.393724 0.037979 0 0.7478 0 0 -0.354076 0.037979 2.103638 0.356107 2
006 3 53 11 0 0.393534 0.037852 0 0.7478 0 0 -0.354266 0.037852 2.111694 0.3562824 2
006 3 53 11 0 0.393345 0.037721 0 0.7478 0 0 -0.354455 0.037721 2.122681 0.3564565 2
006 3 53 11 0 0.393157 0.037586 0 0.7478 0 0 -0.354643 0.037586 2.134094 0.3566292 2
006 3 53 11 0 0.392969 0.037447 0 0.7478 0 0 -0.354831 0.037447 2.144653 0.3568015 2
006 3 53 11 0 0.392783 0.037305 0 0.7478 0 0 -0.355017 0.037305 2.156128 0.3569716 2
006 3 53 11 0 0.392596 0.037158 0 0.7478 0 0 -0.355204 0.037158 2.167053 0.3571422 2
006 3 53 11 0 0.392411 0.037008 0 0.7478 0 0 -0.355389 0.037008 2.177917 0.3573107 2
006 3 53 11 0 0.392226 0.036855 0 0.7478 0 0 -0.355574 0.036855 2.189697 0.3574789 2
006 3 53 11 0 0.392042 0.036698 0 0.7478 0 0 -0.355758 0.036698 2.200439 0.3576458 2
006 3 53 11 0 0.391859 0.036537 0 0.7478 0 0 -0.355941 0.036537 2.212036 0.3578113 2
006 3 53 11 0 0.391677 0.036372 0 0.7478 0 0 -0.356123 0.036372 2.222717 0.3579756 2
006 3 53 11 0 0.391496 0.036204 0 0.7478 0 0 -0.356304 0.036204 2.233643 0.3581386 2
006 3 53 11 0 0.391315 0.036032 0 0.7478 0 0 -0.356485 0.036032 2.24469 0.3583013 2
006 3 53 11 0 0.391135 0.035856 0 0.7478 0 0 -0.356665 0.035856 2.258911 0.3584628 2
006 3 53 11 0 0.390956 0.035677 0 0.7478 0 0 -0.356844 0.035677 2.266846 0.358623 2
006 3 53 11 0 0.390779 0.035494 0 0.7478 0 0 -0.357021 0.035494 2.27832 0.358781 2
006 3 53 11 0 0.390602 0.035308 0 0.7478 0 0 -0.357198 0.035308 2.289368 0.3589388 2
006 3 53 11 0 0.390425 0.035119 0 0.7478 0 0 -0.357375 0.035119 2.300232 0.3590964 2
006 3 53 11 0 0.39025 0.034925 0 0.7478 0 0 -0.35755 0.034925 2.311829 0.3592517 2
006 3 53 11 0 0.390076 0.034729 0 0.7478 0 0 -0.357724 0.034729 2.322449 0.3594058 2
006 3 53 11 0 0.389903 0.034528 0 0.7478 0 0 -0.357897 0.034528 2.334167 0.3595587 2
006 3 53 11 0 0.389731 0.034325 0 0.7478 0 0 -0.358069 0.034325 2.344666 0.3597104 2
006 3 53 11 0 0.38956 0.034118 0 0.7478 0 0 -0.35824 0.034118 2.356201 0.359861 2
006 3 53 11 0 0.38939 0.033907 0 0.7478 0 0 -0.35841 0.033907 2.367188 0.3600103 2
006 3 53 11 0 0.389221 0.033693 0 0.7478 0 0 -0.358579 0.033693 2.378296 0.3601584 2
006 3 53 11 0 0.389053 0.033476 0 0.7478 0 0 -0.358747 0.033476 2.389282 0.3603055 2
006 3 53 11 0 0.388886 0.033255 0 0.7478 0 0 -0.358914 0.033255 2.400452 0.3604513 2
006 3 53 11 0 0.38872 0.033031 0 0.7478 0 0 -0.35908 0.033031 2.414795 0.360596 2
006 3 53 11 0 0.388556 0.032804 0 0.7478 0 0 -0.359244 0.032804 2.422424 0.3607386 2
006 3 53 11 0 0.388392 0.032574 0 0.7478 0 0 -0.359408 0.032574 2.43396 0.3608811 2
006 3 53 11 0 0.38823 0.03234 0 0.7478 0 0 -0.35957 0.03234 2.444885 0.3610214 2
006 3 53 11 0 0.388069 0.032103 0 0.7478 0 0 -0.359731 0.032103 2.456055 0.3611606 2
006 3 53 11 0 0.387909 0.031863 0 0.7478 0 0 -0.359891 0.031863 2.467102 0.3612987 2
006 3 53 11 0 0.38775 0.031619 0 0.7478 0 0 -0.36005 0.031619 2.47821 0.3614357 2
006 3 53 11 0 0.387593 0.031373 0 0.7478 0 0 -0.360207 0.031373 2.489258 0.3615707 2
006 3 53 11 0 0.387437 0.031123 0 0.7478 0 0 -0.360363 0.031123 2.500732 0.3617044 2
006 3 53 11 0 0.387282 0.03087 0 0.7478 0 0 -0.360518 0.03087 2.511475 0.3618372 2
006 3 53 11 0 0.387128 0.030614 0 0.7478 0 0 -0.360672 0.030614 2.522644 0.3619689 2
006 3 53 11 0 0.386975 0.030355 0 0.7478 0 0 -0.360825 0.030355 2.533875 0.3620996 2
006 3 53 11 0 0.386824 0.030093 0 0.7478 0 0 -0.360976 0.030093 2.544739 0.3622282 2
006 3 53 11 0 0.386674 0.029828 0 0.7478 0 0 -0.361126 0.029828 2.556274 0.3623557 2
006 3 53 11 0 0.386526 0.02956 0 0.7478 0 0 -0.361274 0.02956 2.570496 0.3624813 2
006 3 53 11 0 0.386379 0.029289 0 0.7478 0 0 -0.361421 0.029289 2.577942 0.3626058 2
006 3 53 11 0 0.386233 0.029015 0 0.7478 0 0 -0.361567 0.029015 2.589233 0.3627293 2
006 3 53 11 0 0.386089 0.028739 0 0.7478 0 0 -0.361711 0.028739 2.60022 0.3628509 2
006 3 53 11 0 0.385946 0.028459 0 0.7478 0 0 -0.361854 0.028459 2.611328 0.3629714 2
006 3 53 11 0 0.385804 0.028176 0 0.7478 0 0 -0.361996 0.028176 2.622498 0.3630909 2
006 3 53 11 0 0.385664 0.027891 0 0.7478 0 0 -0.362136 0.027891 2.633728 0.3632084 2
006 3 53 11 0 0.385525 0.027603 0 0.7478 0 0 -0.362275 0.027603 2.644897 0.363325 2
006 3 53 11 0 0.385388 0.027312 0 0.7478 0 0 -0.362412 0.027312 2.656006 0.3634397 2
006 3 53 11 0 0.385252 0.027019 0 0.7478 0 0 -0.362548 0.027019 2.667297 0.3635534 2
006 3 53 11 0 0.385118 0.026722 0 0.7478 0 0 -0.362682 0.026722 2.678284 0.3636651 2
006 3 53 11 0 0.384985 0.026423 0 0.7478 0 0 -0.362815 0.026423 2.689758 0.3637759 2
006 3 53 11 0 0.384854 0.026122 0 0.7478 0 0 -0.362946 0.026122 2.700256 0.3638848 2
006 3 53 11 0 0.384724 0.025817 0 0.7478 0 0 -0.363076 0.025817 2.711975 0.3639927 2
006 3 53 11 0 0.384595 0.025511 0 0.7478 0 0 -0.363205 0.025511 2.725403 0.3640998 2
006 3 53 11 0 0.384469 0.025201 0 0.7478 0 0 -0.363331 0.025201 2.733643 0.3642039 2
006 3 53 11 0 0.384343 0.024889 0 0.7478 0 0 -0.363457 0.024889 2.744873 0.3643082 2
006 3 53 11 0 0.38422 0.024575 0 0.7478 0 0 -0.36358 0.024575 2.75592 0.3644096 2
006 3 53 11 0 0.384098 0.024258 0 0.7478 0 0 -0.363702 0.024258 2.76709 0.3645101 2
006 3 53 11 0 0.383977 0.023939 0 0.7478 0 0 -0.363823 0.023939 2.778198 0.3646097 2
006 3 53 11 0 0.383858 0.023617 0 0.7478 0 0 -0.363942 0.023617 2.789551 0.3647075 2
006 3 53 11 0 0.383741 0.023293 0 0.7478 0 0 -0.364059 0.023293 2.800476 0.3648034 2
006 3 53 11 0 0.383625 0.022967 0 0.7478 0 0 -0.364175 0.022967 2.811584 0.3648985 2
006 3 53 11 0 0.383511 0.022638 0 0.7478 0 0 -0.364289 0.022638 2.822632 0.3649917 2
006 3 53 11 0 0.383399 0.022307 0 0.7478 0 0 -0.364401 0.022307 2.833923 0.3650831 2
006 3 53 11 0 0.383288 0.021974 0 0.7478 0 0 -0.364512 0.021974 2.84491 0.3651737 2
006 3 53 11 0 0.383179 0.021639 0 0.7478 0 0 -0.364621 0.021639 2.856079 0.3652625 2
006 3 53 11 0 0.383072 0.021301 0 0.7478 0 0 -0.364728 0.021301 2.867371 0.3653494 2
006 3 53 11 0 0.382966 0.020962 0 0.7478 0 0 -0.364834 0.020962 2.881348 0.3654357 2
006 3 53 11 0 0.382862 0.02062 0 0.7478 0 0 -0.364938 0.02062 2.889038 0.3655201 2
006 3 53 11 0 0.38276 0.020276 0 0.7478 0 0 -0.36504 0.020276 2.900879 0.3656026 2
006 3 53 11 0 0.382659 0.01993 0 0.7478 0 0 -0.365141 0.01993 2.911682 0.3656845 2
006 3 53 11 0 0.382561 0.019583 0 0.7478 0 0 -0.365239 0.019583 2.922668 0.3657636 2
006 3 53 11 0 0.382464 0.019233 0 0.7478 0 0 -0.365336 0.019233 2.934021 0.3658419 2
006 3 53 11 0 0.382368 0.018881 0 0.7478 0 0 -0.365432 0.018881 2.944824 0.3659194 2
006 3 53 11 0 0.382275 0.018528 0 0.7478 0 0 -0.365525 0.018528 2.95636 0.3659942 2
006 3 53 11 0 0.382183 0.018172 0 0.7478 0 0 -0.365617 0.018172 2.967041 0.3660683 2
006 3 53 11 0 0.382093 0.017815 0 0.7478 0 0 -0.365707 0.017815 2.977966 0.3661406 2
006 3 53 11 0 0.382005 0.017456 0 0.7478 0 0 -0.365795 0.017456 2.989624 0.3662113 2
006 3 53 11 0 0.381919 0.017095 0 0.7478 0 0 -0.365881 0.017095 3.000549 0.3662801 2
006 3 53 11 0 0.381834 0.016733 0 0.7478 0 0 -0.365966 0.016733 3.011658 0.3663484 2
006 3 53 11 0 0.381751 0.016369 0 0.7478 0 0 -0.366049 0.016369 3.022705 0.3664148 2
006 3 53 11 0 0.38167 0.016003 0 0.7478 0 0 -0.36613 0.016003 3.036865 0.3664795 2
006 3 53 11 0 0.381591 0.015635 0 0.7478 0 0 -0.366209 0.015635 3.044617 0.3665426 2
006 3 53 11 0 0.381514 0.015266 0 0.7478 0 0 -0.366286 0.015266 3.055969 0.366604 2
006 3 53 11 0 0.381439 0.014896 0 0.7478 0 0 -0.366361 0.014896 3.066956 0.3666637 2
006 3 53 11 0 0.381365 0.014524 0 0.7478 0 0 -0.366435 0.014524 3.078125 0.3667227 2
006 3 53 11 0 0.381293 0.014151 0 0.7478 0 0 -0.366507 0.014151 3.089905 0.3667801 2
006 3 53 11 0 0.381223 0.013776 0 0.7478 0 0 -0.366577 0.013776 3.100586 0.3668357 2
006 3 53 11 0 0.381156 0.0134 0 0.7478 0 0 -0.366644 0.0134 3.111877 0.3668888 2
006 3 53 11 0 0.381089 0.013022 0 0.7478 0 0 -0.366711 0.013022 3.122864 0.3669421 2
006 3 53 11 0 0.381025 0.012643 0 0.7478 0 0 -0.366775 0.012643 3.134155 0.3669928 2
006 3 53 11 0 0.380963 0.012263 0 0.7478 0 0 -0.366837 0.012263 3.144714 0.3670419 2
006 3 53 11 0 0.380903 0.011882 0 0.7478 0 0 -0.366897 0.011882 3.156311 0.3670893 2
006 3 53 11 0 0.380844 0.011499 0 0.7478 0 0 -0.366956 0.011499 3.167236 0.3671361 2
006 3 53 11 0 0.380788 0.011115 0 0.7478 0 0 -0.367012 0.011115 3.178467 0.3671803 2
006 3 53 11 0 0.380733 0.010731 0 0.7478 0 0 -0.367067 0.010731 3.193054 0.3672238 2
006 3 53 11 0 0.38068 0.010345 0 0.7478 0 0 -0.36712 0.010345 3.200317 0.3672657 2
006 3 53 11 0 0.38063 0.009958 0 0.7478 0 0 -0.36717 0.009958 3.211548 0.367305 2
006 3 53 11 0 0.380581 0.00957 0 0.7478 0 0 -0.367219 0.00957 3.222473 0.3673436 2
006 3 53 11 0 0.380534 0.009181 0 0.7478 0 0 -0.367266 0.009181 3.233826 0.3673807 2
006 3 53 11 0 0.380489 0.008791 0 0.7478 0 0 -0.367311 0.008791 3.244995 0.3674162 2
006 3 53 11 0 0.380446 0.008401 0 0.7478 0 0 -0.367354 0.008401 3.256042 0.36745 2
006 3 53 11 0 0.380405 0.008009 0 0.7478 0 0 -0.367395 0.008009 3.26709 0.3674823 2
006 3 53 11 0 0.380366 0.007617 0 0.7478 0 0 -0.367434 0.007617 3.27832 0.3675129 2
006 3 53 11 0 0.380329 0.007224 0 0.7478 0 0 -0.367471 0.007224 3.289917 0.367542 2
006 3 53 11 0 0.380294 0.00683 0 0.7478 0 0 -0.367506 0.00683 3.300537 0.3675694 2
006 3 53 11 0 0.380261 0.006436 0 0.7478 0 0 -0.367539 0.006436 3.311951 0.3675953 2
006 3 53 11 0 0.380229 0.006041 0 0.7478 0 0 -0.367571 0.006041 3.32251 0.3676206 2
006 3 53 11 0 0.3802 0.005645 0 0.7478 0 0 -0.3676 0.005645 3.333923 0.3676433 2
006 3 53 11 0 0.380173 0.005249 0 0.7478 0 0 -0.367627 0.005249 3.348206 0.3676645 2
006 3 53 11 0 0.380148 0.004852 0 0.7478 0 0 -0.367652 0.004852 3.355652 0.367684 2
006 3 53 11 0 0.380124 0.004454 0 0.7478 0 0 -0.367676 0.004454 3.367493 0.367703 2
006 3 53 11 0 0.380103 0.004057 0 0.7478 0 0 -0.367697 0.004057 3.378357 0.3677194 2
006 3 53 11 0 0.380084 0.003659 0 0.7478 0 0 -0.367716 0.003659 3.389526 0.3677342 2
006 3 53 11 0 0.380067 0.00326 0 0.7478 0 0 -0.367733 0.00326 3.400574 0.3677475 2
006 3 53 11 0 0.380051 0.002861 0 0.7478 0 0 -0.367749 0.002861 3.41156 0.3677601 2
006 3 53 11 0 0.380038 0.002462 0 0.7478 0 0 -0.367762 0.002462 3.422913 0.3677703 2
006 3 53 11 0 0.380027 0.002063 0 0.7478 0 0 -0.367773 0.002063 3.433716 0.3677788 2
006 3 53 11 0 0.380017 0.001663 0 0.7478 0 0 -0.367783 0.001663 3.444946 0.3677867 2
006 3 53 11 0 0.38001 0.001263 0 0.7478 0 0 -0.36779 0.001263 3.456238 0.3677922 2
006 3 53 11 0 0.380005 0.000864 0 0.7478 0 0 -0.367795 0.000864 3.467041 0.367796 2
006 3 53 11 0 0.380001 0.000464 0 0.7478 0 0 -0.367799 0.000464 3.478271 0.3677993 2
006 3 53 11 0 0.38 6.4E-05 0 0.7478 0 0 -0.3678 6.4E-05 3.489441 0.3678 2
006 3 53 11 0 0.380001 -0.000336 0 0.7478 0 0 -0.367799 -0.000336 3.50415 0.3677991 2
006 3 53 11 0 0.380003 -0.000736 0 0.7478 0 0 -0.367797 -0.000736 3.511475 0.3677977 2
006 3 53 11 0 0.380008 -0.001136 0 0.7478 0 0 -0.367792 -0.001136 3.522888 0.3677937 2
006 3 53 11 0 0.380015 -0.001536 0 0.7478 0 0 -0.367785 -0.001536 3.533691 0.3677882 2
006 3 53 11 0 0.380023 -0.001936 0 0.7478 0 0 -0.367777 -0.001936 3.544983 0.3677821 2
006 3 53 11 0 0.380034 -0.002335 0 0.7478 0 0 -0.367766 -0.002335 3.556152 0.3677734 2
006 3 53 11 0 0.380047 -0.002734 0 0.7478 0 0 -0.367753 -0.002734 3.566956 0.3677632 2
006 3 53 11 0 0.380061 -0.003133 0 0.7478 0 0 -0.367739 -0.003133 3.578674 0.3677523 2
006 3 53 11 0 0.380078 -0.003532 0 0.7478 0 0 -0.367722 -0.003532 3.589722 0.3677389 2
006 3 53 11 0 0.380097 -0.00393 0 0.7478 0 0 -0.367703 -0.00393 3.600586 0.367724 2
006 3 53 11 0 0.380117 -0.004328 0 0.7478 0 0 -0.367683 -0.004328 3.61145 0.3677085 2
006 3 53 11 0 0.38014 -0.004725 0 0.7478 0 0 -0.36766 -0.004725 3.622681 0.3676904 2
006 3 53 11 0 0.380165 -0.005122 0 0.7478 0 0 -0.367635 -0.005122 3.63385 0.3676707 2
006 3 53 11 0 0.380191 -0.005519 0 0.7478 0 0 -0.367609 -0.005519 3.645081 0.3676504 2
006 3 53 11 0 0.38022 -0.005915 0 0.7478 0 0 -0.36758 -0.005915 3.659729 0.3676276 2
006 3 53 11 0 0.38025 -0.00631 0 0.7478 0 0 -0.36755 -0.00631 3.66687 0.3676041 2
006 3 53 11 0 0.380283 -0.006704 0 0.7478 0 0 -0.367517 -0.006704 3.677979 0.3675781 2
006 3 53 11 0 0.380317 -0.007098 0 0.7478 0 0 -0.367483 -0.007098 3.689819 0.3675515 2
006 3 53 11 0 0.380354 -0.007492 0 0.7478 0 0 -0.367446 -0.007492 3.700317 0.3675224 2
006 3 53 11 0 0.380392 -0.007884 0 0.7478 0 0 -0.367408 -0.007884 3.712097 0.3674926 2
006 3 53 11 0 0.380433 -0.008276 0 0.7478 0 0 -0.367367 -0.008276 3.722839 0.3674602 2
006 3 53 11 0 0.380475 -0.008667 0 0.7478 0 0 -0.367325 -0.008667 3.734009 0.3674272 2
006 3 53 11 0 0.380519 -0.009057 0 0.7478 0 0 -0.367281 -0.009057 3.745178 0.3673927 2
006 3 53 11 0 0.380566 -0.009446 0 0.7478 0 0 -0.367234 -0.009446 3.755981 0.3673554 2
006 3 53 11 0 0.380614 -0.009834 0 0.7478 0 0 -0.367186 -0.009834 3.766968 0.3673176 2
006 3 53 11 0 0.380664 -0.010222 0 0.7478 0 0 -0.367136 -0.010222 3.778259 0.3672783 2
006 3 53 11 0 0.380716 -0.010608 0 0.7478 0 0 -0.367084 -0.010608 3.789673 0.3672372 2
006 3 53 11 0 0.38077 -0.010993 0 0.7478 0 0 -0.36703 -0.010993 3.800781 0.3671946 2
006 3 53 11 0 0.380826 -0.011377 0 0.7478 0 0 -0.366974 -0.011377 3.814819 0.3671503 2
006 3 53 11 0 0.380884 -0.01176 0 0.7478 0 0 -0.366916 -0.01176 3.822449 0.3671044 2
006 3 53 11 0 0.380944 -0.012142 0 0.7478 0 0 -0.366856 -0.012142 3.834106 0.3670569 2
006 3 53 11 0 0.381005 -0.012522 0 0.7478 0 0 -0.366795 -0.012522 3.84491 0.3670087 2
006 3 53 11 0 0.381069 -0.012901 0 0.7478 0 0 -0.366731 -0.012901 3.856018 0.3669578 2
006 3 53 11 0 0.381134 -0.013279 0 0.7478 0 0 -0.366666 -0.013279 3.86731 0.3669064 2
006 3 53 11 0 0.381202 -0.013656 0 0.7478 0 0 -0.366598 -0.013656 3.877991 0.3668523 2
006 3 53 11 0 0.381271 -0.014031 0 0.7478 0 0 -0.366529 -0.014031 3.889343 0.3667974 2
006 3 53 11 0 0.381342 -0.014405 0 0.7478 0 0 -0.366458 -0.014405 3.900452 0.366741 2
006 3 53 11 0 0.381415 -0.014778 0 0.7478 0 0 -0.366385 -0.014778 3.911621 0.3666829 2
006 3 53 11 0 0.38149 -0.015149 0 0.7478 0 0 -0.36631 -0.015149 3.922729 0.3666231 2
006 3 53 11 0 0.381566 -0.015518 0 0.7478 0 0 -0.366234 -0.015518 3.934143 0.3665626 2
006 3 53 11 0 0.381645 -0.015886 0 0.7478 0 0 -0.366155 -0.015886 3.945007 0.3664995 2
006 3 53 11 0 0.381725 -0.016252 0 0.7478 0 0 -0.366075 -0.016252 3.955994 0.3664356 2
006 3 53 11 0 0.381807 -0.016617 0 0.7478 0 0 -0.365993 -0.016617 3.970703 0.36637 2
006 3 53 11 0 0.381891 -0.01698 0 0.7478 0 0 -0.365909 -0.01698 3.977966 0.3663027 2
006 3 53 11 0 0.381977 -0.017341 0 0.7478 0 0 -0.365823 -0.017341 3.989563 0.3662337 2
006 3 53 11 0 0.382065 -0.017701 0 0.7478 0 0 -0.365735 -0.017701 4.000305 0.3661631 2
006 3 53 11 0 0.382154 -0.018059 0 0.7478 0 0 -0.365646 -0.018059 4.011414 0.3660917 2
006 3 53 11 0 0.382245 -0.018415 0 0.7478 0 0 -0.365555 -0.018415 4.022522 0.3660185 2
006 3 53 11 0 0.382338 -0.018769 0 0.7478 0 0 -0.365462 -0.018769 4.033691 0.3659436 2
006 3 53 11 0 0.382433 -0.019121 0 0.7478 0 0 -0.365367 -0.019121 4.045044 0.365867 2
006 3 53 11 0 0.38253 -0.019471 0 0.7478 0 0 -0.36527 -0.019471 4.056213 0.3657886 2
006 3 53 11 0 0.382628 -0.01982 0 0.7478 0 0 -0.365172 -0.01982 4.067322 0.3657095 2
006 3 53 11 0 0.382728 -0.020166 0 0.7478 0 0 -0.365072 -0.020166 4.078491 0.3656285 2
006 3 53 11 0 0.382829 -0.020511 0 0.7478 0 0 -0.364971 -0.020511 4.089966 0.3655469 2
006 3 53 11 0 0.382933 -0.020853 0 0.7478 0 0 -0.364867 -0.020853 4.100891 0.3654624 2
006 3 53 11 0 0.383038 -0.021193 0 0.7478 0 0 -0.364762 -0.021193 4.111816 0.3653771 2
006 3 53 11 0 0.383145 -0.021532 0 0.7478 0 0 -0.364655 -0.021532 4.125854 0.3652901 2
006 3 53 11 0 0.383253 -0.021868 0 0.7478 0 0 -0.364547 -0.021868 4.133667 0.3652023 2
006 3 53 11 0 0.383363 -0.022201 0 0.7478 0 0 -0.364437 -0.022201 4.144958 0.3651126 2
006 3 53 11 0 0.383475 -0.022533 0 0.7478 0 0 -0.364325 -0.022533 4.15625 0.3650211 2
006 3 53 11 0 0.383589 -0.022862 0 0.7478 0 0 -0.364211 -0.022862 4.166992 0.3649278 2
006 3 53 11 0 0.383704 -0.02319 0 0.7478 0 0 -0.364096 -0.02319 4.178406 0.3648337 2
006 3 53 11 0 0.383821 -0.023514 0 0.7478 0 0 -0.363979 -0.023514 4.189758 0.3647377 2
006 3 53 11 0 0.383939 -0.023837 0 0.7478 0 0 -0.363861 -0.023837 4.200623 0.364641 2
006 3 53 11 0 0.384059 -0.024157 0 0.7478 0 0 -0.363741 -0.024157 4.211609 0.3645422 2
006 3 53 11 0 0.384181 -0.024474 0 0.7478 0 0 -0.363619 -0.024474 4.2229 0.3644417 2
006 3 53 11 0 0.384304 -0.024789 0 0.7478 0 0 -0.363496 -0.024789 4.233948 0.3643402 2
006 3 53 11 0 0.384429 -0.025102 0 0.7478 0 0 -0.363371 -0.025102 4.244873 0.364237 2
006 3 53 11 0 0.384555 -0.025412 0 0.7478 0 0 -0.363245 -0.025412 4.256287 0.3641328 2
006 3 53 11 0 0.384683 -0.02572 0 0.7478 0 0 -0.363117 -0.02572 4.267456 0.3640267 2
006 3 53 11 0 0.384812 -0.026025 0 0.7478 0 0 -0.362988 -0.026025 4.281982 0.3639198 2
006 3 53 11 0 0.384943 -0.026327 0 0.7478 0 0 -0.362857 -0.026327 4.294556 0.3638108 2
006 3 53 11 0 0.385075 -0.026627 0 0.7478 0 0 -0.362725 -0.026627 4.300476 0.363701 2
006 3 53 11 0 0.385209 -0.026924 0 0.7478 0 0 -0.362591 -0.026924 4.312012 0.3635892 2
006 3 53 11 0 0.385345 -0.027219 0 0.7478 0 0 -0.362455 -0.027219 4.322876 0.3634756 2
006 3 53 11 0 0.385481 -0.027511 0 0.7478 0 0 -0.362319 -0.027511 4.33374 0.363362 2
006 3 53 11 0 0.38562 -0.0278 0 0.7478 0 0 -0.36218 -0.0278 4.344788 0.3632454 2
006 3 53 11 0 0.385759 -0.028086 0 0.7478 0 0 -0.362041 -0.028086 4.356079 0.3631288 2
006 3 53 11 0 0.3859 -0.028369 0 0.7478 0 0 -0.3619 -0.028369 4.367188 0.3630102 2
006 3 53 11 0 0.386043 -0.02865 0 0.7478 0 0 -0.361757 -0.02865 4.378357 0.3628897 2
006 3 53 11 0 0.386187 -0.028928 0 0.7478 0 0 -0.361613 -0.028928 4.389343 0.3627682 2
006 3 53 11 0 0.386332 -0.029202 0 0.7478 0 0 -0.361468 -0.029202 4.400879 0.3626457 2
006 3 53 11 0 0.386479 -0.029474 0 0.7478 0 0 -0.361321 -0.029474 4.411682 0.3625211 2
006 3 53 11 0 0.386627 -0.029743 0 0.7478 0 0 -0.361173 -0.029743 4.422974 0.3623956 2
006 3 53 11 0 0.386776 -0.030009 0 0.7478 0 0 -0.361024 -0.030009 4.437134 0.362269 2
006 3 53 11 0 0.386927 -0.030272 0 0.7478 0 0 -0.360873 -0.030272 4.444885 0.3621404 2
006 3 53 11 0 0.387079 -0.030532 0 0.7478 0 0 -0.360721 -0.030532 4.455994 0.3620108 2
006 3 53 11 0 0.387232 -0.030789 0 0.7478 0 0 -0.360568 -0.030789 4.467407 0.3618801 2
006 3 53 11 0 0.387387 -0.031043 0 0.7478 0 0 -0.360413 -0.031043 4.478088 0.3617474 2
006 3 53 11 0 0.387543 -0.031293 0 0.7478 0 0 -0.360257 -0.031293 4.489563 0.3616136 2
006 3 53 11 0 0.3877 -0.031541 0 0.7478 0 0 -0.3601 -0.031541 4.500305 0.3614787 2
006 3 53 11 0 0.387858 -0.031785 0 0.7478 0 0 -0.359942 -0.031785 4.511597 0.3613427 2
006 3 53 11 0 0.388018 -0.032027 0 0.7478 0 0 -0.359782 -0.032027 4.522949 0.3612047 2
006 3 53 11 0 0.388179 -0.032265 0 0.7478 0 0 -0.359621 -0.032265 4.533875 0.3610655 2
006 3 53 11 0 0.38834 -0.0325 0 0.7478 0 0 -0.35946 -0.0325 4.545044 0.3609262 2
006 3 53 11 0 0.388504 -0.032731 0 0.7478 0 0 -0.359296 -0.032731 4.556091 0.3607838 2
006 3 53 11 0 0.388668 -0.032959 0 0.7478 0 0 -0.359132 -0.032959 4.567078 0.3606412 2
006 3 53 11 0 0.388833 -0.033184 0 0.7478 0 0 -0.358967 -0.033184 4.578552 0.3604975 2
006 3 53 11 0 0.389 -0.033406 0 0.7478 0 0 -0.3588 -0.033406 4.59314 0.3603518 2
006 3 53 11 0 0.389167 -0.033624 0 0.7478 0 0 -0.358633 -0.033624 4.600159 0.3602058 2
006 3 53 11 0 0.389336 -0.033839 0 0.7478 0 0 -0.358464 -0.033839 4.611877 0.3600577 2
006 3 53 11 0 0.389506 -0.034051 0 0.7478 0 0 -0.358294 -0.034051 4.623047 0.3599084 2
006 3 53 11 0 0.389676 -0.034259 0 0.7478 0 0 -0.358124 -0.034259 4.633972 0.3597589 2
006 3 53 11 0 0.389848 -0.034464 0 0.7478 0 0 -0.357952 -0.034464 4.644958 0.3596073 2
006 3 53 11 0 0.390021 -0.034665 0 0.7478 0 0 -0.357779 -0.034665 4.656189 0.3594544 2
006 3 53 11 0 0.390195 -0.034863 0 0.7478 0 0 -0.357605 -0.034863 4.66748 0.3593003 2
006 3 53 11 0 0.39037 -0.035057 0 0.7478 0 0 -0.35743 -0.035057 4.678284 0.3591451 2
006 3 53 11 0 0.390545 -0.035248 0 0.7478 0 0 -0.357255 -0.035248 4.68988 0.3589896 2
006 3 53 11 0 0.390722 -0.035436 0 0.7478 0 0 -0.357078 -0.035436 4.700928 0.358832 2
006 3 53 11 0 0.3909 -0.035619 0 0.7478 0 0 -0.3569 -0.035619 4.711548 0.358673 2
006 3 53 11 0 0.391078 -0.0358 0 0.7478 0 0 -0.356722 -0.0358 4.722595 0.3585139 2
006 3 53 11 0 0.391258 -0.035976 0 0.7478 0 0 -0.356542 -0.035976 4.734131 0.3583524 2
006 3 53 11 0 0.391438 -0.036149 0 0.7478 0 0 -0.356362 -0.036149 4.749084 0.3581907 2
006 3 53 11 0 0.391619 -0.036319 0 0.7478 0 0 -0.356181 -0.036319 4.75592 0.3580279 2
006 3 53 11 0 0.391801 -0.036484 0 0.7478 0 0 -0.355999 -0.036484 4.767273 0.3578636 2
006 3 53 11 0 0.391984 -0.036647 0 0.7478 0 0 -0.355816 -0.036647 4.778748 0.3576982 2
006 3 53 11 0 0.392168 -0.036805 0 0.7478 0 0 -0.355632 -0.036805 4.789612 0.3575314 2
006 3 53 11 0 0.392352 -0.03696 0 0.7478 0 0 -0.355448 -0.03696 4.800537 0.3573644 2
006 3 53 11 0 0.392537 -0.037111 0 0.7478 0 0 -0.355263 -0.037111 4.811768 0.3571961 2
006 3 53 11 0 0.392723 -0.037258 0 0.7478 0 0 -0.355077 -0.037258 4.822815 0.3570264 2
006 3 53 11 0 0.39291 -0.037402 0 0.7478 0 0 -0.35489 -0.037402 4.834595 0.3568555 2
006 3 53 11 0 0.393097 -0.037542 0 0.7478 0 0 -0.354703 -0.037542 4.845032 0.3566842 2
006 3 53 11 0 0.393285 -0.037678 0 0.7478 0 0 -0.354515 -0.037678 4.856201 0.3565116 2
006 3 53 11 0 0.393474 -0.037811 0 0.7478 0 0 -0.354326 -0.037811 4.86731 0.3563377 2
006 3 53 11 0 0.393663 -0.037939 0 0.7478 0 0 -0.354137 -0.037939 4.878418 0.3561634 2
006 3 53 11 0 0.393853 -0.038064 0 0.7478 0 0 -0.353947 -0.038064 4.889587 0.3559878 2
006 3 53 11 0 0.394044 -0.038185 0 0.7478 0 0 -0.353756 -0.038185 4.903748 0.3558109 2
006 3 53 11 0 0.394235 -0.038302 0 0.7478 0 0 -0.353565 -0.038302 4.911316 0.3556336 2
006 3 53 11 0 0.394427 -0.038416 0 0.7478 0 0 -0.353373 -0.038416 4.922852 0.355455 2
006 3 53 11 0 0.394619 -0.038525 0 0.7478 0 0 -0.353181 -0.038525 4.934082 0.3552759 2
006 3 53 11 0 0.394812 -0.038631 0 0.7478 0 0 -0.352988 -0.038631 4.945251 0.3550956 2
006 3 53 11 0 0.395006 -0.038733 0 0.7478 0 0 -0.352794 -0.038733 4.95636 0.3549139 2
006 3 53 11 0 0.3952 -0.038831 0 0.7478 0 0 -0.3526 -0.038831 4.967529 0.3547317 2
006 3 53 11 0 0.395394 -0.038925 0 0.7478 0 0 -0.352406 -0.038925 4.978638 0.3545492 2
006 3 53 11 0 0.395589 -0.039015 0 0.7478 0 0 -0.352211 -0.039015 4.989319 0.3543653 2
006 3 53 11 0 0.395784 -0.039101 0 0.7478 0 0 -0.352016 -0.039101 5.00061 0.3541809 2
006 3 53 11 0 0.39598 -0.039184 0 0.7478 0 0 -0.35182 -0.039184 5.011658 0.3539953 2
006 3 53 11 0 0.396176 -0.039262 0 0.7478 0 0 -0.351624 -0.039262 5.023071 0.3538092 2
006 3 53 11 0 0.396372 -0.039337 0 0.7478 0 0 -0.351428 -0.039337 5.034119 0.3536227 2
006 3 53 11 0 0.396569 -0.039407 0 0.7478 0 0 -0.351231 -0.039407 5.045288 0.3534347 2
006 3 53 11 0 0.396766 -0.039474 0 0.7478 0 0 -0.351034 -0.039474 5.059326 0.3532465 2
006 3 53 11 0 0.396964 -0.039536 0 0.7478 0 0 -0.350836 -0.039536 5.067017 0.3530566 2
006 3 53 11 0 0.397162 -0.039595 0 0.7478 0 0 -0.350638 -0.039595 5.07843 0.3528665 2
006 3 53 11 0 0.39736 -0.03965 0 0.7478 0 0 -0.35044 -0.03965 5.089905 0.3526759 2
006 3 53 11 0 0.397558 -0.039701 0 0.7478 0 0 -0.350242 -0.039701 5.100403 0.3524849 2
006 3 53 11 0 0.397757 -0.039748 0 0.7478 0 0 -0.350043 -0.039748 5.112183 0.3522925 2
006 3 53 11 0 0.397956 -0.039791 0 0.7478 0 0 -0.349844 -0.039791 5.122803 0.3520996 2
006 3 53 11 0 0.398155 -0.039829 0 0.7478 0 0 -0.349645 -0.039829 5.134155 0.3519062 2
006 3 53 11 0 0.398354 -0.039864 0 0.7478 0 0 -0.349446 -0.039864 5.145142 0.3517124 2
006 3 53 11 0 0.398553 -0.039895 0 0.7478 0 0 -0.349247 -0.039895 5.156433 0.3515182 2
006 3 53 11 0 0.398753 -0.039922 0 0.7478 0 0 -0.349047 -0.039922 5.16748 0.3513226 2
006 3 53 11 0 0.398953 -0.039945 0 0.7478 0 0 -0.348847 -0.039945 5.178528 0.3511265 2
006 3 53 11 0 0.399152 -0.039964 0 0.7478 0 0 -0.348648 -0.039964 5.190002 0.350931 2
006 3 53 11 0 0.399352 -0.039979 0 0.7478 0 0 -0.348448 -0.039979 5.200684 0.350734 2
006 3 53 11 0 0.399552 -0.03999 0 0.7478 0 0 -0.348248 -0.03999 5.215088 0.3505365 2
006 3 53 11 0 0.399752 -0.039997 0 0.7478 0 0 -0.348048 -0.039997 5.222778 0.3503386 2
006 3 53 11 0 0.399952 -0.04 0 0.7478 0 0 -0.347848 -0.04 5.234009 0.3501403 2
006 3 53 11 0 0.400152 -0.039999 0 0.7478 0 0 -0.347648 -0.039999 5.245056 0.3499415 2
006 3 53 11 0 0.400352 -0.039994 0 0.7478 0 0 -0.347448 -0.039994 5.256409 0.3497422 2
006 3 53 11 0 0.400552 -0.039985 0 0.7478 0 0 -0.347248 -0.039985 5.267639 0.3495425 2
006 3 53 11 0 0.400752 -0.039972 0 0.7478 0 0 -0.347048 -0.039972 5.278381 0.3493423 2
006 3 53 11 0 0.400952 -0.039955 0 0.7478 0 0 -0.346848 -0.039955 5.289917 0.3491417 2
006 3 53 11 0 0.401152 -0.039934 0 0.7478 0 0 -0.346648 -0.039934 5.300659 0.3489406 2
006 3 53 11 0 0.401351 -0.039909 0 0.7478 0 0 -0.346449 -0.039909 5.31189 0.3487401 2
006 3 53 11 0 0.401551 -0.03988 0 0.7478 0 0 -0.346249 -0.03988 5.323059 0.348538 2
006 3 53 11 0 0.40175 -0.039847 0 0.7478 0 0 -0.34605 -0.039847 5.334167 0.3483366 2
006 3 53 11 0 0.401949 -0.03981 0 0.7478 0 0 -0.345851 -0.03981 5.345276 0.3481346 2
006 3 53 11 0 0.402148 -0.039769 0 0.7478 0 0 -0.345652 -0.039769 5.356201 0.3479323 2
006 3 53 11 0 0.402347 -0.039724 0 0.7478 0 0 -0.345453 -0.039724 5.370789 0.3477294 2
006 3 53 11 0 0.402545 -0.039675 0 0.7478 0 0 -0.345255 -0.039675 5.378357 0.3475271 2
006 3 53 11 0 0.402744 -0.039622 0 0.7478 0 0 -0.345056 -0.039622 5.389648 0.3473234 2
006 3 53 11 0 0.402942 -0.039565 0 0.7478 0 0 -0.344858 -0.039565 5.400757 0.3471202 2
006 3 53 11 0 0.403139 -0.039504 0 0.7478 0 0 -0.344661 -0.039504 5.412048 0.3469175 2
006 3 53 11 0 0.403337 -0.039439 0 0.7478 0 0 -0.344463 -0.039439 5.422974 0.3467134 2
006 3 53 11 0 0.403534 -0.039371 0 0.7478 0 0 -0.344266 -0.039371 5.434143 0.34651 2
006 3 53 11 0 0.40373 -0.039298 0 0.7478 0 0 -0.34407 -0.039298 5.445007 0.3463069 2
006 3 53 11 0 0.403927 -0.039222 0 0.7478 0 0 -0.343873 -0.039222 5.455994 0.3461026 2
006 3 53 11 0 0.404122 -0.039141 0 0.7478 0 0 -0.343678 -0.039141 5.467468 0.3458997 2
006 3 53 11 0 0.404318 -0.039057 0 0.7478 0 0 -0.343482 -0.039057 5.478394 0.3456954 2
006 3 53 11 0 0.404513 -0.038968 0 0.7478 0 0 -0.343287 -0.038968 5.489563 0.3454916 2
006 3 53 11 0 0.404708 -0.038876 0 0.7478 0 0 -0.343092 -0.038876 5.50061 0.3452875 2
006 3 53 11 0 0.404902 -0.03878 0 0.7478 0 0 -0.342898 -0.03878 5.512268 0.3450839 2
006 3 53 11 0 0.405095 -0.03868 0 0.7478 0 0 -0.342705 -0.03868 5.526367 0.3448809 2
006 3 53 11 0 0.405289 -0.038576 0 0.7478 0 0 -0.342511 -0.038576 5.53363 0.3446765 2
006 3 53 11 0 0.405481 -0.038469 0 0.7478 0 0 -0.342319 -0.038469 5.545227 0.3444737 2
006 3 53 11 0 0.405673 -0.038357 0 0.7478 0 0 -0.342127 -0.038357 5.556274 0.3442704 2
006 3 53 11 0 0.405865 -0.038242 0 0.7478 0 0 -0.341935 -0.038242 5.567688 0.3440668 2
006 3 53 11 0 0.406056 -0.038122 0 0.7478 0 0 -0.341744 -0.038122 5.578369 0.3438637 2
006 3 53 11 0 0.406246 -0.037999 0 0.7478 0 0 -0.341554 -0.037999 5.589844 0.3436612 2
006 3 53 11 0 0.406436 -0.037873 0 0.7478 0 0 -0.341364 -0.037873 5.600769 0.3434585 2
006 3 53 11 0 0.406625 -0.037742 0 0.7478 0 0 -0.341175 -0.037742 5.611755 0.3432562 2
006 3 53 11 0 0.406813 -0.037608 0 0.7478 0 0 -0.340987 -0.037608 5.623169 0.3430547 2
006 3 53 11 0 0.407001 -0.037469 0 0.7478 0 0 -0.340799 -0.037469 5.634277 0.3428526 2
006 3 53 11 0 0.407188 -0.037328 0 0.7478 0 0 -0.340612 -0.037328 5.645325 0.3426513 2
006 3 53 11 0 0.407374 -0.037182 0 0.7478 0 0 -0.340426 -0.037182 5.656006 0.3424505 2
006 3 53 11 0 0.40756 -0.037033 0 0.7478 0 0 -0.34024 -0.037033 5.667664 0.3422495 2
006 3 53 11 0 0.407744 -0.03688 0 0.7478 0 0 -0.340056 -0.03688 5.681702 0.34205 2
006 3 53 11 0 0.407928 -0.036723 0 0.7478 0 0 -0.339872 -0.036723 5.689392 0.3418502 2
006 3 53 11 0 0.408112 -0.036562 0 0.7478 0 0 -0.339688 -0.036562 5.700806 0.34165 2
006 3 53 11 0 0.408294 -0.036398 0 0.7478 0 0 -0.339506 -0.036398 5.711975 0.3414515 2
006 3 53 11 0 0.408476 -0.036231 0 0.7478 0 0 -0.339324 -0.036231 5.722778 0.3412528 2
006 3 53 11 0 0.408656 -0.036059 0 0.7478 0 0 -0.339144 -0.036059 5.734131 0.3410556 2
006 3 53 11 0 0.408836 -0.035884 0 0.7478 0 0 -0.338964 -0.035884 5.7453 0.3408581 2
006 3 53 11 0 0.409015 -0.035706 0 0.7478 0 0 -0.338785 -0.035706 5.756226 0.3406614 2
006 3 53 11 0 0.409193 -0.035524 0 0.7478 0 0 -0.338607 -0.035524 5.767517 0.3404653 2
006 3 53 11 0 0.40937 -0.035338 0 0.7478 0 0 -0.33843 -0.035338 5.778442 0.34027 2
006 3 53 11 0 0.409547 -0.035149 0 0.7478 0 0 -0.338253 -0.035149 5.789856 0.3400743 2
006 3 53 11 0 0.409722 -0.034956 0 0.7478 0 0 -0.338078 -0.034956 5.800842 0.3398803 2
006 3 53 11 0 0.409896 -0.03476 0 0.7478 0 0 -0.337904 -0.03476 5.812012 0.3396871 2
006 3 53 11 0 0.410069 -0.03456 0 0.7478 0 0 -0.337731 -0.03456 5.82312 0.3394946 2
006 3 53 11 0 0.410242 -0.034357 0 0.7478 0 0 -0.337558 -0.034357 5.837402 0.3393019 2
006 3 53 11 0 0.410413 -0.034151 0 0.7478 0 0 -0.337387 -0.034151 5.844727 0.339111 2
006 3 53 11 0 0.410583 -0.033941 0 0.7478 0 0 -0.337217 -0.033941 5.85614 0.3389207 2
006 3 53 11 0 0.410752 -0.033728 0 0.7478 0 0 -0.337048 -0.033728 5.867493 0.3387313 2
006 3 53 11 0 0.41092 -0.033511 0 0.7478 0 0 -0.33688 -0.033511 5.878479 0.3385426 2
006 3 53 11 0 0.411087 -0.033291 0 0.7478 0 0 -0.336713 -0.033291 5.889587 0.3383547 2
006 3 53 11 0 0.411253 -0.033067 0 0.7478 0 0 -0.336547 -0.033067 5.900635 0.3381675 2
006 3 53 11 0 0.411418 -0.032841 0 0.7478 0 0 -0.336382 -0.032841 5.911987 0.3379813 2
006 3 53 11 0 0.411582 -0.032611 0 0.7478 0 0 -0.336218 -0.032611 5.922913 0.3377958 2
006 3 53 11 0 0.411744 -0.032377 0 0.7478 0 0 -0.336056 -0.032377 5.934021 0.3376121 2
006 3 53 11 0 0.411906 -0.032141 0 0.7478 0 0 -0.335894 -0.032141 5.945313 0.3374282 2
006 3 53 11 0 0.412066 -0.031901 0 0.7478 0 0 -0.335734 -0.031901 5.956177 0.3372461 2
006 3 53 11 0 0.412225 -0.031658 0 0.7478 0 0 -0.335575 -0.031658 5.967529 0.337065 2
006 3 53 11 0 0.412382 -0.031412 0 0.7478 0 0 -0.335418 -0.031412 5.97876 0.3368856 2
006 3 53 11 0 0.412539 -0.031163 0 0.7478 0 0 -0.335261 -0.031163 5.99292 0.3367062 2
006 3 53 11 0 0.412694 -0.030911 0 0.7478 0 0 -0.335106 -0.030911 6.000549 0.3365286 2
006 3 53 11 0 0.412848 -0.030655 0 0.7478 0 0 -0.334952 -0.030655 6.01178 0.3363518 2
006 3 53 11 0 0.413 -0.030397 0 0.7478 0 0 -0.3348 -0.030397 6.022888 0.3361771 2
006 3 53 11 0 0.413152 -0.030135 0 0.7478 0 0 -0.334648 -0.030135 6.034119 0.3360021 2
006 3 53 11 0 0.413302 -0.029871 0 0.7478 0 0 -0.334498 -0.029871 6.045044 0.3358291 2
006 3 53 11 0 0.41345 -0.029603 0 0.7478 0 0 -0.33435 -0.029603 6.056335 0.335658 2
006 3 53 11 0 0.413598 -0.029333 0 0.7478 0 0 -0.334202 -0.029333 6.067444 0.3354868 2
006 3 53 11 0 0.413744 -0.029059 0 0.7478 0 0 -0.334056 -0.029059 6.07843 0.3353175 2
006 3 53 11 0 0.413888 -0.028783 0 0.7478 0 0 -0.333912 -0.028783 6.090149 0.3351502 2
006 3 53 11 0 0.414032 -0.028504 0 0.7478 0 0 -0.333768 -0.028504 6.100708 0.3349829 2
006 3 53 11 0 0.414173 -0.028222 0 0.7478 0 0 -0.333627 -0.028222 6.111877 0.3348185 2
006 3 53 11 0 0.414314 -0.027937 0 0.7478 0 0 -0.333486 -0.027937 6.123108 0.3346541 2
006 3 53 11 0 0.414453 -0.027649 0 0.7478 0 0 -0.333347 -0.027649 6.13446 0.3344917 2
006 3 53 11 0 0.41459 -0.027359 0 0.7478 0 0 -0.33321 -0.027359 6.148682 0.3343313 2
006 3 53 11 0 0.414726 -0.027065 0 0.7478 0 0 -0.333074 -0.027065 6.155762 0.3341718 2
006 3 53 11 0 0.414861 -0.02677 0 0.7478 0 0 -0.332939 -0.02677 6.167297 0.3340135 2
006 3 53 11 0 0.414994 -0.026471 0 0.7478 0 0 -0.332806 -0.026471 6.17865 0.3338571 2
006 3 53 11 0 0.415126 -0.02617 0 0.7478 0 0 -0.332674 -0.02617 6.189819 0.3337018 2
006 3 53 11 0 0.415256 -0.025866 0 0.7478 0 0 -0.332544 -0.025866 6.200989 0.3335484 2
006 3 53 11 0 0.415384 -0.02556 0 0.7478 0 0 -0.332416 -0.02556 6.21167 0.3333972 2
006 3 53 11 0 0.415511 -0.025251 0 0.7478 0 0 -0.332289 -0.025251 6.222717 0.333247 2
006 3 53 11 0 0.415637 -0.024939 0 0.7478 0 0 -0.332163 -0.024939 6.234314 0.3330979 2
006 3 53 11 0 0.415761 -0.024625 0 0.7478 0 0 -0.332039 -0.024625 6.2453 0.3329509 2
006 3 53 11 0 0.415883 -0.024309 0 0.7478 0 0 -0.331917 -0.024309 6.256653 0.332806 2
006 3 53 11 0 0.416004 -0.02399 0 0.7478 0 0 -0.331796 -0.02399 6.267639 0.3326621 2
006 3 53 11 0 0.416123 -0.023669 0 0.7478 0 0 -0.331677 -0.023669 6.278564 0.3325205 2
006 3 53 11 0 0.41624 -0.023345 0 0.7478 0 0 -0.33156 -0.023345 6.289856 0.3323808 2
006 3 53 11 0 0.416356 -0.023019 0 0.7478 0 0 -0.331444 -0.023019 6.304443 0.3322424 2
006 3 53 11 0 0.416471 -0.022691 0 0.7478 0 0 -0.331329 -0.022691 6.311584 0.3321051 2
006 3 53 11 0 0.416583 -0.02236 0 0.7478 0 0 -0.331217 -0.02236 6.322998 0.3319709 2
006 3 53 11 0 0.416694 -0.022027 0 0.7478 0 0 -0.331106 -0.022027 6.3349 0.3318378 2
006 3 53 11 0 0.416804 -0.021692 0 0.7478 0 0 -0.330996 -0.021692 6.345398 0.331706 2
006 3 53 11 0 0.416911 -0.021355 0 0.7478 0 0 -0.330889 -0.021355 6.356506 0.3315774 2
006 3 53 11 0 0.417017 -0.021016 0 0.7478 0 0 -0.330783 -0.021016 6.367798 0.3314499 2
006 3 53 11 0 0.417121 -0.020675 0 0.7478 0 0 -0.330679 -0.020675 6.378662 0.3313247 2
006 3 53 11 0 0.417224 -0.020331 0 0.7478 0 0 -0.330576 -0.020331 6.389648 0.3312006 2
006 3 53 11 0 0.417325 -0.019986 0 0.7478 0 0 -0.330475 -0.019986 6.40094 0.3310788 2
006 3 53 11 0 0.417424 -0.019638 0 0.7478 0 0 -0.330376 -0.019638 6.411926 0.3309591 2
006 3 53 11 0 0.417521 -0.019289 0 0.7478 0 0 -0.330279 -0.019289 6.423279 0.3308418 2
006 3 53 11 0 0.417617 -0.018937 0 0.7478 0 0 -0.330183 -0.018937 6.434021 0.3307256 2
006 3 53 11 0 0.41771 -0.018584 0 0.7478 0 0 -0.33009 -0.018584 6.445374 0.3306127 2
006 3 53 11 0 0.417802 -0.018229 0 0.7478 0 0 -0.329998 -0.018229 6.459839 0.3305011 2
006 3 53 11 0 0.417893 -0.017872 0 0.7478 0 0 -0.329907 -0.017872 6.467468 0.3303908 2
006 3 53 11 0 0.417981 -0.017513 0 0.7478 0 0 -0.329819 -0.017513 6.478394 0.3302836 2
006 3 53 11 0 0.418068 -0.017153 0 0.7478 0 0 -0.329732 -0.017153 6.489685 0.3301778 2
006 3 53 11 0 0.418153 -0.016791 0 0.7478 0 0 -0.329647 -0.016791 6.500793 0.3300743 2
006 3 53 11 0 0.418236 -0.016427 0 0.7478 0 0 -0.329564 -0.016427 6.512085 0.3299731 2
006 3 53 11 0 0.418317 -0.016061 0 0.7478 0 0 -0.329483 -0.016061 6.522888 0.3298742 2
006 3 53 11 0 0.418396 -0.015694 0 0.7478 0 0 -0.329404 -0.015694 6.53418 0.3297776 2
006 3 53 11 0 0.418474 -0.015325 0 0.7478 0 0 -0.329326 -0.015325 6.545044 0.3296824 2
006 3 53 11 0 0.41855 -0.014955 0 0.7478 0 0 -0.32925 -0.014955 6.556519 0.3295894 2
006 3 53 11 0 0.418623 -0.014583 0 0.7478 0 0 -0.329177 -0.014583 6.567749 0.3294999 2
006 3 53 11 0 0.418695 -0.01421 0 0.7478 0 0 -0.329105 -0.01421 6.578613 0.3294116 2
006 3 53 11 0 0.418766 -0.013836 0 0.7478 0 0 -0.329034 -0.013836 6.589722 0.3293248 2
006 3 53 11 0 0.418834 -0.01346 0 0.7478 0 0 -0.328966 -0.01346 6.601074 0.3292412 2
006 3 53 11 0 0.4189 -0.013082 0 0.7478 0 0 -0.3289 -0.013082 6.615112 0.32916 2
006 3 53 11 0 0.418965 -0.012704 0 0.7478 0 0 -0.328835 -0.012704 6.622559 0.3290803 2
006 3 53 11 0 0.419027 -0.012324 0 0.7478 0 0 -0.328773 -0.012324 6.634277 0.3290039 2
006 3 53 11 0 0.419088 -0.011942 0 0.7478 0 0 -0.328712 -0.011942 6.645264 0.3289288 2
006 3 53 11 0 0.419147 -0.01156 0 0.7478 0 0 -0.328653 -0.01156 6.656311 0.3288562 2
006 3 53 11 0 0.419203 -0.011177 0 0.7478 0 0 -0.328597 -0.011177 6.667542 0.328787 2
006 3 53 11 0 0.419258 -0.010792 0 0.7478 0 0 -0.328542 -0.010792 6.67865 0.3287192 2
006 3 53 11 0 0.419311 -0.010406 0 0.7478 0 0 -0.328489 -0.010406 6.690125 0.3286538 2
006 3 53 11 0 0.419362 -0.01002 0 0.7478 0 0 -0.328438 -0.01002 6.70105 0.3285908 2
006 3 53 11 0 0.419412 -0.009632 0 0.7478 0 0 -0.328388 -0.009632 6.711853 0.3285292 2
006 3 53 11 0 0.419459 -0.009243 0 0.7478 0 0 -0.328341 -0.009243 6.723083 0.328471 2
006 3 53 11 0 0.419504 -0.008853 0 0.7478 0 0 -0.328296 -0.008853 6.734253 0.3284153 2
006 3 53 11 0 0.419547 -0.008463 0 0.7478 0 0 -0.328253 -0.008463 6.744934 0.328362 2
006 3 53 11 0 0.419589 -0.008072 0 0.7478 0 0 -0.328211 -0.008072 6.756653 0.3283102 2
006 3 53 11 0 0.419628 -0.007679 0 0.7478 0 0 -0.328172 -0.007679 6.770874 0.3282618 2
006 3 53 11 0 0.419665 -0.007287 0 0.7478 0 0 -0.328135 -0.007287 6.778259 0.3282159 2
006 3 53 11 0 0.419701 -0.006893 0 0.7478 0 0 -0.328099 -0.006893 6.789551 0.3281714 2
006 3 53 11 0 0.419734 -0.006498 0 0.7478 0 0 -0.328066 -0.006498 6.801086 0.3281303 2
006 3 53 11 0 0.419766 -0.006103 0 0.7478 0 0 -0.328034 -0.006103 6.812195 0.3280908 2
006 3 53 11 0 0.419795 -0.005708 0 0.7478 0 0 -0.328005 -0.005708 6.823425 0.3280546 2
006 3 53 11 0 0.419823 -0.005312 0 0.7478 0 0 -0.327977 -0.005312 6.834167 0.32802 2
006 3 53 11 0 0.419848 -0.004915 0 0.7478 0 0 -0.327952 -0.004915 6.845276 0.3279888 2
006 3 53 11 0 0.419872 -0.004518 0 0.7478 0 0 -0.327928 -0.004518 6.856506 0.3279591 2
006 3 53 11 0 0.419894 -0.00412 0 0.7478 0 0 -0.327906 -0.00412 6.867371 0.3279319 2
006 3 53 11 0 0.419913 -0.003722 0 0.7478 0 0 -0.327887 -0.003722 6.879028 0.3279081 2
006 3 53 11 0 0.419931 -0.003324 0 0.7478 0 0 -0.327869 -0.003324 6.889587 0.3278858 2
006 3 53 11 0 0.419946 -0.002925 0 0.7478 0 0 -0.327854 -0.002925 6.901123 0.327867 2
006 3 53 11 0 0.41996 -0.002526 0 0.7478 0 0 -0.32784 -0.002526 6.911987 0.3278497 2
006 3 53 11 0 0.419972 -0.002126 0 0.7478 0 0 -0.327828 -0.002126 6.926208 0.3278349 2
006 3 53 11 0 0.419981 -0.001727 0 0.7478 0 0 -0.327819 -0.001727 6.934387 0.3278235 2
006 3 53 11 0 0.419989 -0.001327 0 0.7478 0 0 -0.327811 -0.001327 6.945007 0.3278137 2
006 3 53 11 0 0.419995 -0.000927 0 0.7478 0 0 -0.327805 -0.000927 6.956238 0.3278063 2
006 3 53 11 0 0.419998 -0.000527 0 0.7478 0 0 -0.327802 -0.000527 6.967773 0.3278024 2
006 3 53 11 0 0.42 -0.000127 0 0.7478 0 0 -0.3278 -0.000127 6.978455 0.3278 2
006 3 53 11 0 0.42 0 0 0.7478 0 0 -0.3278 0 6.989563 0.3278 2
