006 3 36 8 0 0.42 0 0 0.7478 0 0 -0.3278 0 0 0.3278 2
006 3 36 8 0 0.419997 0.0006 0 0.7478 0 0 -0.327803 0.0006 0.01092529 0.3278035 2
006 3 36 8 0 0.419988 0.0012 0 0.7478 0 0 -0.327812 0.0012 0.02197266 0.3278142 2
006 3 36 8 0 0.419973 0.0018 0 0.7478 0 0 -0.327827 0.0018 0.03326416 0.3278319 2
006 3 36 8 0 0.419952 0.002399 0 0.7478 0 0 -0.327848 0.002399 0.04443359 0.3278567 2
006 3 36 8 0 0.419925 0.002999 0 0.7478 0 0 -0.327875 0.002999 0.05548096 0.3278887 2
006 3 36 8 0 0.419892 0.003598 0 0.7478 0 0 -0.327908 0.003598 0.06671143 0.3279277 2
006 3 36 8 0 0.419853 0.004197 0 0.7478 0 0 -0.327947 0.004197 0.07867432 0.3279738 2
006 3 36 8 0 0.419808 0.004795 0 0.7478 0 0 -0.327992 0.004795 0.08953857 0.328027 2
006 3 36 8 0 0.419757 0.005393 0 0.7478 0 0 -0.328043 0.005393 0.1034546 0.3280873 2
006 3 36 8 0 0.4197 0.00599 0 0.7478 0 0 -0.3281 0.00599 0.1107178 0.3281547 2
006 3 36 8 0 0.419637 0.006587 0 0.7478 0 0 -0.328163 0.006587 0.1224365 0.3282291 2
006 3 36 8 0 0.419569 0.007183 0 0.7478 0 0 -0.328231 0.007183 0.1330566 0.3283096 2
006 3 36 8 0 0.419494 0.007778 0 0.7478 0 0 -0.328306 0.007778 0.144043 0.3283981 2
006 3 36 8 0 0.419413 0.008373 0 0.7478 0 0 -0.328387 0.008373 0.1556396 0.3284937 2
006 3 36 8 0 0.419326 0.008966 0 0.7478 0 0 -0.328474 0.008966 0.1664429 0.3285963 2
006 3 36 8 0 0.419234 0.009559 0 0.7478 0 0 -0.328566 0.009559 0.1774902 0.328705 2
006 3 36 8 0 0.419135 0.010151 0 0.7478 0 0 -0.328665 0.010151 0.1886597 0.3288217 2
006 3 36 8 0 0.419031 0.010742 0 0.7478 0 0 -0.328769 0.010742 0.1997681 0.3289444 2
006 3 36 8 0 0.41892 0.011332 0 0.7478 0 0 -0.32888 0.011332 0.2108154 0.3290752 2
006 3 36 8 0 0.418804 0.01192 0 0.7478 0 0 -0.328996 0.01192 0.2225952 0.3292118 2
006 3 36 8 0 0.418682 0.012508 0 0.7478 0 0 -0.329118 0.012508 0.2328491 0.3293556 2
006 3 36 8 0 0.418554 0.013094 0 0.7478 0 0 -0.329246 0.013094 0.2443237 0.3295062 2
006 3 36 8 0 0.41842 0.013679 0 0.7478 0 0 -0.32938 0.013679 0.2590942 0.3296639 2
006 3 36 8 0 0.41828 0.014262 0 0.7478 0 0 -0.32952 0.014262 0.2664185 0.3298285 2
006 3 36 8 0 0.418135 0.014844 0 0.7478 0 0 -0.329665 0.014844 0.27771 0.329999 2
006 3 36 8 0 0.417983 0.015425 0 0.7478 0 0 -0.329817 0.015425 0.2886963 0.3301775 2
006 3 36 8 0 0.417826 0.016004 0 0.7478 0 0 -0.329974 0.016004 0.3001099 0.3303619 2
006 3 36 8 0 0.417663 0.016581 0 0.7478 0 0 -0.330137 0.016581 0.3110352 0.3305531 2
006 3 36 8 0 0.417495 0.017157 0 0.7478 0 0 -0.330305 0.017157 0.3220215 0.3307503 2
006 3 36 8 0 0.41732 0.017731 0 0.7478 0 0 -0.33048 0.017731 0.333374 0.3309553 2
006 3 36 8 0 0.41714 0.018304 0 0.7478 0 0 -0.33066 0.018304 0.3444824 0.3311662 2
006 3 36 8 0 0.416954 0.018874 0 0.7478 0 0 -0.330846 0.018874 0.3554688 0.3313839 2
006 3 36 8 0 0.416763 0.019443 0 0.7478 0 0 -0.331037 0.019443 0.3667603 0.3316075 2
006 3 36 8 0 0.416565 0.020009 0 0.7478 0 0 -0.331235 0.020009 0.3782349 0.3318388 2
006 3 36 8 0 0.416362 0.020574 0 0.7478 0 0 -0.331438 0.020574 0.3886108 0.3320759 2
006 3 36 8 0 0.416154 0.021136 0 0.7478 0 0 -0.331646 0.021136 0.4001465 0.3323188 2
006 3 36 8 0 0.41594 0.021697 0 0.7478 0 0 -0.33186 0.021697 0.4141235 0.3325685 2
006 3 36 8 0 0.41572 0.022255 0 0.7478 0 0 -0.33208 0.022255 0.421814 0.3328249 2
006 3 36 8 0 0.415495 0.022811 0 0.7478 0 0 -0.332305 0.022811 0.4334106 0.333087 2
006 3 36 8 0 0.415264 0.023365 0 0.7478 0 0 -0.332536 0.023365 0.4443359 0.3333558 2
006 3 36 8 0 0.415027 0.023917 0 0.7478 0 0 -0.332773 0.023917 0.4552612 0.3336314 2
006 3 36 8 0 0.414785 0.024466 0 0.7478 0 0 -0.333015 0.024466 0.4665527 0.3339125 2
006 3 36 8 0 0.414538 0.025012 0 0.7478 0 0 -0.333262 0.025012 0.4775391 0.3341993 2
006 3 36 8 0 0.414285 0.025556 0 0.7478 0 0 -0.333515 0.025556 0.4890137 0.3344927 2
006 3 36 8 0 0.414027 0.026098 0 0.7478 0 0 -0.333773 0.026098 0.499939 0.3347917 2
006 3 36 8 0 0.413763 0.026637 0 0.7478 0 0 -0.334037 0.026637 0.5114746 0.3350973 2
006 3 36 8 0 0.413494 0.027173 0 0.7478 0 0 -0.334306 0.027173 0.5221558 0.3354085 2
006 3 36 8 0 0.41322 0.027707 0 0.7478 0 0 -0.33458 0.027707 0.5332642 0.3357252 2
006 3 36 8 0 0.41294 0.028238 0 0.7478 0 0 -0.33486 0.028238 0.5444336 0.3360485 2
006 3 36 8 0 0.412655 0.028766 0 0.7478 0 0 -0.335145 0.028766 0.5554199 0.3363772 2
006 3 36 8 0 0.412365 0.029291 0 0.7478 0 0 -0.335435 0.029291 0.5696411 0.3367114 2
006 3 36 8 0 0.412069 0.029813 0 0.7478 0 0 -0.335731 0.029813 0.5775757 0.3370521 2
006 3 36 8 0 0.411768 0.030332 0 0.7478 0 0 -0.336032 0.030332 0.5891113 0.3373982 2
006 3 36 8 0 0.411463 0.030848 0 0.7478 0 0 -0.336337 0.030848 0.6002197 0.3377487 2
006 3 36 8 0 0.411151 0.031361 0 0.7478 0 0 -0.336649 0.031361 0.6113892 0.3381066 2
006 3 36 8 0 0.410835 0.031871 0 0.7478 0 0 -0.336965 0.031871 0.6222534 0.3384688 2
006 3 36 8 0 0.410514 0.032378 0 0.7478 0 0 -0.337286 0.032378 0.6331787 0.3388365 2
006 3 36 8 0 0.410188 0.032881 0 0.7478 0 0 -0.337612 0.032881 0.6446533 0.3392094 2
006 3 36 8 0 0.409856 0.033382 0 0.7478 0 0 -0.337944 0.033382 0.6554565 0.3395887 2
006 3 36 8 0 0.40952 0.033879 0 0.7478 0 0 -0.33828 0.033879 0.666748 0.3399723 2
006 3 36 8 0 0.409179 0.034372 0 0.7478 0 0 -0.338621 0.034372 0.6774902 0.340361 2
006 3 36 8 0 0.408833 0.034862 0 0.7478 0 0 -0.338967 0.034862 0.6889038 0.340755 2
006 3 36 8 0 0.408482 0.035349 0 0.7478 0 0 -0.339318 0.035349 0.7000732 0.3411543 2
006 3 36 8 0 0.408126 0.035832 0 0.7478 0 0 -0.339674 0.035832 0.7112427 0.3415587 2
006 3 36 8 0 0.407765 0.036311 0 0.7478 0 0 -0.340035 0.036311 0.7252808 0.3419683 2
006 3 36 8 0 0.4074 0.036787 0 0.7478 0 0 -0.3404 0.036787 0.7330933 0.342382 2
006 3 36 8 0 0.407029 0.037259 0 0.7478 0 0 -0.340771 0.037259 0.7443237 0.3428018 2
006 3 36 8 0 0.406654 0.037728 0 0.7478 0 0 -0.341146 0.037728 0.7550659 0.3432259 2
006 3 36 8 0 0.406275 0.038192 0 0.7478 0 0 -0.341525 0.038192 0.7666626 0.3436538 2
006 3 36 8 0 0.405891 0.038653 0 0.7478 0 0 -0.341909 0.038653 0.7776489 0.3440869 2
006 3 36 8 0 0.405502 0.03911 0 0.7478 0 0 -0.342298 0.03911 0.7886353 0.3445251 2
006 3 36 8 0 0.405108 0.039563 0 0.7478 0 0 -0.342692 0.039563 0.8002319 0.3449681 2
006 3 36 8 0 0.40471 0.040012 0 0.7478 0 0 -0.34309 0.040012 0.8109741 0.3454153 2
006 3 36 8 0 0.404308 0.040457 0 0.7478 0 0 -0.343492 0.040457 0.8225098 0.3458663 2
006 3 36 8 0 0.403901 0.040898 0 0.7478 0 0 -0.343899 0.040898 0.833374 0.3463223 2
006 3 36 8 0 0.40349 0.041335 0 0.7478 0 0 -0.34431 0.041335 0.8444824 0.3467823 2
006 3 36 8 0 0.403075 0.041768 0 0.7478 0 0 -0.344725 0.041768 0.8555908 0.3472461 2
006 3 36 8 0 0.402655 0.042197 0 0.7478 0 0 -0.345145 0.042197 0.8670654 0.3477149 2
006 3 36 8 0 0.402231 0.042621 0 0.7478 0 0 -0.345569 0.042621 0.8808594 0.3481874 2
006 3 36 8 0 0.401802 0.043041 0 0.7478 0 0 -0.345998 0.043041 0.8887939 0.3486648 2
006 3 36 8 0 0.40137 0.043457 0 0.7478 0 0 -0.34643 0.043457 0.8997192 0.349145 2
006 3 36 8 0 0.400933 0.043869 0 0.7478 0 0 -0.346867 0.043869 0.9113159 0.3496301 2
006 3 36 8 0 0.400493 0.044276 0 0.7478 0 0 -0.347307 0.044276 0.9224243 0.3501179 2
006 3 36 8 0 0.400048 0.044679 0 0.7478 0 0 -0.347752 0.044679 0.9333496 0.3506104 2
006 3 36 8 0 0.399599 0.045077 0 0.7478 0 0 -0.348201 0.045077 0.944519 0.3511066 2
006 3 36 8 0 0.399146 0.045471 0 0.7478 0 0 -0.348654 0.045471 0.9552612 0.3516066 2
006 3 36 8 0 0.39869 0.04586 0 0.7478 0 0 -0.34911 0.04586 0.9667969 0.3521093 2
006 3 36 8 0 0.398229 0.046244 0 0.7478 0 0 -0.349571 0.046244 0.9777222 0.3526165 2
006 3 36 8 0 0.397765 0.046624 0 0.7478 0 0 -0.350035 0.046624 0.9888306 0.3531264 2
006 3 36 8 0 0.397297 0.047 0 0.7478 0 0 -0.350503 0.047 1 0.3536401 2
006 3 36 8 0 0.396825 0.04737 0 0.7478 0 0 -0.350975 0.04737 1.01123 0.3541572 2
006 3 36 8 0 0.396349 0.047736 0 0.7478 0 0 -0.351451 0.047736 1.022339 0.354678 2
006 3 36 8 0 0.39587 0.048097 0 0.7478 0 0 -0.35193 0.048097 1.036926 0.3552014 2
006 3 36 8 0 0.395387 0.048453 0 0.7478 0 0 -0.352413 0.048453 1.043823 0.3557283 2
006 3 36 8 0 0.394901 0.048805 0 0.7478 0 0 -0.352899 0.048805 1.055542 0.3562578 2
006 3 36 8 0 0.394411 0.049151 0 0.7478 0 0 -0.353389 0.049151 1.066711 0.3567907 2
006 3 36 8 0 0.393918 0.049493 0 0.7478 0 0 -0.353882 0.049493 1.077637 0.3573262 2
006 3 36 8 0 0.393421 0.04983 0 0.7478 0 0 -0.354379 0.04983 1.088928 0.3578652 2
006 3 36 8 0 0.392921 0.050162 0 0.7478 0 0 -0.354879 0.050162 1.100098 0.3584067 2
006 3 36 8 0 0.392418 0.050488 0 0.7478 0 0 -0.355382 0.050488 1.111206 0.3589504 2
006 3 36 8 0 0.391912 0.05081 0 0.7478 0 0 -0.355888 0.05081 1.122131 0.3594967 2
006 3 36 8 0 0.391402 0.051126 0 0.7478 0 0 -0.356398 0.051126 1.133606 0.3600464 2
006 3 36 8 0 0.390889 0.051438 0 0.7478 0 0 -0.356911 0.051438 1.144409 0.3605986 2
006 3 36 8 0 0.390373 0.051744 0 0.7478 0 0 -0.357427 0.051744 1.155518 0.361153 2
006 3 36 8 0 0.389854 0.052045 0 0.7478 0 0 -0.357946 0.052045 1.166504 0.3617098 2
006 3 36 8 0 0.389332 0.052341 0 0.7478 0 0 -0.358468 0.052341 1.17804 0.3622691 2
006 3 36 8 0 0.388807 0.052632 0 0.7478 0 0 -0.358993 0.052632 1.192261 0.3628307 2
006 3 36 8 0 0.38828 0.052917 0 0.7478 0 0 -0.35952 0.052917 1.199402 0.3633935 2
006 3 36 8 0 0.387749 0.053198 0 0.7478 0 0 -0.360051 0.053198 1.211182 0.3639598 2
006 3 36 8 0 0.387216 0.053472 0 0.7478 0 0 -0.360584 0.053472 1.221863 0.3645272 2
006 3 36 8 0 0.38668 0.053742 0 0.7478 0 0 -0.36112 0.053742 1.233154 0.365097 2
006 3 36 8 0 0.386141 0.054006 0 0.7478 0 0 -0.361659 0.054006 1.244324 0.3656691 2
006 3 36 8 0 0.3856 0.054265 0 0.7478 0 0 -0.3622 0.054265 1.255554 0.3662424 2
006 3 36 8 0 0.385056 0.054518 0 0.7478 0 0 -0.362744 0.054518 1.266785 0.366818 2
006 3 36 8 0 0.384509 0.054766 0 0.7478 0 0 -0.363291 0.054766 1.277893 0.3673958 2
006 3 36 8 0 0.38396 0.055008 0 0.7478 0 0 -0.36384 0.055008 1.289124 0.3679748 2
006 3 36 8 0 0.383409 0.055245 0 0.7478 0 0 -0.364391 0.055245 1.300232 0.368555 2
006 3 36 8 0 0.382855 0.055476 0 0.7478 0 0 -0.364945 0.055476 1.310974 0.3691374 2
006 3 36 8 0 0.3823 0.055702 0 0.7478 0 0 -0.3655 0.055702 1.322327 0.3697201 2
006 3 36 8 0 0.381741 0.055922 0 0.7478 0 0 -0.366059 0.055922 1.333435 0.3703059 2
006 3 36 8 0 0.381181 0.056137 0 0.7478 0 0 -0.366619 0.056137 1.347961 0.370892 2
006 3 36 8 0 0.380619 0.056346 0 0.7478 0 0 -0.367181 0.056346 1.355408 0.3714791 2
006 3 36 8 0 0.380054 0.056549 0 0.7478 0 0 -0.367746 0.056549 1.366516 0.3720684 2
006 3 36 8 0 0.379488 0.056747 0 0.7478 0 0 -0.368312 0.056747 1.377991 0.372658 2
006 3 36 8 0 0.378919 0.056939 0 0.7478 0 0 -0.368881 0.056939 1.388794 0.3732496 2
006 3 36 8 0 0.378349 0.057125 0 0.7478 0 0 -0.369451 0.057125 1.399841 0.3738413 2
006 3 36 8 0 0.377777 0.057306 0 0.7478 0 0 -0.370023 0.057306 1.411377 0.3744342 2
006 3 36 8 0 0.377203 0.057481 0 0.7478 0 0 -0.370597 0.057481 1.421997 0.3750283 2
006 3 36 8 0 0.376627 0.05765 0 0.7478 0 0 -0.371173 0.05765 1.433044 0.3756234 2
006 3 36 8 0 0.37605 0.057813 0 0.7478 0 0 -0.37175 0.057813 1.44458 0.3762186 2
006 3 36 8 0 0.375471 0.057971 0 0.7478 0 0 -0.372329 0.057971 1.455994 0.376815 2
006 3 36 8 0 0.374891 0.058123 0 0.7478 0 0 -0.372909 0.058123 1.466797 0.3774115 2
006 3 36 8 0 0.374309 0.058269 0 0.7478 0 0 -0.373491 0.058269 1.4776 0.378009 2
006 3 36 8 0 0.373725 0.058409 0 0.7478 0 0 -0.374075 0.058409 1.489075 0.3786076 2
006 3 36 8 0 0.37314 0.058543 0 0.7478 0 0 -0.37466 0.058543 1.503052 0.3792062 2
006 3 36 8 0 0.372554 0.058672 0 0.7478 0 0 -0.375246 0.058672 1.510681 0.3798051 2
006 3 36 8 0 0.371967 0.058794 0 0.7478 0 0 -0.375833 0.058794 1.52179 0.3804039 2
006 3 36 8 0 0.371378 0.058911 0 0.7478 0 0 -0.376422 0.058911 1.533569 0.3810039 2
006 3 36 8 0 0.370789 0.059022 0 0.7478 0 0 -0.377011 0.059022 1.544495 0.3816031 2
006 3 36 8 0 0.370198 0.059127 0 0.7478 0 0 -0.377602 0.059127 1.555786 0.3822032 2
006 3 36 8 0 0.369606 0.059226 0 0.7478 0 0 -0.378194 0.059226 1.566528 0.3828034 2
006 3 36 8 0 0.369014 0.059319 0 0.7478 0 0 -0.378786 0.059319 1.577637 0.3834026 2
006 3 36 8 0 0.36842 0.059406 0 0.7478 0 0 -0.37938 0.059406 1.588684 0.3840029 2
006 3 36 8 0 0.367825 0.059488 0 0.7478 0 0 -0.379975 0.059488 1.599976 0.3846035 2
006 3 36 8 0 0.36723 0.059563 0 0.7478 0 0 -0.38057 0.059563 1.611328 0.3852029 2
006 3 36 8 0 0.366634 0.059632 0 0.7478 0 0 -0.381166 0.059632 1.622253 0.3858024 2
006 3 36 8 0 0.366038 0.059695 0 0.7478 0 0 -0.381762 0.059695 1.633606 0.386401 2
006 3 36 8 0 0.36544 0.059753 0 0.7478 0 0 -0.38236 0.059753 1.645081 0.3870007 2
006 3 36 8 0 0.364843 0.059804 0 0.7478 0 0 -0.382957 0.059804 1.659363 0.3875985 2
006 3 36 8 0 0.364244 0.05985 0 0.7478 0 0 -0.383556 0.05985 1.666687 0.3881974 2
006 3 36 8 0 0.363646 0.059889 0 0.7478 0 0 -0.384154 0.059889 1.677917 0.3887943 2
006 3 36 8 0 0.363046 0.059923 0 0.7478 0 0 -0.384754 0.059923 1.688721 0.3893923 2
006 3 36 8 0 0.362447 0.05995 0 0.7478 0 0 -0.385353 0.05995 1.700439 0.3899884 2
006 3 36 8 0 0.361847 0.059972 0 0.7478 0 0 -0.385953 0.059972 1.71106 0.3905846 2
006 3 36 8 0 0.361248 0.059987 0 0.7478 0 0 -0.386552 0.059987 1.722107 0.3911788 2
006 3 36 8 0 0.360648 0.059997 0 0.7478 0 0 -0.387152 0.059997 1.733215 0.3917733 2
006 3 36 8 0 0.360048 0.06 0 0.7478 0 0 -0.387752 0.06 1.744629 0.3923667 2
006 3 36 8 0 0.359448 0.059997 0 0.7478 0 0 -0.388352 0.059997 1.755493 0.3929592 2
006 3 36 8 0 0.358848 0.059989 0 0.7478 0 0 -0.388952 0.059989 1.766968 0.3935509 2
006 3 36 8 0 0.358248 0.059974 0 0.7478 0 0 -0.389552 0.059974 1.77771 0.3941416 2
006 3 36 8 0 0.357648 0.059954 0 0.7478 0 0 -0.390152 0.059954 1.789246 0.3947316 2
006 3 36 8 0 0.357049 0.059927 0 0.7478 0 0 -0.390751 0.059927 1.800354 0.3953196 2
006 3 36 8 0 0.35645 0.059895 0 0.7478 0 0 -0.39135 0.059895 1.814636 0.3959068 2
006 3 36 8 0 0.355851 0.059856 0 0.7478 0 0 -0.391949 0.059856 1.82196 0.3964931 2
006 3 36 8 0 0.355253 0.059812 0 0.7478 0 0 -0.392547 0.059812 1.833313 0.3970776 2
006 3 36 8 0 0.354655 0.059761 0 0.7478 0 0 -0.393145 0.059761 1.84491 0.3976611 2
006 3 36 8 0 0.354058 0.059705 0 0.7478 0 0 -0.393742 0.059705 1.855469 0.398243 2
006 3 36 8 0 0.353461 0.059643 0 0.7478 0 0 -0.394339 0.059643 1.867004 0.3988239 2
006 3 36 8 0 0.352865 0.059574 0 0.7478 0 0 -0.394935 0.059574 1.877747 0.3994029 2
006 3 36 8 0 0.352269 0.0595 0 0.7478 0 0 -0.395531 0.0595 1.888855 0.3999813 2
006 3 36 8 0 0.351675 0.05942 0 0.7478 0 0 -0.396125 0.05942 1.900269 0.4005568 2
006 3 36 8 0 0.351081 0.059333 0 0.7478 0 0 -0.396719 0.059333 1.91095 0.4011314 2
006 3 36 8 0 0.350488 0.059241 0 0.7478 0 0 -0.397312 0.059241 1.922241 0.4017043 2
006 3 36 8 0 0.349896 0.059143 0 0.7478 0 0 -0.397904 0.059143 1.933472 0.4022754 2
006 3 36 8 0 0.349305 0.059039 0 0.7478 0 0 -0.398495 0.059039 1.944824 0.4028447 2
006 3 36 8 0 0.348715 0.058929 0 0.7478 0 0 -0.399085 0.058929 1.955627 0.4034123 2
006 3 36 8 0 0.348127 0.058813 0 0.7478 0 0 -0.399673 0.058813 1.970154 0.403977 2
006 3 36 8 0 0.347539 0.058692 0 0.7478 0 0 -0.400261 0.058692 1.977661 0.4045412 2
006 3 36 8 0 0.346953 0.058564 0 0.7478 0 0 -0.400847 0.058564 1.988708 0.4051025 2
006 3 36 8 0 0.346368 0.058431 0 0.7478 0 0 -0.401432 0.058431 2.000427 0.4056622 2
006 3 36 8 0 0.345784 0.058292 0 0.7478 0 0 -0.402016 0.058292 2.010986 0.4062201 2
006 3 36 8 0 0.345202 0.058147 0 0.7478 0 0 -0.402598 0.058147 2.022156 0.4067754 2
006 3 36 8 0 0.344621 0.057996 0 0.7478 0 0 -0.403179 0.057996 2.033081 0.4073289 2
006 3 36 8 0 0.344042 0.057839 0 0.7478 0 0 -0.403758 0.057839 2.044434 0.4078797 2
006 3 36 8 0 0.343465 0.057677 0 0.7478 0 0 -0.404335 0.057677 2.055603 0.408428 2
006 3 36 8 0 0.342889 0.057508 0 0.7478 0 0 -0.404911 0.057508 2.066956 0.4089744 2
006 3 36 8 0 0.342314 0.057334 0 0.7478 0 0 -0.405486 0.057334 2.077759 0.4095193 2
006 3 36 8 0 0.341742 0.057155 0 0.7478 0 0 -0.406058 0.057155 2.088867 0.4100607 2
006 3 36 8 0 0.341171 0.056969 0 0.7478 0 0 -0.406629 0.056969 2.10022 0.4106003 2
006 3 36 8 0 0.340603 0.056778 0 0.7478 0 0 -0.407197 0.056778 2.111389 0.4111364 2
006 3 36 8 0 0.340036 0.056581 0 0.7478 0 0 -0.407764 0.056581 2.13269 0.4116708 2
006 3 36 8 0 0.339471 0.056379 0 0.7478 0 0 -0.408329 0.056379 2.138794 0.4122028 2
006 3 36 8 0 0.338908 0.056171 0 0.7478 0 0 -0.408892 0.056171 2.144653 0.4127322 2
006 3 36 8 0 0.338348 0.055957 0 0.7478 0 0 -0.409452 0.055957 2.155396 0.4132579 2
006 3 36 8 0 0.337789 0.055738 0 0.7478 0 0 -0.410011 0.055738 2.166809 0.4137822 2
006 3 36 8 0 0.337233 0.055513 0 0.7478 0 0 -0.410567 0.055513 2.177856 0.4143029 2
006 3 36 8 0 0.336679 0.055282 0 0.7478 0 0 -0.411121 0.055282 2.188782 0.4148211 2
006 3 36 8 0 0.336127 0.055046 0 0.7478 0 0 -0.411673 0.055046 2.200012 0.4153368 2
006 3 36 8 0 0.335578 0.054805 0 0.7478 0 0 -0.412222 0.054805 2.211243 0.4158492 2
006 3 36 8 0 0.335031 0.054558 0 0.7478 0 0 -0.412769 0.054558 2.222473 0.416359 2
006 3 36 8 0 0.334487 0.054305 0 0.7478 0 0 -0.413313 0.054305 2.233215 0.4168653 2
006 3 36 8 0 0.333945 0.054048 0 0.7478 0 0 -0.413855 0.054048 2.244446 0.4173693 2
006 3 36 8 0 0.333406 0.053784 0 0.7478 0 0 -0.414394 0.053784 2.255615 0.4178697 2
006 3 36 8 0 0.332869 0.053516 0 0.7478 0 0 -0.414931 0.053516 2.26709 0.4183679 2
006 3 36 8 0 0.332336 0.053242 0 0.7478 0 0 -0.415464 0.053242 2.281006 0.4188616 2
006 3 36 8 0 0.331805 0.052962 0 0.7478 0 0 -0.415995 0.052962 2.288879 0.4193529 2
006 3 36 8 0 0.331276 0.052678 0 0.7478 0 0 -0.416524 0.052678 2.300415 0.4198419 2
006 3 36 8 0 0.330751 0.052388 0 0.7478 0 0 -0.417049 0.052388 2.31134 0.4203265 2
006 3 36 8 0 0.330229 0.052093 0 0.7478 0 0 -0.417571 0.052093 2.322571 0.4208078 2
006 3 36 8 0 0.329709 0.051793 0 0.7478 0 0 -0.418091 0.051793 2.333496 0.4212869 2
006 3 36 8 0 0.329193 0.051487 0 0.7478 0 0 -0.418607 0.051487 2.34436 0.4217615 2
006 3 36 8 0 0.32868 0.051176 0 0.7478 0 0 -0.41912 0.051176 2.355469 0.4222328 2
006 3 36 8 0 0.328169 0.050861 0 0.7478 0 0 -0.419631 0.050861 2.366943 0.422702 2
006 3 36 8 0 0.327662 0.05054 0 0.7478 0 0 -0.420138 0.05054 2.378235 0.4231669 2
006 3 36 8 0 0.327159 0.050214 0 0.7478 0 0 -0.420641 0.050214 2.388794 0.4236276 2
006 3 36 8 0 0.326658 0.049883 0 0.7478 0 0 -0.421142 0.049883 2.400269 0.4240859 2
006 3 36 8 0 0.326161 0.049547 0 0.7478 0 0 -0.421639 0.049547 2.411255 0.4245402 2
006 3 36 8 0 0.325667 0.049206 0 0.7478 0 0 -0.422133 0.049206 2.422363 0.4249911 2
006 3 36 8 0 0.325177 0.04886 0 0.7478 0 0 -0.422623 0.04886 2.436951 0.425438 2
006 3 36 8 0 0.32469 0.04851 0 0.7478 0 0 -0.42311 0.04851 2.444153 0.4258818 2
006 3 36 8 0 0.324207 0.048154 0 0.7478 0 0 -0.423593 0.048154 2.456055 0.4263213 2
006 3 36 8 0 0.323727 0.047794 0 0.7478 0 0 -0.424073 0.047794 2.466736 0.4267577 2
006 3 36 8 0 0.323251 0.047429 0 0.7478 0 0 -0.424549 0.047429 2.478027 0.4271901 2
006 3 36 8 0 0.322778 0.047059 0 0.7478 0 0 -0.425022 0.047059 2.488892 0.4276192 2
006 3 36 8 0 0.32231 0.046684 0 0.7478 0 0 -0.42549 0.046684 2.500427 0.4280434 2
006 3 36 8 0 0.321845 0.046305 0 0.7478 0 0 -0.425955 0.046305 2.511108 0.4284645 2
006 3 36 8 0 0.321383 0.045921 0 0.7478 0 0 -0.426417 0.045921 2.522217 0.4288825 2
006 3 36 8 0 0.320926 0.045533 0 0.7478 0 0 -0.426874 0.045533 2.533447 0.4292955 2
006 3 36 8 0 0.320473 0.04514 0 0.7478 0 0 -0.427327 0.04514 2.544495 0.4297045 2
006 3 36 8 0 0.320023 0.044742 0 0.7478 0 0 -0.427777 0.044742 2.555847 0.4301105 2
006 3 36 8 0 0.319578 0.04434 0 0.7478 0 0 -0.428222 0.04434 2.566956 0.4305115 2
006 3 36 8 0 0.319137 0.043934 0 0.7478 0 0 -0.428663 0.043934 2.577942 0.4309085 2
006 3 36 8 0 0.318699 0.043523 0 0.7478 0 0 -0.429101 0.043523 2.592529 0.4313026 2
006 3 36 8 0 0.318266 0.043108 0 0.7478 0 0 -0.429534 0.043108 2.599976 0.4316917 2
006 3 36 8 0 0.317837 0.042688 0 0.7478 0 0 -0.429963 0.042688 2.611511 0.4320769 2
006 3 36 8 0 0.317412 0.042265 0 0.7478 0 0 -0.430388 0.042265 2.622192 0.4324583 2
006 3 36 8 0 0.316992 0.041837 0 0.7478 0 0 -0.430808 0.041837 2.633667 0.4328347 2
006 3 36 8 0 0.316576 0.041404 0 0.7478 0 0 -0.431224 0.041404 2.644775 0.4332071 2
006 3 36 8 0 0.316164 0.040968 0 0.7478 0 0 -0.431636 0.040968 2.655884 0.4335758 2
006 3 36 8 0 0.315756 0.040528 0 0.7478 0 0 -0.432044 0.040528 2.666809 0.4339407 2
006 3 36 8 0 0.315353 0.040083 0 0.7478 0 0 -0.432447 0.040083 2.677856 0.4343006 2
006 3 36 8 0 0.314955 0.039635 0 0.7478 0 0 -0.432845 0.039635 2.689148 0.4346559 2
006 3 36 8 0 0.314561 0.039182 0 0.7478 0 0 -0.433239 0.039182 2.700439 0.4350072 2
006 3 36 8 0 0.314171 0.038726 0 0.7478 0 0 -0.433629 0.038726 2.711609 0.4353548 2
006 3 36 8 0 0.313786 0.038266 0 0.7478 0 0 -0.434014 0.038266 2.72229 0.4356976 2
006 3 36 8 0 0.313406 0.037802 0 0.7478 0 0 -0.434394 0.037802 2.73407 0.4360357 2
006 3 36 8 0 0.31303 0.037334 0 0.7478 0 0 -0.43477 0.037334 2.748291 0.43637 2
006 3 36 8 0 0.312659 0.036862 0 0.7478 0 0 -0.435141 0.036862 2.755127 0.4366995 2
006 3 36 8 0 0.312293 0.036387 0 0.7478 0 0 -0.435507 0.036387 2.766785 0.4370244 2
006 3 36 8 0 0.311931 0.035908 0 0.7478 0 0 -0.435869 0.035908 2.778076 0.4373456 2
006 3 36 8 0 0.311575 0.035426 0 0.7478 0 0 -0.436225 0.035426 2.788879 0.4376611 2
006 3 36 8 0 0.311223 0.03494 0 0.7478 0 0 -0.436577 0.03494 2.800659 0.4379729 2
006 3 36 8 0 0.310876 0.03445 0 0.7478 0 0 -0.436924 0.03445 2.811462 0.43828 2
006 3 36 8 0 0.310534 0.033957 0 0.7478 0 0 -0.437266 0.033957 2.822815 0.4385825 2
006 3 36 8 0 0.310197 0.033461 0 0.7478 0 0 -0.437603 0.033461 2.833618 0.4388804 2
006 3 36 8 0 0.309865 0.032961 0 0.7478 0 0 -0.437935 0.032961 2.844604 0.4391736 2
006 3 36 8 0 0.309538 0.032458 0 0.7478 0 0 -0.438262 0.032458 2.855835 0.4394623 2
006 3 36 8 0 0.309216 0.031952 0 0.7478 0 0 -0.438584 0.031952 2.867126 0.4397463 2
006 3 36 8 0 0.308899 0.031443 0 0.7478 0 0 -0.438901 0.031443 2.878052 0.4400258 2
006 3 36 8 0 0.308587 0.03093 0 0.7478 0 0 -0.439213 0.03093 2.889099 0.4403007 2
006 3 36 8 0 0.30828 0.030414 0 0.7478 0 0 -0.43952 0.030414 2.903503 0.440571 2
006 3 36 8 0 0.307978 0.029896 0 0.7478 0 0 -0.439822 0.029896 2.911011 0.4408369 2
006 3 36 8 0 0.307682 0.029374 0 0.7478 0 0 -0.440118 0.029374 2.922668 0.4410971 2
006 3 36 8 0 0.307391 0.028849 0 0.7478 0 0 -0.440409 0.028849 2.933655 0.4413529 2
006 3 36 8 0 0.307105 0.028322 0 0.7478 0 0 -0.440695 0.028322 2.94458 0.4416041 2
006 3 36 8 0 0.306824 0.027791 0 0.7478 0 0 -0.440976 0.027791 2.955566 0.4418508 2
006 3 36 8 0 0.306549 0.027258 0 0.7478 0 0 -0.441251 0.027258 2.966675 0.4420921 2
006 3 36 8 0 0.306279 0.026722 0 0.7478 0 0 -0.441521 0.026722 2.977905 0.4423289 2
006 3 36 8 0 0.306015 0.026184 0 0.7478 0 0 -0.441785 0.026184 2.989014 0.4425602 2
006 3 36 8 0 0.305756 0.025643 0 0.7478 0 0 -0.442044 0.025643 3.00061 0.4427871 2
006 3 36 8 0 0.305502 0.025099 0 0.7478 0 0 -0.442298 0.025099 3.010986 0.4430096 2
006 3 36 8 0 0.305254 0.024553 0 0.7478 0 0 -0.442546 0.024553 3.0224 0.4432266 2
006 3 36 8 0 0.305011 0.024004 0 0.7478 0 0 -0.442789 0.024004 3.033264 0.4434392 2
006 3 36 8 0 0.304774 0.023453 0 0.7478 0 0 -0.443026 0.023453 3.044861 0.4436463 2
006 3 36 8 0 0.304542 0.0229 0 0.7478 0 0 -0.443258 0.0229 3.05896 0.4438491 2
006 3 36 8 0 0.304316 0.022344 0 0.7478 0 0 -0.443484 0.022344 3.06665 0.4440465 2
006 3 36 8 0 0.304095 0.021786 0 0.7478 0 0 -0.443705 0.021786 3.077759 0.4442395 2
006 3 36 8 0 0.30388 0.021226 0 0.7478 0 0 -0.44392 0.021226 3.088806 0.4444272 2
006 3 36 8 0 0.30367 0.020664 0 0.7478 0 0 -0.44413 0.020664 3.100281 0.4446104 2
006 3 36 8 0 0.303467 0.020099 0 0.7478 0 0 -0.444333 0.020099 3.111389 0.4447873 2
006 3 36 8 0 0.303268 0.019533 0 0.7478 0 0 -0.444532 0.019533 3.122498 0.4449609 2
006 3 36 8 0 0.303076 0.018965 0 0.7478 0 0 -0.444724 0.018965 3.133789 0.4451282 2
006 3 36 8 0 0.302889 0.018394 0 0.7478 0 0 -0.444911 0.018394 3.144653 0.4452911 2
006 3 36 8 0 0.302708 0.017822 0 0.7478 0 0 -0.445092 0.017822 3.155579 0.4454487 2
006 3 36 8 0 0.302533 0.017249 0 0.7478 0 0 -0.445267 0.017249 3.16687 0.445601 2
006 3 36 8 0 0.302363 0.016673 0 0.7478 0 0 -0.445437 0.016673 3.178467 0.4457489 2
006 3 36 8 0 0.302199 0.016096 0 0.7478 0 0 -0.445601 0.016096 3.189392 0.4458916 2
006 3 36 8 0 0.302041 0.015517 0 0.7478 0 0 -0.445759 0.015517 3.200256 0.446029 2
006 3 36 8 0 0.301889 0.014937 0 0.7478 0 0 -0.445911 0.014937 3.214783 0.4461611 2
006 3 36 8 0 0.301743 0.014355 0 0.7478 0 0 -0.446057 0.014355 3.222107 0.4462879 2
006 3 36 8 0 0.301602 0.013772 0 0.7478 0 0 -0.446198 0.013772 3.233459 0.4464105 2
006 3 36 8 0 0.301467 0.013187 0 0.7478 0 0 -0.446333 0.013187 3.244629 0.4465277 2
006 3 36 8 0 0.301338 0.012601 0 0.7478 0 0 -0.446462 0.012601 3.255554 0.4466397 2
006 3 36 8 0 0.301215 0.012014 0 0.7478 0 0 -0.446585 0.012014 3.267212 0.4467466 2
006 3 36 8 0 0.301098 0.011425 0 0.7478 0 0 -0.446702 0.011425 3.277893 0.4468481 2
006 3 36 8 0 0.300987 0.010836 0 0.7478 0 0 -0.446813 0.010836 3.289124 0.4469444 2
006 3 36 8 0 0.300881 0.010245 0 0.7478 0 0 -0.446919 0.010245 3.300537 0.4470364 2
006 3 36 8 0 0.300782 0.009653 0 0.7478 0 0 -0.447018 0.009653 3.311218 0.4471222 2
006 3 36 8 0 0.300688 0.009061 0 0.7478 0 0 -0.447112 0.009061 3.32251 0.4472038 2
006 3 36 8 0 0.3006 0.008467 0 0.7478 0 0 -0.4472 0.008467 3.33374 0.4472801 2
006 3 36 8 0 0.300519 0.007873 0 0.7478 0 0 -0.447281 0.007873 3.344421 0.4473503 2
006 3 36 8 0 0.300443 0.007278 0 0.7478 0 0 -0.447357 0.007278 3.356018 0.4474162 2
006 3 36 8 0 0.300373 0.006682 0 0.7478 0 0 -0.447427 0.006682 3.369812 0.4474769 2
006 3 36 8 0 0.300309 0.006085 0 0.7478 0 0 -0.447491 0.006085 3.377808 0.4475324 2
006 3 36 8 0 0.300252 0.005488 0 0.7478 0 0 -0.447548 0.005488 3.388916 0.4475816 2
006 3 36 8 0 0.3002 0.00489 0 0.7478 0 0 -0.4476 0.00489 3.399963 0.4476267 2
006 3 36 8 0 0.300154 0.004292 0 0.7478 0 0 -0.447646 0.004292 3.411072 0.4476666 2
006 3 36 8 0 0.300114 0.003693 0 0.7478 0 0 -0.447686 0.003693 3.422363 0.4477012 2
006 3 36 8 0 0.30008 0.003094 0 0.7478 0 0 -0.44772 0.003094 3.433899 0.4477307 2
006 3 36 8 0 0.300052 0.002495 0 0.7478 0 0 -0.447748 0.002495 3.444946 0.4477549 2
006 3 36 8 0 0.30003 0.001895 0 0.7478 0 0 -0.44777 0.001895 3.455688 0.447774 2
006 3 36 8 0 0.300014 0.001295 0 0.7478 0 0 -0.447786 0.001295 3.467163 0.4477879 2
006 3 36 8 0 0.300004 0.000696 0 0.7478 0 0 -0.447796 0.000696 3.478394 0.4477965 2
006 3 36 8 0 0.3 9.6E-05 0 0.7478 0 0 -0.4478 9.6E-05 3.489014 0.4478 2
006 3 36 8 0 0.300002 -0.000504 0 0.7478 0 0 -0.447798 -0.000504 3.500244 0.4477983 2
006 3 36 8 0 0.30001 -0.001104 0 0.7478 0 0 -0.44779 -0.001104 3.511536 0.4477914 2
006 3 36 8 0 0.300024 -0.001704 0 0.7478 0 0 -0.447776 -0.001704 3.526245 0.4477792 2
006 3 36 8 0 0.300044 -0.002304 0 0.7478 0 0 -0.447756 -0.002304 3.533203 0.4477619 2
006 3 36 8 0 0.30007 -0.002903 0 0.7478 0 0 -0.44773 -0.002903 3.544434 0.4477394 2
006 3 36 8 0 0.300102 -0.003502 0 0.7478 0 0 -0.447698 -0.003502 3.555725 0.4477117 2
006 3 36 8 0 0.30014 -0.004101 0 0.7478 0 0 -0.44766 -0.004101 3.567078 0.4476787 2
006 3 36 8 0 0.300184 -0.0047 0 0.7478 0 0 -0.447616 -0.0047 3.577881 0.4476407 2
006 3 36 8 0 0.300234 -0.005298 0 0.7478 0 0 -0.447566 -0.005298 3.589417 0.4475973 2
006 3 36 8 0 0.30029 -0.005895 0 0.7478 0 0 -0.44751 -0.005895 3.600281 0.4475488 2
006 3 36 8 0 0.300352 -0.006492 0 0.7478 0 0 -0.447448 -0.006492 3.611084 0.4474951 2
006 3 36 8 0 0.30042 -0.007088 0 0.7478 0 0 -0.44738 -0.007088 3.622375 0.4474361 2
006 3 36 8 0 0.300494 -0.007683 0 0.7478 0 0 -0.447306 -0.007683 3.63385 0.447372 2
006 3 36 8 0 0.300574 -0.008278 0 0.7478 0 0 -0.447226 -0.008278 3.644714 0.4473026 2
006 3 36 8 0 0.30066 -0.008872 0 0.7478 0 0 -0.44714 -0.008872 3.655701 0.447228 2
006 3 36 8 0 0.300751 -0.009465 0 0.7478 0 0 -0.447049 -0.009465 3.666992 0.4471492 2
006 3 36 8 0 0.300849 -0.010057 0 0.7478 0 0 -0.446951 -0.010057 3.681274 0.4470641 2
006 3 36 8 0 0.300952 -0.010648 0 0.7478 0 0 -0.446848 -0.010648 3.688904 0.4469748 2
006 3 36 8 0 0.301062 -0.011238 0 0.7478 0 0 -0.446738 -0.011238 3.700317 0.4468793 2
006 3 36 8 0 0.301177 -0.011826 0 0.7478 0 0 -0.446623 -0.011826 3.71167 0.4467795 2
006 3 36 8 0 0.301298 -0.012414 0 0.7478 0 0 -0.446502 -0.012414 3.72229 0.4466745 2
006 3 36 8 0 0.301425 -0.013001 0 0.7478 0 0 -0.446375 -0.013001 3.733704 0.4465643 2
006 3 36 8 0 0.301558 -0.013586 0 0.7478 0 0 -0.446242 -0.013586 3.744629 0.4464487 2
006 3 36 8 0 0.301697 -0.014169 0 0.7478 0 0 -0.446103 -0.014169 3.755798 0.446328 2
006 3 36 8 0 0.301842 -0.014752 0 0.7478 0 0 -0.445958 -0.014752 3.766968 0.4462019 2
006 3 36 8 0 0.301992 -0.015332 0 0.7478 0 0 -0.445808 -0.015332 3.777954 0.4460716 2
006 3 36 8 0 0.302148 -0.015912 0 0.7478 0 0 -0.445652 -0.015912 3.78894 0.445936 2
006 3 36 8 0 0.30231 -0.016489 0 0.7478 0 0 -0.44549 -0.016489 3.800476 0.4457951 2
006 3 36 8 0 0.302478 -0.017066 0 0.7478 0 0 -0.445322 -0.017066 3.811218 0.4456489 2
006 3 36 8 0 0.302652 -0.01764 0 0.7478 0 0 -0.445148 -0.01764 3.822754 0.4454974 2
006 3 36 8 0 0.302831 -0.018212 0 0.7478 0 0 -0.444969 -0.018212 3.836426 0.4453416 2
006 3 36 8 0 0.303016 -0.018783 0 0.7478 0 0 -0.444784 -0.018783 3.844543 0.4451804 2
006 3 36 8 0 0.303207 -0.019352 0 0.7478 0 0 -0.444593 -0.019352 3.855774 0.4450139 2
006 3 36 8 0 0.303403 -0.019919 0 0.7478 0 0 -0.444397 -0.019919 3.867004 0.4448432 2
006 3 36 8 0 0.303605 -0.020484 0 0.7478 0 0 -0.444195 -0.020484 3.878601 0.444667 2
006 3 36 8 0 0.303813 -0.021047 0 0.7478 0 0 -0.443987 -0.021047 3.88916 0.4444856 2
006 3 36 8 0 0.304026 -0.021608 0 0.7478 0 0 -0.443774 -0.021608 3.900208 0.4442997 2
006 3 36 8 0 0.304245 -0.022166 0 0.7478 0 0 -0.443555 -0.022166 3.911255 0.4441085 2
006 3 36 8 0 0.304469 -0.022723 0 0.7478 0 0 -0.443331 -0.022723 3.922363 0.443913 2
006 3 36 8 0 0.304699 -0.023277 0 0.7478 0 0 -0.443101 -0.023277 3.93335 0.443712 2
006 3 36 8 0 0.304935 -0.023829 0 0.7478 0 0 -0.442865 -0.023829 3.944824 0.4435056 2
006 3 36 8 0 0.305176 -0.024378 0 0.7478 0 0 -0.442624 -0.024378 3.955994 0.4432948 2
006 3 36 8 0 0.305422 -0.024925 0 0.7478 0 0 -0.442378 -0.024925 3.966858 0.4430796 2
006 3 36 8 0 0.305674 -0.02547 0 0.7478 0 0 -0.442126 -0.02547 3.97821 0.442859 2
006 3 36 8 0 0.305932 -0.026012 0 0.7478 0 0 -0.441868 -0.026012 3.992188 0.442633 2
006 3 36 8 0 0.306194 -0.026551 0 0.7478 0 0 -0.441606 -0.026551 3.999939 0.4424034 2
006 3 36 8 0 0.306463 -0.027088 0 0.7478 0 0 -0.441337 -0.027088 4.011658 0.4421675 2
006 3 36 8 0 0.306736 -0.027622 0 0.7478 0 0 -0.441064 -0.027622 4.022339 0.4419281 2
006 3 36 8 0 0.307015 -0.028153 0 0.7478 0 0 -0.440785 -0.028153 4.03363 0.4416831 2
006 3 36 8 0 0.307299 -0.028682 0 0.7478 0 0 -0.440501 -0.028682 4.045044 0.4414338 2
006 3 36 8 0 0.307589 -0.029207 0 0.7478 0 0 -0.440211 -0.029207 4.055542 0.4411789 2
006 3 36 8 0 0.307883 -0.02973 0 0.7478 0 0 -0.439917 -0.02973 4.067017 0.4409204 2
006 3 36 8 0 0.308183 -0.03025 0 0.7478 0 0 -0.439617 -0.03025 4.078003 0.4406565 2
006 3 36 8 0 0.308488 -0.030766 0 0.7478 0 0 -0.439312 -0.030766 4.089172 0.440388 2
006 3 36 8 0 0.308799 -0.03128 0 0.7478 0 0 -0.439001 -0.03128 4.10022 0.440114 2
006 3 36 8 0 0.309114 -0.03179 0 0.7478 0 0 -0.438686 -0.03179 4.111511 0.4398363 2
006 3 36 8 0 0.309434 -0.032297 0 0.7478 0 0 -0.438366 -0.032297 4.122253 0.4395542 2
006 3 36 8 0 0.30976 -0.032801 0 0.7478 0 0 -0.43804 -0.032801 4.134033 0.4392664 2
006 3 36 8 0 0.31009 -0.033302 0 0.7478 0 0 -0.43771 -0.033302 4.14801 0.438975 2
006 3 36 8 0 0.310426 -0.0338 0 0.7478 0 0 -0.437374 -0.0338 4.155701 0.4386781 2
006 3 36 8 0 0.310766 -0.034294 0 0.7478 0 0 -0.437034 -0.034294 4.16687 0.4383774 2
006 3 36 8 0 0.311112 -0.034784 0 0.7478 0 0 -0.436688 -0.034784 4.177979 0.4380711 2
006 3 36 8 0 0.311462 -0.035271 0 0.7478 0 0 -0.436338 -0.035271 4.189331 0.4377612 2
006 3 36 8 0 0.311817 -0.035755 0 0.7478 0 0 -0.435983 -0.035755 4.200439 0.4374467 2
006 3 36 8 0 0.312177 -0.036235 0 0.7478 0 0 -0.435623 -0.036235 4.211182 0.4371274 2
006 3 36 8 0 0.312542 -0.036711 0 0.7478 0 0 -0.435258 -0.036711 4.22229 0.4368034 2
006 3 36 8 0 0.312911 -0.037184 0 0.7478 0 0 -0.434889 -0.037184 4.233582 0.4364758 2
006 3 36 8 0 0.313286 -0.037653 0 0.7478 0 0 -0.434514 -0.037653 4.244873 0.4361424 2
006 3 36 8 0 0.313664 -0.038118 0 0.7478 0 0 -0.434136 -0.038118 4.255676 0.4358062 2
006 3 36 8 0 0.314048 -0.03858 0 0.7478 0 0 -0.433752 -0.03858 4.267029 0.4354644 2
006 3 36 8 0 0.314436 -0.039038 0 0.7478 0 0 -0.433364 -0.039038 4.278381 0.4351187 2
006 3 36 8 0 0.314829 -0.039491 0 0.7478 0 0 -0.432971 -0.039491 4.289185 0.4347682 2
006 3 36 8 0 0.315226 -0.039941 0 0.7478 0 0 -0.432574 -0.039941 4.303955 0.434414 2
006 3 36 8 0 0.315628 -0.040387 0 0.7478 0 0 -0.432172 -0.040387 4.311096 0.434055 2
006 3 36 8 0 0.316034 -0.040828 0 0.7478 0 0 -0.431766 -0.040828 4.32251 0.433692 2
006 3 36 8 0 0.316444 -0.041266 0 0.7478 0 0 -0.431356 -0.041266 4.333618 0.4333254 2
006 3 36 8 0 0.316859 -0.041699 0 0.7478 0 0 -0.430941 -0.041699 4.345032 0.4329537 2
006 3 36 8 0 0.317278 -0.042129 0 0.7478 0 0 -0.430522 -0.042129 4.355652 0.4325784 2
006 3 36 8 0 0.317701 -0.042554 0 0.7478 0 0 -0.430099 -0.042554 4.366882 0.432199 2
006 3 36 8 0 0.318129 -0.042975 0 0.7478 0 0 -0.429671 -0.042975 4.377869 0.4318148 2
006 3 36 8 0 0.318561 -0.043391 0 0.7478 0 0 -0.429239 -0.043391 4.389221 0.4314266 2
006 3 36 8 0 0.318997 -0.043804 0 0.7478 0 0 -0.428803 -0.043804 4.400635 0.4310346 2
006 3 36 8 0 0.319437 -0.044211 0 0.7478 0 0 -0.428363 -0.044211 4.411682 0.4306384 2
006 3 36 8 0 0.319881 -0.044615 0 0.7478 0 0 -0.427919 -0.044615 4.422363 0.4302385 2
006 3 36 8 0 0.320329 -0.045014 0 0.7478 0 0 -0.427471 -0.045014 4.433594 0.4298345 2
006 3 36 8 0 0.320781 -0.045408 0 0.7478 0 0 -0.427019 -0.045408 4.444885 0.4294265 2
006 3 36 8 0 0.321237 -0.045798 0 0.7478 0 0 -0.426563 -0.045798 4.459167 0.4290145 2
006 3 36 8 0 0.321697 -0.046183 0 0.7478 0 0 -0.426103 -0.046183 4.466614 0.4285984 2
006 3 36 8 0 0.322161 -0.046564 0 0.7478 0 0 -0.425639 -0.046564 4.478149 0.4281784 2
006 3 36 8 0 0.322629 -0.04694 0 0.7478 0 0 -0.425171 -0.04694 4.489014 0.4277543 2
006 3 36 8 0 0.3231 -0.047312 0 0.7478 0 0 -0.4247 -0.047312 4.500244 0.4273272 2
006 3 36 8 0 0.323575 -0.047678 0 0.7478 0 0 -0.424225 -0.047678 4.511475 0.4268958 2
006 3 36 8 0 0.324053 -0.04804 0 0.7478 0 0 -0.423747 -0.04804 4.522827 0.4264614 2
006 3 36 8 0 0.324536 -0.048397 0 0.7478 0 0 -0.423264 -0.048397 4.533691 0.4260219 2
006 3 36 8 0 0.325021 -0.048749 0 0.7478 0 0 -0.422779 -0.048749 4.544678 0.4255803 2
006 3 36 8 0 0.325511 -0.049097 0 0.7478 0 0 -0.422289 -0.049097 4.555847 0.4251335 2
006 3 36 8 0 0.326003 -0.049439 0 0.7478 0 0 -0.421797 -0.049439 4.567017 0.4246845 2
006 3 36 8 0 0.326499 -0.049777 0 0.7478 0 0 -0.421301 -0.049777 4.578186 0.4242314 2
006 3 36 8 0 0.326999 -0.050109 0 0.7478 0 0 -0.420801 -0.050109 4.589355 0.423774 2
006 3 36 8 0 0.327501 -0.050437 0 0.7478 0 0 -0.420299 -0.050437 4.600647 0.4233145 2
006 3 36 8 0 0.328007 -0.050759 0 0.7478 0 0 -0.419793 -0.050759 4.614441 0.4228506 2
006 3 36 8 0 0.328517 -0.051076 0 0.7478 0 0 -0.419283 -0.051076 4.622192 0.4223825 2
006 3 36 8 0 0.329029 -0.051389 0 0.7478 0 0 -0.418771 -0.051389 4.633728 0.4219123 2
006 3 36 8 0 0.329544 -0.051696 0 0.7478 0 0 -0.418256 -0.051696 4.64502 0.4214387 2
006 3 36 8 0 0.330063 -0.051998 0 0.7478 0 0 -0.417737 -0.051998 4.655762 0.4209608 2
006 3 36 8 0 0.330584 -0.052295 0 0.7478 0 0 -0.417216 -0.052295 4.666931 0.4204806 2
006 3 36 8 0 0.331109 -0.052586 0 0.7478 0 0 -0.416691 -0.052586 4.678101 0.419996 2
006 3 36 8 0 0.331636 -0.052872 0 0.7478 0 0 -0.416164 -0.052872 4.688965 0.4195091 2
006 3 36 8 0 0.332166 -0.053153 0 0.7478 0 0 -0.415634 -0.053153 4.700317 0.4190189 2
006 3 36 8 0 0.332699 -0.053429 0 0.7478 0 0 -0.415101 -0.053429 4.71167 0.4185254 2
006 3 36 8 0 0.333235 -0.053699 0 0.7478 0 0 -0.414565 -0.053699 4.722534 0.4180284 2
006 3 36 8 0 0.333773 -0.053964 0 0.7478 0 0 -0.414027 -0.053964 4.733765 0.417529 2
006 3 36 8 0 0.334314 -0.054224 0 0.7478 0 0 -0.413486 -0.054224 4.744934 0.4170263 2
006 3 36 8 0 0.334858 -0.054478 0 0.7478 0 0 -0.412942 -0.054478 4.756104 0.41652 2
006 3 36 8 0 0.335404 -0.054727 0 0.7478 0 0 -0.412396 -0.054727 4.770264 0.4160114 2
006 3 36 8 0 0.335952 -0.05497 0 0.7478 0 0 -0.411848 -0.05497 4.778015 0.4155003 2
006 3 36 8 0 0.336503 -0.055208 0 0.7478 0 0 -0.411297 -0.055208 4.789368 0.4149857 2
006 3 36 8 0 0.337056 -0.05544 0 0.7478 0 0 -0.410744 -0.05544 4.800354 0.4144686 2
006 3 36 8 0 0.337612 -0.055667 0 0.7478 0 0 -0.410188 -0.055667 4.811584 0.4139481 2
006 3 36 8 0 0.338169 -0.055888 0 0.7478 0 0 -0.409631 -0.055888 4.822876 0.413426 2
006 3 36 8 0 0.338729 -0.056103 0 0.7478 0 0 -0.409071 -0.056103 4.833496 0.4129003 2
006 3 36 8 0 0.339292 -0.056313 0 0.7478 0 0 -0.408508 -0.056313 4.844971 0.4123711 2
006 3 36 8 0 0.339856 -0.056517 0 0.7478 0 0 -0.407944 -0.056517 4.855896 0.4118403 2
006 3 36 8 0 0.340422 -0.056716 0 0.7478 0 0 -0.407378 -0.056716 4.867371 0.4113071 2
006 3 36 8 0 0.34099 -0.056909 0 0.7478 0 0 -0.40681 -0.056909 4.878357 0.4107712 2
006 3 36 8 0 0.34156 -0.057096 0 0.7478 0 0 -0.40624 -0.057096 4.889587 0.4102327 2
006 3 36 8 0 0.342132 -0.057278 0 0.7478 0 0 -0.405668 -0.057278 4.900574 0.4096917 2
006 3 36 8 0 0.342706 -0.057453 0 0.7478 0 0 -0.405094 -0.057453 4.911377 0.4091479 2
006 3 36 8 0 0.343281 -0.057624 0 0.7478 0 0 -0.404519 -0.057624 4.925659 0.4086027 2
006 3 36 8 0 0.343858 -0.057788 0 0.7478 0 0 -0.403942 -0.057788 4.933594 0.4080546 2
006 3 36 8 0 0.344437 -0.057946 0 0.7478 0 0 -0.403363 -0.057946 4.944641 0.4075039 2
006 3 36 8 0 0.345017 -0.058099 0 0.7478 0 0 -0.402783 -0.058099 4.955811 0.4069516 2
006 3 36 8 0 0.345599 -0.058246 0 0.7478 0 0 -0.402201 -0.058246 4.966797 0.4063967 2
006 3 36 8 0 0.346182 -0.058387 0 0.7478 0 0 -0.401618 -0.058387 4.978394 0.4058399 2
006 3 36 8 0 0.346766 -0.058522 0 0.7478 0 0 -0.401034 -0.058522 4.989319 0.4052815 2
006 3 36 8 0 0.347352 -0.058652 0 0.7478 0 0 -0.400448 -0.058652 5.000427 0.4047205 2
006 3 36 8 0 0.347939 -0.058775 0 0.7478 0 0 -0.399861 -0.058775 5.011536 0.4041575 2
006 3 36 8 0 0.348528 -0.058893 0 0.7478 0 0 -0.399272 -0.058893 5.022522 0.403592 2
006 3 36 8 0 0.349117 -0.059005 0 0.7478 0 0 -0.398683 -0.059005 5.033875 0.4030257 2
006 3 36 8 0 0.349708 -0.059111 0 0.7478 0 0 -0.398092 -0.059111 5.045044 0.4024566 2
006 3 36 8 0 0.350299 -0.059211 0 0.7478 0 0 -0.397501 -0.059211 5.056213 0.4018868 2
006 3 36 8 0 0.350892 -0.059305 0 0.7478 0 0 -0.396908 -0.059305 5.0672 0.4013141 2
006 3 36 8 0 0.351486 -0.059393 0 0.7478 0 0 -0.396314 -0.059393 5.082581 0.4007397 2
006 3 36 8 0 0.35208 -0.059475 0 0.7478 0 0 -0.39572 -0.059475 5.088928 0.4001644 2
006 3 36 8 0 0.352675 -0.059551 0 0.7478 0 0 -0.395125 -0.059551 5.100647 0.3995874 2
006 3 36 8 0 0.353271 -0.059621 0 0.7478 0 0 -0.394529 -0.059621 5.111633 0.3990085 2
006 3 36 8 0 0.353867 -0.059686 0 0.7478 0 0 -0.393933 -0.059686 5.122375 0.3984289 2
006 3 36 8 0 0.354465 -0.059744 0 0.7478 0 0 -0.393335 -0.059744 5.13385 0.3978464 2
006 3 36 8 0 0.355062 -0.059796 0 0.7478 0 0 -0.392738 -0.059796 5.144958 0.397264 2
006 3 36 8 0 0.35566 -0.059843 0 0.7478 0 0 -0.39214 -0.059843 5.155762 0.3966799 2
006 3 36 8 0 0.356259 -0.059883 0 0.7478 0 0 -0.391541 -0.059883 5.167114 0.3960938 2
006 3 36 8 0 0.356858 -0.059918 0 0.7478 0 0 -0.390942 -0.059918 5.178162 0.395507 2
006 3 36 8 0 0.357457 -0.059946 0 0.7478 0 0 -0.390343 -0.059946 5.189148 0.3949192 2
006 3 36 8 0 0.358057 -0.059969 0 0.7478 0 0 -0.389743 -0.059969 5.200317 0.3943296 2
006 3 36 8 0 0.358657 -0.059985 0 0.7478 0 0 -0.389143 -0.059985 5.211365 0.3937391 2
006 3 36 8 0 0.359257 -0.059995 0 0.7478 0 0 -0.388543 -0.059995 5.222595 0.3931476 2
006 3 36 8 0 0.359857 -0.06 0 0.7478 0 0 -0.387943 -0.06 5.236877 0.3925554 2
006 3 36 8 0 0.360457 -0.059998 0 0.7478 0 0 -0.387343 -0.059998 5.244568 0.3919622 2
006 3 36 8 0 0.361057 -0.059991 0 0.7478 0 0 -0.386743 -0.059991 5.255859 0.3913682 2
006 3 36 8 0 0.361656 -0.059977 0 0.7478 0 0 -0.386144 -0.059977 5.267273 0.3907741 2
006 3 36 8 0 0.362256 -0.059958 0 0.7478 0 0 -0.385544 -0.059958 5.278381 0.3901784 2
006 3 36 8 0 0.362856 -0.059932 0 0.7478 0 0 -0.384944 -0.059932 5.289307 0.3895815 2
006 3 36 8 0 0.363455 -0.0599 0 0.7478 0 0 -0.384345 -0.0599 5.300659 0.3889847 2
006 3 36 8 0 0.364054 -0.059863 0 0.7478 0 0 -0.383746 -0.059863 5.311584 0.3883871 2
006 3 36 8 0 0.364652 -0.059819 0 0.7478 0 0 -0.383148 -0.059819 5.322693 0.3877895 2
006 3 36 8 0 0.36525 -0.05977 0 0.7478 0 0 -0.38255 -0.05977 5.333679 0.3871911 2
006 3 36 8 0 0.365847 -0.059714 0 0.7478 0 0 -0.381953 -0.059714 5.344727 0.3865926 2
006 3 36 8 0 0.366444 -0.059653 0 0.7478 0 0 -0.381356 -0.059653 5.355957 0.3859934 2
006 3 36 8 0 0.36704 -0.059586 0 0.7478 0 0 -0.38076 -0.059586 5.367371 0.3853942 2
006 3 36 8 0 0.367636 -0.059512 0 0.7478 0 0 -0.380164 -0.059512 5.378479 0.3847939 2
006 3 36 8 0 0.368231 -0.059433 0 0.7478 0 0 -0.379569 -0.059433 5.392395 0.3841938 2
006 3 36 8 0 0.368825 -0.059348 0 0.7478 0 0 -0.378975 -0.059348 5.400085 0.3835938 2
006 3 36 8 0 0.369418 -0.059256 0 0.7478 0 0 -0.378382 -0.059256 5.411499 0.3829938 2
006 3 36 8 0 0.37001 -0.059159 0 0.7478 0 0 -0.37779 -0.059159 5.422668 0.3823938 2
006 3 36 8 0 0.370601 -0.059056 0 0.7478 0 0 -0.377199 -0.059056 5.433777 0.381794 2
006 3 36 8 0 0.371191 -0.058947 0 0.7478 0 0 -0.376609 -0.058947 5.444885 0.3811943 2
006 3 36 8 0 0.37178 -0.058832 0 0.7478 0 0 -0.37602 -0.058832 5.455811 0.3805946 2
006 3 36 8 0 0.372367 -0.058712 0 0.7478 0 0 -0.375433 -0.058712 5.467041 0.3799961 2
006 3 36 8 0 0.372954 -0.058585 0 0.7478 0 0 -0.374846 -0.058585 5.477905 0.3793965 2
006 3 36 8 0 0.373539 -0.058452 0 0.7478 0 0 -0.374261 -0.058452 5.48938 0.378798 2
006 3 36 8 0 0.374123 -0.058314 0 0.7478 0 0 -0.373677 -0.058314 5.500549 0.3781997 2
006 3 36 8 0 0.374705 -0.05817 0 0.7478 0 0 -0.373095 -0.05817 5.511719 0.3776025 2
006 3 36 8 0 0.375286 -0.05802 0 0.7478 0 0 -0.372514 -0.05802 5.522522 0.3770053 2
006 3 36 8 0 0.375866 -0.057864 0 0.7478 0 0 -0.371934 -0.057864 5.534119 0.3764082 2
006 3 36 8 0 0.376444 -0.057703 0 0.7478 0 0 -0.371356 -0.057703 5.547974 0.3758123 2
006 3 36 8 0 0.37702 -0.057535 0 0.7478 0 0 -0.37078 -0.057535 5.555664 0.3752174 2
006 3 36 8 0 0.377594 -0.057362 0 0.7478 0 0 -0.370206 -0.057362 5.567139 0.3746237 2
006 3 36 8 0 0.378167 -0.057184 0 0.7478 0 0 -0.369633 -0.057184 5.578186 0.3740301 2
006 3 36 8 0 0.378738 -0.056999 0 0.7478 0 0 -0.369062 -0.056999 5.589783 0.3734376 2
006 3 36 8 0 0.379307 -0.056809 0 0.7478 0 0 -0.368493 -0.056809 5.600586 0.3728463 2
006 3 36 8 0 0.379874 -0.056613 0 0.7478 0 0 -0.367926 -0.056613 5.61145 0.372256 2
006 3 36 8 0 0.380439 -0.056411 0 0.7478 0 0 -0.367361 -0.056411 5.622314 0.3716669 2
006 3 36 8 0 0.381002 -0.056204 0 0.7478 0 0 -0.366798 -0.056204 5.633911 0.371079 2
006 3 36 8 0 0.381563 -0.055991 0 0.7478 0 0 -0.366237 -0.055991 5.645081 0.3704923 2
006 3 36 8 0 0.382122 -0.055773 0 0.7478 0 0 -0.365678 -0.055773 5.656006 0.3699068 2
006 3 36 8 0 0.382679 -0.055549 0 0.7478 0 0 -0.365121 -0.055549 5.667175 0.3693224 2
006 3 36 8 0 0.383233 -0.055319 0 0.7478 0 0 -0.364567 -0.055319 5.678345 0.3687401 2
006 3 36 8 0 0.383785 -0.055084 0 0.7478 0 0 -0.364015 -0.055084 5.68927 0.3681591 2
006 3 36 8 0 0.384335 -0.054844 0 0.7478 0 0 -0.363465 -0.054844 5.703552 0.3675795 2
006 3 36 8 0 0.384882 -0.054598 0 0.7478 0 0 -0.362918 -0.054598 5.711365 0.3670019 2
006 3 36 8 0 0.385427 -0.054346 0 0.7478 0 0 -0.362373 -0.054346 5.722595 0.3664255 2
006 3 36 8 0 0.385969 -0.054089 0 0.7478 0 0 -0.361831 -0.054089 5.733643 0.3658515 2
006 3 36 8 0 0.386508 -0.053827 0 0.7478 0 0 -0.361292 -0.053827 5.744751 0.3652797 2
006 3 36 8 0 0.387045 -0.053559 0 0.7478 0 0 -0.360755 -0.053559 5.75592 0.3647091 2
006 3 36 8 0 0.38758 -0.053286 0 0.7478 0 0 -0.36022 -0.053286 5.767456 0.3641399 2
006 3 36 8 0 0.388111 -0.053007 0 0.7478 0 0 -0.359689 -0.053007 5.778259 0.3635738 2
006 3 36 8 0 0.38864 -0.052724 0 0.7478 0 0 -0.35916 -0.052724 5.789185 0.3630092 2
006 3 36 8 0 0.389165 -0.052434 0 0.7478 0 0 -0.358635 -0.052434 5.800598 0.3624477 2
006 3 36 8 0 0.389688 -0.05214 0 0.7478 0 0 -0.358112 -0.05214 5.811218 0.3618878 2
006 3 36 8 0 0.390208 -0.051841 0 0.7478 0 0 -0.357592 -0.051841 5.822693 0.3613302 2
006 3 36 8 0 0.390725 -0.051536 0 0.7478 0 0 -0.357075 -0.051536 5.833923 0.3607748 2
006 3 36 8 0 0.391239 -0.051226 0 0.7478 0 0 -0.356561 -0.051226 5.844666 0.3602219 2
006 3 36 8 0 0.39175 -0.050911 0 0.7478 0 0 -0.35605 -0.050911 5.85968 0.3596714 2
006 3 36 8 0 0.392257 -0.050591 0 0.7478 0 0 -0.355543 -0.050591 5.866821 0.3591243 2
006 3 36 8 0 0.392761 -0.050266 0 0.7478 0 0 -0.355039 -0.050266 5.878601 0.3585796 2
006 3 36 8 0 0.393262 -0.049936 0 0.7478 0 0 -0.354538 -0.049936 5.889282 0.3580374 2
006 3 36 8 0 0.39376 -0.049601 0 0.7478 0 0 -0.35404 -0.049601 5.900452 0.3574977 2
006 3 36 8 0 0.394254 -0.049261 0 0.7478 0 0 -0.353546 -0.049261 5.911194 0.3569614 2
006 3 36 8 0 0.394745 -0.048916 0 0.7478 0 0 -0.353055 -0.048916 5.922607 0.3564276 2
006 3 36 8 0 0.395233 -0.048566 0 0.7478 0 0 -0.352567 -0.048566 5.933655 0.3558962 2
006 3 36 8 0 0.395717 -0.048211 0 0.7478 0 0 -0.352083 -0.048211 5.944702 0.3553685 2
006 3 36 8 0 0.396197 -0.047852 0 0.7478 0 0 -0.351603 -0.047852 5.956177 0.3548443 2
006 3 36 8 0 0.396674 -0.047487 0 0.7478 0 0 -0.351126 -0.047487 5.967041 0.3543226 2
006 3 36 8 0 0.397147 -0.047118 0 0.7478 0 0 -0.350653 -0.047118 5.978271 0.3538045 2
006 3 36 8 0 0.397616 -0.046744 0 0.7478 0 0 -0.350184 -0.046744 5.989258 0.35329 2
006 3 36 8 0 0.398082 -0.046366 0 0.7478 0 0 -0.349718 -0.046366 6.000671 0.3527782 2
006 3 36 8 0 0.398543 -0.045983 0 0.7478 0 0 -0.349257 -0.045983 6.014954 0.352271 2
006 3 36 8 0 0.399001 -0.045595 0 0.7478 0 0 -0.348799 -0.045595 6.022766 0.3517665 2
006 3 36 8 0 0.399455 -0.045203 0 0.7478 0 0 -0.348345 -0.045203 6.033508 0.3512656 2
006 3 36 8 0 0.399905 -0.044806 0 0.7478 0 0 -0.347895 -0.044806 6.045105 0.3507684 2
006 3 36 8 0 0.400351 -0.044405 0 0.7478 0 0 -0.347449 -0.044405 6.055847 0.350275 2
006 3 36 8 0 0.400793 -0.043999 0 0.7478 0 0 -0.347007 -0.043999 6.067139 0.3497853 2
006 3 36 8 0 0.401231 -0.043589 0 0.7478 0 0 -0.346569 -0.043589 6.07843 0.3492994 2
006 3 36 8 0 0.401665 -0.043174 0 0.7478 0 0 -0.346135 -0.043174 6.089111 0.3488172 2
006 3 36 8 0 0.402095 -0.042755 0 0.7478 0 0 -0.345705 -0.042755 6.100525 0.3483388 2
006 3 36 8 0 0.40252 -0.042332 0 0.7478 0 0 -0.34528 -0.042332 6.11145 0.3478653 2
006 3 36 8 0 0.402941 -0.041905 0 0.7478 0 0 -0.344859 -0.041905 6.122681 0.3473957 2
006 3 36 8 0 0.403358 -0.041474 0 0.7478 0 0 -0.344442 -0.041474 6.133667 0.3469299 2
006 3 36 8 0 0.403771 -0.041038 0 0.7478 0 0 -0.344029 -0.041038 6.145081 0.346468 2
006 3 36 8 0 0.404179 -0.040598 0 0.7478 0 0 -0.343621 -0.040598 6.15625 0.346011 2
006 3 36 8 0 0.404583 -0.040154 0 0.7478 0 0 -0.343217 -0.040154 6.170532 0.3455579 2
006 3 36 8 0 0.404982 -0.039707 0 0.7478 0 0 -0.342818 -0.039707 6.178162 0.3451099 2
006 3 36 8 0 0.405377 -0.039255 0 0.7478 0 0 -0.342423 -0.039255 6.189392 0.3446657 2
006 3 36 8 0 0.405767 -0.038799 0 0.7478 0 0 -0.342033 -0.038799 6.200623 0.3442266 2
006 3 36 8 0 0.406153 -0.038339 0 0.7478 0 0 -0.341647 -0.038339 6.212097 0.3437914 2
006 3 36 8 0 0.406534 -0.037876 0 0.7478 0 0 -0.341266 -0.037876 6.222473 0.3433614 2
006 3 36 8 0 0.40691 -0.037409 0 0.7478 0 0 -0.34089 -0.037409 6.233643 0.3429365 2
006 3 36 8 0 0.407282 -0.036938 0 0.7478 0 0 -0.340518 -0.036938 6.244995 0.3425156 2
006 3 36 8 0 0.407649 -0.036463 0 0.7478 0 0 -0.340151 -0.036463 6.255737 0.3420998 2
006 3 36 8 0 0.408011 -0.035985 0 0.7478 0 0 -0.339789 -0.035985 6.267334 0.3416891 2
006 3 36 8 0 0.408369 -0.035503 0 0.7478 0 0 -0.339431 -0.035503 6.278442 0.3412827 2
006 3 36 8 0 0.408721 -0.035017 0 0.7478 0 0 -0.339079 -0.035017 6.289246 0.3408823 2
006 3 36 8 0 0.409069 -0.034529 0 0.7478 0 0 -0.338731 -0.034529 6.300659 0.3404863 2
006 3 36 8 0 0.409412 -0.034036 0 0.7478 0 0 -0.338388 -0.034036 6.311951 0.3400954 2
006 3 36 8 0 0.40975 -0.03354 0 0.7478 0 0 -0.33805 -0.03354 6.325989 0.3397098 2
006 3 36 8 0 0.410083 -0.033041 0 0.7478 0 0 -0.337717 -0.033041 6.333252 0.3393295 2
006 3 36 8 0 0.410411 -0.032539 0 0.7478 0 0 -0.337389 -0.032539 6.34491 0.3389544 2
006 3 36 8 0 0.410734 -0.032033 0 0.7478 0 0 -0.337066 -0.032033 6.355957 0.3385847 2
006 3 36 8 0 0.411051 -0.031524 0 0.7478 0 0 -0.336749 -0.031524 6.367188 0.3382213 2
006 3 36 8 0 0.411364 -0.031012 0 0.7478 0 0 -0.336436 -0.031012 6.378296 0.3378623 2
006 3 36 8 0 0.411672 -0.030497 0 0.7478 0 0 -0.336128 -0.030497 6.389282 0.3375087 2
006 3 36 8 0 0.411974 -0.029979 0 0.7478 0 0 -0.335826 -0.029979 6.40094 0.3371614 2
006 3 36 8 0 0.412271 -0.029457 0 0.7478 0 0 -0.335529 -0.029457 6.411682 0.3368196 2
006 3 36 8 0 0.412563 -0.028933 0 0.7478 0 0 -0.335237 -0.028933 6.422363 0.3364832 2
006 3 36 8 0 0.41285 -0.028406 0 0.7478 0 0 -0.33495 -0.028406 6.43396 0.3361523 2
006 3 36 8 0 0.413131 -0.027876 0 0.7478 0 0 -0.334669 -0.027876 6.445007 0.3358279 2
006 3 36 8 0 0.413407 -0.027343 0 0.7478 0 0 -0.334393 -0.027343 6.455994 0.335509 2
006 3 36 8 0 0.413678 -0.026808 0 0.7478 0 0 -0.334122 -0.026808 6.467224 0.3351957 2
006 3 36 8 0 0.413943 -0.02627 0 0.7478 0 0 -0.333857 -0.02627 6.481934 0.334889 2
006 3 36 8 0 0.414203 -0.025729 0 0.7478 0 0 -0.333597 -0.025729 6.489136 0.3345877 2
006 3 36 8 0 0.414458 -0.025186 0 0.7478 0 0 -0.333342 -0.025186 6.500488 0.3342921 2
006 3 36 8 0 0.414707 -0.02464 0 0.7478 0 0 -0.333093 -0.02464 6.511658 0.3340031 2
006 3 36 8 0 0.414951 -0.024092 0 0.7478 0 0 -0.332849 -0.024092 6.522705 0.3337198 2
006 3 36 8 0 0.415189 -0.023541 0 0.7478 0 0 -0.332611 -0.023541 6.533813 0.333443 2
006 3 36 8 0 0.415422 -0.022988 0 0.7478 0 0 -0.332378 -0.022988 6.5448 0.333172 2
006 3 36 8 0 0.415649 -0.022433 0 0.7478 0 0 -0.332151 -0.022433 6.555908 0.3329077 2
006 3 36 8 0 0.41587 -0.021875 0 0.7478 0 0 -0.33193 -0.021875 6.567261 0.33265 2
006 3 36 8 0 0.416086 -0.021315 0 0.7478 0 0 -0.331714 -0.021315 6.57843 0.3323981 2
006 3 36 8 0 0.416297 -0.020753 0 0.7478 0 0 -0.331503 -0.020753 6.589294 0.3321519 2
006 3 36 8 0 0.416501 -0.020189 0 0.7478 0 0 -0.331299 -0.020189 6.600464 0.3319136 2
006 3 36 8 0 0.4167 -0.019623 0 0.7478 0 0 -0.3311 -0.019623 6.611694 0.331681 2
006 3 36 8 0 0.416894 -0.019055 0 0.7478 0 0 -0.330906 -0.019055 6.622925 0.3314542 2
006 3 36 8 0 0.417081 -0.018485 0 0.7478 0 0 -0.330719 -0.018485 6.637207 0.3312352 2
006 3 36 8 0 0.417263 -0.017914 0 0.7478 0 0 -0.330537 -0.017914 6.644653 0.3310221 2
006 3 36 8 0 0.41744 -0.01734 0 0.7478 0 0 -0.33036 -0.01734 6.655945 0.3308147 2
006 3 36 8 0 0.41761 -0.016765 0 0.7478 0 0 -0.33019 -0.016765 6.667053 0.3306153 2
006 3 36 8 0 0.417775 -0.016188 0 0.7478 0 0 -0.330025 -0.016188 6.678467 0.3304218 2
006 3 36 8 0 0.417934 -0.015609 0 0.7478 0 0 -0.329866 -0.015609 6.689575 0.3302351 2
006 3 36 8 0 0.418087 -0.015029 0 0.7478 0 0 -0.329713 -0.015029 6.700378 0.3300553 2
006 3 36 8 0 0.418235 -0.014448 0 0.7478 0 0 -0.329565 -0.014448 6.711731 0.3298815 2
006 3 36 8 0 0.418376 -0.013865 0 0.7478 0 0 -0.329424 -0.013865 6.722595 0.3297156 2
006 3 36 8 0 0.418512 -0.01328 0 0.7478 0 0 -0.329288 -0.01328 6.733459 0.3295557 2
006 3 36 8 0 0.418642 -0.012694 0 0.7478 0 0 -0.329158 -0.012694 6.745239 0.3294027 2
006 3 36 8 0 0.418766 -0.012107 0 0.7478 0 0 -0.329034 -0.012107 6.755981 0.3292566 2
006 3 36 8 0 0.418884 -0.011519 0 0.7478 0 0 -0.328916 -0.011519 6.767273 0.3291176 2
006 3 36 8 0 0.418996 -0.01093 0 0.7478 0 0 -0.328804 -0.01093 6.779175 0.3289856 2
006 3 36 8 0 0.419102 -0.010339 0 0.7478 0 0 -0.328698 -0.010339 6.79248 0.3288606 2
006 3 36 8 0 0.419203 -0.009748 0 0.7478 0 0 -0.328597 -0.009748 6.800476 0.3287416 2
006 3 36 8 0 0.419297 -0.009155 0 0.7478 0 0 -0.328503 -0.009155 6.811462 0.3286305 2
006 3 36 8 0 0.419386 -0.008562 0 0.7478 0 0 -0.328414 -0.008562 6.822571 0.3285256 2
006 3 36 8 0 0.419469 -0.007968 0 0.7478 0 0 -0.328331 -0.007968 6.833801 0.3284277 2
006 3 36 8 0 0.419545 -0.007372 0 0.7478 0 0 -0.328255 -0.007372 6.845215 0.3283378 2
006 3 36 8 0 0.419616 -0.006777 0 0.7478 0 0 -0.328184 -0.006777 6.856079 0.328254 2
006 3 36 8 0 0.419681 -0.00618 0 0.7478 0 0 -0.328119 -0.00618 6.867432 0.3281772 2
006 3 36 8 0 0.41974 -0.005583 0 0.7478 0 0 -0.32806 -0.005583 6.878235 0.3281075 2
006 3 36 8 0 0.419793 -0.004985 0 0.7478 0 0 -0.328007 -0.004985 6.889099 0.3280449 2
006 3 36 8 0 0.419839 -0.004387 0 0.7478 0 0 -0.327961 -0.004387 6.900574 0.3279903 2
006 3 36 8 0 0.41988 -0.003789 0 0.7478 0 0 -0.32792 -0.003789 6.911682 0.3279419 2
006 3 36 8 0 0.419915 -0.00319 0 0.7478 0 0 -0.327885 -0.00319 6.922852 0.3279005 2
006 3 36 8 0 0.419944 -0.00259 0 0.7478 0 0 -0.327856 -0.00259 6.933899 0.3278662 2
006 3 36 8 0 0.419967 -0.001991 0 0.7478 0 0 -0.327833 -0.001991 6.948181 0.327839 2
006 3 36 8 0 0.419984 -0.001391 0 0.7478 0 0 -0.327816 -0.001391 6.955933 0.3278189 2
006 3 36 8 0 0.419995 -0.000791 0 0.7478 0 0 -0.327805 -0.000791 6.967163 0.3278059 2
006 3 36 8 0 0.42 -0.000191 0 0.7478 0 0 -0.3278 -0.000191 6.978516 0.3278 2
006 3 36 8 0 0.42 0 0 0.7478 0 0 -0.3278 0 6.989136 0.3278 2
