006 3 11 3 0 0.4 0.02 0 0.7478 0 0 -0.3478 0.02 0 0.3483745 2
006 3 11 3 0.0002 0.4 0.019999 0 0.7478 0 0.0002 -0.3478 0.019999 0.01112366 0.3483745 2
006 3 11 3 0.0004 0.4 0.019996 0 0.7478 0 0.0004 -0.3478 0.019996 0.02255249 0.3483745 2
006 3 11 3 0.0006 0.4 0.019991 0 0.7478 0 0.0006 -0.3478 0.019991 0.03373718 0.3483745 2
006 3 11 3 0.0008 0.4 0.019984 0 0.7478 0 0.0008 -0.3478 0.019984 0.05212402 0.3483745 2
006 3 11 3 0.001 0.4 0.019975 0 0.7478 0 0.001 -0.3478 0.019975 0.06317139 0.3483745 2
006 3 11 3 0.001199 0.4 0.019964 0 0.7478 0 0.001199 -0.3478 0.019964 0.07200623 0.3483745 2
006 3 11 3 0.001399 0.4 0.019951 0 0.7478 0 0.001399 -0.3478 0.019951 0.07891846 0.3483745 2
006 3 11 3 0.001598 0.4 0.019936 0 0.7478 0 0.001598 -0.3478 0.019936 0.08909607 0.3483745 2
006 3 11 3 0.001798 0.4 0.019919 0 0.7478 0 0.001798 -0.3478 0.019919 0.1006012 0.3483745 2
006 3 11 3 0.001997 0.4 0.0199 0 0.7478 0 0.001997 -0.3478 0.0199 0.1115723 0.3483745 2
006 3 11 3 0.002196 0.4 0.019879 0 0.7478 0 0.002196 -0.3478 0.019879 0.1227875 0.3483745 2
006 3 11 3 0.002394 0.4 0.019856 0 0.7478 0 0.002394 -0.3478 0.019856 0.1340179 0.3483745 2
006 3 11 3 0.002593 0.4 0.019831 0 0.7478 0 0.002593 -0.3478 0.019831 0.1450653 0.3483745 2
006 3 11 3 0.002791 0.4 0.019804 0 0.7478 0 0.002791 -0.3478 0.019804 0.1558685 0.3483745 2
006 3 11 3 0.002989 0.4 0.019775 0 0.7478 0 0.002989 -0.3478 0.019775 0.1672974 0.3483745 2
006 3 11 3 0.003186 0.4 0.019745 0 0.7478 0 0.003186 -0.3478 0.019745 0.1782532 0.3483746 2
006 3 11 3 0.003384 0.4 0.019712 0 0.7478 0 0.003384 -0.3478 0.019712 0.1895142 0.3483746 2
006 3 11 3 0.003581 0.4 0.019677 0 0.7478 0 0.003581 -0.3478 0.019677 0.2041321 0.3483746 2
006 3 11 3 0.003777 0.4 0.01964 0 0.7478 0 0.003777 -0.3478 0.01964 0.2109528 0.3483745 2
006 3 11 3 0.003973 0.4 0.019601 0 0.7478 0 0.003973 -0.3478 0.019601 0.2225952 0.3483745 2
006 3 11 3 0.004169 0.4 0.019561 0 0.7478 0 0.004169 -0.3478 0.019561 0.2336731 0.3483746 2
006 3 11 3 0.004365 0.4 0.019518 0 0.7478 0 0.004365 -0.3478 0.019518 0.2450409 0.3483746 2
006 3 11 3 0.00456 0.4 0.019473 0 0.7478 0 0.00456 -0.3478 0.019473 0.256073 0.3483745 2
006 3 11 3 0.004754 0.4 0.019427 0 0.7478 0 0.004754 -0.3478 0.019427 0.2669373 0.3483746 2
006 3 11 3 0.004948 0.4 0.019378 0 0.7478 0 0.004948 -0.3478 0.019378 0.2780609 0.3483745 2
006 3 11 3 0.005142 0.4 0.019328 0 0.7478 0 0.005142 -0.3478 0.019328 0.2896423 0.3483746 2
006 3 11 3 0.005335 0.4 0.019275 0 0.7478 0 0.005335 -0.3478 0.019275 0.3006897 0.3483745 2
006 3 11 3 0.005527 0.4 0.019221 0 0.7478 0 0.005527 -0.3478 0.019221 0.311676 0.3483745 2
006 3 11 3 0.005719 0.4 0.019165 0 0.7478 0 0.005719 -0.3478 0.019165 0.322937 0.3483745 2
006 3 11 3 0.00591 0.4 0.019107 0 0.7478 0 0.00591 -0.3478 0.019107 0.3335419 0.3483746 2
006 3 11 3 0.006101 0.4 0.019047 0 0.7478 0 0.006101 -0.3478 0.019047 0.345047 0.3483746 2
006 3 11 3 0.006291 0.4 0.018985 0 0.7478 0 0.006291 -0.3478 0.018985 0.359436 0.3483746 2
006 3 11 3 0.006481 0.4 0.018921 0 0.7478 0 0.006481 -0.3478 0.018921 0.3667755 0.3483746 2
006 3 11 3 0.00667 0.4 0.018855 0 0.7478 0 0.00667 -0.3478 0.018855 0.3782959 0.3483745 2
006 3 11 3 0.006858 0.4 0.018787 0 0.7478 0 0.006858 -0.3478 0.018787 0.3896484 0.3483745 2
006 3 11 3 0.007045 0.4 0.018718 0 0.7478 0 0.007045 -0.3478 0.018718 0.4004517 0.3483745 2
006 3 11 3 0.007232 0.4 0.018647 0 0.7478 0 0.007232 -0.3478 0.018647 0.4115295 0.3483746 2
006 3 11 3 0.007418 0.4 0.018573 0 0.7478 0 0.007418 -0.3478 0.018573 0.4224091 0.3483745 2
006 3 11 3 0.007604 0.4 0.018498 0 0.7478 0 0.007604 -0.3478 0.018498 0.433548 0.3483745 2
006 3 11 3 0.007788 0.4 0.018421 0 0.7478 0 0.007788 -0.3478 0.018421 0.4450531 0.3483745 2
006 3 11 3 0.007972 0.4 0.018342 0 0.7478 0 0.007972 -0.3478 0.018342 0.4558105 0.3483745 2
006 3 11 3 0.008155 0.4 0.018262 0 0.7478 0 0.008155 -0.3478 0.018262 0.4671021 0.3483745 2
006 3 11 3 0.008337 0.4 0.018179 0 0.7478 0 0.008337 -0.3478 0.018179 0.478363 0.3483745 2
006 3 11 3 0.008519 0.4 0.018095 0 0.7478 0 0.008519 -0.3478 0.018095 0.4894867 0.3483745 2
006 3 11 3 0.008699 0.4 0.018009 0 0.7478 0 0.008699 -0.3478 0.018009 0.5006561 0.3483745 2
006 3 11 3 0.008879 0.4 0.017921 0 0.7478 0 0.008879 -0.3478 0.017921 0.5152588 0.3483745 2
006 3 11 3 0.009058 0.4 0.017831 0 0.7478 0 0.009058 -0.3478 0.017831 0.5224457 0.3483745 2
006 3 11 3 0.009236 0.4 0.01774 0 0.7478 0 0.009236 -0.3478 0.01774 0.5338745 0.3483746 2
006 3 11 3 0.009413 0.4 0.017647 0 0.7478 0 0.009413 -0.3478 0.017647 0.5451965 0.3483746 2
006 3 11 3 0.009589 0.4 0.017552 0 0.7478 0 0.009589 -0.3478 0.017552 0.556427 0.3483746 2
006 3 11 3 0.009764 0.4 0.017455 0 0.7478 0 0.009764 -0.3478 0.017455 0.5667877 0.3483746 2
006 3 11 3 0.009938 0.4 0.017356 0 0.7478 0 0.009938 -0.3478 0.017356 0.5779419 0.3483745 2
006 3 11 3 0.010111 0.4 0.017256 0 0.7478 0 0.010111 -0.3478 0.017256 0.5895386 0.3483745 2
006 3 11 3 0.010283 0.4 0.017154 0 0.7478 0 0.010283 -0.3478 0.017154 0.6006012 0.3483745 2
006 3 11 3 0.010454 0.4 0.01705 0 0.7478 0 0.010454 -0.3478 0.01705 0.6115112 0.3483745 2
006 3 11 3 0.010624 0.4 0.016945 0 0.7478 0 0.010624 -0.3478 0.016945 0.6228943 0.3483745 2
006 3 11 3 0.010793 0.4 0.016838 0 0.7478 0 0.010793 -0.3478 0.016838 0.6339264 0.3483746 2
006 3 11 3 0.01096 0.4 0.016729 0 0.7478 0 0.01096 -0.3478 0.016729 0.6452026 0.3483745 2
006 3 11 3 0.011127 0.4 0.016619 0 0.7478 0 0.011127 -0.3478 0.016619 0.6561432 0.3483745 2
006 3 11 3 0.011293 0.4 0.016507 0 0.7478 0 0.011293 -0.3478 0.016507 0.6703796 0.3483746 2
006 3 11 3 0.011457 0.4 0.016393 0 0.7478 0 0.011457 -0.3478 0.016393 0.6778412 0.3483745 2
006 3 11 3 0.011621 0.4 0.016278 0 0.7478 0 0.011621 -0.3478 0.016278 0.6894379 0.3483746 2
006 3 11 3 0.011783 0.4 0.016161 0 0.7478 0 0.011783 -0.3478 0.016161 0.7003479 0.3483746 2
006 3 11 3 0.011944 0.4 0.016042 0 0.7478 0 0.011944 -0.3478 0.016042 0.7120972 0.3483745 2
006 3 11 3 0.012104 0.4 0.015922 0 0.7478 0 0.012104 -0.3478 0.015922 0.7227325 0.3483746 2
006 3 11 3 0.012262 0.4 0.0158 0 0.7478 0 0.012262 -0.3478 0.0158 0.7335815 0.3483745 2
006 3 11 3 0.01242 0.4 0.015676 0 0.7478 0 0.01242 -0.3478 0.015676 0.7450867 0.3483745 2
006 3 11 3 0.012576 0.4 0.015551 0 0.7478 0 0.012576 -0.3478 0.015551 0.7561951 0.3483745 2
006 3 11 3 0.012731 0.4 0.015425 0 0.7478 0 0.012731 -0.3478 0.015425 0.7672424 0.3483746 2
006 3 11 3 0.012884 0.4 0.015297 0 0.7478 0 0.012884 -0.3478 0.015297 0.7781372 0.3483745 2
006 3 11 3 0.013037 0.4 0.015167 0 0.7478 0 0.013037 -0.3478 0.015167 0.7893677 0.3483745 2
006 3 11 3 0.013188 0.4 0.015036 0 0.7478 0 0.013188 -0.3478 0.015036 0.8003235 0.3483745 2
006 3 11 3 0.013337 0.4 0.014903 0 0.7478 0 0.013337 -0.3478 0.014903 0.8115845 0.3483745 2
006 3 11 3 0.013486 0.4 0.014769 0 0.7478 0 0.013486 -0.3478 0.014769 0.8261108 0.3483745 2
006 3 11 3 0.013633 0.4 0.014634 0 0.7478 0 0.013633 -0.3478 0.014634 0.833313 0.3483746 2
006 3 11 3 0.013778 0.4 0.014497 0 0.7478 0 0.013778 -0.3478 0.014497 0.8448639 0.3483745 2
006 3 11 3 0.013923 0.4 0.014358 0 0.7478 0 0.013923 -0.3478 0.014358 0.8562317 0.3483745 2
006 3 11 3 0.014066 0.4 0.014218 0 0.7478 0 0.014066 -0.3478 0.014218 0.8694611 0.3483745 2
006 3 11 3 0.014207 0.4 0.014077 0 0.7478 0 0.014207 -0.3478 0.014077 0.8781281 0.3483745 2
006 3 11 3 0.014347 0.4 0.013934 0 0.7478 0 0.014347 -0.3478 0.013934 0.8898468 0.3483745 2
006 3 11 3 0.014486 0.4 0.01379 0 0.7478 0 0.014486 -0.3478 0.01379 0.9006195 0.3483746 2
006 3 11 3 0.014623 0.4 0.013644 0 0.7478 0 0.014623 -0.3478 0.013644 0.9114227 0.3483745 2
006 3 11 3 0.014759 0.4 0.013498 0 0.7478 0 0.014759 -0.3478 0.013498 0.9229889 0.3483746 2
006 3 11 3 0.014893 0.4 0.013349 0 0.7478 0 0.014893 -0.3478 0.013349 0.9337921 0.3483745 2
006 3 11 3 0.015026 0.4 0.0132 0 0.7478 0 0.015026 -0.3478 0.0132 0.9449615 0.3483746 2
006 3 11 3 0.015157 0.4 0.013049 0 0.7478 0 0.015157 -0.3478 0.013049 0.9564972 0.3483746 2
006 3 11 3 0.015287 0.4 0.012897 0 0.7478 0 0.015287 -0.3478 0.012897 0.9670105 0.3483746 2
006 3 11 3 0.015415 0.4 0.012743 0 0.7478 0 0.015415 -0.3478 0.012743 0.9813995 0.3483746 2
006 3 11 3 0.015541 0.4 0.012588 0 0.7478 0 0.015541 -0.3478 0.012588 0.9890747 0.3483745 2
006 3 11 3 0.015667 0.4 0.012432 0 0.7478 0 0.015667 -0.3478 0.012432 1.00029 0.3483746 2
006 3 11 3 0.01579 0.4 0.012275 0 0.7478 0 0.01579 -0.3478 0.012275 1.011414 0.3483745 2
006 3 11 3 0.015912 0.4 0.012116 0 0.7478 0 0.015912 -0.3478 0.012116 1.022888 0.3483745 2
006 3 11 3 0.016032 0.4 0.011957 0 0.7478 0 0.016032 -0.3478 0.011957 1.033813 0.3483745 2
006 3 11 3 0.016151 0.4 0.011796 0 0.7478 0 0.016151 -0.3478 0.011796 1.044846 0.3483745 2
006 3 11 3 0.016268 0.4 0.011634 0 0.7478 0 0.016268 -0.3478 0.011634 1.056046 0.3483745 2
006 3 11 3 0.016384 0.4 0.01147 0 0.7478 0 0.016384 -0.3478 0.01147 1.067352 0.3483745 2
006 3 11 3 0.016498 0.4 0.011306 0 0.7478 0 0.016498 -0.3478 0.011306 1.0784 0.3483746 2
006 3 11 3 0.01661 0.4 0.01114 0 0.7478 0 0.01661 -0.3478 0.01114 1.08963 0.3483745 2
006 3 11 3 0.016721 0.4 0.010974 0 0.7478 0 0.016721 -0.3478 0.010974 1.100479 0.3483746 2
006 3 11 3 0.016829 0.4 0.010806 0 0.7478 0 0.016829 -0.3478 0.010806 1.111542 0.3483745 2
006 3 11 3 0.016937 0.4 0.010637 0 0.7478 0 0.016937 -0.3478 0.010637 1.12294 0.3483746 2
006 3 11 3 0.017042 0.4 0.010467 0 0.7478 0 0.017042 -0.3478 0.010467 1.13768 0.3483745 2
006 3 11 3 0.017146 0.4 0.010296 0 0.7478 0 0.017146 -0.3478 0.010296 1.14444 0.3483745 2
006 3 11 3 0.017248 0.4 0.010124 0 0.7478 0 0.017248 -0.3478 0.010124 1.156052 0.3483745 2
006 3 11 3 0.017348 0.4 0.009951 0 0.7478 0 0.017348 -0.3478 0.009951 1.166931 0.3483745 2
006 3 11 3 0.017447 0.4 0.009777 0 0.7478 0 0.017447 -0.3478 0.009777 1.178024 0.3483745 2
006 3 11 3 0.017544 0.4 0.009602 0 0.7478 0 0.017544 -0.3478 0.009602 1.189453 0.3483745 2
006 3 11 3 0.017639 0.4 0.009427 0 0.7478 0 0.017639 -0.3478 0.009427 1.200714 0.3483745 2
006 3 11 3 0.017733 0.4 0.00925 0 0.7478 0 0.017733 -0.3478 0.00925 1.211716 0.3483746 2
006 3 11 3 0.017824 0.4 0.009072 0 0.7478 0 0.017824 -0.3478 0.009072 1.223206 0.3483745 2
006 3 11 3 0.017914 0.4 0.008893 0 0.7478 0 0.017914 -0.3478 0.008893 1.233749 0.3483745 2
006 3 11 3 0.018002 0.4 0.008714 0 0.7478 0 0.018002 -0.3478 0.008714 1.245239 0.3483746 2
006 3 11 3 0.018088 0.4 0.008533 0 0.7478 0 0.018088 -0.3478 0.008533 1.25676 0.3483745 2
006 3 11 3 0.018173 0.4 0.008352 0 0.7478 0 0.018173 -0.3478 0.008352 1.26709 0.3483746 2
006 3 11 3 0.018255 0.4 0.00817 0 0.7478 0 0.018255 -0.3478 0.00817 1.27832 0.3483745 2
006 3 11 3 0.018336 0.4 0.007987 0 0.7478 0 0.018336 -0.3478 0.007987 1.292877 0.3483745 2
006 3 11 3 0.018415 0.4 0.007803 0 0.7478 0 0.018415 -0.3478 0.007803 1.300293 0.3483745 2
006 3 11 3 0.018492 0.4 0.007618 0 0.7478 0 0.018492 -0.3478 0.007618 1.311523 0.3483745 2
006 3 11 3 0.018567 0.4 0.007433 0 0.7478 0 0.018567 -0.3478 0.007433 1.322708 0.3483745 2
006 3 11 3 0.018641 0.4 0.007247 0 0.7478 0 0.018641 -0.3478 0.007247 1.333862 0.3483746 2
006 3 11 3 0.018712 0.4 0.00706 0 0.7478 0 0.018712 -0.3478 0.00706 1.34491 0.3483745 2
006 3 11 3 0.018782 0.4 0.006873 0 0.7478 0 0.018782 -0.3478 0.006873 1.356033 0.3483745 2
006 3 11 3 0.01885 0.4 0.006685 0 0.7478 0 0.01885 -0.3478 0.006685 1.367355 0.3483746 2
006 3 11 3 0.018916 0.4 0.006496 0 0.7478 0 0.018916 -0.3478 0.006496 1.378326 0.3483746 2
006 3 11 3 0.01898 0.4 0.006306 0 0.7478 0 0.01898 -0.3478 0.006306 1.389847 0.3483746 2
006 3 11 3 0.019042 0.4 0.006116 0 0.7478 0 0.019042 -0.3478 0.006116 1.400528 0.3483745 2
006 3 11 3 0.019102 0.4 0.005926 0 0.7478 0 0.019102 -0.3478 0.005926 1.411392 0.3483745 2
006 3 11 3 0.01916 0.4 0.005734 0 0.7478 0 0.01916 -0.3478 0.005734 1.422943 0.3483745 2
006 3 11 3 0.019217 0.4 0.005542 0 0.7478 0 0.019217 -0.3478 0.005542 1.434158 0.3483746 2
006 3 11 3 0.019271 0.4 0.00535 0 0.7478 0 0.019271 -0.3478 0.00535 1.448334 0.3483745 2
006 3 11 3 0.019324 0.4 0.005157 0 0.7478 0 0.019324 -0.3478 0.005157 1.456299 0.3483746 2
006 3 11 3 0.019374 0.4 0.004964 0 0.7478 0 0.019374 -0.3478 0.004964 1.46701 0.3483745 2
006 3 11 3 0.019423 0.4 0.00477 0 0.7478 0 0.019423 -0.3478 0.00477 1.478073 0.3483746 2
006 3 11 3 0.01947 0.4 0.004575 0 0.7478 0 0.01947 -0.3478 0.004575 1.489563 0.3483746 2
006 3 11 3 0.019514 0.4 0.00438 0 0.7478 0 0.019514 -0.3478 0.00438 1.500793 0.3483745 2
006 3 11 3 0.019557 0.4 0.004185 0 0.7478 0 0.019557 -0.3478 0.004185 1.511444 0.3483745 2
006 3 11 3 0.019598 0.4 0.003989 0 0.7478 0 0.019598 -0.3478 0.003989 1.523148 0.3483745 2
006 3 11 3 0.019637 0.4 0.003793 0 0.7478 0 0.019637 -0.3478 0.003793 1.534058 0.3483745 2
006 3 11 3 0.019674 0.4 0.003596 0 0.7478 0 0.019674 -0.3478 0.003596 1.545059 0.3483745 2
006 3 11 3 0.019709 0.4 0.003399 0 0.7478 0 0.019709 -0.3478 0.003399 1.556335 0.3483745 2
006 3 11 3 0.019742 0.4 0.003202 0 0.7478 0 0.019742 -0.3478 0.003202 1.567261 0.3483745 2
006 3 11 3 0.019773 0.4 0.003005 0 0.7478 0 0.019773 -0.3478 0.003005 1.578552 0.3483745 2
006 3 11 3 0.019802 0.4 0.002807 0 0.7478 0 0.019802 -0.3478 0.002807 1.589706 0.3483745 2
006 3 11 3 0.019829 0.4 0.002608 0 0.7478 0 0.019829 -0.3478 0.002608 1.603745 0.3483745 2
006 3 11 3 0.019854 0.4 0.00241 0 0.7478 0 0.019854 -0.3478 0.00241 1.611542 0.3483745 2
006 3 11 3 0.019877 0.4 0.002211 0 0.7478 0 0.019877 -0.3478 0.002211 1.622849 0.3483745 2
006 3 11 3 0.019898 0.4 0.002013 0 0.7478 0 0.019898 -0.3478 0.002013 1.633804 0.3483745 2
006 3 11 3 0.019918 0.4 0.001813 0 0.7478 0 0.019918 -0.3478 0.001813 1.644821 0.3483746 2
006 3 11 3 0.019935 0.4 0.001614 0 0.7478 0 0.019935 -0.3478 0.001614 1.656342 0.3483746 2
006 3 11 3 0.01995 0.4 0.001415 0 0.7478 0 0.01995 -0.3478 0.001415 1.667191 0.3483745 2
006 3 11 3 0.019963 0.4 0.001215 0 0.7478 0 0.019963 -0.3478 0.001215 1.678345 0.3483745 2
006 3 11 3 0.019974 0.4 0.001015 0 0.7478 0 0.019974 -0.3478 0.001015 1.689621 0.3483745 2
006 3 11 3 0.019983 0.4 0.000816 0 0.7478 0 0.019983 -0.3478 0.000816 1.70076 0.3483745 2
006 3 11 3 0.019991 0.4 0.000616 0 0.7478 0 0.019991 -0.3478 0.000616 1.711472 0.3483746 2
006 3 11 3 0.019996 0.4 0.000416 0 0.7478 0 0.019996 -0.3478 0.000416 1.722992 0.3483746 2
006 3 11 3 0.019999 0.4 0.000216 0 0.7478 0 0.019999 -0.3478 0.000216 1.733948 0.3483746 2
006 3 11 3 0.02 0.4 1.6E-05 0 0.7478 0 0.02 -0.3478 1.6E-05 1.74498 0.3483745 2
006 3 11 3 0.019999 0.4 -0.000184 0 0.7478 0 0.019999 -0.3478 -0.000184 1.759766 0.3483745 2
006 3 11 3 0.019996 0.4 -0.000384 0 0.7478 0 0.019996 -0.3478 -0.000384 1.766968 0.3483745 2
006 3 11 3 0.019991 0.4 -0.000584 0 0.7478 0 0.019991 -0.3478 -0.000584 1.778534 0.3483745 2
006 3 11 3 0.019985 0.4 -0.000784 0 0.7478 0 0.019985 -0.3478 -0.000784 1.78978 0.3483746 2
006 3 11 3 0.019976 0.4 -0.000984 0 0.7478 0 0.019976 -0.3478 -0.000984 1.800537 0.3483746 2
006 3 11 3 0.019965 0.4 -0.001183 0 0.7478 0 0.019965 -0.3478 -0.001183 1.811417 0.3483745 2
006 3 11 3 0.019952 0.4 -0.001383 0 0.7478 0 0.019952 -0.3478 -0.001383 1.822662 0.3483745 2
006 3 11 3 0.019937 0.4 -0.001582 0 0.7478 0 0.019937 -0.3478 -0.001582 1.833817 0.3483745 2
006 3 11 3 0.01992 0.4 -0.001782 0 0.7478 0 0.01992 -0.3478 -0.001782 1.845139 0.3483745 2
006 3 11 3 0.019902 0.4 -0.001981 0 0.7478 0 0.019902 -0.3478 -0.001981 1.856171 0.3483746 2
006 3 11 3 0.019881 0.4 -0.00218 0 0.7478 0 0.019881 -0.3478 -0.00218 1.867569 0.3483746 2
006 3 11 3 0.019858 0.4 -0.002378 0 0.7478 0 0.019858 -0.3478 -0.002378 1.878235 0.3483745 2
006 3 11 3 0.019833 0.4 -0.002577 0 0.7478 0 0.019833 -0.3478 -0.002577 1.889603 0.3483745 2
006 3 11 3 0.019807 0.4 -0.002775 0 0.7478 0 0.019807 -0.3478 -0.002775 1.900467 0.3483746 2
006 3 11 3 0.019778 0.4 -0.002973 0 0.7478 0 0.019778 -0.3478 -0.002973 1.914963 0.3483746 2
006 3 11 3 0.019747 0.4 -0.003171 0 0.7478 0 0.019747 -0.3478 -0.003171 1.922638 0.3483745 2
006 3 11 3 0.019714 0.4 -0.003368 0 0.7478 0 0.019714 -0.3478 -0.003368 1.933624 0.3483745 2
006 3 11 3 0.01968 0.4 -0.003565 0 0.7478 0 0.01968 -0.3478 -0.003565 1.94487 0.3483746 2
006 3 11 3 0.019643 0.4 -0.003762 0 0.7478 0 0.019643 -0.3478 -0.003762 1.956314 0.3483745 2
006 3 11 3 0.019604 0.4 -0.003958 0 0.7478 0 0.019604 -0.3478 -0.003958 1.967392 0.3483745 2
006 3 11 3 0.019564 0.4 -0.004154 0 0.7478 0 0.019564 -0.3478 -0.004154 1.978134 0.3483746 2
006 3 11 3 0.019521 0.4 -0.004349 0 0.7478 0 0.019521 -0.3478 -0.004349 1.990021 0.3483745 2
006 3 11 3 0.019477 0.4 -0.004544 0 0.7478 0 0.019477 -0.3478 -0.004544 2.000305 0.3483745 2
006 3 11 3 0.019431 0.4 -0.004739 0 0.7478 0 0.019431 -0.3478 -0.004739 2.011612 0.3483746 2
006 3 11 3 0.019382 0.4 -0.004933 0 0.7478 0 0.019382 -0.3478 -0.004933 2.022934 0.3483745 2
006 3 11 3 0.019332 0.4 -0.005126 0 0.7478 0 0.019332 -0.3478 -0.005126 2.033752 0.3483745 2
006 3 11 3 0.01928 0.4 -0.005319 0 0.7478 0 0.01928 -0.3478 -0.005319 2.045013 0.3483746 2
006 3 11 3 0.019226 0.4 -0.005512 0 0.7478 0 0.019226 -0.3478 -0.005512 2.056564 0.3483746 2
006 3 11 3 0.019169 0.4 -0.005704 0 0.7478 0 0.019169 -0.3478 -0.005704 2.07077 0.3483745 2
006 3 11 3 0.019111 0.4 -0.005895 0 0.7478 0 0.019111 -0.3478 -0.005895 2.077911 0.3483745 2
006 3 11 3 0.019052 0.4 -0.006086 0 0.7478 0 0.019052 -0.3478 -0.006086 2.089432 0.3483746 2
006 3 11 3 0.01899 0.4 -0.006276 0 0.7478 0 0.01899 -0.3478 -0.006276 2.100479 0.3483746 2
006 3 11 3 0.018926 0.4 -0.006466 0 0.7478 0 0.018926 -0.3478 -0.006466 2.111649 0.3483745 2
006 3 11 3 0.01886 0.4 -0.006655 0 0.7478 0 0.01886 -0.3478 -0.006655 2.122711 0.3483745 2
006 3 11 3 0.018793 0.4 -0.006843 0 0.7478 0 0.018793 -0.3478 -0.006843 2.133881 0.3483745 2
006 3 11 3 0.018724 0.4 -0.007031 0 0.7478 0 0.018724 -0.3478 -0.007031 2.145477 0.3483746 2
006 3 11 3 0.018652 0.4 -0.007217 0 0.7478 0 0.018652 -0.3478 -0.007217 2.156433 0.3483745 2
006 3 11 3 0.018579 0.4 -0.007404 0 0.7478 0 0.018579 -0.3478 -0.007404 2.167221 0.3483745 2
006 3 11 3 0.018504 0.4 -0.007589 0 0.7478 0 0.018504 -0.3478 -0.007589 2.178482 0.3483745 2
006 3 11 3 0.018427 0.4 -0.007774 0 0.7478 0 0.018427 -0.3478 -0.007774 2.189636 0.3483745 2
006 3 11 3 0.018349 0.4 -0.007958 0 0.7478 0 0.018349 -0.3478 -0.007958 2.200989 0.3483746 2
006 3 11 3 0.018268 0.4 -0.008141 0 0.7478 0 0.018268 -0.3478 -0.008141 2.211807 0.3483745 2
006 3 11 3 0.018186 0.4 -0.008323 0 0.7478 0 0.018186 -0.3478 -0.008323 2.225998 0.3483745 2
006 3 11 3 0.018102 0.4 -0.008504 0 0.7478 0 0.018102 -0.3478 -0.008504 2.233597 0.3483745 2
006 3 11 3 0.018016 0.4 -0.008685 0 0.7478 0 0.018016 -0.3478 -0.008685 2.245056 0.3483746 2
006 3 11 3 0.017928 0.4 -0.008865 0 0.7478 0 0.017928 -0.3478 -0.008865 2.256058 0.3483745 2
006 3 11 3 0.017839 0.4 -0.009044 0 0.7478 0 0.017839 -0.3478 -0.009044 2.267197 0.3483746 2
006 3 11 3 0.017747 0.4 -0.009221 0 0.7478 0 0.017747 -0.3478 -0.009221 2.278641 0.3483745 2
006 3 11 3 0.017654 0.4 -0.009398 0 0.7478 0 0.017654 -0.3478 -0.009398 2.289444 0.3483745 2
006 3 11 3 0.017559 0.4 -0.009575 0 0.7478 0 0.017559 -0.3478 -0.009575 2.3004 0.3483745 2
006 3 11 3 0.017463 0.4 -0.00975 0 0.7478 0 0.017463 -0.3478 -0.00975 2.311646 0.3483746 2
006 3 11 3 0.017364 0.4 -0.009924 0 0.7478 0 0.017364 -0.3478 -0.009924 2.323639 0.3483745 2
006 3 11 3 0.017264 0.4 -0.010097 0 0.7478 0 0.017264 -0.3478 -0.010097 2.333786 0.3483745 2
006 3 11 3 0.017162 0.4 -0.010269 0 0.7478 0 0.017162 -0.3478 -0.010269 2.345245 0.3483745 2
006 3 11 3 0.017059 0.4 -0.01044 0 0.7478 0 0.017059 -0.3478 -0.01044 2.356644 0.3483745 2
006 3 11 3 0.016954 0.4 -0.01061 0 0.7478 0 0.016954 -0.3478 -0.01061 2.367325 0.3483746 2
006 3 11 3 0.016847 0.4 -0.010779 0 0.7478 0 0.016847 -0.3478 -0.010779 2.381485 0.3483746 2
006 3 11 3 0.016738 0.4 -0.010947 0 0.7478 0 0.016738 -0.3478 -0.010947 2.389801 0.3483745 2
006 3 11 3 0.016628 0.4 -0.011114 0 0.7478 0 0.016628 -0.3478 -0.011114 2.40097 0.3483746 2
006 3 11 3 0.016516 0.4 -0.01128 0 0.7478 0 0.016516 -0.3478 -0.01128 2.411575 0.3483746 2
006 3 11 3 0.016402 0.4 -0.011444 0 0.7478 0 0.016402 -0.3478 -0.011444 2.422913 0.3483745 2
006 3 11 3 0.016287 0.4 -0.011608 0 0.7478 0 0.016287 -0.3478 -0.011608 2.43399 0.3483746 2
006 3 11 3 0.01617 0.4 -0.01177 0 0.7478 0 0.01617 -0.3478 -0.01177 2.445007 0.3483745 2
006 3 11 3 0.016051 0.4 -0.011931 0 0.7478 0 0.016051 -0.3478 -0.011931 2.456985 0.3483745 2
006 3 11 3 0.015931 0.4 -0.012091 0 0.7478 0 0.015931 -0.3478 -0.012091 2.467422 0.3483745 2
006 3 11 3 0.01581 0.4 -0.01225 0 0.7478 0 0.01581 -0.3478 -0.01225 2.478317 0.3483746 2
006 3 11 3 0.015686 0.4 -0.012407 0 0.7478 0 0.015686 -0.3478 -0.012407 2.489716 0.3483745 2
006 3 11 3 0.015561 0.4 -0.012563 0 0.7478 0 0.015561 -0.3478 -0.012563 2.500778 0.3483745 2
006 3 11 3 0.015435 0.4 -0.012718 0 0.7478 0 0.015435 -0.3478 -0.012718 2.511826 0.3483745 2
006 3 11 3 0.015307 0.4 -0.012872 0 0.7478 0 0.015307 -0.3478 -0.012872 2.523178 0.3483745 2
006 3 11 3 0.015178 0.4 -0.013025 0 0.7478 0 0.015178 -0.3478 -0.013025 2.537323 0.3483746 2
006 3 11 3 0.015047 0.4 -0.013176 0 0.7478 0 0.015047 -0.3478 -0.013176 2.544937 0.3483746 2
006 3 11 3 0.014914 0.4 -0.013326 0 0.7478 0 0.014914 -0.3478 -0.013326 2.556168 0.3483746 2
006 3 11 3 0.01478 0.4 -0.013474 0 0.7478 0 0.01478 -0.3478 -0.013474 2.567307 0.3483745 2
006 3 11 3 0.014645 0.4 -0.013621 0 0.7478 0 0.014645 -0.3478 -0.013621 2.578461 0.3483746 2
006 3 11 3 0.014508 0.4 -0.013767 0 0.7478 0 0.014508 -0.3478 -0.013767 2.590012 0.3483746 2
006 3 11 3 0.014369 0.4 -0.013911 0 0.7478 0 0.014369 -0.3478 -0.013911 2.600708 0.3483745 2
006 3 11 3 0.014229 0.4 -0.014054 0 0.7478 0 0.014229 -0.3478 -0.014054 2.611725 0.3483745 2
006 3 11 3 0.014088 0.4 -0.014196 0 0.7478 0 0.014088 -0.3478 -0.014196 2.622986 0.3483745 2
006 3 11 3 0.013946 0.4 -0.014336 0 0.7478 0 0.013946 -0.3478 -0.014336 2.633987 0.3483746 2
006 3 11 3 0.013801 0.4 -0.014475 0 0.7478 0 0.013801 -0.3478 -0.014475 2.645004 0.3483745 2
006 3 11 3 0.013656 0.4 -0.014612 0 0.7478 0 0.013656 -0.3478 -0.014612 2.656265 0.3483745 2
006 3 11 3 0.013509 0.4 -0.014748 0 0.7478 0 0.013509 -0.3478 -0.014748 2.667862 0.3483745 2
006 3 11 3 0.013361 0.4 -0.014882 0 0.7478 0 0.013361 -0.3478 -0.014882 2.678467 0.3483745 2
006 3 11 3 0.013212 0.4 -0.015015 0 0.7478 0 0.013212 -0.3478 -0.015015 2.693146 0.3483746 2
006 3 11 3 0.013061 0.4 -0.015146 0 0.7478 0 0.013061 -0.3478 -0.015146 2.700363 0.3483745 2
006 3 11 3 0.012909 0.4 -0.015276 0 0.7478 0 0.012909 -0.3478 -0.015276 2.711517 0.3483745 2
006 3 11 3 0.012755 0.4 -0.015405 0 0.7478 0 0.012755 -0.3478 -0.015405 2.722992 0.3483745 2
006 3 11 3 0.012601 0.4 -0.015531 0 0.7478 0 0.012601 -0.3478 -0.015531 2.733795 0.3483745 2
006 3 11 3 0.012445 0.4 -0.015657 0 0.7478 0 0.012445 -0.3478 -0.015657 2.745193 0.3483746 2
006 3 11 3 0.012287 0.4 -0.01578 0 0.7478 0 0.012287 -0.3478 -0.01578 2.756683 0.3483745 2
006 3 11 3 0.012129 0.4 -0.015902 0 0.7478 0 0.012129 -0.3478 -0.015902 2.767105 0.3483745 2
006 3 11 3 0.011969 0.4 -0.016023 0 0.7478 0 0.011969 -0.3478 -0.016023 2.778549 0.3483745 2
006 3 11 3 0.011809 0.4 -0.016142 0 0.7478 0 0.011809 -0.3478 -0.016142 2.789886 0.3483746 2
006 3 11 3 0.011647 0.4 -0.016259 0 0.7478 0 0.011647 -0.3478 -0.016259 2.800751 0.3483746 2
006 3 11 3 0.011483 0.4 -0.016375 0 0.7478 0 0.011483 -0.3478 -0.016375 2.812057 0.3483745 2
006 3 11 3 0.011319 0.4 -0.016489 0 0.7478 0 0.011319 -0.3478 -0.016489 2.822845 0.3483746 2
006 3 11 3 0.011154 0.4 -0.016601 0 0.7478 0 0.011154 -0.3478 -0.016601 2.833939 0.3483745 2
006 3 11 3 0.010987 0.4 -0.016712 0 0.7478 0 0.010987 -0.3478 -0.016712 2.848129 0.3483746 2
006 3 11 3 0.010819 0.4 -0.016821 0 0.7478 0 0.010819 -0.3478 -0.016821 2.856201 0.3483745 2
006 3 11 3 0.010651 0.4 -0.016928 0 0.7478 0 0.010651 -0.3478 -0.016928 2.867386 0.3483745 2
006 3 11 3 0.010481 0.4 -0.017034 0 0.7478 0 0.010481 -0.3478 -0.017034 2.878326 0.3483746 2
006 3 11 3 0.01031 0.4 -0.017138 0 0.7478 0 0.01031 -0.3478 -0.017138 2.890015 0.3483746 2
006 3 11 3 0.010138 0.4 -0.01724 0 0.7478 0 0.010138 -0.3478 -0.01724 2.900726 0.3483745 2
006 3 11 3 0.009965 0.4 -0.017341 0 0.7478 0 0.009965 -0.3478 -0.017341 2.912048 0.3483746 2
006 3 11 3 0.009791 0.4 -0.017439 0 0.7478 0 0.009791 -0.3478 -0.017439 2.923141 0.3483745 2
006 3 11 3 0.009616 0.4 -0.017536 0 0.7478 0 0.009616 -0.3478 -0.017536 2.93399 0.3483745 2
006 3 11 3 0.009441 0.4 -0.017632 0 0.7478 0 0.009441 -0.3478 -0.017632 2.94516 0.3483746 2
006 3 11 3 0.009264 0.4 -0.017725 0 0.7478 0 0.009264 -0.3478 -0.017725 2.956345 0.3483745 2
006 3 11 3 0.009086 0.4 -0.017817 0 0.7478 0 0.009086 -0.3478 -0.017817 2.967209 0.3483745 2
006 3 11 3 0.008907 0.4 -0.017907 0 0.7478 0 0.008907 -0.3478 -0.017907 2.978485 0.3483745 2
006 3 11 3 0.008728 0.4 -0.017995 0 0.7478 0 0.008728 -0.3478 -0.017995 2.989975 0.3483745 2
006 3 11 3 0.008548 0.4 -0.018081 0 0.7478 0 0.008548 -0.3478 -0.018081 3.004288 0.3483745 2
006 3 11 3 0.008366 0.4 -0.018166 0 0.7478 0 0.008366 -0.3478 -0.018166 3.011566 0.3483745 2
006 3 11 3 0.008184 0.4 -0.018249 0 0.7478 0 0.008184 -0.3478 -0.018249 3.023193 0.3483745 2
006 3 11 3 0.008001 0.4 -0.01833 0 0.7478 0 0.008001 -0.3478 -0.01833 3.033707 0.3483745 2
006 3 11 3 0.007818 0.4 -0.018409 0 0.7478 0 0.007818 -0.3478 -0.018409 3.045395 0.3483746 2
006 3 11 3 0.007633 0.4 -0.018486 0 0.7478 0 0.007633 -0.3478 -0.018486 3.056366 0.3483745 2
006 3 11 3 0.007448 0.4 -0.018561 0 0.7478 0 0.007448 -0.3478 -0.018561 3.06723 0.3483745 2
006 3 11 3 0.007262 0.4 -0.018635 0 0.7478 0 0.007262 -0.3478 -0.018635 3.078445 0.3483745 2
006 3 11 3 0.007075 0.4 -0.018707 0 0.7478 0 0.007075 -0.3478 -0.018707 3.089828 0.3483746 2
006 3 11 3 0.006888 0.4 -0.018777 0 0.7478 0 0.006888 -0.3478 -0.018777 3.100906 0.3483746 2
006 3 11 3 0.0067 0.4 -0.018844 0 0.7478 0 0.0067 -0.3478 -0.018844 3.112 0.3483745 2
006 3 11 3 0.006511 0.4 -0.018911 0 0.7478 0 0.006511 -0.3478 -0.018911 3.122986 0.3483746 2
006 3 11 3 0.006322 0.4 -0.018975 0 0.7478 0 0.006322 -0.3478 -0.018975 3.134506 0.3483746 2
006 3 11 3 0.006131 0.4 -0.019037 0 0.7478 0 0.006131 -0.3478 -0.019037 3.145142 0.3483745 2
006 3 11 3 0.005941 0.4 -0.019097 0 0.7478 0 0.005941 -0.3478 -0.019097 3.15979 0.3483745 2
006 3 11 3 0.00575 0.4 -0.019156 0 0.7478 0 0.00575 -0.3478 -0.019156 3.167084 0.3483746 2
006 3 11 3 0.005558 0.4 -0.019212 0 0.7478 0 0.005558 -0.3478 -0.019212 3.178391 0.3483745 2
006 3 11 3 0.005365 0.4 -0.019267 0 0.7478 0 0.005365 -0.3478 -0.019267 3.189682 0.3483745 2
006 3 11 3 0.005172 0.4 -0.01932 0 0.7478 0 0.005172 -0.3478 -0.01932 3.20047 0.3483746 2
006 3 11 3 0.004979 0.4 -0.01937 0 0.7478 0 0.004979 -0.3478 -0.01937 3.211838 0.3483745 2
006 3 11 3 0.004785 0.4 -0.019419 0 0.7478 0 0.004785 -0.3478 -0.019419 3.223206 0.3483745 2
006 3 11 3 0.004591 0.4 -0.019466 0 0.7478 0 0.004591 -0.3478 -0.019466 3.234131 0.3483745 2
006 3 11 3 0.004396 0.4 -0.019511 0 0.7478 0 0.004396 -0.3478 -0.019511 3.244949 0.3483745 2
006 3 11 3 0.0042 0.4 -0.019554 0 0.7478 0 0.0042 -0.3478 -0.019554 3.25621 0.3483745 2
006 3 11 3 0.004005 0.4 -0.019595 0 0.7478 0 0.004005 -0.3478 -0.019595 3.267593 0.3483745 2
006 3 11 3 0.003808 0.4 -0.019634 0 0.7478 0 0.003808 -0.3478 -0.019634 3.278534 0.3483745 2
006 3 11 3 0.003612 0.4 -0.019671 0 0.7478 0 0.003612 -0.3478 -0.019671 3.289795 0.3483745 2
006 3 11 3 0.003415 0.4 -0.019706 0 0.7478 0 0.003415 -0.3478 -0.019706 3.300873 0.3483745 2
006 3 11 3 0.003218 0.4 -0.019739 0 0.7478 0 0.003218 -0.3478 -0.019739 3.314972 0.3483745 2
006 3 11 3 0.00302 0.4 -0.019771 0 0.7478 0 0.00302 -0.3478 -0.019771 3.322769 0.3483746 2
006 3 11 3 0.002822 0.4 -0.0198 0 0.7478 0 0.002822 -0.3478 -0.0198 3.33403 0.3483745 2
006 3 11 3 0.002624 0.4 -0.019827 0 0.7478 0 0.002624 -0.3478 -0.019827 3.345306 0.3483745 2
006 3 11 3 0.002426 0.4 -0.019852 0 0.7478 0 0.002426 -0.3478 -0.019852 3.356277 0.3483745 2
006 3 11 3 0.002227 0.4 -0.019876 0 0.7478 0 0.002227 -0.3478 -0.019876 3.367722 0.3483746 2
006 3 11 3 0.002028 0.4 -0.019897 0 0.7478 0 0.002028 -0.3478 -0.019897 3.378479 0.3483745 2
006 3 11 3 0.001829 0.4 -0.019916 0 0.7478 0 0.001829 -0.3478 -0.019916 3.390228 0.3483745 2
006 3 11 3 0.00163 0.4 -0.019933 0 0.7478 0 0.00163 -0.3478 -0.019933 3.400696 0.3483745 2
006 3 11 3 0.001431 0.4 -0.019949 0 0.7478 0 0.001431 -0.3478 -0.019949 3.41185 0.3483746 2
006 3 11 3 0.001231 0.4 -0.019962 0 0.7478 0 0.001231 -0.3478 -0.019962 3.422989 0.3483745 2
006 3 11 3 0.001031 0.4 -0.019973 0 0.7478 0 0.001031 -0.3478 -0.019973 3.433945 0.3483745 2
006 3 11 3 0.000832 0.4 -0.019983 0 0.7478 0 0.000832 -0.3478 -0.019983 3.445358 0.3483746 2
006 3 11 3 0.000632 0.4 -0.01999 0 0.7478 0 0.000632 -0.3478 -0.01999 3.456741 0.3483745 2
006 3 11 3 0.000432 0.4 -0.019995 0 0.7478 0 0.000432 -0.3478 -0.019995 3.470856 0.3483745 2
006 3 11 3 0.000232 0.4 -0.019999 0 0.7478 0 0.000232 -0.3478 -0.019999 3.477936 0.3483746 2
006 3 11 3 3.2E-05 0.4 -0.02 0 0.7478 0 3.2E-05 -0.3478 -0.02 3.489761 0.3483745 2
006 3 11 3 -0.000168 0.4 -0.019999 0 0.7478 0 -0.000168 -0.3478 -0.019999 3.50058 0.3483745 2
006 3 11 3 -0.000368 0.4 -0.019997 0 0.7478 0 -0.000368 -0.3478 -0.019997 3.511993 0.3483746 2
006 3 11 3 -0.000568 0.4 -0.019992 0 0.7478 0 -0.000568 -0.3478 -0.019992 3.523071 0.3483745 2
006 3 11 3 -0.000768 0.4 -0.019985 0 0.7478 0 -0.000768 -0.3478 -0.019985 3.534317 0.3483745 2
006 3 11 3 -0.000968 0.4 -0.019977 0 0.7478 0 -0.000968 -0.3478 -0.019977 3.545609 0.3483746 2
006 3 11 3 -0.001167 0.4 -0.019966 0 0.7478 0 -0.001167 -0.3478 -0.019966 3.55661 0.3483745 2
006 3 11 3 -0.001367 0.4 -0.019953 0 0.7478 0 -0.001367 -0.3478 -0.019953 3.567474 0.3483745 2
006 3 11 3 -0.001567 0.4 -0.019939 0 0.7478 0 -0.001567 -0.3478 -0.019939 3.578552 0.3483746 2
006 3 11 3 -0.001766 0.4 -0.019922 0 0.7478 0 -0.001766 -0.3478 -0.019922 3.589813 0.3483745 2
006 3 11 3 -0.001965 0.4 -0.019903 0 0.7478 0 -0.001965 -0.3478 -0.019903 3.600754 0.3483745 2
006 3 11 3 -0.002164 0.4 -0.019883 0 0.7478 0 -0.002164 -0.3478 -0.019883 3.611862 0.3483746 2
006 3 11 3 -0.002363 0.4 -0.01986 0 0.7478 0 -0.002363 -0.3478 -0.01986 3.626343 0.3483745 2
006 3 11 3 -0.002561 0.4 -0.019835 0 0.7478 0 -0.002561 -0.3478 -0.019835 3.633514 0.3483745 2
006 3 11 3 -0.002759 0.4 -0.019809 0 0.7478 0 -0.002759 -0.3478 -0.019809 3.644943 0.3483746 2
006 3 11 3 -0.002957 0.4 -0.01978 0 0.7478 0 -0.002957 -0.3478 -0.01978 3.656219 0.3483745 2
006 3 11 3 -0.003155 0.4 -0.01975 0 0.7478 0 -0.003155 -0.3478 -0.01975 3.667404 0.3483746 2
006 3 11 3 -0.003352 0.4 -0.019717 0 0.7478 0 -0.003352 -0.3478 -0.019717 3.678452 0.3483745 2
006 3 11 3 -0.003549 0.4 -0.019683 0 0.7478 0 -0.003549 -0.3478 -0.019683 3.68985 0.3483746 2
006 3 11 3 -0.003746 0.4 -0.019646 0 0.7478 0 -0.003746 -0.3478 -0.019646 3.700989 0.3483745 2
006 3 11 3 -0.003942 0.4 -0.019608 0 0.7478 0 -0.003942 -0.3478 -0.019608 3.712311 0.3483746 2
006 3 11 3 -0.004138 0.4 -0.019567 0 0.7478 0 -0.004138 -0.3478 -0.019567 3.723175 0.3483745 2
006 3 11 3 -0.004334 0.4 -0.019525 0 0.7478 0 -0.004334 -0.3478 -0.019525 3.734467 0.3483746 2
006 3 11 3 -0.004529 0.4 -0.019481 0 0.7478 0 -0.004529 -0.3478 -0.019481 3.745468 0.3483746 2
006 3 11 3 -0.004723 0.4 -0.019434 0 0.7478 0 -0.004723 -0.3478 -0.019434 3.756256 0.3483745 2
006 3 11 3 -0.004917 0.4 -0.019386 0 0.7478 0 -0.004917 -0.3478 -0.019386 3.767578 0.3483745 2
006 3 11 3 -0.005111 0.4 -0.019336 0 0.7478 0 -0.005111 -0.3478 -0.019336 3.781723 0.3483745 2
006 3 11 3 -0.005304 0.4 -0.019284 0 0.7478 0 -0.005304 -0.3478 -0.019284 3.789413 0.3483746 2
006 3 11 3 -0.005496 0.4 -0.01923 0 0.7478 0 -0.005496 -0.3478 -0.01923 3.8022 0.3483745 2
006 3 11 3 -0.005689 0.4 -0.019174 0 0.7478 0 -0.005689 -0.3478 -0.019174 3.811768 0.3483746 2
006 3 11 3 -0.00588 0.4 -0.019116 0 0.7478 0 -0.00588 -0.3478 -0.019116 3.823166 0.3483745 2
006 3 11 3 -0.006071 0.4 -0.019056 0 0.7478 0 -0.006071 -0.3478 -0.019056 3.83403 0.3483745 2
006 3 11 3 -0.006261 0.4 -0.018995 0 0.7478 0 -0.006261 -0.3478 -0.018995 3.845261 0.3483746 2
006 3 11 3 -0.006451 0.4 -0.018931 0 0.7478 0 -0.006451 -0.3478 -0.018931 3.856445 0.3483745 2
006 3 11 3 -0.00664 0.4 -0.018866 0 0.7478 0 -0.00664 -0.3478 -0.018866 3.867584 0.3483746 2
006 3 11 3 -0.006828 0.4 -0.018798 0 0.7478 0 -0.006828 -0.3478 -0.018798 3.878677 0.3483745 2
006 3 11 3 -0.007016 0.4 -0.018729 0 0.7478 0 -0.007016 -0.3478 -0.018729 3.889877 0.3483745 2
006 3 11 3 -0.007203 0.4 -0.018658 0 0.7478 0 -0.007203 -0.3478 -0.018658 3.900818 0.3483745 2
006 3 11 3 -0.007389 0.4 -0.018585 0 0.7478 0 -0.007389 -0.3478 -0.018585 3.911713 0.3483745 2
006 3 11 3 -0.007574 0.4 -0.01851 0 0.7478 0 -0.007574 -0.3478 -0.01851 3.923462 0.3483745 2
006 3 11 3 -0.007759 0.4 -0.018434 0 0.7478 0 -0.007759 -0.3478 -0.018434 3.937149 0.3483746 2
006 3 11 3 -0.007943 0.4 -0.018355 0 0.7478 0 -0.007943 -0.3478 -0.018355 3.944962 0.3483745 2
006 3 11 3 -0.008126 0.4 -0.018275 0 0.7478 0 -0.008126 -0.3478 -0.018275 3.956436 0.3483746 2
006 3 11 3 -0.008308 0.4 -0.018193 0 0.7478 0 -0.008308 -0.3478 -0.018193 3.967178 0.3483746 2
006 3 11 3 -0.00849 0.4 -0.018109 0 0.7478 0 -0.00849 -0.3478 -0.018109 3.978394 0.3483746 2
006 3 11 3 -0.008671 0.4 -0.018023 0 0.7478 0 -0.008671 -0.3478 -0.018023 3.989899 0.3483746 2
006 3 11 3 -0.00885 0.4 -0.017935 0 0.7478 0 -0.00885 -0.3478 -0.017935 4.000687 0.3483745 2
006 3 11 3 -0.009029 0.4 -0.017846 0 0.7478 0 -0.009029 -0.3478 -0.017846 4.01207 0.3483745 2
006 3 11 3 -0.009207 0.4 -0.017755 0 0.7478 0 -0.009207 -0.3478 -0.017755 4.023376 0.3483746 2
006 3 11 3 -0.009384 0.4 -0.017662 0 0.7478 0 -0.009384 -0.3478 -0.017662 4.034027 0.3483746 2
006 3 11 3 -0.009561 0.4 -0.017567 0 0.7478 0 -0.009561 -0.3478 -0.017567 4.045273 0.3483746 2
006 3 11 3 -0.009736 0.4 -0.01747 0 0.7478 0 -0.009736 -0.3478 -0.01747 4.056702 0.3483745 2
006 3 11 3 -0.00991 0.4 -0.017372 0 0.7478 0 -0.00991 -0.3478 -0.017372 4.067398 0.3483745 2
006 3 11 3 -0.010083 0.4 -0.017272 0 0.7478 0 -0.010083 -0.3478 -0.017272 4.078598 0.3483745 2
006 3 11 3 -0.010255 0.4 -0.017171 0 0.7478 0 -0.010255 -0.3478 -0.017171 4.092911 0.3483746 2
006 3 11 3 -0.010427 0.4 -0.017067 0 0.7478 0 -0.010427 -0.3478 -0.017067 4.100174 0.3483745 2
006 3 11 3 -0.010597 0.4 -0.016962 0 0.7478 0 -0.010597 -0.3478 -0.016962 4.11174 0.3483746 2
006 3 11 3 -0.010766 0.4 -0.016855 0 0.7478 0 -0.010766 -0.3478 -0.016855 4.123291 0.3483745 2
006 3 11 3 -0.010934 0.4 -0.016747 0 0.7478 0 -0.010934 -0.3478 -0.016747 4.134201 0.3483746 2
006 3 11 3 -0.011101 0.4 -0.016637 0 0.7478 0 -0.011101 -0.3478 -0.016637 4.145096 0.3483746 2
006 3 11 3 -0.011267 0.4 -0.016525 0 0.7478 0 -0.011267 -0.3478 -0.016525 4.156937 0.3483746 2
006 3 11 3 -0.011431 0.4 -0.016411 0 0.7478 0 -0.011431 -0.3478 -0.016411 4.167465 0.3483745 2
006 3 11 3 -0.011595 0.4 -0.016296 0 0.7478 0 -0.011595 -0.3478 -0.016296 4.178741 0.3483745 2
006 3 11 3 -0.011757 0.4 -0.016179 0 0.7478 0 -0.011757 -0.3478 -0.016179 4.189804 0.3483745 2
006 3 11 3 -0.011918 0.4 -0.016061 0 0.7478 0 -0.011918 -0.3478 -0.016061 4.200592 0.3483745 2
006 3 11 3 -0.012078 0.4 -0.015941 0 0.7478 0 -0.012078 -0.3478 -0.015941 4.212051 0.3483745 2
006 3 11 3 -0.012237 0.4 -0.015819 0 0.7478 0 -0.012237 -0.3478 -0.015819 4.223312 0.3483745 2
006 3 11 3 -0.012395 0.4 -0.015696 0 0.7478 0 -0.012395 -0.3478 -0.015696 4.234512 0.3483745 2
006 3 11 3 -0.012551 0.4 -0.015571 0 0.7478 0 -0.012551 -0.3478 -0.015571 4.248566 0.3483745 2
006 3 11 3 -0.012706 0.4 -0.015445 0 0.7478 0 -0.012706 -0.3478 -0.015445 4.256027 0.3483745 2
006 3 11 3 -0.01286 0.4 -0.015317 0 0.7478 0 -0.01286 -0.3478 -0.015317 4.267166 0.3483745 2
006 3 11 3 -0.013013 0.4 -0.015188 0 0.7478 0 -0.013013 -0.3478 -0.015188 4.279129 0.3483746 2
006 3 11 3 -0.013164 0.4 -0.015057 0 0.7478 0 -0.013164 -0.3478 -0.015057 4.289871 0.3483745 2
006 3 11 3 -0.013314 0.4 -0.014925 0 0.7478 0 -0.013314 -0.3478 -0.014925 4.300919 0.3483746 2
006 3 11 3 -0.013462 0.4 -0.014791 0 0.7478 0 -0.013462 -0.3478 -0.014791 4.312271 0.3483745 2
006 3 11 3 -0.013609 0.4 -0.014655 0 0.7478 0 -0.013609 -0.3478 -0.014655 4.323227 0.3483745 2
006 3 11 3 -0.013755 0.4 -0.014519 0 0.7478 0 -0.013755 -0.3478 -0.014519 4.333939 0.3483745 2
006 3 11 3 -0.0139 0.4 -0.01438 0 0.7478 0 -0.0139 -0.3478 -0.01438 4.345535 0.3483745 2
006 3 11 3 -0.014043 0.4 -0.014241 0 0.7478 0 -0.014043 -0.3478 -0.014241 4.356659 0.3483746 2
006 3 11 3 -0.014185 0.4 -0.0141 0 0.7478 0 -0.014185 -0.3478 -0.0141 4.367554 0.3483746 2
006 3 11 3 -0.014325 0.4 -0.013957 0 0.7478 0 -0.014325 -0.3478 -0.013957 4.378433 0.3483745 2
006 3 11 3 -0.014464 0.4 -0.013813 0 0.7478 0 -0.014464 -0.3478 -0.013813 4.390198 0.3483746 2
006 3 11 3 -0.014601 0.4 -0.013668 0 0.7478 0 -0.014601 -0.3478 -0.013668 4.404449 0.3483745 2
006 3 11 3 -0.014737 0.4 -0.013521 0 0.7478 0 -0.014737 -0.3478 -0.013521 4.411407 0.3483745 2
006 3 11 3 -0.014872 0.4 -0.013373 0 0.7478 0 -0.014872 -0.3478 -0.013373 4.422989 0.3483746 2
006 3 11 3 -0.015005 0.4 -0.013224 0 0.7478 0 -0.015005 -0.3478 -0.013224 4.434296 0.3483746 2
006 3 11 3 -0.015136 0.4 -0.013073 0 0.7478 0 -0.015136 -0.3478 -0.013073 4.445053 0.3483745 2
006 3 11 3 -0.015266 0.4 -0.012921 0 0.7478 0 -0.015266 -0.3478 -0.012921 4.45668 0.3483745 2
006 3 11 3 -0.015394 0.4 -0.012768 0 0.7478 0 -0.015394 -0.3478 -0.012768 4.467377 0.3483745 2
006 3 11 3 -0.015521 0.4 -0.012613 0 0.7478 0 -0.015521 -0.3478 -0.012613 4.478653 0.3483745 2
006 3 11 3 -0.015647 0.4 -0.012457 0 0.7478 0 -0.015647 -0.3478 -0.012457 4.48999 0.3483746 2
006 3 11 3 -0.015771 0.4 -0.0123 0 0.7478 0 -0.015771 -0.3478 -0.0123 4.500656 0.3483746 2
006 3 11 3 -0.015893 0.4 -0.012142 0 0.7478 0 -0.015893 -0.3478 -0.012142 4.511963 0.3483746 2
006 3 11 3 -0.016013 0.4 -0.011982 0 0.7478 0 -0.016013 -0.3478 -0.011982 4.5233 0.3483745 2
006 3 11 3 -0.016132 0.4 -0.011821 0 0.7478 0 -0.016132 -0.3478 -0.011821 4.534302 0.3483745 2
006 3 11 3 -0.01625 0.4 -0.01166 0 0.7478 0 -0.01625 -0.3478 -0.01166 4.545288 0.3483746 2
006 3 11 3 -0.016366 0.4 -0.011496 0 0.7478 0 -0.016366 -0.3478 -0.011496 4.559692 0.3483745 2
006 3 11 3 -0.01648 0.4 -0.011332 0 0.7478 0 -0.01648 -0.3478 -0.011332 4.567154 0.3483745 2
006 3 11 3 -0.016592 0.4 -0.011167 0 0.7478 0 -0.016592 -0.3478 -0.011167 4.578629 0.3483745 2
006 3 11 3 -0.016703 0.4 -0.011 0 0.7478 0 -0.016703 -0.3478 -0.011 4.589798 0.3483745 2
006 3 11 3 -0.016812 0.4 -0.010833 0 0.7478 0 -0.016812 -0.3478 -0.010833 4.601044 0.3483745 2
006 3 11 3 -0.01692 0.4 -0.010664 0 0.7478 0 -0.01692 -0.3478 -0.010664 4.61171 0.3483746 2
006 3 11 3 -0.017025 0.4 -0.010494 0 0.7478 0 -0.017025 -0.3478 -0.010494 4.623413 0.3483745 2
006 3 11 3 -0.01713 0.4 -0.010324 0 0.7478 0 -0.01713 -0.3478 -0.010324 4.633972 0.3483746 2
006 3 11 3 -0.017232 0.4 -0.010152 0 0.7478 0 -0.017232 -0.3478 -0.010152 4.645279 0.3483745 2
006 3 11 3 -0.017333 0.4 -0.009979 0 0.7478 0 -0.017333 -0.3478 -0.009979 4.656586 0.3483746 2
006 3 11 3 -0.017432 0.4 -0.009805 0 0.7478 0 -0.017432 -0.3478 -0.009805 4.667725 0.3483746 2
006 3 11 3 -0.017529 0.4 -0.00963 0 0.7478 0 -0.017529 -0.3478 -0.00963 4.67836 0.3483745 2
006 3 11 3 -0.017624 0.4 -0.009455 0 0.7478 0 -0.017624 -0.3478 -0.009455 4.689819 0.3483745 2
006 3 11 3 -0.017718 0.4 -0.009278 0 0.7478 0 -0.017718 -0.3478 -0.009278 4.700851 0.3483746 2
006 3 11 3 -0.01781 0.4 -0.0091 0 0.7478 0 -0.01781 -0.3478 -0.0091 4.715134 0.3483746 2
006 3 11 3 -0.0179 0.4 -0.008922 0 0.7478 0 -0.0179 -0.3478 -0.008922 4.722961 0.3483746 2
006 3 11 3 -0.017988 0.4 -0.008742 0 0.7478 0 -0.017988 -0.3478 -0.008742 4.733948 0.3483745 2
006 3 11 3 -0.018075 0.4 -0.008562 0 0.7478 0 -0.018075 -0.3478 -0.008562 4.745651 0.3483746 2
006 3 11 3 -0.018159 0.4 -0.008381 0 0.7478 0 -0.018159 -0.3478 -0.008381 4.756332 0.3483745 2
006 3 11 3 -0.018242 0.4 -0.008199 0 0.7478 0 -0.018242 -0.3478 -0.008199 4.767105 0.3483745 2
006 3 11 3 -0.018323 0.4 -0.008016 0 0.7478 0 -0.018323 -0.3478 -0.008016 4.778748 0.3483745 2
006 3 11 3 -0.018403 0.4 -0.007832 0 0.7478 0 -0.018403 -0.3478 -0.007832 4.789932 0.3483746 2
006 3 11 3 -0.01848 0.4 -0.007648 0 0.7478 0 -0.01848 -0.3478 -0.007648 4.800797 0.3483745 2
006 3 11 3 -0.018556 0.4 -0.007463 0 0.7478 0 -0.018556 -0.3478 -0.007463 4.812012 0.3483746 2
006 3 11 3 -0.018629 0.4 -0.007277 0 0.7478 0 -0.018629 -0.3478 -0.007277 4.823166 0.3483745 2
006 3 11 3 -0.018701 0.4 -0.00709 0 0.7478 0 -0.018701 -0.3478 -0.00709 4.834015 0.3483745 2
006 3 11 3 -0.018771 0.4 -0.006903 0 0.7478 0 -0.018771 -0.3478 -0.006903 4.845322 0.3483745 2
006 3 11 3 -0.018839 0.4 -0.006715 0 0.7478 0 -0.018839 -0.3478 -0.006715 4.856537 0.3483745 2
006 3 11 3 -0.018905 0.4 -0.006526 0 0.7478 0 -0.018905 -0.3478 -0.006526 4.870636 0.3483745 2
006 3 11 3 -0.01897 0.4 -0.006337 0 0.7478 0 -0.01897 -0.3478 -0.006337 4.878265 0.3483746 2
006 3 11 3 -0.019032 0.4 -0.006147 0 0.7478 0 -0.019032 -0.3478 -0.006147 4.889862 0.3483745 2
006 3 11 3 -0.019093 0.4 -0.005956 0 0.7478 0 -0.019093 -0.3478 -0.005956 4.900833 0.3483746 2
006 3 11 3 -0.019151 0.4 -0.005765 0 0.7478 0 -0.019151 -0.3478 -0.005765 4.912003 0.3483745 2
006 3 11 3 -0.019208 0.4 -0.005573 0 0.7478 0 -0.019208 -0.3478 -0.005573 4.923401 0.3483746 2
006 3 11 3 -0.019263 0.4 -0.005381 0 0.7478 0 -0.019263 -0.3478 -0.005381 4.934143 0.3483746 2
006 3 11 3 -0.019315 0.4 -0.005188 0 0.7478 0 -0.019315 -0.3478 -0.005188 4.945435 0.3483745 2
006 3 11 3 -0.019366 0.4 -0.004994 0 0.7478 0 -0.019366 -0.3478 -0.004994 4.957077 0.3483745 2
006 3 11 3 -0.019415 0.4 -0.0048 0 0.7478 0 -0.019415 -0.3478 -0.0048 4.967621 0.3483745 2
006 3 11 3 -0.019462 0.4 -0.004606 0 0.7478 0 -0.019462 -0.3478 -0.004606 4.978775 0.3483745 2
006 3 11 3 -0.019507 0.4 -0.004411 0 0.7478 0 -0.019507 -0.3478 -0.004411 4.989883 0.3483745 2
006 3 11 3 -0.019551 0.4 -0.004216 0 0.7478 0 -0.019551 -0.3478 -0.004216 5.001129 0.3483746 2
006 3 11 3 -0.019592 0.4 -0.00402 0 0.7478 0 -0.019592 -0.3478 -0.00402 5.012253 0.3483746 2
006 3 11 3 -0.019631 0.4 -0.003824 0 0.7478 0 -0.019631 -0.3478 -0.003824 5.026749 0.3483745 2
006 3 11 3 -0.019668 0.4 -0.003628 0 0.7478 0 -0.019668 -0.3478 -0.003628 5.033798 0.3483745 2
006 3 11 3 -0.019704 0.4 -0.003431 0 0.7478 0 -0.019704 -0.3478 -0.003431 5.045441 0.3483746 2
006 3 11 3 -0.019737 0.4 -0.003234 0 0.7478 0 -0.019737 -0.3478 -0.003234 5.056503 0.3483746 2
006 3 11 3 -0.019768 0.4 -0.003036 0 0.7478 0 -0.019768 -0.3478 -0.003036 5.067703 0.3483745 2
006 3 11 3 -0.019798 0.4 -0.002838 0 0.7478 0 -0.019798 -0.3478 -0.002838 5.078598 0.3483746 2
006 3 11 3 -0.019825 0.4 -0.00264 0 0.7478 0 -0.019825 -0.3478 -0.00264 5.089828 0.3483745 2
006 3 11 3 -0.01985 0.4 -0.002442 0 0.7478 0 -0.01985 -0.3478 -0.002442 5.100708 0.3483745 2
006 3 11 3 -0.019874 0.4 -0.002243 0 0.7478 0 -0.019874 -0.3478 -0.002243 5.112045 0.3483746 2
006 3 11 3 -0.019895 0.4 -0.002044 0 0.7478 0 -0.019895 -0.3478 -0.002044 5.123093 0.3483745 2
006 3 11 3 -0.019915 0.4 -0.001845 0 0.7478 0 -0.019915 -0.3478 -0.001845 5.134155 0.3483746 2
006 3 11 3 -0.019932 0.4 -0.001646 0 0.7478 0 -0.019932 -0.3478 -0.001646 5.145584 0.3483745 2
006 3 11 3 -0.019948 0.4 -0.001447 0 0.7478 0 -0.019948 -0.3478 -0.001447 5.156509 0.3483746 2
006 3 11 3 -0.019961 0.4 -0.001247 0 0.7478 0 -0.019961 -0.3478 -0.001247 5.167633 0.3483745 2
006 3 11 3 -0.019973 0.4 -0.001047 0 0.7478 0 -0.019973 -0.3478 -0.001047 5.181839 0.3483746 2
006 3 11 3 -0.019982 0.4 -0.000848 0 0.7478 0 -0.019982 -0.3478 -0.000848 5.189423 0.3483745 2
006 3 11 3 -0.01999 0.4 -0.000648 0 0.7478 0 -0.01999 -0.3478 -0.000648 5.200745 0.3483746 2
006 3 11 3 -0.019995 0.4 -0.000448 0 0.7478 0 -0.019995 -0.3478 -0.000448 5.211746 0.3483745 2
006 3 11 3 -0.019998 0.4 -0.000248 0 0.7478 0 -0.019998 -0.3478 -0.000248 5.223221 0.3483745 2
006 3 11 3 -0.02 0.4 -4.8E-05 0 0.7478 0 -0.02 -0.3478 -4.8E-05 5.23465 0.3483745 2
006 3 11 3 -0.019999 0.4 0.000152 0 0.7478 0 -0.019999 -0.3478 0.000152 5.245163 0.3483745 2
006 3 11 3 -0.019997 0.4 0.000352 0 0.7478 0 -0.019997 -0.3478 0.000352 5.256638 0.3483745 2
006 3 11 3 -0.019992 0.4 0.000552 0 0.7478 0 -0.019992 -0.3478 0.000552 5.267914 0.3483745 2
006 3 11 3 -0.019986 0.4 0.000752 0 0.7478 0 -0.019986 -0.3478 0.000752 5.278732 0.3483746 2
006 3 11 3 -0.019977 0.4 0.000952 0 0.7478 0 -0.019977 -0.3478 0.000952 5.289948 0.3483745 2
006 3 11 3 -0.019967 0.4 0.001152 0 0.7478 0 -0.019967 -0.3478 0.001152 5.300644 0.3483746 2
006 3 11 3 -0.019954 0.4 0.001351 0 0.7478 0 -0.019954 -0.3478 0.001351 5.311798 0.3483745 2
006 3 11 3 -0.01994 0.4 0.001551 0 0.7478 0 -0.01994 -0.3478 0.001551 5.323196 0.3483746 2
006 3 11 3 -0.019923 0.4 0.00175 0 0.7478 0 -0.019923 -0.3478 0.00175 5.337585 0.3483745 2
006 3 11 3 -0.019905 0.4 0.001949 0 0.7478 0 -0.019905 -0.3478 0.001949 5.344925 0.3483746 2
006 3 11 3 -0.019884 0.4 0.002148 0 0.7478 0 -0.019884 -0.3478 0.002148 5.356537 0.3483745 2
006 3 11 3 -0.019862 0.4 0.002347 0 0.7478 0 -0.019862 -0.3478 0.002347 5.367386 0.3483746 2
006 3 11 3 -0.019837 0.4 0.002545 0 0.7478 0 -0.019837 -0.3478 0.002545 5.378632 0.3483745 2
006 3 11 3 -0.019811 0.4 0.002744 0 0.7478 0 -0.019811 -0.3478 0.002744 5.390182 0.3483746 2
006 3 11 3 -0.019783 0.4 0.002942 0 0.7478 0 -0.019783 -0.3478 0.002942 5.401047 0.3483746 2
006 3 11 3 -0.019752 0.4 0.003139 0 0.7478 0 -0.019752 -0.3478 0.003139 5.41243 0.3483745 2
006 3 11 3 -0.01972 0.4 0.003337 0 0.7478 0 -0.01972 -0.3478 0.003337 5.423325 0.3483746 2
006 3 11 3 -0.019685 0.4 0.003534 0 0.7478 0 -0.019685 -0.3478 0.003534 5.434067 0.3483745 2
006 3 11 3 -0.019649 0.4 0.00373 0 0.7478 0 -0.019649 -0.3478 0.00373 5.445572 0.3483745 2
006 3 11 3 -0.019611 0.4 0.003927 0 0.7478 0 -0.019611 -0.3478 0.003927 5.456482 0.3483746 2
006 3 11 3 -0.019571 0.4 0.004122 0 0.7478 0 -0.019571 -0.3478 0.004122 5.467682 0.3483746 2
006 3 11 3 -0.019528 0.4 0.004318 0 0.7478 0 -0.019528 -0.3478 0.004318 5.478989 0.3483745 2
006 3 11 3 -0.019484 0.4 0.004513 0 0.7478 0 -0.019484 -0.3478 0.004513 5.493195 0.3483745 2
006 3 11 3 -0.019438 0.4 0.004708 0 0.7478 0 -0.019438 -0.3478 0.004708 5.50032 0.3483745 2
006 3 11 3 -0.01939 0.4 0.004902 0 0.7478 0 -0.01939 -0.3478 0.004902 5.511948 0.3483745 2
006 3 11 3 -0.01934 0.4 0.005095 0 0.7478 0 -0.01934 -0.3478 0.005095 5.522995 0.3483745 2
006 3 11 3 -0.019288 0.4 0.005289 0 0.7478 0 -0.019288 -0.3478 0.005289 5.534744 0.3483745 2
006 3 11 3 -0.019234 0.4 0.005481 0 0.7478 0 -0.019234 -0.3478 0.005481 5.545334 0.3483745 2
006 3 11 3 -0.019178 0.4 0.005673 0 0.7478 0 -0.019178 -0.3478 0.005673 5.556473 0.3483745 2
006 3 11 3 -0.019121 0.4 0.005865 0 0.7478 0 -0.019121 -0.3478 0.005865 5.567581 0.3483746 2
006 3 11 3 -0.019061 0.4 0.006056 0 0.7478 0 -0.019061 -0.3478 0.006056 5.578598 0.3483745 2
006 3 11 3 -0.019 0.4 0.006246 0 0.7478 0 -0.019 -0.3478 0.006246 5.589905 0.3483746 2
006 3 11 3 -0.018936 0.4 0.006436 0 0.7478 0 -0.018936 -0.3478 0.006436 5.600769 0.3483745 2
006 3 11 3 -0.018871 0.4 0.006625 0 0.7478 0 -0.018871 -0.3478 0.006625 5.612198 0.3483746 2
006 3 11 3 -0.018804 0.4 0.006813 0 0.7478 0 -0.018804 -0.3478 0.006813 5.623611 0.3483746 2
006 3 11 3 -0.018735 0.4 0.007001 0 0.7478 0 -0.018735 -0.3478 0.007001 5.634277 0.3483746 2
006 3 11 3 -0.018664 0.4 0.007188 0 0.7478 0 -0.018664 -0.3478 0.007188 5.648697 0.3483746 2
006 3 11 3 -0.018591 0.4 0.007374 0 0.7478 0 -0.018591 -0.3478 0.007374 5.656494 0.3483745 2
006 3 11 3 -0.018516 0.4 0.00756 0 0.7478 0 -0.018516 -0.3478 0.00756 5.667557 0.3483745 2
006 3 11 3 -0.01844 0.4 0.007744 0 0.7478 0 -0.01844 -0.3478 0.007744 5.679108 0.3483745 2
006 3 11 3 -0.018361 0.4 0.007928 0 0.7478 0 -0.018361 -0.3478 0.007928 5.689987 0.3483745 2
006 3 11 3 -0.018281 0.4 0.008112 0 0.7478 0 -0.018281 -0.3478 0.008112 5.700882 0.3483745 2
006 3 11 3 -0.018199 0.4 0.008294 0 0.7478 0 -0.018199 -0.3478 0.008294 5.71199 0.3483745 2
006 3 11 3 -0.018115 0.4 0.008476 0 0.7478 0 -0.018115 -0.3478 0.008476 5.723343 0.3483745 2
006 3 11 3 -0.01803 0.4 0.008656 0 0.7478 0 -0.01803 -0.3478 0.008656 5.734528 0.3483746 2
006 3 11 3 -0.017942 0.4 0.008836 0 0.7478 0 -0.017942 -0.3478 0.008836 5.745422 0.3483745 2
006 3 11 3 -0.017853 0.4 0.009015 0 0.7478 0 -0.017853 -0.3478 0.009015 5.756668 0.3483745 2
006 3 11 3 -0.017762 0.4 0.009193 0 0.7478 0 -0.017762 -0.3478 0.009193 5.767303 0.3483745 2
006 3 11 3 -0.017669 0.4 0.00937 0 0.7478 0 -0.017669 -0.3478 0.00937 5.77887 0.3483745 2
006 3 11 3 -0.017575 0.4 0.009547 0 0.7478 0 -0.017575 -0.3478 0.009547 5.790192 0.3483746 2
006 3 11 3 -0.017478 0.4 0.009722 0 0.7478 0 -0.017478 -0.3478 0.009722 5.804337 0.3483745 2
006 3 11 3 -0.01738 0.4 0.009896 0 0.7478 0 -0.01738 -0.3478 0.009896 5.811523 0.3483745 2
006 3 11 3 -0.01728 0.4 0.010069 0 0.7478 0 -0.01728 -0.3478 0.010069 5.823135 0.3483745 2
006 3 11 3 -0.017179 0.4 0.010242 0 0.7478 0 -0.017179 -0.3478 0.010242 5.834656 0.3483746 2
006 3 11 3 -0.017075 0.4 0.010413 0 0.7478 0 -0.017075 -0.3478 0.010413 5.845184 0.3483745 2
006 3 11 3 -0.01697 0.4 0.010583 0 0.7478 0 -0.01697 -0.3478 0.010583 5.856689 0.3483745 2
006 3 11 3 -0.016864 0.4 0.010752 0 0.7478 0 -0.016864 -0.3478 0.010752 5.867905 0.3483745 2
006 3 11 3 -0.016755 0.4 0.01092 0 0.7478 0 -0.016755 -0.3478 0.01092 5.878815 0.3483745 2
006 3 11 3 -0.016645 0.4 0.011087 0 0.7478 0 -0.016645 -0.3478 0.011087 5.889893 0.3483745 2
006 3 11 3 -0.016534 0.4 0.011253 0 0.7478 0 -0.016534 -0.3478 0.011253 5.900925 0.3483745 2
006 3 11 3 -0.01642 0.4 0.011418 0 0.7478 0 -0.01642 -0.3478 0.011418 5.912125 0.3483745 2
006 3 11 3 -0.016305 0.4 0.011582 0 0.7478 0 -0.016305 -0.3478 0.011582 5.923264 0.3483745 2
006 3 11 3 -0.016189 0.4 0.011744 0 0.7478 0 -0.016189 -0.3478 0.011744 5.934174 0.3483746 2
006 3 11 3 -0.01607 0.4 0.011906 0 0.7478 0 -0.01607 -0.3478 0.011906 5.945801 0.3483745 2
006 3 11 3 -0.015951 0.4 0.012066 0 0.7478 0 -0.015951 -0.3478 0.012066 5.959946 0.3483746 2
006 3 11 3 -0.015829 0.4 0.012225 0 0.7478 0 -0.015829 -0.3478 0.012225 5.967026 0.3483746 2
006 3 11 3 -0.015706 0.4 0.012382 0 0.7478 0 -0.015706 -0.3478 0.012382 5.978714 0.3483745 2
006 3 11 3 -0.015581 0.4 0.012539 0 0.7478 0 -0.015581 -0.3478 0.012539 5.989853 0.3483745 2
006 3 11 3 -0.015455 0.4 0.012694 0 0.7478 0 -0.015455 -0.3478 0.012694 6.000778 0.3483745 2
006 3 11 3 -0.015328 0.4 0.012848 0 0.7478 0 -0.015328 -0.3478 0.012848 6.01236 0.3483746 2
006 3 11 3 -0.015198 0.4 0.013 0 0.7478 0 -0.015198 -0.3478 0.013 6.0233 0.3483745 2
006 3 11 3 -0.015068 0.4 0.013152 0 0.7478 0 -0.015068 -0.3478 0.013152 6.034286 0.3483746 2
006 3 11 3 -0.014935 0.4 0.013302 0 0.7478 0 -0.014935 -0.3478 0.013302 6.045563 0.3483745 2
006 3 11 3 -0.014802 0.4 0.01345 0 0.7478 0 -0.014802 -0.3478 0.01345 6.056473 0.3483745 2
006 3 11 3 -0.014666 0.4 0.013598 0 0.7478 0 -0.014666 -0.3478 0.013598 6.067642 0.3483745 2
006 3 11 3 -0.01453 0.4 0.013744 0 0.7478 0 -0.01453 -0.3478 0.013744 6.078873 0.3483746 2
006 3 11 3 -0.014391 0.4 0.013888 0 0.7478 0 -0.014391 -0.3478 0.013888 6.090042 0.3483745 2
006 3 11 3 -0.014252 0.4 0.014032 0 0.7478 0 -0.014252 -0.3478 0.014032 6.100891 0.3483746 2
006 3 11 3 -0.014111 0.4 0.014173 0 0.7478 0 -0.014111 -0.3478 0.014173 6.11525 0.3483745 2
006 3 11 3 -0.013968 0.4 0.014314 0 0.7478 0 -0.013968 -0.3478 0.014314 6.123169 0.3483745 2
006 3 11 3 -0.013825 0.4 0.014453 0 0.7478 0 -0.013825 -0.3478 0.014453 6.134537 0.3483746 2
006 3 11 3 -0.013679 0.4 0.01459 0 0.7478 0 -0.013679 -0.3478 0.01459 6.145432 0.3483745 2
006 3 11 3 -0.013533 0.4 0.014726 0 0.7478 0 -0.013533 -0.3478 0.014726 6.156967 0.3483745 2
006 3 11 3 -0.013385 0.4 0.014861 0 0.7478 0 -0.013385 -0.3478 0.014861 6.167343 0.3483746 2
006 3 11 3 -0.013236 0.4 0.014994 0 0.7478 0 -0.013236 -0.3478 0.014994 6.179169 0.3483746 2
006 3 11 3 -0.013085 0.4 0.015126 0 0.7478 0 -0.013085 -0.3478 0.015126 6.189926 0.3483746 2
006 3 11 3 -0.012933 0.4 0.015256 0 0.7478 0 -0.012933 -0.3478 0.015256 6.20105 0.3483746 2
006 3 11 3 -0.01278 0.4 0.015384 0 0.7478 0 -0.01278 -0.3478 0.015384 6.212051 0.3483745 2
006 3 11 3 -0.012625 0.4 0.015511 0 0.7478 0 -0.012625 -0.3478 0.015511 6.223389 0.3483745 2
006 3 11 3 -0.01247 0.4 0.015637 0 0.7478 0 -0.01247 -0.3478 0.015637 6.23436 0.3483746 2
006 3 11 3 -0.012313 0.4 0.015761 0 0.7478 0 -0.012313 -0.3478 0.015761 6.245377 0.3483746 2
006 3 11 3 -0.012154 0.4 0.015883 0 0.7478 0 -0.012154 -0.3478 0.015883 6.257065 0.3483745 2
006 3 11 3 -0.011995 0.4 0.016004 0 0.7478 0 -0.011995 -0.3478 0.016004 6.270798 0.3483746 2
006 3 11 3 -0.011834 0.4 0.016123 0 0.7478 0 -0.011834 -0.3478 0.016123 6.278503 0.3483745 2
006 3 11 3 -0.011672 0.4 0.01624 0 0.7478 0 -0.011672 -0.3478 0.01624 6.289841 0.3483745 2
006 3 11 3 -0.01151 0.4 0.016356 0 0.7478 0 -0.01151 -0.3478 0.016356 6.300812 0.3483745 2
006 3 11 3 -0.011345 0.4 0.016471 0 0.7478 0 -0.011345 -0.3478 0.016471 6.312012 0.3483745 2
006 3 11 3 -0.01118 0.4 0.016583 0 0.7478 0 -0.01118 -0.3478 0.016583 6.323318 0.3483745 2
006 3 11 3 -0.011014 0.4 0.016694 0 0.7478 0 -0.011014 -0.3478 0.016694 6.334122 0.3483745 2
006 3 11 3 -0.010846 0.4 0.016804 0 0.7478 0 -0.010846 -0.3478 0.016804 6.345322 0.3483746 2
006 3 11 3 -0.010678 0.4 0.016911 0 0.7478 0 -0.010678 -0.3478 0.016911 6.356888 0.3483745 2
006 3 11 3 -0.010508 0.4 0.017017 0 0.7478 0 -0.010508 -0.3478 0.017017 6.367554 0.3483745 2
006 3 11 3 -0.010337 0.4 0.017121 0 0.7478 0 -0.010337 -0.3478 0.017121 6.378784 0.3483745 2
006 3 11 3 -0.010166 0.4 0.017224 0 0.7478 0 -0.010166 -0.3478 0.017224 6.390442 0.3483746 2
006 3 11 3 -0.009993 0.4 0.017325 0 0.7478 0 -0.009993 -0.3478 0.017325 6.401337 0.3483746 2
006 3 11 3 -0.009819 0.4 0.017424 0 0.7478 0 -0.009819 -0.3478 0.017424 6.412277 0.3483746 2
006 3 11 3 -0.009644 0.4 0.017521 0 0.7478 0 -0.009644 -0.3478 0.017521 6.426849 0.3483745 2
006 3 11 3 -0.009469 0.4 0.017617 0 0.7478 0 -0.009469 -0.3478 0.017617 6.434021 0.3483746 2
006 3 11 3 -0.009292 0.4 0.01771 0 0.7478 0 -0.009292 -0.3478 0.01771 6.445496 0.3483745 2
006 3 11 3 -0.009114 0.4 0.017802 0 0.7478 0 -0.009114 -0.3478 0.017802 6.456772 0.3483745 2
006 3 11 3 -0.008936 0.4 0.017893 0 0.7478 0 -0.008936 -0.3478 0.017893 6.467407 0.3483746 2
006 3 11 3 -0.008757 0.4 0.017981 0 0.7478 0 -0.008757 -0.3478 0.017981 6.478668 0.3483745 2
006 3 11 3 -0.008576 0.4 0.018068 0 0.7478 0 -0.008576 -0.3478 0.018068 6.489883 0.3483745 2
006 3 11 3 -0.008395 0.4 0.018153 0 0.7478 0 -0.008395 -0.3478 0.018153 6.500977 0.3483746 2
006 3 11 3 -0.008213 0.4 0.018236 0 0.7478 0 -0.008213 -0.3478 0.018236 6.512115 0.3483746 2
006 3 11 3 -0.008031 0.4 0.018317 0 0.7478 0 -0.008031 -0.3478 0.018317 6.523331 0.3483746 2
006 3 11 3 -0.007847 0.4 0.018396 0 0.7478 0 -0.007847 -0.3478 0.018396 6.53418 0.3483745 2
006 3 11 3 -0.007663 0.4 0.018474 0 0.7478 0 -0.007663 -0.3478 0.018474 6.545242 0.3483746 2
006 3 11 3 -0.007478 0.4 0.01855 0 0.7478 0 -0.007478 -0.3478 0.01855 6.556717 0.3483746 2
006 3 11 3 -0.007292 0.4 0.018623 0 0.7478 0 -0.007292 -0.3478 0.018623 6.567978 0.3483745 2
006 3 11 3 -0.007105 0.4 0.018695 0 0.7478 0 -0.007105 -0.3478 0.018695 6.581833 0.3483745 2
006 3 11 3 -0.006918 0.4 0.018766 0 0.7478 0 -0.006918 -0.3478 0.018766 6.589722 0.3483746 2
006 3 11 3 -0.00673 0.4 0.018834 0 0.7478 0 -0.00673 -0.3478 0.018834 6.600723 0.3483746 2
006 3 11 3 -0.006541 0.4 0.0189 0 0.7478 0 -0.006541 -0.3478 0.0189 6.612259 0.3483745 2
006 3 11 3 -0.006352 0.4 0.018965 0 0.7478 0 -0.006352 -0.3478 0.018965 6.623413 0.3483746 2
006 3 11 3 -0.006162 0.4 0.019027 0 0.7478 0 -0.006162 -0.3478 0.019027 6.63446 0.3483745 2
006 3 11 3 -0.005971 0.4 0.019088 0 0.7478 0 -0.005971 -0.3478 0.019088 6.645615 0.3483745 2
006 3 11 3 -0.00578 0.4 0.019147 0 0.7478 0 -0.00578 -0.3478 0.019147 6.656906 0.3483746 2
006 3 11 3 -0.005588 0.4 0.019203 0 0.7478 0 -0.005588 -0.3478 0.019203 6.667389 0.3483745 2
006 3 11 3 -0.005396 0.4 0.019258 0 0.7478 0 -0.005396 -0.3478 0.019258 6.678696 0.3483745 2
006 3 11 3 -0.005203 0.4 0.019311 0 0.7478 0 -0.005203 -0.3478 0.019311 6.689972 0.3483745 2
006 3 11 3 -0.00501 0.4 0.019362 0 0.7478 0 -0.00501 -0.3478 0.019362 6.700912 0.3483745 2
006 3 11 3 -0.004816 0.4 0.019412 0 0.7478 0 -0.004816 -0.3478 0.019412 6.71225 0.3483746 2
006 3 11 3 -0.004622 0.4 0.019459 0 0.7478 0 -0.004622 -0.3478 0.019459 6.723602 0.3483746 2
006 3 11 3 -0.004427 0.4 0.019504 0 0.7478 0 -0.004427 -0.3478 0.019504 6.744629 0.3483745 2
006 3 11 3 -0.004231 0.4 0.019547 0 0.7478 0 -0.004231 -0.3478 0.019547 6.750778 0.3483745 2
006 3 11 3 -0.004036 0.4 0.019589 0 0.7478 0 -0.004036 -0.3478 0.019589 6.756241 0.3483746 2
006 3 11 3 -0.00384 0.4 0.019628 0 0.7478 0 -0.00384 -0.3478 0.019628 6.767639 0.3483745 2
006 3 11 3 -0.003643 0.4 0.019665 0 0.7478 0 -0.003643 -0.3478 0.019665 6.778732 0.3483745 2
006 3 11 3 -0.003446 0.4 0.019701 0 0.7478 0 -0.003446 -0.3478 0.019701 6.790039 0.3483745 2
006 3 11 3 -0.003249 0.4 0.019734 0 0.7478 0 -0.003249 -0.3478 0.019734 6.800858 0.3483745 2
006 3 11 3 -0.003052 0.4 0.019766 0 0.7478 0 -0.003052 -0.3478 0.019766 6.812042 0.3483746 2
006 3 11 3 -0.002854 0.4 0.019795 0 0.7478 0 -0.002854 -0.3478 0.019795 6.823166 0.3483745 2
006 3 11 3 -0.002656 0.4 0.019823 0 0.7478 0 -0.002656 -0.3478 0.019823 6.834106 0.3483746 2
006 3 11 3 -0.002457 0.4 0.019848 0 0.7478 0 -0.002457 -0.3478 0.019848 6.84552 0.3483745 2
006 3 11 3 -0.002259 0.4 0.019872 0 0.7478 0 -0.002259 -0.3478 0.019872 6.856964 0.3483745 2
006 3 11 3 -0.00206 0.4 0.019894 0 0.7478 0 -0.00206 -0.3478 0.019894 6.867569 0.3483746 2
006 3 11 3 -0.001861 0.4 0.019913 0 0.7478 0 -0.001861 -0.3478 0.019913 6.87941 0.3483745 2
006 3 11 3 -0.001662 0.4 0.019931 0 0.7478 0 -0.001662 -0.3478 0.019931 6.893539 0.3483746 2
006 3 11 3 -0.001462 0.4 0.019946 0 0.7478 0 -0.001462 -0.3478 0.019946 6.900681 0.3483745 2
006 3 11 3 -0.001263 0.4 0.01996 0 0.7478 0 -0.001263 -0.3478 0.01996 6.912094 0.3483745 2
006 3 11 3 -0.001063 0.4 0.019972 0 0.7478 0 -0.001063 -0.3478 0.019972 6.923492 0.3483746 2
006 3 11 3 -0.000863 0.4 0.019981 0 0.7478 0 -0.000863 -0.3478 0.019981 6.934326 0.3483745 2
006 3 11 3 -0.000664 0.4 0.019989 0 0.7478 0 -0.000664 -0.3478 0.019989 6.945541 0.3483745 2
006 3 11 3 -0.000464 0.4 0.019995 0 0.7478 0 -0.000464 -0.3478 0.019995 6.956589 0.3483746 2
006 3 11 3 -0.000264 0.4 0.019998 0 0.7478 0 -0.000264 -0.3478 0.019998 6.967682 0.3483745 2
006 3 11 3 -6.4E-05 0.4 0.02 0 0.7478 0 -6.4E-05 -0.3478 0.02 6.97879 0.3483745 2
006 3 11 3 0 0.4 0.02 0 0.7478 0 0 -0.3478 0.02 6.989975 0.3483745 2
