006 3 7 2 0 0.42 0 0 0.7478 0 0 -0.3278 0 0 0.3278 2
006 3 7 2 0 0.419999 0.0002 0 0.7478 0 0 -0.327801 0.0002 0.01092529 0.327801 2
006 3 7 2 0 0.419996 0.0004 0 0.7478 0 0 -0.327804 0.0004 0.02224731 0.3278042 2
006 3 7 2 0 0.419991 0.0006 0 0.7478 0 0 -0.327809 0.0006 0.03321838 0.3278095 2
006 3 7 2 0 0.419984 0.0008 0 0.7478 0 0 -0.327816 0.0008 0.04437256 0.327817 2
006 3 7 2 0 0.419975 0.001 0 0.7478 0 0 -0.327825 0.001 0.05531311 0.3278265 2
006 3 7 2 0 0.419964 0.001199 0 0.7478 0 0 -0.327836 0.001199 0.06634521 0.3278382 2
006 3 7 2 0 0.419951 0.001399 0 0.7478 0 0 -0.327849 0.001399 0.07774353 0.327852 2
006 3 7 2 0 0.419936 0.001598 0 0.7478 0 0 -0.327864 0.001598 0.08869934 0.3278679 2
006 3 7 2 0 0.419919 0.001798 0 0.7478 0 0 -0.327881 0.001798 0.09986877 0.3278859 2
006 3 7 2 0 0.4199 0.001997 0 0.7478 0 0 -0.3279 0.001997 0.1109161 0.3279061 2
006 3 7 2 0 0.419879 0.002196 0 0.7478 0 0 -0.327921 0.002196 0.1220093 0.3279283 2
006 3 7 2 0 0.419856 0.002394 0 0.7478 0 0 -0.327944 0.002394 0.1331635 0.3279527 2
006 3 7 2 0 0.419831 0.002593 0 0.7478 0 0 -0.327969 0.002593 0.1440887 0.3279792 2
006 3 7 2 0 0.419804 0.002791 0 0.7478 0 0 -0.327996 0.002791 0.1556396 0.3280078 2
006 3 7 2 0 0.419775 0.002989 0 0.7478 0 0 -0.328025 0.002989 0.1705322 0.3280386 2
006 3 7 2 0 0.419745 0.003186 0 0.7478 0 0 -0.328055 0.003186 0.1778107 0.3280705 2
006 3 7 2 0 0.419712 0.003384 0 0.7478 0 0 -0.328088 0.003384 0.188858 0.3281054 2
006 3 7 2 0 0.419677 0.003581 0 0.7478 0 0 -0.328123 0.003581 0.1997528 0.3281425 2
006 3 7 2 0 0.41964 0.003777 0 0.7478 0 0 -0.32816 0.003777 0.2107544 0.3281817 2
006 3 7 2 0 0.419601 0.003973 0 0.7478 0 0 -0.328199 0.003973 0.2222748 0.328223 2
006 3 7 2 0 0.419561 0.004169 0 0.7478 0 0 -0.328239 0.004169 0.2330475 0.3282655 2
006 3 7 2 0 0.419518 0.004365 0 0.7478 0 0 -0.328282 0.004365 0.2440338 0.328311 2
006 3 7 2 0 0.419473 0.00456 0 0.7478 0 0 -0.328327 0.00456 0.2554321 0.3283587 2
006 3 7 2 0 0.419427 0.004754 0 0.7478 0 0 -0.328373 0.004754 0.2664185 0.3284074 2
006 3 7 2 0 0.419378 0.004948 0 0.7478 0 0 -0.328422 0.004948 0.2776947 0.3284593 2
006 3 7 2 0 0.419328 0.005142 0 0.7478 0 0 -0.328472 0.005142 0.2888794 0.3285122 2
006 3 7 2 0 0.419275 0.005335 0 0.7478 0 0 -0.328525 0.005335 0.3000031 0.3285683 2
006 3 7 2 0 0.419221 0.005527 0 0.7478 0 0 -0.328579 0.005527 0.3110962 0.3286255 2
006 3 7 2 0 0.419165 0.005719 0 0.7478 0 0 -0.328635 0.005719 0.3255463 0.3286847 2
006 3 7 2 0 0.419107 0.00591 0 0.7478 0 0 -0.328693 0.00591 0.3328094 0.3287461 2
006 3 7 2 0 0.419047 0.006101 0 0.7478 0 0 -0.328753 0.006101 0.3439789 0.3288096 2
006 3 7 2 0 0.418985 0.006291 0 0.7478 0 0 -0.328815 0.006291 0.3555145 0.3288752 2
006 3 7 2 0 0.418921 0.006481 0 0.7478 0 0 -0.328879 0.006481 0.3661804 0.3289428 2
006 3 7 2 0 0.418855 0.00667 0 0.7478 0 0 -0.328945 0.00667 0.3779449 0.3290126 2
006 3 7 2 0 0.418787 0.006858 0 0.7478 0 0 -0.329013 0.006858 0.3888702 0.3290845 2
006 3 7 2 0 0.418718 0.007045 0 0.7478 0 0 -0.329082 0.007045 0.3998871 0.3291574 2
006 3 7 2 0 0.418647 0.007232 0 0.7478 0 0 -0.329153 0.007232 0.411087 0.3292324 2
006 3 7 2 0 0.418573 0.007418 0 0.7478 0 0 -0.329227 0.007418 0.4223175 0.3293106 2
006 3 7 2 0 0.418498 0.007604 0 0.7478 0 0 -0.329302 0.007604 0.433136 0.3293898 2
006 3 7 2 0 0.418421 0.007788 0 0.7478 0 0 -0.329379 0.007788 0.4447174 0.3294711 2
006 3 7 2 0 0.418342 0.007972 0 0.7478 0 0 -0.329458 0.007972 0.4553986 0.3295544 2
006 3 7 2 0 0.418262 0.008155 0 0.7478 0 0 -0.329538 0.008155 0.4667206 0.3296389 2
006 3 7 2 0 0.418179 0.008337 0 0.7478 0 0 -0.329621 0.008337 0.480957 0.3297264 2
006 3 7 2 0 0.418095 0.008519 0 0.7478 0 0 -0.329705 0.008519 0.4884796 0.329815 2
006 3 7 2 0 0.418009 0.008699 0 0.7478 0 0 -0.329791 0.008699 0.4996948 0.3299057 2
006 3 7 2 0 0.417921 0.008879 0 0.7478 0 0 -0.329879 0.008879 0.510849 0.3299985 2
006 3 7 2 0 0.417831 0.009058 0 0.7478 0 0 -0.329969 0.009058 0.5219116 0.3300933 2
006 3 7 2 0 0.41774 0.009236 0 0.7478 0 0 -0.33006 0.009236 0.5331421 0.3301892 2
006 3 7 2 0 0.417647 0.009413 0 0.7478 0 0 -0.330153 0.009413 0.5440216 0.3302872 2
006 3 7 2 0 0.417552 0.009589 0 0.7478 0 0 -0.330248 0.009589 0.5554962 0.3303872 2
006 3 7 2 0 0.417455 0.009764 0 0.7478 0 0 -0.330345 0.009764 0.5663147 0.3304892 2
006 3 7 2 0 0.417356 0.009938 0 0.7478 0 0 -0.330444 0.009938 0.5779419 0.3305934 2
006 3 7 2 0 0.417256 0.010111 0 0.7478 0 0 -0.330544 0.010111 0.5886688 0.3306986 2
006 3 7 2 0 0.417154 0.010283 0 0.7478 0 0 -0.330646 0.010283 0.600296 0.3308058 2
006 3 7 2 0 0.41705 0.010454 0 0.7478 0 0 -0.33075 0.010454 0.6110382 0.3309152 2
006 3 7 2 0 0.416945 0.010624 0 0.7478 0 0 -0.330855 0.010624 0.6223907 0.3310255 2
006 3 7 2 0 0.416838 0.010793 0 0.7478 0 0 -0.330962 0.010793 0.6363525 0.3311379 2
006 3 7 2 0 0.416729 0.01096 0 0.7478 0 0 -0.331071 0.01096 0.6437836 0.3312523 2
006 3 7 2 0 0.416619 0.011127 0 0.7478 0 0 -0.331181 0.011127 0.6552429 0.3313679 2
006 3 7 2 0 0.416507 0.011293 0 0.7478 0 0 -0.331293 0.011293 0.6663208 0.3314854 2
006 3 7 2 0 0.416393 0.011457 0 0.7478 0 0 -0.331407 0.011457 0.677536 0.331605 2
006 3 7 2 0 0.416278 0.011621 0 0.7478 0 0 -0.331522 0.011621 0.6889191 0.3317256 2
006 3 7 2 0 0.416161 0.011783 0 0.7478 0 0 -0.331639 0.011783 0.6998291 0.3318483 2
006 3 7 2 0 0.416042 0.011944 0 0.7478 0 0 -0.331758 0.011944 0.711441 0.3319729 2
006 3 7 2 0 0.415922 0.012104 0 0.7478 0 0 -0.331878 0.012104 0.7221527 0.3320986 2
006 3 7 2 0 0.4158 0.012262 0 0.7478 0 0 -0.332 0.012262 0.7330017 0.3322263 2
006 3 7 2 0 0.415676 0.01242 0 0.7478 0 0 -0.332124 0.01242 0.7446136 0.3323561 2
006 3 7 2 0 0.415551 0.012576 0 0.7478 0 0 -0.332249 0.012576 0.7554626 0.3324869 2
006 3 7 2 0 0.415425 0.012731 0 0.7478 0 0 -0.332375 0.012731 0.7668152 0.3326187 2
006 3 7 2 0 0.415297 0.012884 0 0.7478 0 0 -0.332503 0.012884 0.7779388 0.3327525 2
006 3 7 2 0 0.415167 0.013037 0 0.7478 0 0 -0.332633 0.013037 0.7921753 0.3328884 2
006 3 7 2 0 0.415036 0.013188 0 0.7478 0 0 -0.332764 0.013188 0.7996063 0.3330252 2
006 3 7 2 0 0.414903 0.013337 0 0.7478 0 0 -0.332897 0.013337 0.8107758 0.333164 2
006 3 7 2 0 0.414769 0.013486 0 0.7478 0 0 -0.333031 0.013486 0.8223114 0.3333039 2
006 3 7 2 0 0.414634 0.013633 0 0.7478 0 0 -0.333166 0.013633 0.8328552 0.3334448 2
006 3 7 2 0 0.414497 0.013778 0 0.7478 0 0 -0.333303 0.013778 0.8442993 0.3335876 2
006 3 7 2 0 0.414358 0.013923 0 0.7478 0 0 -0.333442 0.013923 0.8558807 0.3337325 2
006 3 7 2 0 0.414218 0.014066 0 0.7478 0 0 -0.333582 0.014066 0.8665314 0.3338784 2
006 3 7 2 0 0.414077 0.014207 0 0.7478 0 0 -0.333723 0.014207 0.8779907 0.3340253 2
006 3 7 2 0 0.413934 0.014347 0 0.7478 0 0 -0.333866 0.014347 0.8886719 0.3341741 2
006 3 7 2 0 0.41379 0.014486 0 0.7478 0 0 -0.33401 0.014486 0.9000244 0.3343239 2
006 3 7 2 0 0.413644 0.014623 0 0.7478 0 0 -0.334156 0.014623 0.9110413 0.3344758 2
006 3 7 2 0 0.413498 0.014759 0 0.7478 0 0 -0.334302 0.014759 0.9220734 0.3346276 2
006 3 7 2 0 0.413349 0.014893 0 0.7478 0 0 -0.334451 0.014893 0.9333038 0.3347824 2
006 3 7 2 0 0.4132 0.015026 0 0.7478 0 0 -0.3346 0.015026 0.9477539 0.3349372 2
006 3 7 2 0 0.413049 0.015157 0 0.7478 0 0 -0.334751 0.015157 0.9551086 0.3350939 2
006 3 7 2 0 0.412897 0.015287 0 0.7478 0 0 -0.334903 0.015287 0.966507 0.3352517 2
006 3 7 2 0 0.412743 0.015415 0 0.7478 0 0 -0.335057 0.015415 0.977356 0.3354114 2
006 3 7 2 0 0.412588 0.015541 0 0.7478 0 0 -0.335212 0.015541 0.9886932 0.3355721 2
006 3 7 2 0 0.412432 0.015667 0 0.7478 0 0 -0.335368 0.015667 0.9998474 0.3357337 2
006 3 7 2 0 0.412275 0.01579 0 0.7478 0 0 -0.335525 0.01579 1.01088 0.3358963 2
006 3 7 2 0 0.412116 0.015912 0 0.7478 0 0 -0.335684 0.015912 1.022339 0.3360609 2
006 3 7 2 0 0.411957 0.016032 0 0.7478 0 0 -0.335843 0.016032 1.033356 0.3362254 2
006 3 7 2 0 0.411796 0.016151 0 0.7478 0 0 -0.336004 0.016151 1.044052 0.3363919 2
006 3 7 2 0 0.411634 0.016268 0 0.7478 0 0 -0.336166 0.016268 1.055527 0.3365594 2
006 3 7 2 0 0.41147 0.016384 0 0.7478 0 0 -0.33633 0.016384 1.066254 0.3367288 2
006 3 7 2 0 0.411306 0.016498 0 0.7478 0 0 -0.336494 0.016498 1.077408 0.3368982 2
006 3 7 2 0 0.41114 0.01661 0 0.7478 0 0 -0.33666 0.01661 1.08905 0.3370695 2
006 3 7 2 0 0.410974 0.016721 0 0.7478 0 0 -0.336826 0.016721 1.103607 0.3372408 2
006 3 7 2 0 0.410806 0.016829 0 0.7478 0 0 -0.336994 0.016829 1.110703 0.3374139 2
006 3 7 2 0 0.410637 0.016937 0 0.7478 0 0 -0.337163 0.016937 1.122253 0.3375881 2
006 3 7 2 0 0.410467 0.017042 0 0.7478 0 0 -0.337333 0.017042 1.132996 0.3377632 2
006 3 7 2 0 0.410296 0.017146 0 0.7478 0 0 -0.337504 0.017146 1.144485 0.3379392 2
006 3 7 2 0 0.410124 0.017248 0 0.7478 0 0 -0.337676 0.017248 1.155792 0.3381162 2
006 3 7 2 0 0.409951 0.017348 0 0.7478 0 0 -0.337849 0.017348 1.166229 0.3382941 2
006 3 7 2 0 0.409777 0.017447 0 0.7478 0 0 -0.338023 0.017447 1.177673 0.3384729 2
006 3 7 2 0 0.409602 0.017544 0 0.7478 0 0 -0.338198 0.017544 1.188934 0.3386527 2
006 3 7 2 0 0.409427 0.017639 0 0.7478 0 0 -0.338373 0.017639 1.199814 0.3388324 2
006 3 7 2 0 0.40925 0.017733 0 0.7478 0 0 -0.33855 0.017733 1.210922 0.3390141 2
006 3 7 2 0 0.409072 0.017824 0 0.7478 0 0 -0.338728 0.017824 1.222168 0.3391966 2
006 3 7 2 0 0.408893 0.017914 0 0.7478 0 0 -0.338907 0.017914 1.233246 0.3393801 2
006 3 7 2 0 0.408714 0.018002 0 0.7478 0 0 -0.339086 0.018002 1.244781 0.3395635 2
006 3 7 2 0 0.408533 0.018088 0 0.7478 0 0 -0.339267 0.018088 1.25882 0.3397488 2
006 3 7 2 0 0.408352 0.018173 0 0.7478 0 0 -0.339448 0.018173 1.266235 0.3399341 2
006 3 7 2 0 0.40817 0.018255 0 0.7478 0 0 -0.33963 0.018255 1.27742 0.3401202 2
006 3 7 2 0 0.407987 0.018336 0 0.7478 0 0 -0.339813 0.018336 1.289154 0.3403073 2
006 3 7 2 0 0.407803 0.018415 0 0.7478 0 0 -0.339997 0.018415 1.300018 0.3404953 2
006 3 7 2 0 0.407618 0.018492 0 0.7478 0 0 -0.340182 0.018492 1.31102 0.3406842 2
006 3 7 2 0 0.407433 0.018567 0 0.7478 0 0 -0.340367 0.018567 1.322784 0.340873 2
006 3 7 2 0 0.407247 0.018641 0 0.7478 0 0 -0.340553 0.018641 1.333298 0.3410628 2
006 3 7 2 0 0.40706 0.018712 0 0.7478 0 0 -0.34074 0.018712 1.344315 0.3412534 2
006 3 7 2 0 0.406873 0.018782 0 0.7478 0 0 -0.340927 0.018782 1.355743 0.341444 2
006 3 7 2 0 0.406685 0.01885 0 0.7478 0 0 -0.341115 0.01885 1.36644 0.3416354 2
006 3 7 2 0 0.406496 0.018916 0 0.7478 0 0 -0.341304 0.018916 1.377945 0.3418278 2
006 3 7 2 0 0.406306 0.01898 0 0.7478 0 0 -0.341494 0.01898 1.38942 0.342021 2
006 3 7 2 0 0.406116 0.019042 0 0.7478 0 0 -0.341684 0.019042 1.399963 0.3422142 2
006 3 7 2 0 0.405926 0.019102 0 0.7478 0 0 -0.341874 0.019102 1.414459 0.3424072 2
006 3 7 2 0 0.405734 0.01916 0 0.7478 0 0 -0.342066 0.01916 1.421707 0.3426022 2
006 3 7 2 0 0.405542 0.019217 0 0.7478 0 0 -0.342258 0.019217 1.433136 0.342797 2
006 3 7 2 0 0.40535 0.019271 0 0.7478 0 0 -0.34245 0.019271 1.444489 0.3429918 2
006 3 7 2 0 0.405157 0.019324 0 0.7478 0 0 -0.342643 0.019324 1.455521 0.3431875 2
006 3 7 2 0 0.404964 0.019374 0 0.7478 0 0 -0.342836 0.019374 1.466461 0.343383 2
006 3 7 2 0 0.40477 0.019423 0 0.7478 0 0 -0.34303 0.019423 1.477417 0.3435794 2
006 3 7 2 0 0.404575 0.01947 0 0.7478 0 0 -0.343225 0.01947 1.488953 0.3437768 2
006 3 7 2 0 0.40438 0.019514 0 0.7478 0 0 -0.34342 0.019514 1.499695 0.343974 2
006 3 7 2 0 0.404185 0.019557 0 0.7478 0 0 -0.343615 0.019557 1.511154 0.3441711 2
006 3 7 2 0 0.403989 0.019598 0 0.7478 0 0 -0.343811 0.019598 1.522202 0.3443691 2
006 3 7 2 0 0.403793 0.019637 0 0.7478 0 0 -0.344007 0.019637 1.533203 0.344567 2
006 3 7 2 0 0.403596 0.019674 0 0.7478 0 0 -0.344204 0.019674 1.544571 0.3447658 2
006 3 7 2 0 0.403399 0.019709 0 0.7478 0 0 -0.344401 0.019709 1.556076 0.3449644 2
006 3 7 2 0 0.403202 0.019742 0 0.7478 0 0 -0.344598 0.019742 1.569656 0.345163 2
006 3 7 2 0 0.403005 0.019773 0 0.7478 0 0 -0.344795 0.019773 1.577652 0.3453615 2
006 3 7 2 0 0.402807 0.019802 0 0.7478 0 0 -0.344993 0.019802 1.588699 0.3455608 2
006 3 7 2 0 0.402608 0.019829 0 0.7478 0 0 -0.345192 0.019829 1.600113 0.345761 2
006 3 7 2 0 0.40241 0.019854 0 0.7478 0 0 -0.34539 0.019854 1.611023 0.3459602 2
006 3 7 2 0 0.402211 0.019877 0 0.7478 0 0 -0.345589 0.019877 1.622452 0.3461601 2
006 3 7 2 0 0.402013 0.019898 0 0.7478 0 0 -0.345787 0.019898 1.633072 0.346359 2
006 3 7 2 0 0.401813 0.019918 0 0.7478 0 0 -0.345987 0.019918 1.644516 0.3465599 2
006 3 7 2 0 0.401614 0.019935 0 0.7478 0 0 -0.346186 0.019935 1.655685 0.3467595 2
006 3 7 2 0 0.401415 0.01995 0 0.7478 0 0 -0.346385 0.01995 1.66655 0.346959 2
006 3 7 2 0 0.401215 0.019963 0 0.7478 0 0 -0.346585 0.019963 1.677826 0.3471594 2
006 3 7 2 0 0.401015 0.019974 0 0.7478 0 0 -0.346785 0.019974 1.688736 0.3473597 2
006 3 7 2 0 0.400816 0.019983 0 0.7478 0 0 -0.346984 0.019983 1.699738 0.3475589 2
006 3 7 2 0 0.400616 0.019991 0 0.7478 0 0 -0.347184 0.019991 1.711319 0.347759 2
006 3 7 2 0 0.400416 0.019996 0 0.7478 0 0 -0.347384 0.019996 1.725464 0.347959 2
006 3 7 2 0 0.400216 0.019999 0 0.7478 0 0 -0.347584 0.019999 1.732773 0.3481588 2
006 3 7 2 0 0.400016 0.02 0 0.7478 0 0 -0.347784 0.02 1.744217 0.3483586 2
006 3 7 2 0 0.399816 0.019999 0 0.7478 0 0 -0.347984 0.019999 1.755341 0.3485582 2
006 3 7 2 0 0.399616 0.019996 0 0.7478 0 0 -0.348184 0.019996 1.766586 0.3487577 2
006 3 7 2 0 0.399416 0.019991 0 0.7478 0 0 -0.348384 0.019991 1.777588 0.3489571 2
006 3 7 2 0 0.399216 0.019985 0 0.7478 0 0 -0.348584 0.019985 1.788834 0.3491564 2
006 3 7 2 0 0.399016 0.019976 0 0.7478 0 0 -0.348784 0.019976 1.79985 0.3493556 2
006 3 7 2 0 0.398817 0.019965 0 0.7478 0 0 -0.348983 0.019965 1.811295 0.3495536 2
006 3 7 2 0 0.398617 0.019952 0 0.7478 0 0 -0.349183 0.019952 1.822327 0.3497525 2
006 3 7 2 0 0.398418 0.019937 0 0.7478 0 0 -0.349382 0.019937 1.833221 0.3499503 2
006 3 7 2 0 0.398218 0.01992 0 0.7478 0 0 -0.349582 0.01992 1.844315 0.3501491 2
006 3 7 2 0 0.398019 0.019902 0 0.7478 0 0 -0.349781 0.019902 1.855484 0.3503467 2
006 3 7 2 0 0.39782 0.019881 0 0.7478 0 0 -0.34998 0.019881 1.866486 0.3505442 2
006 3 7 2 0 0.397622 0.019858 0 0.7478 0 0 -0.350178 0.019858 1.881058 0.3507406 2
006 3 7 2 0 0.397423 0.019833 0 0.7478 0 0 -0.350377 0.019833 1.888809 0.3509379 2
006 3 7 2 0 0.397225 0.019807 0 0.7478 0 0 -0.350575 0.019807 1.899551 0.3511341 2
006 3 7 2 0 0.397027 0.019778 0 0.7478 0 0 -0.350773 0.019778 1.910828 0.3513301 2
006 3 7 2 0 0.396829 0.019747 0 0.7478 0 0 -0.350971 0.019747 1.922043 0.3515261 2
006 3 7 2 0 0.396632 0.019714 0 0.7478 0 0 -0.351168 0.019714 1.933197 0.3517209 2
006 3 7 2 0 0.396435 0.01968 0 0.7478 0 0 -0.351365 0.01968 1.944473 0.3519157 2
006 3 7 2 0 0.396238 0.019643 0 0.7478 0 0 -0.351562 0.019643 1.95578 0.3521103 2
006 3 7 2 0 0.396042 0.019604 0 0.7478 0 0 -0.351758 0.019604 1.966446 0.3523038 2
006 3 7 2 0 0.395846 0.019564 0 0.7478 0 0 -0.351954 0.019564 1.979004 0.3524973 2
006 3 7 2 0 0.395651 0.019521 0 0.7478 0 0 -0.352149 0.019521 1.989075 0.3526896 2
006 3 7 2 0 0.395456 0.019477 0 0.7478 0 0 -0.352344 0.019477 2.000366 0.3528819 2
006 3 7 2 0 0.395261 0.019431 0 0.7478 0 0 -0.352539 0.019431 2.011307 0.353074 2
006 3 7 2 0 0.395067 0.019382 0 0.7478 0 0 -0.352733 0.019382 2.022369 0.3532651 2
006 3 7 2 0 0.394874 0.019332 0 0.7478 0 0 -0.352926 0.019332 2.036499 0.3534551 2
006 3 7 2 0 0.394681 0.01928 0 0.7478 0 0 -0.353119 0.01928 2.044067 0.3536449 2
006 3 7 2 0 0.394488 0.019226 0 0.7478 0 0 -0.353312 0.019226 2.055496 0.3538347 2
006 3 7 2 0 0.394296 0.019169 0 0.7478 0 0 -0.353504 0.019169 2.066635 0.3540233 2
006 3 7 2 0 0.394105 0.019111 0 0.7478 0 0 -0.353695 0.019111 2.077744 0.3542109 2
006 3 7 2 0 0.393914 0.019052 0 0.7478 0 0 -0.353886 0.019052 2.088821 0.3543985 2
006 3 7 2 0 0.393724 0.01899 0 0.7478 0 0 -0.354076 0.01899 2.099335 0.3545849 2
006 3 7 2 0 0.393534 0.018926 0 0.7478 0 0 -0.354266 0.018926 2.111115 0.3547712 2
006 3 7 2 0 0.393345 0.01886 0 0.7478 0 0 -0.354455 0.01886 2.122391 0.3549564 2
006 3 7 2 0 0.393157 0.018793 0 0.7478 0 0 -0.354643 0.018793 2.133301 0.3551406 2
006 3 7 2 0 0.392969 0.018724 0 0.7478 0 0 -0.354831 0.018724 2.144302 0.3553247 2
006 3 7 2 0 0.392783 0.018652 0 0.7478 0 0 -0.355017 0.018652 2.155853 0.3555066 2
006 3 7 2 0 0.392596 0.018579 0 0.7478 0 0 -0.355204 0.018579 2.166443 0.3556895 2
006 3 7 2 0 0.392411 0.018504 0 0.7478 0 0 -0.355389 0.018504 2.177917 0.3558704 2
006 3 7 2 0 0.392226 0.018427 0 0.7478 0 0 -0.355574 0.018427 2.192825 0.3560511 2
006 3 7 2 0 0.392042 0.018349 0 0.7478 0 0 -0.355758 0.018349 2.199631 0.3562309 2
006 3 7 2 0 0.391859 0.018268 0 0.7478 0 0 -0.355941 0.018268 2.211487 0.3564095 2
006 3 7 2 0 0.391677 0.018186 0 0.7478 0 0 -0.356123 0.018186 2.222351 0.3565871 2
006 3 7 2 0 0.391496 0.018102 0 0.7478 0 0 -0.356304 0.018102 2.233322 0.3567635 2
006 3 7 2 0 0.391315 0.018016 0 0.7478 0 0 -0.356485 0.018016 2.244614 0.3569399 2
006 3 7 2 0 0.391135 0.017928 0 0.7478 0 0 -0.356665 0.017928 2.25589 0.3571153 2
006 3 7 2 0 0.390956 0.017839 0 0.7478 0 0 -0.356844 0.017839 2.266479 0.3572896 2
006 3 7 2 0 0.390779 0.017747 0 0.7478 0 0 -0.357021 0.017747 2.278 0.3574618 2
006 3 7 2 0 0.390602 0.017654 0 0.7478 0 0 -0.357198 0.017654 2.288788 0.357634 2
006 3 7 2 0 0.390425 0.017559 0 0.7478 0 0 -0.357375 0.017559 2.300369 0.3578061 2
006 3 7 2 0 0.39025 0.017463 0 0.7478 0 0 -0.35755 0.017463 2.311676 0.3579762 2
006 3 7 2 0 0.390076 0.017364 0 0.7478 0 0 -0.357724 0.017364 2.322495 0.3581452 2
006 3 7 2 0 0.389903 0.017264 0 0.7478 0 0 -0.357897 0.017264 2.333832 0.3583131 2
006 3 7 2 0 0.389731 0.017162 0 0.7478 0 0 -0.358069 0.017162 2.347763 0.35848 2
006 3 7 2 0 0.38956 0.017059 0 0.7478 0 0 -0.35824 0.017059 2.355545 0.3586459 2
006 3 7 2 0 0.38939 0.016954 0 0.7478 0 0 -0.35841 0.016954 2.366669 0.3588108 2
006 3 7 2 0 0.389221 0.016847 0 0.7478 0 0 -0.358579 0.016847 2.377548 0.3589745 2
006 3 7 2 0 0.389053 0.016738 0 0.7478 0 0 -0.358747 0.016738 2.388809 0.3591372 2
006 3 7 2 0 0.388886 0.016628 0 0.7478 0 0 -0.358914 0.016628 2.400116 0.359299 2
006 3 7 2 0 0.38872 0.016516 0 0.7478 0 0 -0.35908 0.016516 2.411133 0.3594596 2
006 3 7 2 0 0.388556 0.016402 0 0.7478 0 0 -0.359244 0.016402 2.422165 0.3596182 2
006 3 7 2 0 0.388392 0.016287 0 0.7478 0 0 -0.359408 0.016287 2.433594 0.3597768 2
006 3 7 2 0 0.38823 0.01617 0 0.7478 0 0 -0.35957 0.01617 2.444321 0.3599334 2
006 3 7 2 0 0.388069 0.016051 0 0.7478 0 0 -0.359731 0.016051 2.456116 0.3600889 2
006 3 7 2 0 0.387909 0.015931 0 0.7478 0 0 -0.359891 0.015931 2.466614 0.3602434 2
006 3 7 2 0 0.38775 0.01581 0 0.7478 0 0 -0.36005 0.01581 2.477631 0.360397 2
006 3 7 2 0 0.387593 0.015686 0 0.7478 0 0 -0.360207 0.015686 2.488922 0.3605484 2
006 3 7 2 0 0.387437 0.015561 0 0.7478 0 0 -0.360363 0.015561 2.503647 0.3606988 2
006 3 7 2 0 0.387282 0.015435 0 0.7478 0 0 -0.360518 0.015435 2.511078 0.3608482 2
006 3 7 2 0 0.387128 0.015307 0 0.7478 0 0 -0.360672 0.015307 2.522324 0.3609967 2
006 3 7 2 0 0.386975 0.015178 0 0.7478 0 0 -0.360825 0.015178 2.533295 0.3611441 2
006 3 7 2 0 0.386824 0.015047 0 0.7478 0 0 -0.360976 0.015047 2.544418 0.3612895 2
006 3 7 2 0 0.386674 0.014914 0 0.7478 0 0 -0.361126 0.014914 2.555603 0.3614338 2
006 3 7 2 0 0.386526 0.01478 0 0.7478 0 0 -0.361274 0.01478 2.56662 0.3615762 2
006 3 7 2 0 0.386379 0.014645 0 0.7478 0 0 -0.361421 0.014645 2.577866 0.3617176 2
006 3 7 2 0 0.386233 0.014508 0 0.7478 0 0 -0.361567 0.014508 2.589355 0.361858 2
006 3 7 2 0 0.386089 0.014369 0 0.7478 0 0 -0.361711 0.014369 2.600388 0.3619963 2
006 3 7 2 0 0.385946 0.014229 0 0.7478 0 0 -0.361854 0.014229 2.611053 0.3621336 2
006 3 7 2 0 0.385804 0.014088 0 0.7478 0 0 -0.361996 0.014088 2.62236 0.36227 2
006 3 7 2 0 0.385664 0.013946 0 0.7478 0 0 -0.362136 0.013946 2.633179 0.3624044 2
006 3 7 2 0 0.385525 0.013801 0 0.7478 0 0 -0.362275 0.013801 2.644913 0.3625377 2
006 3 7 2 0 0.385388 0.013656 0 0.7478 0 0 -0.362412 0.013656 2.658981 0.3626692 2
006 3 7 2 0 0.385252 0.013509 0 0.7478 0 0 -0.362548 0.013509 2.666367 0.3627996 2
006 3 7 2 0 0.385118 0.013361 0 0.7478 0 0 -0.362682 0.013361 2.677673 0.362928 2
006 3 7 2 0 0.384985 0.013212 0 0.7478 0 0 -0.362815 0.013212 2.68895 0.3630555 2
006 3 7 2 0 0.384854 0.013061 0 0.7478 0 0 -0.362946 0.013061 2.699768 0.3631809 2
006 3 7 2 0 0.384724 0.012909 0 0.7478 0 0 -0.363076 0.012909 2.711105 0.3633054 2
006 3 7 2 0 0.384595 0.012755 0 0.7478 0 0 -0.363205 0.012755 2.72258 0.3634289 2
006 3 7 2 0 0.384469 0.012601 0 0.7478 0 0 -0.363331 0.012601 2.733276 0.3635494 2
006 3 7 2 0 0.384343 0.012445 0 0.7478 0 0 -0.363457 0.012445 2.744293 0.36367 2
006 3 7 2 0 0.38422 0.012287 0 0.7478 0 0 -0.36358 0.012287 2.755875 0.3637876 2
006 3 7 2 0 0.384098 0.012129 0 0.7478 0 0 -0.363702 0.012129 2.766602 0.3639042 2
006 3 7 2 0 0.383977 0.011969 0 0.7478 0 0 -0.363823 0.011969 2.778122 0.3640198 2
006 3 7 2 0 0.383858 0.011809 0 0.7478 0 0 -0.363942 0.011809 2.78894 0.3641335 2
006 3 7 2 0 0.383741 0.011647 0 0.7478 0 0 -0.364059 0.011647 2.80011 0.3642452 2
006 3 7 2 0 0.383625 0.011483 0 0.7478 0 0 -0.364175 0.011483 2.815079 0.364356 2
006 3 7 2 0 0.383511 0.011319 0 0.7478 0 0 -0.364289 0.011319 2.822113 0.3644648 2
006 3 7 2 0 0.383399 0.011154 0 0.7478 0 0 -0.364401 0.011154 2.833527 0.3645717 2
006 3 7 2 0 0.383288 0.010987 0 0.7478 0 0 -0.364512 0.010987 2.844666 0.3646775 2
006 3 7 2 0 0.383179 0.010819 0 0.7478 0 0 -0.364621 0.010819 2.855347 0.3647814 2
006 3 7 2 0 0.383072 0.010651 0 0.7478 0 0 -0.364728 0.010651 2.866486 0.3648835 2
006 3 7 2 0 0.382966 0.010481 0 0.7478 0 0 -0.364834 0.010481 2.877747 0.3649845 2
006 3 7 2 0 0.382862 0.01031 0 0.7478 0 0 -0.364938 0.01031 2.888992 0.3650836 2
006 3 7 2 0 0.38276 0.010138 0 0.7478 0 0 -0.36504 0.010138 2.900421 0.3651807 2
006 3 7 2 0 0.382659 0.009965 0 0.7478 0 0 -0.365141 0.009965 2.910995 0.3652769 2
006 3 7 2 0 0.382561 0.009791 0 0.7478 0 0 -0.365239 0.009791 2.922318 0.3653702 2
006 3 7 2 0 0.382464 0.009616 0 0.7478 0 0 -0.365336 0.009616 2.933502 0.3654625 2
006 3 7 2 0 0.382368 0.009441 0 0.7478 0 0 -0.365432 0.009441 2.944595 0.3655539 2
006 3 7 2 0 0.382275 0.009264 0 0.7478 0 0 -0.365525 0.009264 2.955948 0.3656424 2
006 3 7 2 0 0.382183 0.009086 0 0.7478 0 0 -0.365617 0.009086 2.969955 0.3657299 2
006 3 7 2 0 0.382093 0.008907 0 0.7478 0 0 -0.365707 0.008907 2.977432 0.3658154 2
006 3 7 2 0 0.382005 0.008728 0 0.7478 0 0 -0.365795 0.008728 2.988953 0.3658991 2
006 3 7 2 0 0.381919 0.008548 0 0.7478 0 0 -0.365881 0.008548 2.999985 0.3659808 2
006 3 7 2 0 0.381834 0.008366 0 0.7478 0 0 -0.365966 0.008366 3.011475 0.3660616 2
006 3 7 2 0 0.381751 0.008184 0 0.7478 0 0 -0.366049 0.008184 3.02269 0.3661405 2
006 3 7 2 0 0.38167 0.008001 0 0.7478 0 0 -0.36613 0.008001 3.033234 0.3662174 2
006 3 7 2 0 0.381591 0.007818 0 0.7478 0 0 -0.366209 0.007818 3.044403 0.3662924 2
006 3 7 2 0 0.381514 0.007633 0 0.7478 0 0 -0.366286 0.007633 3.05571 0.3663655 2
006 3 7 2 0 0.381439 0.007448 0 0.7478 0 0 -0.366361 0.007448 3.066833 0.3664367 2
006 3 7 2 0 0.381365 0.007262 0 0.7478 0 0 -0.366435 0.007262 3.077911 0.3665069 2
006 3 7 2 0 0.381293 0.007075 0 0.7478 0 0 -0.366507 0.007075 3.08902 0.3665753 2
006 3 7 2 0 0.381223 0.006888 0 0.7478 0 0 -0.366577 0.006888 3.100372 0.3666417 2
006 3 7 2 0 0.381156 0.0067 0 0.7478 0 0 -0.366644 0.0067 3.11113 0.3667052 2
006 3 7 2 0 0.381089 0.006511 0 0.7478 0 0 -0.366711 0.006511 3.125763 0.3667688 2
006 3 7 2 0 0.381025 0.006322 0 0.7478 0 0 -0.366775 0.006322 3.132889 0.3668295 2
006 3 7 2 0 0.380963 0.006131 0 0.7478 0 0 -0.366837 0.006131 3.144684 0.3668882 2
006 3 7 2 0 0.380903 0.005941 0 0.7478 0 0 -0.366897 0.005941 3.155838 0.3669451 2
006 3 7 2 0 0.380844 0.00575 0 0.7478 0 0 -0.366956 0.00575 3.166748 0.367001 2
006 3 7 2 0 0.380788 0.005558 0 0.7478 0 0 -0.367012 0.005558 3.177887 0.3670541 2
006 3 7 2 0 0.380733 0.005365 0 0.7478 0 0 -0.367067 0.005365 3.188843 0.3671062 2
006 3 7 2 0 0.38068 0.005172 0 0.7478 0 0 -0.36712 0.005172 3.2005 0.3671564 2
006 3 7 2 0 0.38063 0.004979 0 0.7478 0 0 -0.36717 0.004979 3.211243 0.3672037 2
006 3 7 2 0 0.380581 0.004785 0 0.7478 0 0 -0.367219 0.004785 3.222412 0.3672501 2
006 3 7 2 0 0.380534 0.004591 0 0.7478 0 0 -0.367266 0.004591 3.233521 0.3672947 2
006 3 7 2 0 0.380489 0.004396 0 0.7478 0 0 -0.367311 0.004396 3.244644 0.3673373 2
006 3 7 2 0 0.380446 0.0042 0 0.7478 0 0 -0.367354 0.0042 3.255707 0.367378 2
006 3 7 2 0 0.380405 0.004005 0 0.7478 0 0 -0.367395 0.004005 3.267181 0.3674168 2
006 3 7 2 0 0.380366 0.003808 0 0.7478 0 0 -0.367434 0.003808 3.281326 0.3674537 2
006 3 7 2 0 0.380329 0.003612 0 0.7478 0 0 -0.367471 0.003612 3.288727 0.3674887 2
006 3 7 2 0 0.380294 0.003415 0 0.7478 0 0 -0.367506 0.003415 3.300079 0.3675219 2
006 3 7 2 0 0.380261 0.003218 0 0.7478 0 0 -0.367539 0.003218 3.311203 0.3675531 2
006 3 7 2 0 0.380229 0.00302 0 0.7478 0 0 -0.367571 0.00302 3.322647 0.3675834 2
006 3 7 2 0 0.3802 0.002822 0 0.7478 0 0 -0.3676 0.002822 3.333435 0.3676108 2
006 3 7 2 0 0.380173 0.002624 0 0.7478 0 0 -0.367627 0.002624 3.34465 0.3676364 2
006 3 7 2 0 0.380148 0.002426 0 0.7478 0 0 -0.367652 0.002426 3.355713 0.36766 2
006 3 7 2 0 0.380124 0.002227 0 0.7478 0 0 -0.367676 0.002227 3.366974 0.3676827 2
006 3 7 2 0 0.380103 0.002028 0 0.7478 0 0 -0.367697 0.002028 3.377777 0.3677026 2
006 3 7 2 0 0.380084 0.001829 0 0.7478 0 0 -0.367716 0.001829 3.388931 0.3677205 2
006 3 7 2 0 0.380067 0.00163 0 0.7478 0 0 -0.367733 0.00163 3.400085 0.3677366 2
006 3 7 2 0 0.380051 0.001431 0 0.7478 0 0 -0.367749 0.001431 3.411774 0.3677518 2
006 3 7 2 0 0.380038 0.001231 0 0.7478 0 0 -0.367762 0.001231 3.422485 0.3677641 2
006 3 7 2 0 0.380027 0.001031 0 0.7478 0 0 -0.367773 0.001031 3.436798 0.3677744 2
006 3 7 2 0 0.380017 0.000832 0 0.7478 0 0 -0.367783 0.000832 3.444153 0.3677839 2
006 3 7 2 0 0.38001 0.000632 0 0.7478 0 0 -0.36779 0.000632 3.45578 0.3677905 2
006 3 7 2 0 0.380005 0.000432 0 0.7478 0 0 -0.367795 0.000432 3.466522 0.3677952 2
006 3 7 2 0 0.380001 0.000232 0 0.7478 0 0 -0.367799 0.000232 3.478104 0.3677991 2
006 3 7 2 0 0.38 3.2E-05 0 0.7478 0 0 -0.3678 3.2E-05 3.48909 0.3678 2
006 3 7 2 0 0.380001 -0.000168 0 0.7478 0 0 -0.367799 -0.000168 3.500229 0.367799 2
006 3 7 2 0 0.380003 -0.000368 0 0.7478 0 0 -0.367797 -0.000368 3.511734 0.3677972 2
006 3 7 2 0 0.380008 -0.000568 0 0.7478 0 0 -0.367792 -0.000568 3.522324 0.3677924 2
006 3 7 2 0 0.380015 -0.000768 0 0.7478 0 0 -0.367785 -0.000768 3.533478 0.3677858 2
006 3 7 2 0 0.380023 -0.000968 0 0.7478 0 0 -0.367777 -0.000968 3.544708 0.3677783 2
006 3 7 2 0 0.380034 -0.001167 0 0.7478 0 0 -0.367766 -0.001167 3.555588 0.3677678 2
006 3 7 2 0 0.380047 -0.001367 0 0.7478 0 0 -0.367753 -0.001367 3.566742 0.3677555 2
006 3 7 2 0 0.380061 -0.001567 0 0.7478 0 0 -0.367739 -0.001567 3.577972 0.3677423 2
006 3 7 2 0 0.380078 -0.001766 0 0.7478 0 0 -0.367722 -0.001766 3.592453 0.3677262 2
006 3 7 2 0 0.380097 -0.001965 0 0.7478 0 0 -0.367703 -0.001965 3.599976 0.3677082 2
006 3 7 2 0 0.380117 -0.002164 0 0.7478 0 0 -0.367683 -0.002164 3.611115 0.3676894 2
006 3 7 2 0 0.38014 -0.002363 0 0.7478 0 0 -0.36766 -0.002363 3.622604 0.3676676 2
006 3 7 2 0 0.380165 -0.002561 0 0.7478 0 0 -0.367635 -0.002561 3.633102 0.3676439 2
006 3 7 2 0 0.380191 -0.002759 0 0.7478 0 0 -0.367609 -0.002759 3.644592 0.3676193 2
006 3 7 2 0 0.38022 -0.002957 0 0.7478 0 0 -0.36758 -0.002957 3.655884 0.3675919 2
006 3 7 2 0 0.38025 -0.003155 0 0.7478 0 0 -0.36755 -0.003155 3.666992 0.3675635 2
006 3 7 2 0 0.380283 -0.003352 0 0.7478 0 0 -0.367517 -0.003352 3.677841 0.3675323 2
006 3 7 2 0 0.380317 -0.003549 0 0.7478 0 0 -0.367483 -0.003549 3.68924 0.3675001 2
006 3 7 2 0 0.380354 -0.003746 0 0.7478 0 0 -0.367446 -0.003746 3.70018 0.3674651 2
006 3 7 2 0 0.380392 -0.003942 0 0.7478 0 0 -0.367408 -0.003942 3.711227 0.3674291 2
006 3 7 2 0 0.380433 -0.004138 0 0.7478 0 0 -0.367367 -0.004138 3.722778 0.3673903 2
006 3 7 2 0 0.380475 -0.004334 0 0.7478 0 0 -0.367325 -0.004334 3.733856 0.3673505 2
006 3 7 2 0 0.380519 -0.004529 0 0.7478 0 0 -0.367281 -0.004529 3.747696 0.3673089 2
006 3 7 2 0 0.380566 -0.004723 0 0.7478 0 0 -0.367234 -0.004723 3.755768 0.3672644 2
006 3 7 2 0 0.380614 -0.004917 0 0.7478 0 0 -0.367186 -0.004917 3.766541 0.3672189 2
006 3 7 2 0 0.380664 -0.005111 0 0.7478 0 0 -0.367136 -0.005111 3.777771 0.3671716 2
006 3 7 2 0 0.380716 -0.005304 0 0.7478 0 0 -0.367084 -0.005304 3.789108 0.3671223 2
006 3 7 2 0 0.38077 -0.005496 0 0.7478 0 0 -0.36703 -0.005496 3.800003 0.3670711 2
006 3 7 2 0 0.380826 -0.005689 0 0.7478 0 0 -0.366974 -0.005689 3.810974 0.3670181 2
006 3 7 2 0 0.380884 -0.00588 0 0.7478 0 0 -0.366916 -0.00588 3.822571 0.3669631 2
006 3 7 2 0 0.380944 -0.006071 0 0.7478 0 0 -0.366856 -0.006071 3.833725 0.3669062 2
006 3 7 2 0 0.381005 -0.006261 0 0.7478 0 0 -0.366795 -0.006261 3.844604 0.3668484 2
006 3 7 2 0 0.381069 -0.006451 0 0.7478 0 0 -0.366731 -0.006451 3.855698 0.3667877 2
006 3 7 2 0 0.381134 -0.00664 0 0.7478 0 0 -0.366666 -0.00664 3.866684 0.3667261 2
006 3 7 2 0 0.381202 -0.006828 0 0.7478 0 0 -0.366598 -0.006828 3.878098 0.3666616 2
006 3 7 2 0 0.381271 -0.007016 0 0.7478 0 0 -0.366529 -0.007016 3.889023 0.3665961 2
006 3 7 2 0 0.381342 -0.007203 0 0.7478 0 0 -0.366458 -0.007203 3.90329 0.3665288 2
006 3 7 2 0 0.381415 -0.007389 0 0.7478 0 0 -0.366385 -0.007389 3.911072 0.3664595 2
006 3 7 2 0 0.38149 -0.007574 0 0.7478 0 0 -0.36631 -0.007574 3.922409 0.3663883 2
006 3 7 2 0 0.381566 -0.007759 0 0.7478 0 0 -0.366234 -0.007759 3.933716 0.3663161 2
006 3 7 2 0 0.381645 -0.007943 0 0.7478 0 0 -0.366155 -0.007943 3.944351 0.3662412 2
006 3 7 2 0 0.381725 -0.008126 0 0.7478 0 0 -0.366075 -0.008126 3.955872 0.3661652 2
006 3 7 2 0 0.381807 -0.008308 0 0.7478 0 0 -0.365993 -0.008308 3.967209 0.3660873 2
006 3 7 2 0 0.381891 -0.00849 0 0.7478 0 0 -0.365909 -0.00849 3.978073 0.3660075 2
006 3 7 2 0 0.381977 -0.008671 0 0.7478 0 0 -0.365823 -0.008671 3.988983 0.3659257 2
006 3 7 2 0 0.382065 -0.00885 0 0.7478 0 0 -0.365735 -0.00885 4 0.365842 2
006 3 7 2 0 0.382154 -0.009029 0 0.7478 0 0 -0.365646 -0.009029 4.011444 0.3657574 2
006 3 7 2 0 0.382245 -0.009207 0 0.7478 0 0 -0.365555 -0.009207 4.022369 0.3656709 2
006 3 7 2 0 0.382338 -0.009384 0 0.7478 0 0 -0.365462 -0.009384 4.03363 0.3655824 2
006 3 7 2 0 0.382433 -0.009561 0 0.7478 0 0 -0.365367 -0.009561 4.044693 0.3654921 2
006 3 7 2 0 0.38253 -0.009736 0 0.7478 0 0 -0.36527 -0.009736 4.059021 0.3653997 2
006 3 7 2 0 0.382628 -0.00991 0 0.7478 0 0 -0.365172 -0.00991 4.066376 0.3653064 2
006 3 7 2 0 0.382728 -0.010083 0 0.7478 0 0 -0.365072 -0.010083 4.07811 0.3652112 2
006 3 7 2 0 0.382829 -0.010255 0 0.7478 0 0 -0.364971 -0.010255 4.088776 0.365115 2
006 3 7 2 0 0.382933 -0.010427 0 0.7478 0 0 -0.364867 -0.010427 4.100266 0.3650159 2
006 3 7 2 0 0.383038 -0.010597 0 0.7478 0 0 -0.364762 -0.010597 4.111298 0.3649159 2
006 3 7 2 0 0.383145 -0.010766 0 0.7478 0 0 -0.364655 -0.010766 4.122452 0.3648139 2
006 3 7 2 0 0.383253 -0.010934 0 0.7478 0 0 -0.364547 -0.010934 4.133438 0.3647109 2
006 3 7 2 0 0.383363 -0.011101 0 0.7478 0 0 -0.364437 -0.011101 4.144547 0.364606 2
006 3 7 2 0 0.383475 -0.011267 0 0.7478 0 0 -0.364325 -0.011267 4.155853 0.3644992 2
006 3 7 2 0 0.383589 -0.011431 0 0.7478 0 0 -0.364211 -0.011431 4.167007 0.3643903 2
006 3 7 2 0 0.383704 -0.011595 0 0.7478 0 0 -0.364096 -0.011595 4.178177 0.3642806 2
006 3 7 2 0 0.383821 -0.011757 0 0.7478 0 0 -0.363979 -0.011757 4.189178 0.3641688 2
006 3 7 2 0 0.383939 -0.011918 0 0.7478 0 0 -0.363861 -0.011918 4.200226 0.3640561 2
006 3 7 2 0 0.384059 -0.012078 0 0.7478 0 0 -0.363741 -0.012078 4.214539 0.3639415 2
006 3 7 2 0 0.384181 -0.012237 0 0.7478 0 0 -0.363619 -0.012237 4.222153 0.3638248 2
006 3 7 2 0 0.384304 -0.012395 0 0.7478 0 0 -0.363496 -0.012395 4.233475 0.3637072 2
006 3 7 2 0 0.384429 -0.012551 0 0.7478 0 0 -0.363371 -0.012551 4.244797 0.3635877 2
006 3 7 2 0 0.384555 -0.012706 0 0.7478 0 0 -0.363245 -0.012706 4.255768 0.3634671 2
006 3 7 2 0 0.384683 -0.01286 0 0.7478 0 0 -0.363117 -0.01286 4.266815 0.3633446 2
006 3 7 2 0 0.384812 -0.013013 0 0.7478 0 0 -0.362988 -0.013013 4.278107 0.3632212 2
006 3 7 2 0 0.384943 -0.013164 0 0.7478 0 0 -0.362857 -0.013164 4.288925 0.3630957 2
006 3 7 2 0 0.385075 -0.013314 0 0.7478 0 0 -0.362725 -0.013314 4.300369 0.3629692 2
006 3 7 2 0 0.385209 -0.013462 0 0.7478 0 0 -0.362591 -0.013462 4.311401 0.3628408 2
006 3 7 2 0 0.385345 -0.013609 0 0.7478 0 0 -0.362455 -0.013609 4.322449 0.3627104 2
006 3 7 2 0 0.385481 -0.013755 0 0.7478 0 0 -0.362319 -0.013755 4.333435 0.36258 2
006 3 7 2 0 0.38562 -0.0139 0 0.7478 0 0 -0.36218 -0.0139 4.344482 0.3624466 2
006 3 7 2 0 0.385759 -0.014043 0 0.7478 0 0 -0.362041 -0.014043 4.356308 0.3623132 2
006 3 7 2 0 0.3859 -0.014185 0 0.7478 0 0 -0.3619 -0.014185 4.370056 0.3621779 2
006 3 7 2 0 0.386043 -0.014325 0 0.7478 0 0 -0.361757 -0.014325 4.377792 0.3620405 2
006 3 7 2 0 0.386187 -0.014464 0 0.7478 0 0 -0.361613 -0.014464 4.389313 0.3619021 2
006 3 7 2 0 0.386332 -0.014601 0 0.7478 0 0 -0.361468 -0.014601 4.400299 0.3617628 2
006 3 7 2 0 0.386479 -0.014737 0 0.7478 0 0 -0.361321 -0.014737 4.411224 0.3616214 2
006 3 7 2 0 0.386627 -0.014872 0 0.7478 0 0 -0.361173 -0.014872 4.422806 0.361479 2
006 3 7 2 0 0.386776 -0.015005 0 0.7478 0 0 -0.361024 -0.015005 4.433334 0.3613357 2
006 3 7 2 0 0.386927 -0.015136 0 0.7478 0 0 -0.360873 -0.015136 4.444839 0.3611903 2
006 3 7 2 0 0.387079 -0.015266 0 0.7478 0 0 -0.360721 -0.015266 4.45575 0.3610439 2
006 3 7 2 0 0.387232 -0.015394 0 0.7478 0 0 -0.360568 -0.015394 4.466751 0.3608965 2
006 3 7 2 0 0.387387 -0.015521 0 0.7478 0 0 -0.360413 -0.015521 4.477783 0.360747 2
006 3 7 2 0 0.387543 -0.015647 0 0.7478 0 0 -0.360257 -0.015647 4.489273 0.3605966 2
006 3 7 2 0 0.3877 -0.015771 0 0.7478 0 0 -0.3601 -0.015771 4.500183 0.3604452 2
006 3 7 2 0 0.387858 -0.015893 0 0.7478 0 0 -0.359942 -0.015893 4.51123 0.3602927 2
006 3 7 2 0 0.388018 -0.016013 0 0.7478 0 0 -0.359782 -0.016013 4.525848 0.3601381 2
006 3 7 2 0 0.388179 -0.016132 0 0.7478 0 0 -0.359621 -0.016132 4.533279 0.3599826 2
006 3 7 2 0 0.38834 -0.01625 0 0.7478 0 0 -0.35946 -0.01625 4.544586 0.3598271 2
006 3 7 2 0 0.388504 -0.016366 0 0.7478 0 0 -0.359296 -0.016366 4.555893 0.3596685 2
006 3 7 2 0 0.388668 -0.01648 0 0.7478 0 0 -0.359132 -0.01648 4.567093 0.3595099 2
006 3 7 2 0 0.388833 -0.016592 0 0.7478 0 0 -0.358967 -0.016592 4.578094 0.3593502 2
006 3 7 2 0 0.389 -0.016703 0 0.7478 0 0 -0.3588 -0.016703 4.589233 0.3591886 2
006 3 7 2 0 0.389167 -0.016812 0 0.7478 0 0 -0.358633 -0.016812 4.600479 0.3590268 2
006 3 7 2 0 0.389336 -0.01692 0 0.7478 0 0 -0.358464 -0.01692 4.61142 0.3588631 2
006 3 7 2 0 0.389506 -0.017025 0 0.7478 0 0 -0.358294 -0.017025 4.622818 0.3586982 2
006 3 7 2 0 0.389676 -0.01713 0 0.7478 0 0 -0.358124 -0.01713 4.633469 0.3585334 2
006 3 7 2 0 0.389848 -0.017232 0 0.7478 0 0 -0.357952 -0.017232 4.644714 0.3583665 2
006 3 7 2 0 0.390021 -0.017333 0 0.7478 0 0 -0.357779 -0.017333 4.656113 0.3581986 2
006 3 7 2 0 0.390195 -0.017432 0 0.7478 0 0 -0.357605 -0.017432 4.66687 0.3580296 2
006 3 7 2 0 0.39037 -0.017529 0 0.7478 0 0 -0.35743 -0.017529 4.681091 0.3578596 2
006 3 7 2 0 0.390545 -0.017624 0 0.7478 0 0 -0.357255 -0.017624 4.688858 0.3576894 2
006 3 7 2 0 0.390722 -0.017718 0 0.7478 0 0 -0.357078 -0.017718 4.700043 0.3575173 2
006 3 7 2 0 0.3909 -0.01781 0 0.7478 0 0 -0.3569 -0.01781 4.711472 0.3573441 2
006 3 7 2 0 0.391078 -0.0179 0 0.7478 0 0 -0.356722 -0.0179 4.722717 0.3571708 2
006 3 7 2 0 0.391258 -0.017988 0 0.7478 0 0 -0.356542 -0.017988 4.733871 0.3569955 2
006 3 7 2 0 0.391438 -0.018075 0 0.7478 0 0 -0.356362 -0.018075 4.74469 0.3568201 2
006 3 7 2 0 0.391619 -0.018159 0 0.7478 0 0 -0.356181 -0.018159 4.755783 0.3566436 2
006 3 7 2 0 0.391801 -0.018242 0 0.7478 0 0 -0.355999 -0.018242 4.766769 0.3564661 2
006 3 7 2 0 0.391984 -0.018323 0 0.7478 0 0 -0.355816 -0.018323 4.777939 0.3562874 2
006 3 7 2 0 0.392168 -0.018403 0 0.7478 0 0 -0.355632 -0.018403 4.789185 0.3561078 2
006 3 7 2 0 0.392352 -0.01848 0 0.7478 0 0 -0.355448 -0.01848 4.800568 0.355928 2
006 3 7 2 0 0.392537 -0.018556 0 0.7478 0 0 -0.355263 -0.018556 4.811188 0.3557473 2
006 3 7 2 0 0.392723 -0.018629 0 0.7478 0 0 -0.355077 -0.018629 4.822571 0.3555653 2
006 3 7 2 0 0.39291 -0.018701 0 0.7478 0 0 -0.35489 -0.018701 4.83696 0.3553824 2
006 3 7 2 0 0.393097 -0.018771 0 0.7478 0 0 -0.354703 -0.018771 4.844315 0.3551993 2
006 3 7 2 0 0.393285 -0.018839 0 0.7478 0 0 -0.354515 -0.018839 4.855988 0.3550152 2
006 3 7 2 0 0.393474 -0.018905 0 0.7478 0 0 -0.354326 -0.018905 4.86705 0.3548299 2
006 3 7 2 0 0.393663 -0.01897 0 0.7478 0 0 -0.354137 -0.01897 4.878082 0.3546447 2
006 3 7 2 0 0.393853 -0.019032 0 0.7478 0 0 -0.353947 -0.019032 4.891632 0.3544583 2
006 3 7 2 0 0.394044 -0.019093 0 0.7478 0 0 -0.353756 -0.019093 4.900497 0.3542708 2
006 3 7 2 0 0.394235 -0.019151 0 0.7478 0 0 -0.353565 -0.019151 4.911346 0.3540833 2
006 3 7 2 0 0.394427 -0.019208 0 0.7478 0 0 -0.353373 -0.019208 4.922867 0.3538947 2
006 3 7 2 0 0.394619 -0.019263 0 0.7478 0 0 -0.353181 -0.019263 4.933594 0.3537059 2
006 3 7 2 0 0.394812 -0.019315 0 0.7478 0 0 -0.352988 -0.019315 4.944839 0.353516 2
006 3 7 2 0 0.395006 -0.019366 0 0.7478 0 0 -0.352794 -0.019366 4.955933 0.3533251 2
006 3 7 2 0 0.3952 -0.019415 0 0.7478 0 0 -0.3526 -0.019415 4.966827 0.3531341 2
006 3 7 2 0 0.395394 -0.019462 0 0.7478 0 0 -0.352406 -0.019462 4.978317 0.352943 2
006 3 7 2 0 0.395589 -0.019507 0 0.7478 0 0 -0.352211 -0.019507 4.992523 0.3527508 2
006 3 7 2 0 0.395784 -0.019551 0 0.7478 0 0 -0.352016 -0.019551 4.999863 0.3525585 2
006 3 7 2 0 0.39598 -0.019592 0 0.7478 0 0 -0.35182 -0.019592 5.011383 0.3523651 2
006 3 7 2 0 0.396176 -0.019631 0 0.7478 0 0 -0.351624 -0.019631 5.022507 0.3521715 2
006 3 7 2 0 0.396372 -0.019668 0 0.7478 0 0 -0.351428 -0.019668 5.033463 0.3519779 2
006 3 7 2 0 0.396569 -0.019704 0 0.7478 0 0 -0.351231 -0.019704 5.044739 0.3517832 2
006 3 7 2 0 0.396766 -0.019737 0 0.7478 0 0 -0.351034 -0.019737 5.055847 0.3515884 2
006 3 7 2 0 0.396964 -0.019768 0 0.7478 0 0 -0.350836 -0.019768 5.06662 0.3513924 2
006 3 7 2 0 0.397162 -0.019798 0 0.7478 0 0 -0.350638 -0.019798 5.077896 0.3511964 2
006 3 7 2 0 0.39736 -0.019825 0 0.7478 0 0 -0.35044 -0.019825 5.089783 0.3510003 2
006 3 7 2 0 0.397558 -0.01985 0 0.7478 0 0 -0.350242 -0.01985 5.100296 0.350804 2
006 3 7 2 0 0.397757 -0.019874 0 0.7478 0 0 -0.350043 -0.019874 5.111343 0.3506067 2
006 3 7 2 0 0.397956 -0.019895 0 0.7478 0 0 -0.349844 -0.019895 5.122925 0.3504092 2
006 3 7 2 0 0.398155 -0.019915 0 0.7478 0 0 -0.349645 -0.019915 5.133484 0.3502117 2
006 3 7 2 0 0.398354 -0.019932 0 0.7478 0 0 -0.349446 -0.019932 5.148575 0.350014 2
006 3 7 2 0 0.398553 -0.019948 0 0.7478 0 0 -0.349247 -0.019948 5.155533 0.3498162 2
006 3 7 2 0 0.398753 -0.019961 0 0.7478 0 0 -0.349047 -0.019961 5.166687 0.3496173 2
006 3 7 2 0 0.398953 -0.019973 0 0.7478 0 0 -0.348847 -0.019973 5.177765 0.3494183 2
006 3 7 2 0 0.399152 -0.019982 0 0.7478 0 0 -0.348648 -0.019982 5.189362 0.3492201 2
006 3 7 2 0 0.399352 -0.01999 0 0.7478 0 0 -0.348448 -0.01999 5.200241 0.3490209 2
006 3 7 2 0 0.399552 -0.019995 0 0.7478 0 0 -0.348248 -0.019995 5.211472 0.3488215 2
006 3 7 2 0 0.399752 -0.019998 0 0.7478 0 0 -0.348048 -0.019998 5.222519 0.348622 2
006 3 7 2 0 0.399952 -0.02 0 0.7478 0 0 -0.347848 -0.02 5.233582 0.3484225 2
006 3 7 2 0 0.400152 -0.019999 0 0.7478 0 0 -0.347648 -0.019999 5.244553 0.3482228 2
006 3 7 2 0 0.400352 -0.019997 0 0.7478 0 0 -0.347448 -0.019997 5.256042 0.348023 2
006 3 7 2 0 0.400552 -0.019992 0 0.7478 0 0 -0.347248 -0.019992 5.267029 0.347823 2
006 3 7 2 0 0.400752 -0.019986 0 0.7478 0 0 -0.347048 -0.019986 5.27803 0.347623 2
006 3 7 2 0 0.400952 -0.019977 0 0.7478 0 0 -0.346848 -0.019977 5.289322 0.3474228 2
006 3 7 2 0 0.401152 -0.019967 0 0.7478 0 0 -0.346648 -0.019967 5.303864 0.3472225 2
006 3 7 2 0 0.401351 -0.019954 0 0.7478 0 0 -0.346449 -0.019954 5.31105 0.3470231 2
006 3 7 2 0 0.401551 -0.01994 0 0.7478 0 0 -0.346249 -0.01994 5.322632 0.3468227 2
006 3 7 2 0 0.40175 -0.019923 0 0.7478 0 0 -0.34605 -0.019923 5.333664 0.346623 2
006 3 7 2 0 0.401949 -0.019905 0 0.7478 0 0 -0.345851 -0.019905 5.345108 0.3464233 2
006 3 7 2 0 0.402148 -0.019884 0 0.7478 0 0 -0.345652 -0.019884 5.356064 0.3462234 2
006 3 7 2 0 0.402347 -0.019862 0 0.7478 0 0 -0.345453 -0.019862 5.366669 0.3460235 2
006 3 7 2 0 0.402545 -0.019837 0 0.7478 0 0 -0.345255 -0.019837 5.378006 0.3458244 2
006 3 7 2 0 0.402744 -0.019811 0 0.7478 0 0 -0.345056 -0.019811 5.389343 0.3456242 2
006 3 7 2 0 0.402942 -0.019783 0 0.7478 0 0 -0.344858 -0.019783 5.400131 0.345425 2
006 3 7 2 0 0.403139 -0.019752 0 0.7478 0 0 -0.344661 -0.019752 5.411453 0.3452265 2
006 3 7 2 0 0.403337 -0.01972 0 0.7478 0 0 -0.344463 -0.01972 5.422943 0.345027 2
006 3 7 2 0 0.403534 -0.019685 0 0.7478 0 0 -0.344266 -0.019685 5.433258 0.3448283 2
006 3 7 2 0 0.40373 -0.019649 0 0.7478 0 0 -0.34407 -0.019649 5.444916 0.3446306 2
006 3 7 2 0 0.403927 -0.019611 0 0.7478 0 0 -0.343873 -0.019611 5.459259 0.3444317 2
006 3 7 2 0 0.404122 -0.019571 0 0.7478 0 0 -0.343678 -0.019571 5.466797 0.3442348 2
006 3 7 2 0 0.404318 -0.019528 0 0.7478 0 0 -0.343482 -0.019528 5.47821 0.3440367 2
006 3 7 2 0 0.404513 -0.019484 0 0.7478 0 0 -0.343287 -0.019484 5.489273 0.3438395 2
006 3 7 2 0 0.404708 -0.019438 0 0.7478 0 0 -0.343092 -0.019438 5.500305 0.3436422 2
006 3 7 2 0 0.404902 -0.01939 0 0.7478 0 0 -0.342898 -0.01939 5.511398 0.3434458 2
006 3 7 2 0 0.405095 -0.01934 0 0.7478 0 0 -0.342705 -0.01934 5.522583 0.3432502 2
006 3 7 2 0 0.405289 -0.019288 0 0.7478 0 0 -0.342511 -0.019288 5.53363 0.3430537 2
006 3 7 2 0 0.405481 -0.019234 0 0.7478 0 0 -0.342319 -0.019234 5.544495 0.3428589 2
006 3 7 2 0 0.405673 -0.019178 0 0.7478 0 0 -0.342127 -0.019178 5.556198 0.3426641 2
006 3 7 2 0 0.405865 -0.019121 0 0.7478 0 0 -0.341935 -0.019121 5.567017 0.3424692 2
006 3 7 2 0 0.406056 -0.019061 0 0.7478 0 0 -0.341744 -0.019061 5.57814 0.3422751 2
006 3 7 2 0 0.406246 -0.019 0 0.7478 0 0 -0.341554 -0.019 5.589294 0.3420821 2
006 3 7 2 0 0.406436 -0.018936 0 0.7478 0 0 -0.341364 -0.018936 5.600662 0.3418888 2
006 3 7 2 0 0.406625 -0.018871 0 0.7478 0 0 -0.341175 -0.018871 5.614685 0.3416965 2
006 3 7 2 0 0.406813 -0.018804 0 0.7478 0 0 -0.340987 -0.018804 5.622467 0.3415051 2
006 3 7 2 0 0.407001 -0.018735 0 0.7478 0 0 -0.340799 -0.018735 5.633469 0.3413135 2
006 3 7 2 0 0.407188 -0.018664 0 0.7478 0 0 -0.340612 -0.018664 5.644913 0.341123 2
006 3 7 2 0 0.407374 -0.018591 0 0.7478 0 0 -0.340426 -0.018591 5.656067 0.3409333 2
006 3 7 2 0 0.40756 -0.018516 0 0.7478 0 0 -0.34024 -0.018516 5.66687 0.3407435 2
006 3 7 2 0 0.407744 -0.01844 0 0.7478 0 0 -0.340056 -0.01844 5.678268 0.3405556 2
006 3 7 2 0 0.407928 -0.018361 0 0.7478 0 0 -0.339872 -0.018361 5.689087 0.3403676 2
006 3 7 2 0 0.408112 -0.018281 0 0.7478 0 0 -0.339688 -0.018281 5.700363 0.3401795 2
006 3 7 2 0 0.408294 -0.018199 0 0.7478 0 0 -0.339506 -0.018199 5.711273 0.3399934 2
006 3 7 2 0 0.408476 -0.018115 0 0.7478 0 0 -0.339324 -0.018115 5.7229 0.3398072 2
006 3 7 2 0 0.408656 -0.01803 0 0.7478 0 0 -0.339144 -0.01803 5.733795 0.3396229 2
006 3 7 2 0 0.408836 -0.017942 0 0.7478 0 0 -0.338964 -0.017942 5.744781 0.3394385 2
006 3 7 2 0 0.409015 -0.017853 0 0.7478 0 0 -0.338785 -0.017853 5.75618 0.3392551 2
006 3 7 2 0 0.409193 -0.017762 0 0.7478 0 0 -0.338607 -0.017762 5.770203 0.3390725 2
006 3 7 2 0 0.40937 -0.017669 0 0.7478 0 0 -0.33843 -0.017669 5.777802 0.3388909 2
006 3 7 2 0 0.409547 -0.017575 0 0.7478 0 0 -0.338253 -0.017575 5.789124 0.3387093 2
006 3 7 2 0 0.409722 -0.017478 0 0.7478 0 0 -0.338078 -0.017478 5.800308 0.3385295 2
006 3 7 2 0 0.409896 -0.01738 0 0.7478 0 0 -0.337904 -0.01738 5.8116 0.3383507 2
006 3 7 2 0 0.410069 -0.01728 0 0.7478 0 0 -0.337731 -0.01728 5.822693 0.3381728 2
006 3 7 2 0 0.410242 -0.017179 0 0.7478 0 0 -0.337558 -0.017179 5.833649 0.3379948 2
006 3 7 2 0 0.410413 -0.017075 0 0.7478 0 0 -0.337387 -0.017075 5.845047 0.3378188 2
006 3 7 2 0 0.410583 -0.01697 0 0.7478 0 0 -0.337217 -0.01697 5.855972 0.3376437 2
006 3 7 2 0 0.410752 -0.016864 0 0.7478 0 0 -0.337048 -0.016864 5.866669 0.3374696 2
006 3 7 2 0 0.41092 -0.016755 0 0.7478 0 0 -0.33688 -0.016755 5.878448 0.3372964 2
006 3 7 2 0 0.411087 -0.016645 0 0.7478 0 0 -0.336713 -0.016645 5.889404 0.3371241 2
006 3 7 2 0 0.411253 -0.016534 0 0.7478 0 0 -0.336547 -0.016534 5.900238 0.3369529 2
006 3 7 2 0 0.411418 -0.01642 0 0.7478 0 0 -0.336382 -0.01642 5.911743 0.3367825 2
006 3 7 2 0 0.411582 -0.016305 0 0.7478 0 0 -0.336218 -0.016305 5.926331 0.3366131 2
006 3 7 2 0 0.411744 -0.016189 0 0.7478 0 0 -0.336056 -0.016189 5.933258 0.3364457 2
006 3 7 2 0 0.411906 -0.01607 0 0.7478 0 0 -0.335894 -0.01607 5.944885 0.3362782 2
006 3 7 2 0 0.412066 -0.015951 0 0.7478 0 0 -0.335734 -0.015951 5.956177 0.3361127 2
006 3 7 2 0 0.412225 -0.015829 0 0.7478 0 0 -0.335575 -0.015829 5.966827 0.3359481 2
006 3 7 2 0 0.412382 -0.015706 0 0.7478 0 0 -0.335418 -0.015706 5.978333 0.3357855 2
006 3 7 2 0 0.412539 -0.015581 0 0.7478 0 0 -0.335261 -0.015581 5.989227 0.3356228 2
006 3 7 2 0 0.412694 -0.015455 0 0.7478 0 0 -0.335106 -0.015455 6.000854 0.3354622 2
006 3 7 2 0 0.412848 -0.015328 0 0.7478 0 0 -0.334952 -0.015328 6.011459 0.3353025 2
006 3 7 2 0 0.413 -0.015198 0 0.7478 0 0 -0.3348 -0.015198 6.022858 0.3351448 2
006 3 7 2 0 0.413152 -0.015068 0 0.7478 0 0 -0.334648 -0.015068 6.033279 0.334987 2
006 3 7 2 0 0.413302 -0.014935 0 0.7478 0 0 -0.334498 -0.014935 6.044937 0.3348312 2
006 3 7 2 0 0.41345 -0.014802 0 0.7478 0 0 -0.33435 -0.014802 6.055847 0.3346775 2
006 3 7 2 0 0.413598 -0.014666 0 0.7478 0 0 -0.334202 -0.014666 6.066879 0.3345236 2
006 3 7 2 0 0.413744 -0.01453 0 0.7478 0 0 -0.334056 -0.01453 6.081299 0.3343718 2
006 3 7 2 0 0.413888 -0.014391 0 0.7478 0 0 -0.333912 -0.014391 6.089005 0.334222 2
006 3 7 2 0 0.414032 -0.014252 0 0.7478 0 0 -0.333768 -0.014252 6.100464 0.3340721 2
006 3 7 2 0 0.414173 -0.014111 0 0.7478 0 0 -0.333627 -0.014111 6.111359 0.3339253 2
006 3 7 2 0 0.414314 -0.013968 0 0.7478 0 0 -0.333486 -0.013968 6.123032 0.3337784 2
006 3 7 2 0 0.414453 -0.013825 0 0.7478 0 0 -0.333347 -0.013825 6.133453 0.3336335 2
006 3 7 2 0 0.41459 -0.013679 0 0.7478 0 0 -0.33321 -0.013679 6.14473 0.3334906 2
006 3 7 2 0 0.414726 -0.013533 0 0.7478 0 0 -0.333074 -0.013533 6.156265 0.3333488 2
006 3 7 2 0 0.414861 -0.013385 0 0.7478 0 0 -0.332939 -0.013385 6.167068 0.333208 2
006 3 7 2 0 0.414994 -0.013236 0 0.7478 0 0 -0.332806 -0.013236 6.178101 0.3330691 2
006 3 7 2 0 0.415126 -0.013085 0 0.7478 0 0 -0.332674 -0.013085 6.189148 0.3329312 2
006 3 7 2 0 0.415256 -0.012933 0 0.7478 0 0 -0.332544 -0.012933 6.200378 0.3327954 2
006 3 7 2 0 0.415384 -0.01278 0 0.7478 0 0 -0.332416 -0.01278 6.211395 0.3326616 2
006 3 7 2 0 0.415511 -0.012625 0 0.7478 0 0 -0.332289 -0.012625 6.222641 0.3325287 2
006 3 7 2 0 0.415637 -0.01247 0 0.7478 0 0 -0.332163 -0.01247 6.236923 0.332397 2
006 3 7 2 0 0.415761 -0.012313 0 0.7478 0 0 -0.332039 -0.012313 6.244553 0.3322672 2
006 3 7 2 0 0.415883 -0.012154 0 0.7478 0 0 -0.331917 -0.012154 6.25589 0.3321394 2
006 3 7 2 0 0.416004 -0.011995 0 0.7478 0 0 -0.331796 -0.011995 6.267197 0.3320127 2
006 3 7 2 0 0.416123 -0.011834 0 0.7478 0 0 -0.331677 -0.011834 6.277954 0.331888 2
006 3 7 2 0 0.41624 -0.011672 0 0.7478 0 0 -0.33156 -0.011672 6.289291 0.3317654 2
006 3 7 2 0 0.416356 -0.01151 0 0.7478 0 0 -0.331444 -0.01151 6.300339 0.3316438 2
006 3 7 2 0 0.416471 -0.011345 0 0.7478 0 0 -0.331329 -0.011345 6.311569 0.3315232 2
006 3 7 2 0 0.416583 -0.01118 0 0.7478 0 0 -0.331217 -0.01118 6.322891 0.3314056 2
006 3 7 2 0 0.416694 -0.011014 0 0.7478 0 0 -0.331106 -0.011014 6.333298 0.3312891 2
006 3 7 2 0 0.416804 -0.010846 0 0.7478 0 0 -0.330996 -0.010846 6.34491 0.3311736 2
006 3 7 2 0 0.416911 -0.010678 0 0.7478 0 0 -0.330889 -0.010678 6.35643 0.3310612 2
006 3 7 2 0 0.417017 -0.010508 0 0.7478 0 0 -0.330783 -0.010508 6.366928 0.3309498 2
006 3 7 2 0 0.417121 -0.010337 0 0.7478 0 0 -0.330679 -0.010337 6.378799 0.3308405 2
006 3 7 2 0 0.417224 -0.010166 0 0.7478 0 0 -0.330576 -0.010166 6.392593 0.3307323 2
006 3 7 2 0 0.417325 -0.009993 0 0.7478 0 0 -0.330475 -0.009993 6.399857 0.330626 2
006 3 7 2 0 0.417424 -0.009819 0 0.7478 0 0 -0.330376 -0.009819 6.411285 0.3305219 2
006 3 7 2 0 0.417521 -0.009644 0 0.7478 0 0 -0.330279 -0.009644 6.422607 0.3304197 2
006 3 7 2 0 0.417617 -0.009469 0 0.7478 0 0 -0.330183 -0.009469 6.433456 0.3303187 2
006 3 7 2 0 0.41771 -0.009292 0 0.7478 0 0 -0.33009 -0.009292 6.444794 0.3302208 2
006 3 7 2 0 0.417802 -0.009114 0 0.7478 0 0 -0.329998 -0.009114 6.455856 0.3301238 2
006 3 7 2 0 0.417893 -0.008936 0 0.7478 0 0 -0.329907 -0.008936 6.466644 0.330028 2
006 3 7 2 0 0.417981 -0.008757 0 0.7478 0 0 -0.329819 -0.008757 6.478226 0.3299352 2
006 3 7 2 0 0.418068 -0.008576 0 0.7478 0 0 -0.329732 -0.008576 6.489548 0.3298435 2
006 3 7 2 0 0.418153 -0.008395 0 0.7478 0 0 -0.329647 -0.008395 6.500671 0.3297538 2
006 3 7 2 0 0.418236 -0.008213 0 0.7478 0 0 -0.329564 -0.008213 6.511597 0.3296663 2
006 3 7 2 0 0.418317 -0.008031 0 0.7478 0 0 -0.329483 -0.008031 6.52269 0.3295808 2
006 3 7 2 0 0.418396 -0.007847 0 0.7478 0 0 -0.329404 -0.007847 6.533951 0.3294975 2
006 3 7 2 0 0.418474 -0.007663 0 0.7478 0 0 -0.329326 -0.007663 6.548157 0.3294151 2
006 3 7 2 0 0.41855 -0.007478 0 0.7478 0 0 -0.32925 -0.007478 6.556 0.3293349 2
006 3 7 2 0 0.418623 -0.007292 0 0.7478 0 0 -0.329177 -0.007292 6.567001 0.3292578 2
006 3 7 2 0 0.418695 -0.007105 0 0.7478 0 0 -0.329105 -0.007105 6.578171 0.3291817 2
006 3 7 2 0 0.418766 -0.006918 0 0.7478 0 0 -0.329034 -0.006918 6.589737 0.3291067 2
006 3 7 2 0 0.418834 -0.00673 0 0.7478 0 0 -0.328966 -0.00673 6.60054 0.3290348 2
006 3 7 2 0 0.4189 -0.006541 0 0.7478 0 0 -0.3289 -0.006541 6.611938 0.328965 2
006 3 7 2 0 0.418965 -0.006352 0 0.7478 0 0 -0.328835 -0.006352 6.623047 0.3288963 2
006 3 7 2 0 0.419027 -0.006162 0 0.7478 0 0 -0.328773 -0.006162 6.633911 0.3288307 2
006 3 7 2 0 0.419088 -0.005971 0 0.7478 0 0 -0.328712 -0.005971 6.644745 0.3287662 2
006 3 7 2 0 0.419147 -0.00578 0 0.7478 0 0 -0.328653 -0.00578 6.656067 0.3287038 2
006 3 7 2 0 0.419203 -0.005588 0 0.7478 0 0 -0.328597 -0.005588 6.667236 0.3286445 2
006 3 7 2 0 0.419258 -0.005396 0 0.7478 0 0 -0.328542 -0.005396 6.678391 0.3285863 2
006 3 7 2 0 0.419311 -0.005203 0 0.7478 0 0 -0.328489 -0.005203 6.689529 0.3285302 2
006 3 7 2 0 0.419362 -0.00501 0 0.7478 0 0 -0.328438 -0.00501 6.703781 0.3284762 2
006 3 7 2 0 0.419412 -0.004816 0 0.7478 0 0 -0.328388 -0.004816 6.711029 0.3284233 2
006 3 7 2 0 0.419459 -0.004622 0 0.7478 0 0 -0.328341 -0.004622 6.722656 0.3283735 2
006 3 7 2 0 0.419504 -0.004427 0 0.7478 0 0 -0.328296 -0.004427 6.733459 0.3283258 2
006 3 7 2 0 0.419547 -0.004231 0 0.7478 0 0 -0.328253 -0.004231 6.744949 0.3282802 2
006 3 7 2 0 0.419589 -0.004036 0 0.7478 0 0 -0.328211 -0.004036 6.755722 0.3282358 2
006 3 7 2 0 0.419628 -0.00384 0 0.7478 0 0 -0.328172 -0.00384 6.767059 0.3281945 2
006 3 7 2 0 0.419665 -0.003643 0 0.7478 0 0 -0.328135 -0.003643 6.778152 0.3281552 2
006 3 7 2 0 0.419701 -0.003446 0 0.7478 0 0 -0.328099 -0.003446 6.789398 0.3281171 2
006 3 7 2 0 0.419734 -0.003249 0 0.7478 0 0 -0.328066 -0.003249 6.800278 0.3280821 2
006 3 7 2 0 0.419766 -0.003052 0 0.7478 0 0 -0.328034 -0.003052 6.81189 0.3280482 2
006 3 7 2 0 0.419795 -0.002854 0 0.7478 0 0 -0.328005 -0.002854 6.822662 0.3280174 2
006 3 7 2 0 0.419823 -0.002656 0 0.7478 0 0 -0.327977 -0.002656 6.833389 0.3279878 2
006 3 7 2 0 0.419848 -0.002457 0 0.7478 0 0 -0.327952 -0.002457 6.844955 0.3279612 2
006 3 7 2 0 0.419872 -0.002259 0 0.7478 0 0 -0.327928 -0.002259 6.859314 0.3279358 2
006 3 7 2 0 0.419894 -0.00206 0 0.7478 0 0 -0.327906 -0.00206 6.867142 0.3279124 2
006 3 7 2 0 0.419913 -0.001861 0 0.7478 0 0 -0.327887 -0.001861 6.877991 0.3278923 2
006 3 7 2 0 0.419931 -0.001662 0 0.7478 0 0 -0.327869 -0.001662 6.889648 0.3278732 2
006 3 7 2 0 0.419946 -0.001462 0 0.7478 0 0 -0.327854 -0.001462 6.90007 0.3278572 2
006 3 7 2 0 0.41996 -0.001263 0 0.7478 0 0 -0.32784 -0.001263 6.911514 0.3278424 2
006 3 7 2 0 0.419972 -0.001063 0 0.7478 0 0 -0.327828 -0.001063 6.923141 0.3278297 2
006 3 7 2 0 0.419981 -0.000863 0 0.7478 0 0 -0.327819 -0.000863 6.933746 0.3278201 2
006 3 7 2 0 0.419989 -0.000664 0 0.7478 0 0 -0.327811 -0.000664 6.944824 0.3278117 2
006 3 7 2 0 0.419995 -0.000464 0 0.7478 0 0 -0.327805 -0.000464 6.956055 0.3278053 2
006 3 7 2 0 0.419998 -0.000264 0 0.7478 0 0 -0.327802 -0.000264 6.967209 0.3278021 2
006 3 7 2 0 0.42 -6.4E-05 0 0.7478 0 0 -0.3278 -6.4E-05 6.978302 0.3278 2
006 3 7 2 0 0.42 0 0 0.7478 0 0 -0.3278 0 6.989517 0.3278 2
