006 3 44 9 0 0.4 0.02 0 0.7478 0 0 -0.3478 0.02 0 0.3483745 1
006 3 44 9 0.0006 0.4 0.019997 0 0.7478 0 0.0006 -0.3478 0.019997 0.01147461 0.3483749 1
006 3 44 9 0.0012 0.4 0.019988 0 0.7478 0 0.0012 -0.3478 0.019988 0.02233887 0.3483759 1
006 3 44 9 0.0018 0.4 0.019973 0 0.7478 0 0.0018 -0.3478 0.019973 0.03375244 0.3483776 1
006 3 44 9 0.002399 0.4 0.019952 0 0.7478 0 0.002399 -0.3478 0.019952 0.04455566 0.3483801 1
006 3 44 9 0.002999 0.4 0.019925 0 0.7478 0 0.002999 -0.3478 0.019925 0.05560303 0.3483832 1
006 3 44 9 0.003598 0.4 0.019892 0 0.7478 0 0.003598 -0.3478 0.019892 0.06689453 0.3483869 1
006 3 44 9 0.004197 0.4 0.019853 0 0.7478 0 0.004197 -0.3478 0.019853 0.078125 0.3483914 1
006 3 44 9 0.004795 0.4 0.019808 0 0.7478 0 0.004795 -0.3478 0.019808 0.0894165 0.3483966 1
006 3 44 9 0.005393 0.4 0.019757 0 0.7478 0 0.005393 -0.3478 0.019757 0.1012573 0.3484024 1
006 3 44 9 0.00599 0.4 0.0197 0 0.7478 0 0.00599 -0.3478 0.0197 0.1118774 0.348409 1
006 3 44 9 0.006587 0.4 0.019637 0 0.7478 0 0.006587 -0.3478 0.019637 0.1256714 0.3484162 1
006 3 44 9 0.007183 0.4 0.019569 0 0.7478 0 0.007183 -0.3478 0.019569 0.1331787 0.3484241 1
006 3 44 9 0.007778 0.4 0.019494 0 0.7478 0 0.007778 -0.3478 0.019494 0.1448975 0.3484327 1
006 3 44 9 0.008373 0.4 0.019413 0 0.7478 0 0.008373 -0.3478 0.019413 0.156311 0.348442 1
006 3 44 9 0.008966 0.4 0.019326 0 0.7478 0 0.008966 -0.3478 0.019326 0.1664429 0.3484519 1
006 3 44 9 0.009559 0.4 0.019234 0 0.7478 0 0.009559 -0.3478 0.019234 0.1777954 0.3484626 1
006 3 44 9 0.010151 0.4 0.019135 0 0.7478 0 0.010151 -0.3478 0.019135 0.1890869 0.3484738 1
006 3 44 9 0.010742 0.4 0.019031 0 0.7478 0 0.010742 -0.3478 0.019031 0.2001953 0.3484859 1
006 3 44 9 0.011332 0.4 0.01892 0 0.7478 0 0.011332 -0.3478 0.01892 0.2112427 0.3484985 1
006 3 44 9 0.01192 0.4 0.018804 0 0.7478 0 0.01192 -0.3478 0.018804 0.2223511 0.3485118 1
006 3 44 9 0.012508 0.4 0.018682 0 0.7478 0 0.012508 -0.3478 0.018682 0.2333984 0.3485259 1
006 3 44 9 0.013094 0.4 0.018554 0 0.7478 0 0.013094 -0.3478 0.018554 0.2445679 0.3485406 1
006 3 44 9 0.013679 0.4 0.01842 0 0.7478 0 0.013679 -0.3478 0.01842 0.2554321 0.3485559 1
006 3 44 9 0.014262 0.4 0.01828 0 0.7478 0 0.014262 -0.3478 0.01828 0.2668457 0.3485719 1
006 3 44 9 0.014844 0.4 0.018135 0 0.7478 0 0.014844 -0.3478 0.018135 0.2816772 0.3485886 1
006 3 44 9 0.015425 0.4 0.017983 0 0.7478 0 0.015425 -0.3478 0.017983 0.2885132 0.348606 1
006 3 44 9 0.016004 0.4 0.017826 0 0.7478 0 0.016004 -0.3478 0.017826 0.300293 0.3486241 1
006 3 44 9 0.016581 0.4 0.017663 0 0.7478 0 0.016581 -0.3478 0.017663 0.3112793 0.3486427 1
006 3 44 9 0.017157 0.4 0.017495 0 0.7478 0 0.017157 -0.3478 0.017495 0.3223267 0.3486621 1
006 3 44 9 0.017731 0.4 0.01732 0 0.7478 0 0.017731 -0.3478 0.01732 0.3336182 0.3486821 1
006 3 44 9 0.018304 0.4 0.01714 0 0.7478 0 0.018304 -0.3478 0.01714 0.3445435 0.3487028 1
006 3 44 9 0.018874 0.4 0.016954 0 0.7478 0 0.018874 -0.3478 0.016954 0.3555908 0.3487241 1
006 3 44 9 0.019443 0.4 0.016763 0 0.7478 0 0.019443 -0.3478 0.016763 0.3670044 0.3487461 1
006 3 44 9 0.020009 0.4 0.016565 0 0.7478 0 0.020009 -0.3478 0.016565 0.3776855 0.3487687 1
006 3 44 9 0.020574 0.4 0.016362 0 0.7478 0 0.020574 -0.3478 0.016362 0.3891602 0.348792 1
006 3 44 9 0.021136 0.4 0.016154 0 0.7478 0 0.021136 -0.3478 0.016154 0.4004517 0.3488159 1
006 3 44 9 0.021697 0.4 0.01594 0 0.7478 0 0.021697 -0.3478 0.01594 0.4112549 0.3488405 1
006 3 44 9 0.022255 0.4 0.01572 0 0.7478 0 0.022255 -0.3478 0.01572 0.4224854 0.3488656 1
006 3 44 9 0.022811 0.4 0.015495 0 0.7478 0 0.022811 -0.3478 0.015495 0.4368286 0.3488915 1
006 3 44 9 0.023365 0.4 0.015264 0 0.7478 0 0.023365 -0.3478 0.015264 0.4445801 0.348918 1
006 3 44 9 0.023917 0.4 0.015027 0 0.7478 0 0.023917 -0.3478 0.015027 0.4555054 0.3489451 1
006 3 44 9 0.024466 0.4 0.014785 0 0.7478 0 0.024466 -0.3478 0.014785 0.4667969 0.3489728 1
006 3 44 9 0.025012 0.4 0.014538 0 0.7478 0 0.025012 -0.3478 0.014538 0.4780884 0.3490011 1
006 3 44 9 0.025556 0.4 0.014285 0 0.7478 0 0.025556 -0.3478 0.014285 0.4892578 0.3490301 1
006 3 44 9 0.026098 0.4 0.014027 0 0.7478 0 0.026098 -0.3478 0.014027 0.500061 0.3490597 1
006 3 44 9 0.026637 0.4 0.013763 0 0.7478 0 0.026637 -0.3478 0.013763 0.5117798 0.3490899 1
006 3 44 9 0.027173 0.4 0.013494 0 0.7478 0 0.027173 -0.3478 0.013494 0.5227661 0.3491207 1
006 3 44 9 0.027707 0.4 0.01322 0 0.7478 0 0.027707 -0.3478 0.01322 0.5334473 0.3491522 1
006 3 44 9 0.028238 0.4 0.01294 0 0.7478 0 0.028238 -0.3478 0.01294 0.5446777 0.3491843 1
006 3 44 9 0.028766 0.4 0.012655 0 0.7478 0 0.028766 -0.3478 0.012655 0.5559692 0.3492169 1
006 3 44 9 0.029291 0.4 0.012365 0 0.7478 0 0.029291 -0.3478 0.012365 0.5668335 0.3492502 1
006 3 44 9 0.029813 0.4 0.012069 0 0.7478 0 0.029813 -0.3478 0.012069 0.5783081 0.349284 1
006 3 44 9 0.030332 0.4 0.011768 0 0.7478 0 0.030332 -0.3478 0.011768 0.5932617 0.3493184 1
006 3 44 9 0.030848 0.4 0.011463 0 0.7478 0 0.030848 -0.3478 0.011463 0.5999146 0.3493534 1
006 3 44 9 0.031361 0.4 0.011151 0 0.7478 0 0.031361 -0.3478 0.011151 0.6112671 0.349389 1
006 3 44 9 0.031871 0.4 0.010835 0 0.7478 0 0.031871 -0.3478 0.010835 0.6225586 0.3494252 1
006 3 44 9 0.032378 0.4 0.010514 0 0.7478 0 0.032378 -0.3478 0.010514 0.633667 0.349462 1
006 3 44 9 0.032881 0.4 0.010188 0 0.7478 0 0.032881 -0.3478 0.010188 0.6448364 0.3494993 1
006 3 44 9 0.033382 0.4 0.009856 0 0.7478 0 0.033382 -0.3478 0.009856 0.6555176 0.3495373 1
006 3 44 9 0.033879 0.4 0.00952 0 0.7478 0 0.033879 -0.3478 0.00952 0.6671143 0.3495758 1
006 3 44 9 0.034372 0.4 0.009179 0 0.7478 0 0.034372 -0.3478 0.009179 0.6782837 0.3496148 1
006 3 44 9 0.034862 0.4 0.008833 0 0.7478 0 0.034862 -0.3478 0.008833 0.6890869 0.3496544 1
006 3 44 9 0.035349 0.4 0.008482 0 0.7478 0 0.035349 -0.3478 0.008482 0.7000732 0.3496946 1
006 3 44 9 0.035832 0.4 0.008126 0 0.7478 0 0.035832 -0.3478 0.008126 0.711792 0.3497353 1
006 3 44 9 0.036311 0.4 0.007765 0 0.7478 0 0.036311 -0.3478 0.007765 0.7225342 0.3497765 1
006 3 44 9 0.036787 0.4 0.0074 0 0.7478 0 0.036787 -0.3478 0.0074 0.7337036 0.3498183 1
006 3 44 9 0.037259 0.4 0.007029 0 0.7478 0 0.037259 -0.3478 0.007029 0.7486572 0.3498606 1
006 3 44 9 0.037728 0.4 0.006654 0 0.7478 0 0.037728 -0.3478 0.006654 0.7554932 0.3499036 1
006 3 44 9 0.038192 0.4 0.006275 0 0.7478 0 0.038192 -0.3478 0.006275 0.7669678 0.3499469 1
006 3 44 9 0.038653 0.4 0.005891 0 0.7478 0 0.038653 -0.3478 0.005891 0.7783203 0.3499908 1
006 3 44 9 0.03911 0.4 0.005502 0 0.7478 0 0.03911 -0.3478 0.005502 0.7893677 0.3500353 1
006 3 44 9 0.039563 0.4 0.005108 0 0.7478 0 0.039563 -0.3478 0.005108 0.800415 0.3500802 1
006 3 44 9 0.040012 0.4 0.00471 0 0.7478 0 0.040012 -0.3478 0.00471 0.8112183 0.3501256 1
006 3 44 9 0.040457 0.4 0.004308 0 0.7478 0 0.040457 -0.3478 0.004308 0.8226318 0.3501716 1
006 3 44 9 0.040898 0.4 0.003901 0 0.7478 0 0.040898 -0.3478 0.003901 0.8334351 0.3502181 1
006 3 44 9 0.041335 0.4 0.00349 0 0.7478 0 0.041335 -0.3478 0.00349 0.8448486 0.350265 1
006 3 44 9 0.041768 0.4 0.003075 0 0.7478 0 0.041768 -0.3478 0.003075 0.8560791 0.3503125 1
006 3 44 9 0.042197 0.4 0.002655 0 0.7478 0 0.042197 -0.3478 0.002655 0.8667603 0.3503605 1
006 3 44 9 0.042621 0.4 0.002231 0 0.7478 0 0.042621 -0.3478 0.002231 0.8782959 0.3504089 1
006 3 44 9 0.043041 0.4 0.001802 0 0.7478 0 0.043041 -0.3478 0.001802 0.8898926 0.3504577 1
006 3 44 9 0.043457 0.4 0.00137 0 0.7478 0 0.043457 -0.3478 0.00137 0.9036255 0.3505071 1
006 3 44 9 0.043869 0.4 0.000933 0 0.7478 0 0.043869 -0.3478 0.000933 0.9110718 0.350557 1
006 3 44 9 0.044276 0.4 0.000493 0 0.7478 0 0.044276 -0.3478 0.000493 0.9225464 0.3506072 1
006 3 44 9 0.044679 0.4 4.8E-05 0 0.7478 0 0.044679 -0.3478 4.8E-05 0.9337158 0.350658 1
006 3 44 9 0.045077 0.4 -0.000401 0 0.7478 0 0.045077 -0.3478 -0.000401 0.9447632 0.3507092 1
006 3 44 9 0.045471 0.4 -0.000854 0 0.7478 0 0.045471 -0.3478 -0.000854 0.9559326 0.3507608 1
006 3 44 9 0.04586 0.4 -0.00131 0 0.7478 0 0.04586 -0.3478 -0.00131 0.96698 0.3508129 1
006 3 44 9 0.046244 0.4 -0.001771 0 0.7478 0 0.046244 -0.3478 -0.001771 0.9780273 0.3508653 1
006 3 44 9 0.046624 0.4 -0.002235 0 0.7478 0 0.046624 -0.3478 -0.002235 0.9890747 0.3509183 1
006 3 44 9 0.047 0.4 -0.002703 0 0.7478 0 0.047 -0.3478 -0.002703 1.000305 0.3509717 1
006 3 44 9 0.04737 0.4 -0.003175 0 0.7478 0 0.04737 -0.3478 -0.003175 1.011597 0.3510254 1
006 3 44 9 0.047736 0.4 -0.003651 0 0.7478 0 0.047736 -0.3478 -0.003651 1.022217 0.3510796 1
006 3 44 9 0.048097 0.4 -0.00413 0 0.7478 0 0.048097 -0.3478 -0.00413 1.033447 0.3511342 1
006 3 44 9 0.048453 0.4 -0.004613 0 0.7478 0 0.048453 -0.3478 -0.004613 1.044861 0.3511891 1
006 3 44 9 0.048805 0.4 -0.005099 0 0.7478 0 0.048805 -0.3478 -0.005099 1.05957 0.3512446 1
006 3 44 9 0.049151 0.4 -0.005589 0 0.7478 0 0.049151 -0.3478 -0.005589 1.066528 0.3513003 1
006 3 44 9 0.049493 0.4 -0.006082 0 0.7478 0 0.049493 -0.3478 -0.006082 1.078186 0.3513565 1
006 3 44 9 0.04983 0.4 -0.006579 0 0.7478 0 0.04983 -0.3478 -0.006579 1.089111 0.3514131 1
006 3 44 9 0.050162 0.4 -0.007079 0 0.7478 0 0.050162 -0.3478 -0.007079 1.100403 0.35147 1
006 3 44 9 0.050488 0.4 -0.007582 0 0.7478 0 0.050488 -0.3478 -0.007582 1.111755 0.3515272 1
006 3 44 9 0.05081 0.4 -0.008088 0 0.7478 0 0.05081 -0.3478 -0.008088 1.122437 0.3515849 1
006 3 44 9 0.051126 0.4 -0.008598 0 0.7478 0 0.051126 -0.3478 -0.008598 1.13385 0.3516428 1
006 3 44 9 0.051438 0.4 -0.009111 0 0.7478 0 0.051438 -0.3478 -0.009111 1.144714 0.3517012 1
006 3 44 9 0.051744 0.4 -0.009627 0 0.7478 0 0.051744 -0.3478 -0.009627 1.155884 0.3517598 1
006 3 44 9 0.052045 0.4 -0.010146 0 0.7478 0 0.052045 -0.3478 -0.010146 1.167114 0.3518188 1
006 3 44 9 0.052341 0.4 -0.010668 0 0.7478 0 0.052341 -0.3478 -0.010668 1.178223 0.3518781 1
006 3 44 9 0.052632 0.4 -0.011193 0 0.7478 0 0.052632 -0.3478 -0.011193 1.189209 0.3519378 1
006 3 44 9 0.052917 0.4 -0.01172 0 0.7478 0 0.052917 -0.3478 -0.01172 1.200745 0.3519977 1
006 3 44 9 0.053198 0.4 -0.012251 0 0.7478 0 0.053198 -0.3478 -0.012251 1.214661 0.3520581 1
006 3 44 9 0.053472 0.4 -0.012784 0 0.7478 0 0.053472 -0.3478 -0.012784 1.22229 0.3521186 1
006 3 44 9 0.053742 0.4 -0.01332 0 0.7478 0 0.053742 -0.3478 -0.01332 1.233826 0.3521796 1
006 3 44 9 0.054006 0.4 -0.013859 0 0.7478 0 0.054006 -0.3478 -0.013859 1.244629 0.3522407 1
006 3 44 9 0.054265 0.4 -0.0144 0 0.7478 0 0.054265 -0.3478 -0.0144 1.256165 0.3523023 1
006 3 44 9 0.054518 0.4 -0.014944 0 0.7478 0 0.054518 -0.3478 -0.014944 1.266663 0.352364 1
006 3 44 9 0.054766 0.4 -0.015491 0 0.7478 0 0.054766 -0.3478 -0.015491 1.278442 0.3524261 1
006 3 44 9 0.055008 0.4 -0.01604 0 0.7478 0 0.055008 -0.3478 -0.01604 1.289246 0.3524883 1
006 3 44 9 0.055245 0.4 -0.016591 0 0.7478 0 0.055245 -0.3478 -0.016591 1.300232 0.3525509 1
006 3 44 9 0.055476 0.4 -0.017145 0 0.7478 0 0.055476 -0.3478 -0.017145 1.311279 0.3526136 1
006 3 44 9 0.055702 0.4 -0.0177 0 0.7478 0 0.055702 -0.3478 -0.0177 1.322632 0.3526767 1
006 3 44 9 0.055922 0.4 -0.018259 0 0.7478 0 0.055922 -0.3478 -0.018259 1.333679 0.35274 1
006 3 44 9 0.056137 0.4 -0.018819 0 0.7478 0 0.056137 -0.3478 -0.018819 1.345154 0.3528036 1
006 3 44 9 0.056346 0.4 -0.019381 0 0.7478 0 0.056346 -0.3478 -0.019381 1.355713 0.3528673 1
006 3 44 9 0.056549 0.4 -0.019946 0 0.7478 0 0.056549 -0.3478 -0.019946 1.370178 0.3529312 1
006 3 44 9 0.056747 0.4 -0.020512 0 0.7478 0 0.056747 -0.3478 -0.020512 1.377441 0.3529955 1
006 3 44 9 0.056939 0.4 -0.021081 0 0.7478 0 0.056939 -0.3478 -0.021081 1.388977 0.3530599 1
006 3 44 9 0.057125 0.4 -0.021651 0 0.7478 0 0.057125 -0.3478 -0.021651 1.400635 0.3531244 1
006 3 44 9 0.057306 0.4 -0.022223 0 0.7478 0 0.057306 -0.3478 -0.022223 1.41156 0.3531893 1
006 3 44 9 0.057481 0.4 -0.022797 0 0.7478 0 0.057481 -0.3478 -0.022797 1.422607 0.3532543 1
006 3 44 9 0.05765 0.4 -0.023373 0 0.7478 0 0.05765 -0.3478 -0.023373 1.433411 0.3533195 1
006 3 44 9 0.057813 0.4 -0.02395 0 0.7478 0 0.057813 -0.3478 -0.02395 1.445007 0.3533847 1
006 3 44 9 0.057971 0.4 -0.024529 0 0.7478 0 0.057971 -0.3478 -0.024529 1.455811 0.3534503 1
006 3 44 9 0.058123 0.4 -0.025109 0 0.7478 0 0.058123 -0.3478 -0.025109 1.466736 0.353516 1
006 3 44 9 0.058269 0.4 -0.025691 0 0.7478 0 0.058269 -0.3478 -0.025691 1.478271 0.3535818 1
006 3 44 9 0.058409 0.4 -0.026275 0 0.7478 0 0.058409 -0.3478 -0.026275 1.489136 0.3536479 1
006 3 44 9 0.058543 0.4 -0.02686 0 0.7478 0 0.058543 -0.3478 -0.02686 1.500549 0.353714 1
006 3 44 9 0.058672 0.4 -0.027446 0 0.7478 0 0.058672 -0.3478 -0.027446 1.511658 0.3537803 1
006 3 44 9 0.058794 0.4 -0.028033 0 0.7478 0 0.058794 -0.3478 -0.028033 1.525757 0.3538466 1
006 3 44 9 0.058911 0.4 -0.028622 0 0.7478 0 0.058911 -0.3478 -0.028622 1.533386 0.3539132 1
006 3 44 9 0.059022 0.4 -0.029211 0 0.7478 0 0.059022 -0.3478 -0.029211 1.545105 0.3539798 1
006 3 44 9 0.059127 0.4 -0.029802 0 0.7478 0 0.059127 -0.3478 -0.029802 1.556091 0.3540466 1
006 3 44 9 0.059226 0.4 -0.030394 0 0.7478 0 0.059226 -0.3478 -0.030394 1.567139 0.3541135 1
006 3 44 9 0.059319 0.4 -0.030986 0 0.7478 0 0.059319 -0.3478 -0.030986 1.578003 0.3541803 1
006 3 44 9 0.059406 0.4 -0.03158 0 0.7478 0 0.059406 -0.3478 -0.03158 1.589294 0.3542474 1
006 3 44 9 0.059488 0.4 -0.032175 0 0.7478 0 0.059488 -0.3478 -0.032175 1.599915 0.3543147 1
006 3 44 9 0.059563 0.4 -0.03277 0 0.7478 0 0.059563 -0.3478 -0.03277 1.611755 0.3543818 1
006 3 44 9 0.059632 0.4 -0.033366 0 0.7478 0 0.059632 -0.3478 -0.033366 1.622986 0.354449 1
006 3 44 9 0.059695 0.4 -0.033962 0 0.7478 0 0.059695 -0.3478 -0.033962 1.633301 0.3545162 1
006 3 44 9 0.059753 0.4 -0.03456 0 0.7478 0 0.059753 -0.3478 -0.03456 1.64502 0.3545838 1
006 3 44 9 0.059804 0.4 -0.035157 0 0.7478 0 0.059804 -0.3478 -0.035157 1.655884 0.354651 1
006 3 44 9 0.05985 0.4 -0.035756 0 0.7478 0 0.05985 -0.3478 -0.035756 1.667053 0.3547187 1
006 3 44 9 0.059889 0.4 -0.036354 0 0.7478 0 0.059889 -0.3478 -0.036354 1.681335 0.354786 1
006 3 44 9 0.059923 0.4 -0.036954 0 0.7478 0 0.059923 -0.3478 -0.036954 1.68866 0.3548537 1
006 3 44 9 0.05995 0.4 -0.037553 0 0.7478 0 0.05995 -0.3478 -0.037553 1.700623 0.3549212 1
006 3 44 9 0.059972 0.4 -0.038153 0 0.7478 0 0.059972 -0.3478 -0.038153 1.711304 0.3549889 1
006 3 44 9 0.059987 0.4 -0.038752 0 0.7478 0 0.059987 -0.3478 -0.038752 1.722534 0.3550563 1
006 3 44 9 0.059997 0.4 -0.039352 0 0.7478 0 0.059997 -0.3478 -0.039352 1.733948 0.355124 1
006 3 44 9 0.06 0.4 -0.039952 0 0.7478 0 0.06 -0.3478 -0.039952 1.744324 0.3551915 1
006 3 44 9 0.059997 0.4 -0.040552 0 0.7478 0 0.059997 -0.3478 -0.040552 1.756165 0.355259 1
006 3 44 9 0.059989 0.4 -0.041152 0 0.7478 0 0.059989 -0.3478 -0.041152 1.766663 0.3553266 1
006 3 44 9 0.059974 0.4 -0.041752 0 0.7478 0 0.059974 -0.3478 -0.041752 1.778076 0.3553941 1
006 3 44 9 0.059954 0.4 -0.042352 0 0.7478 0 0.059954 -0.3478 -0.042352 1.789185 0.3554617 1
006 3 44 9 0.059927 0.4 -0.042951 0 0.7478 0 0.059927 -0.3478 -0.042951 1.800354 0.355529 1
006 3 44 9 0.059895 0.4 -0.04355 0 0.7478 0 0.059895 -0.3478 -0.04355 1.811951 0.3555965 1
006 3 44 9 0.059856 0.4 -0.044149 0 0.7478 0 0.059856 -0.3478 -0.044149 1.822754 0.3556637 1
006 3 44 9 0.059812 0.4 -0.044747 0 0.7478 0 0.059812 -0.3478 -0.044747 1.837158 0.3557311 1
006 3 44 9 0.059761 0.4 -0.045345 0 0.7478 0 0.059761 -0.3478 -0.045345 1.844543 0.3557982 1
006 3 44 9 0.059705 0.4 -0.045942 0 0.7478 0 0.059705 -0.3478 -0.045942 1.856079 0.3558654 1
006 3 44 9 0.059643 0.4 -0.046539 0 0.7478 0 0.059643 -0.3478 -0.046539 1.866943 0.3559326 1
006 3 44 9 0.059574 0.4 -0.047135 0 0.7478 0 0.059574 -0.3478 -0.047135 1.878052 0.3559994 1
006 3 44 9 0.0595 0.4 -0.047731 0 0.7478 0 0.0595 -0.3478 -0.047731 1.889282 0.3560665 1
006 3 44 9 0.05942 0.4 -0.048325 0 0.7478 0 0.05942 -0.3478 -0.048325 1.900635 0.3561332 1
006 3 44 9 0.059333 0.4 -0.048919 0 0.7478 0 0.059333 -0.3478 -0.048919 1.911499 0.3561998 1
006 3 44 9 0.059241 0.4 -0.049512 0 0.7478 0 0.059241 -0.3478 -0.049512 1.922302 0.3562664 1
006 3 44 9 0.059143 0.4 -0.050104 0 0.7478 0 0.059143 -0.3478 -0.050104 1.933655 0.3563329 1
006 3 44 9 0.059039 0.4 -0.050695 0 0.7478 0 0.059039 -0.3478 -0.050695 1.94519 0.3563992 1
006 3 44 9 0.058929 0.4 -0.051285 0 0.7478 0 0.058929 -0.3478 -0.051285 1.955872 0.3564654 1
006 3 44 9 0.058813 0.4 -0.051873 0 0.7478 0 0.058813 -0.3478 -0.051873 1.967041 0.3565314 1
006 3 44 9 0.058692 0.4 -0.052461 0 0.7478 0 0.058692 -0.3478 -0.052461 1.978088 0.3565975 1
006 3 44 9 0.058564 0.4 -0.053047 0 0.7478 0 0.058564 -0.3478 -0.053047 1.992859 0.3566631 1
006 3 44 9 0.058431 0.4 -0.053632 0 0.7478 0 0.058431 -0.3478 -0.053632 1.999878 0.3567288 1
006 3 44 9 0.058292 0.4 -0.054216 0 0.7478 0 0.058292 -0.3478 -0.054216 2.011414 0.3567943 1
006 3 44 9 0.058147 0.4 -0.054798 0 0.7478 0 0.058147 -0.3478 -0.054798 2.022827 0.3568595 1
006 3 44 9 0.057996 0.4 -0.055379 0 0.7478 0 0.057996 -0.3478 -0.055379 2.03363 0.3569247 1
006 3 44 9 0.057839 0.4 -0.055958 0 0.7478 0 0.057839 -0.3478 -0.055958 2.045105 0.3569895 1
006 3 44 9 0.057677 0.4 -0.056535 0 0.7478 0 0.057677 -0.3478 -0.056535 2.055664 0.3570542 1
006 3 44 9 0.057508 0.4 -0.057111 0 0.7478 0 0.057508 -0.3478 -0.057111 2.066895 0.3571186 1
006 3 44 9 0.057334 0.4 -0.057686 0 0.7478 0 0.057334 -0.3478 -0.057686 2.078308 0.357183 1
006 3 44 9 0.057155 0.4 -0.058258 0 0.7478 0 0.057155 -0.3478 -0.058258 2.089417 0.3572471 1
006 3 44 9 0.056969 0.4 -0.058829 0 0.7478 0 0.056969 -0.3478 -0.058829 2.100464 0.357311 1
006 3 44 9 0.056778 0.4 -0.059397 0 0.7478 0 0.056778 -0.3478 -0.059397 2.111511 0.3573745 1
006 3 44 9 0.056581 0.4 -0.059964 0 0.7478 0 0.056581 -0.3478 -0.059964 2.122742 0.357438 1
006 3 44 9 0.056379 0.4 -0.060529 0 0.7478 0 0.056379 -0.3478 -0.060529 2.133667 0.3575013 1
006 3 44 9 0.056171 0.4 -0.061092 0 0.7478 0 0.056171 -0.3478 -0.061092 2.148193 0.3575643 1
006 3 44 9 0.055957 0.4 -0.061652 0 0.7478 0 0.055957 -0.3478 -0.061652 2.15564 0.3576269 1
006 3 44 9 0.055738 0.4 -0.062211 0 0.7478 0 0.055738 -0.3478 -0.062211 2.16687 0.3576895 1
006 3 44 9 0.055513 0.4 -0.062767 0 0.7478 0 0.055513 -0.3478 -0.062767 2.178223 0.3577516 1
006 3 44 9 0.055282 0.4 -0.063321 0 0.7478 0 0.055282 -0.3478 -0.063321 2.189148 0.3578135 1
006 3 44 9 0.055046 0.4 -0.063873 0 0.7478 0 0.055046 -0.3478 -0.063873 2.200439 0.3578752 1
006 3 44 9 0.054805 0.4 -0.064422 0 0.7478 0 0.054805 -0.3478 -0.064422 2.211426 0.3579366 1
006 3 44 9 0.054558 0.4 -0.064969 0 0.7478 0 0.054558 -0.3478 -0.064969 2.222595 0.3579977 1
006 3 44 9 0.054305 0.4 -0.065513 0 0.7478 0 0.054305 -0.3478 -0.065513 2.233459 0.3580584 1
006 3 44 9 0.054048 0.4 -0.066055 0 0.7478 0 0.054048 -0.3478 -0.066055 2.244934 0.3581191 1
006 3 44 9 0.053784 0.4 -0.066594 0 0.7478 0 0.053784 -0.3478 -0.066594 2.255676 0.3581792 1
006 3 44 9 0.053516 0.4 -0.067131 0 0.7478 0 0.053516 -0.3478 -0.067131 2.26709 0.3582392 1
006 3 44 9 0.053242 0.4 -0.067664 0 0.7478 0 0.053242 -0.3478 -0.067664 2.278198 0.3582987 1
006 3 44 9 0.052962 0.4 -0.068195 0 0.7478 0 0.052962 -0.3478 -0.068195 2.289124 0.3583579 1
006 3 44 9 0.052678 0.4 -0.068724 0 0.7478 0 0.052678 -0.3478 -0.068724 2.304138 0.3584171 1
006 3 44 9 0.052388 0.4 -0.069249 0 0.7478 0 0.052388 -0.3478 -0.069249 2.311279 0.3584756 1
006 3 44 9 0.052093 0.4 -0.069771 0 0.7478 0 0.052093 -0.3478 -0.069771 2.32428 0.3585338 1
006 3 44 9 0.051793 0.4 -0.070291 0 0.7478 0 0.051793 -0.3478 -0.070291 2.333496 0.3585919 1
006 3 44 9 0.051487 0.4 -0.070807 0 0.7478 0 0.051487 -0.3478 -0.070807 2.345276 0.3586494 1
006 3 44 9 0.051176 0.4 -0.07132 0 0.7478 0 0.051176 -0.3478 -0.07132 2.356384 0.3587065 1
006 3 44 9 0.050861 0.4 -0.071831 0 0.7478 0 0.050861 -0.3478 -0.071831 2.366943 0.3587637 1
006 3 44 9 0.05054 0.4 -0.072338 0 0.7478 0 0.05054 -0.3478 -0.072338 2.378296 0.3588201 1
006 3 44 9 0.050214 0.4 -0.072841 0 0.7478 0 0.050214 -0.3478 -0.072841 2.389709 0.3588761 1
006 3 44 9 0.049883 0.4 -0.073342 0 0.7478 0 0.049883 -0.3478 -0.073342 2.400818 0.358932 1
006 3 44 9 0.049547 0.4 -0.073839 0 0.7478 0 0.049547 -0.3478 -0.073839 2.411377 0.3589874 1
006 3 44 9 0.049206 0.4 -0.074333 0 0.7478 0 0.049206 -0.3478 -0.074333 2.422424 0.3590424 1
006 3 44 9 0.04886 0.4 -0.074823 0 0.7478 0 0.04886 -0.3478 -0.074823 2.433472 0.3590969 1
006 3 44 9 0.04851 0.4 -0.07531 0 0.7478 0 0.04851 -0.3478 -0.07531 2.445557 0.3591513 1
006 3 44 9 0.048154 0.4 -0.075793 0 0.7478 0 0.048154 -0.3478 -0.075793 2.459412 0.359205 1
006 3 44 9 0.047794 0.4 -0.076273 0 0.7478 0 0.047794 -0.3478 -0.076273 2.466797 0.3592585 1
006 3 44 9 0.047429 0.4 -0.076749 0 0.7478 0 0.047429 -0.3478 -0.076749 2.478271 0.3593115 1
006 3 44 9 0.047059 0.4 -0.077222 0 0.7478 0 0.047059 -0.3478 -0.077222 2.489441 0.3593642 1
006 3 44 9 0.046684 0.4 -0.07769 0 0.7478 0 0.046684 -0.3478 -0.07769 2.500183 0.3594162 1
006 3 44 9 0.046305 0.4 -0.078155 0 0.7478 0 0.046305 -0.3478 -0.078155 2.511475 0.3594679 1
006 3 44 9 0.045921 0.4 -0.078617 0 0.7478 0 0.045921 -0.3478 -0.078617 2.522583 0.3595194 1
006 3 44 9 0.045533 0.4 -0.079074 0 0.7478 0 0.045533 -0.3478 -0.079074 2.534119 0.3595703 1
006 3 44 9 0.04514 0.4 -0.079527 0 0.7478 0 0.04514 -0.3478 -0.079527 2.544983 0.3596206 1
006 3 44 9 0.044742 0.4 -0.079977 0 0.7478 0 0.044742 -0.3478 -0.079977 2.55603 0.3596707 1
006 3 44 9 0.04434 0.4 -0.080422 0 0.7478 0 0.04434 -0.3478 -0.080422 2.567383 0.3597201 1
006 3 44 9 0.043934 0.4 -0.080863 0 0.7478 0 0.043934 -0.3478 -0.080863 2.578247 0.3597692 1
006 3 44 9 0.043523 0.4 -0.081301 0 0.7478 0 0.043523 -0.3478 -0.081301 2.589539 0.3598179 1
006 3 44 9 0.043108 0.4 -0.081734 0 0.7478 0 0.043108 -0.3478 -0.081734 2.600586 0.3598661 1
006 3 44 9 0.042688 0.4 -0.082163 0 0.7478 0 0.042688 -0.3478 -0.082163 2.614685 0.3599137 1
006 3 44 9 0.042265 0.4 -0.082588 0 0.7478 0 0.042265 -0.3478 -0.082588 2.622375 0.359961 1
006 3 44 9 0.041837 0.4 -0.083008 0 0.7478 0 0.041837 -0.3478 -0.083008 2.633606 0.3600076 1
006 3 44 9 0.041404 0.4 -0.083424 0 0.7478 0 0.041404 -0.3478 -0.083424 2.644958 0.3600537 1
006 3 44 9 0.040968 0.4 -0.083836 0 0.7478 0 0.040968 -0.3478 -0.083836 2.656067 0.3600995 1
006 3 44 9 0.040528 0.4 -0.084244 0 0.7478 0 0.040528 -0.3478 -0.084244 2.66687 0.360145 1
006 3 44 9 0.040083 0.4 -0.084647 0 0.7478 0 0.040083 -0.3478 -0.084647 2.678101 0.3601896 1
006 3 44 9 0.039635 0.4 -0.085045 0 0.7478 0 0.039635 -0.3478 -0.085045 2.689514 0.3602338 1
006 3 44 9 0.039182 0.4 -0.085439 0 0.7478 0 0.039182 -0.3478 -0.085439 2.700562 0.3602775 1
006 3 44 9 0.038726 0.4 -0.085829 0 0.7478 0 0.038726 -0.3478 -0.085829 2.711304 0.3603209 1
006 3 44 9 0.038266 0.4 -0.086214 0 0.7478 0 0.038266 -0.3478 -0.086214 2.722717 0.3603637 1
006 3 44 9 0.037802 0.4 -0.086594 0 0.7478 0 0.037802 -0.3478 -0.086594 2.733887 0.3604058 1
006 3 44 9 0.037334 0.4 -0.08697 0 0.7478 0 0.037334 -0.3478 -0.08697 2.744934 0.3604476 1
006 3 44 9 0.036862 0.4 -0.087341 0 0.7478 0 0.036862 -0.3478 -0.087341 2.756042 0.3604887 1
006 3 44 9 0.036387 0.4 -0.087707 0 0.7478 0 0.036387 -0.3478 -0.087707 2.770447 0.3605293 1
006 3 44 9 0.035908 0.4 -0.088069 0 0.7478 0 0.035908 -0.3478 -0.088069 2.777954 0.3605695 1
006 3 44 9 0.035426 0.4 -0.088425 0 0.7478 0 0.035426 -0.3478 -0.088425 2.789551 0.3606089 1
006 3 44 9 0.03494 0.4 -0.088777 0 0.7478 0 0.03494 -0.3478 -0.088777 2.800415 0.360648 1
006 3 44 9 0.03445 0.4 -0.089124 0 0.7478 0 0.03445 -0.3478 -0.089124 2.812012 0.3606865 1
006 3 44 9 0.033957 0.4 -0.089466 0 0.7478 0 0.033957 -0.3478 -0.089466 2.822571 0.3607244 1
006 3 44 9 0.033461 0.4 -0.089803 0 0.7478 0 0.033461 -0.3478 -0.089803 2.833862 0.3607618 1
006 3 44 9 0.032961 0.4 -0.090135 0 0.7478 0 0.032961 -0.3478 -0.090135 2.845032 0.3607985 1
006 3 44 9 0.032458 0.4 -0.090462 0 0.7478 0 0.032458 -0.3478 -0.090462 2.85614 0.3608348 1
006 3 44 9 0.031952 0.4 -0.090784 0 0.7478 0 0.031952 -0.3478 -0.090784 2.866821 0.3608705 1
006 3 44 9 0.031443 0.4 -0.091101 0 0.7478 0 0.031443 -0.3478 -0.091101 2.878174 0.3609056 1
006 3 44 9 0.03093 0.4 -0.091413 0 0.7478 0 0.03093 -0.3478 -0.091413 2.889221 0.3609402 1
006 3 44 9 0.030414 0.4 -0.09172 0 0.7478 0 0.030414 -0.3478 -0.09172 2.900452 0.3609742 1
006 3 44 9 0.029896 0.4 -0.092022 0 0.7478 0 0.029896 -0.3478 -0.092022 2.911621 0.3610078 1
006 3 44 9 0.029374 0.4 -0.092318 0 0.7478 0 0.029374 -0.3478 -0.092318 2.925903 0.3610405 1
006 3 44 9 0.028849 0.4 -0.092609 0 0.7478 0 0.028849 -0.3478 -0.092609 2.933472 0.3610727 1
006 3 44 9 0.028322 0.4 -0.092895 0 0.7478 0 0.028322 -0.3478 -0.092895 2.94519 0.3611045 1
006 3 44 9 0.027791 0.4 -0.093176 0 0.7478 0 0.027791 -0.3478 -0.093176 2.955811 0.3611356 1
006 3 44 9 0.027258 0.4 -0.093451 0 0.7478 0 0.027258 -0.3478 -0.093451 2.96698 0.3611661 1
006 3 44 9 0.026722 0.4 -0.093721 0 0.7478 0 0.026722 -0.3478 -0.093721 2.978027 0.361196 1
006 3 44 9 0.026184 0.4 -0.093985 0 0.7478 0 0.026184 -0.3478 -0.093985 2.989563 0.3612252 1
006 3 44 9 0.025643 0.4 -0.094244 0 0.7478 0 0.025643 -0.3478 -0.094244 3.000488 0.3612538 1
006 3 44 9 0.025099 0.4 -0.094498 0 0.7478 0 0.025099 -0.3478 -0.094498 3.011841 0.361282 1
006 3 44 9 0.024553 0.4 -0.094746 0 0.7478 0 0.024553 -0.3478 -0.094746 3.023193 0.3613094 1
006 3 44 9 0.024004 0.4 -0.094989 0 0.7478 0 0.024004 -0.3478 -0.094989 3.033875 0.3613363 1
006 3 44 9 0.023453 0.4 -0.095226 0 0.7478 0 0.023453 -0.3478 -0.095226 3.044983 0.3613625 1
006 3 44 9 0.0229 0.4 -0.095458 0 0.7478 0 0.0229 -0.3478 -0.095458 3.056458 0.3613882 1
006 3 44 9 0.022344 0.4 -0.095684 0 0.7478 0 0.022344 -0.3478 -0.095684 3.067017 0.3614132 1
006 3 44 9 0.021786 0.4 -0.095905 0 0.7478 0 0.021786 -0.3478 -0.095905 3.082092 0.3614377 1
006 3 44 9 0.021226 0.4 -0.09612 0 0.7478 0 0.021226 -0.3478 -0.09612 3.089111 0.3614615 1
006 3 44 9 0.020664 0.4 -0.09633 0 0.7478 0 0.020664 -0.3478 -0.09633 3.100403 0.3614849 1
006 3 44 9 0.020099 0.4 -0.096533 0 0.7478 0 0.020099 -0.3478 -0.096533 3.111511 0.3615071 1
006 3 44 9 0.019533 0.4 -0.096732 0 0.7478 0 0.019533 -0.3478 -0.096732 3.122559 0.3615293 1
006 3 44 9 0.018965 0.4 -0.096924 0 0.7478 0 0.018965 -0.3478 -0.096924 3.133667 0.3615505 1
006 3 44 9 0.018394 0.4 -0.097111 0 0.7478 0 0.018394 -0.3478 -0.097111 3.145203 0.3615712 1
006 3 44 9 0.017822 0.4 -0.097292 0 0.7478 0 0.017822 -0.3478 -0.097292 3.156189 0.3615912 1
006 3 44 9 0.017249 0.4 -0.097467 0 0.7478 0 0.017249 -0.3478 -0.097467 3.166931 0.3616105 1
006 3 44 9 0.016673 0.4 -0.097637 0 0.7478 0 0.016673 -0.3478 -0.097637 3.178528 0.3616294 1
006 3 44 9 0.016096 0.4 -0.097801 0 0.7478 0 0.016096 -0.3478 -0.097801 3.189209 0.3616475 1
006 3 44 9 0.015517 0.4 -0.097959 0 0.7478 0 0.015517 -0.3478 -0.097959 3.200745 0.361665 1
006 3 44 9 0.014937 0.4 -0.098111 0 0.7478 0 0.014937 -0.3478 -0.098111 3.21167 0.3616818 1
006 3 44 9 0.014355 0.4 -0.098257 0 0.7478 0 0.014355 -0.3478 -0.098257 3.222778 0.3616979 1
006 3 44 9 0.013772 0.4 -0.098398 0 0.7478 0 0.013772 -0.3478 -0.098398 3.237366 0.3617135 1
006 3 44 9 0.013187 0.4 -0.098533 0 0.7478 0 0.013187 -0.3478 -0.098533 3.244446 0.3617285 1
006 3 44 9 0.012601 0.4 -0.098662 0 0.7478 0 0.012601 -0.3478 -0.098662 3.255981 0.3617427 1
006 3 44 9 0.012014 0.4 -0.098785 0 0.7478 0 0.012014 -0.3478 -0.098785 3.267395 0.3617563 1
006 3 44 9 0.011425 0.4 -0.098902 0 0.7478 0 0.011425 -0.3478 -0.098902 3.278259 0.3617692 1
006 3 44 9 0.010836 0.4 -0.099013 0 0.7478 0 0.010836 -0.3478 -0.099013 3.289612 0.3617814 1
006 3 44 9 0.010245 0.4 -0.099119 0 0.7478 0 0.010245 -0.3478 -0.099119 3.300415 0.3617932 1
006 3 44 9 0.009653 0.4 -0.099218 0 0.7478 0 0.009653 -0.3478 -0.099218 3.312073 0.3618041 1
006 3 44 9 0.009061 0.4 -0.099312 0 0.7478 0 0.009061 -0.3478 -0.099312 3.322754 0.3618146 1
006 3 44 9 0.008467 0.4 -0.0994 0 0.7478 0 0.008467 -0.3478 -0.0994 3.333801 0.3618244 1
006 3 44 9 0.007873 0.4 -0.099481 0 0.7478 0 0.007873 -0.3478 -0.099481 3.344971 0.3618332 1
006 3 44 9 0.007278 0.4 -0.099557 0 0.7478 0 0.007278 -0.3478 -0.099557 3.35614 0.3618417 1
006 3 44 9 0.006682 0.4 -0.099627 0 0.7478 0 0.006682 -0.3478 -0.099627 3.36676 0.3618494 1
006 3 44 9 0.006085 0.4 -0.099691 0 0.7478 0 0.006085 -0.3478 -0.099691 3.378418 0.3618565 1
006 3 44 9 0.005488 0.4 -0.099748 0 0.7478 0 0.005488 -0.3478 -0.099748 3.392639 0.3618627 1
006 3 44 9 0.00489 0.4 -0.0998 0 0.7478 0 0.00489 -0.3478 -0.0998 3.400391 0.3618685 1
006 3 44 9 0.004292 0.4 -0.099846 0 0.7478 0 0.004292 -0.3478 -0.099846 3.411438 0.3618736 1
006 3 44 9 0.003693 0.4 -0.099886 0 0.7478 0 0.003693 -0.3478 -0.099886 3.422791 0.361878 1
006 3 44 9 0.003094 0.4 -0.09992 0 0.7478 0 0.003094 -0.3478 -0.09992 3.433594 0.3618818 1
006 3 44 9 0.002495 0.4 -0.099948 0 0.7478 0 0.002495 -0.3478 -0.099948 3.444885 0.3618849 1
006 3 44 9 0.001895 0.4 -0.09997 0 0.7478 0 0.001895 -0.3478 -0.09997 3.455994 0.3618873 1
006 3 44 9 0.001295 0.4 -0.099986 0 0.7478 0 0.001295 -0.3478 -0.099986 3.467041 0.3618891 1
006 3 44 9 0.000696 0.4 -0.099996 0 0.7478 0 0.000696 -0.3478 -0.099996 3.47821 0.3618902 1
006 3 44 9 9.6E-05 0.4 -0.1 0 0.7478 0 9.6E-05 -0.3478 -0.1 3.489441 0.3618906 1
006 3 44 9 -0.000504 0.4 -0.099998 0 0.7478 0 -0.000504 -0.3478 -0.099998 3.500671 0.3618904 1
006 3 44 9 -0.001104 0.4 -0.09999 0 0.7478 0 -0.001104 -0.3478 -0.09999 3.511353 0.3618896 1
006 3 44 9 -0.001704 0.4 -0.099976 0 0.7478 0 -0.001704 -0.3478 -0.099976 3.522644 0.361888 1
006 3 44 9 -0.002304 0.4 -0.099956 0 0.7478 0 -0.002304 -0.3478 -0.099956 3.533875 0.3618858 1
006 3 44 9 -0.002903 0.4 -0.09993 0 0.7478 0 -0.002903 -0.3478 -0.09993 3.548279 0.3618829 1
006 3 44 9 -0.003502 0.4 -0.099898 0 0.7478 0 -0.003502 -0.3478 -0.099898 3.555725 0.3618794 1
006 3 44 9 -0.004101 0.4 -0.09986 0 0.7478 0 -0.004101 -0.3478 -0.09986 3.567078 0.3618752 1
006 3 44 9 -0.0047 0.4 -0.099816 0 0.7478 0 -0.0047 -0.3478 -0.099816 3.578186 0.3618703 1
006 3 44 9 -0.005298 0.4 -0.099766 0 0.7478 0 -0.005298 -0.3478 -0.099766 3.589783 0.3618648 1
006 3 44 9 -0.005895 0.4 -0.09971 0 0.7478 0 -0.005895 -0.3478 -0.09971 3.600647 0.3618586 1
006 3 44 9 -0.006492 0.4 -0.099648 0 0.7478 0 -0.006492 -0.3478 -0.099648 3.611694 0.3618518 1
006 3 44 9 -0.007088 0.4 -0.09958 0 0.7478 0 -0.007088 -0.3478 -0.09958 3.622864 0.3618442 1
006 3 44 9 -0.007683 0.4 -0.099506 0 0.7478 0 -0.007683 -0.3478 -0.099506 3.633789 0.361836 1
006 3 44 9 -0.008278 0.4 -0.099426 0 0.7478 0 -0.008278 -0.3478 -0.099426 3.645325 0.3618272 1
006 3 44 9 -0.008872 0.4 -0.09934 0 0.7478 0 -0.008872 -0.3478 -0.09934 3.655884 0.3618176 1
006 3 44 9 -0.009465 0.4 -0.099249 0 0.7478 0 -0.009465 -0.3478 -0.099249 3.666992 0.3618076 1
006 3 44 9 -0.010057 0.4 -0.099151 0 0.7478 0 -0.010057 -0.3478 -0.099151 3.678467 0.3617968 1
006 3 44 9 -0.010648 0.4 -0.099048 0 0.7478 0 -0.010648 -0.3478 -0.099048 3.689331 0.3617854 1
006 3 44 9 -0.011238 0.4 -0.098938 0 0.7478 0 -0.011238 -0.3478 -0.098938 3.704346 0.3617732 1
006 3 44 9 -0.011826 0.4 -0.098823 0 0.7478 0 -0.011826 -0.3478 -0.098823 3.711365 0.3617605 1
006 3 44 9 -0.012414 0.4 -0.098702 0 0.7478 0 -0.012414 -0.3478 -0.098702 3.722778 0.3617472 1
006 3 44 9 -0.013001 0.4 -0.098575 0 0.7478 0 -0.013001 -0.3478 -0.098575 3.733887 0.3617332 1
006 3 44 9 -0.013586 0.4 -0.098442 0 0.7478 0 -0.013586 -0.3478 -0.098442 3.744934 0.3617184 1
006 3 44 9 -0.014169 0.4 -0.098303 0 0.7478 0 -0.014169 -0.3478 -0.098303 3.756104 0.361703 1
006 3 44 9 -0.014752 0.4 -0.098158 0 0.7478 0 -0.014752 -0.3478 -0.098158 3.766968 0.3616869 1
006 3 44 9 -0.015332 0.4 -0.098008 0 0.7478 0 -0.015332 -0.3478 -0.098008 3.778259 0.3616704 1
006 3 44 9 -0.015912 0.4 -0.097852 0 0.7478 0 -0.015912 -0.3478 -0.097852 3.789795 0.3616532 1
006 3 44 9 -0.016489 0.4 -0.09769 0 0.7478 0 -0.016489 -0.3478 -0.09769 3.800415 0.3616353 1
006 3 44 9 -0.017066 0.4 -0.097522 0 0.7478 0 -0.017066 -0.3478 -0.097522 3.811707 0.3616167 1
006 3 44 9 -0.01764 0.4 -0.097348 0 0.7478 0 -0.01764 -0.3478 -0.097348 3.822693 0.3615973 1
006 3 44 9 -0.018212 0.4 -0.097169 0 0.7478 0 -0.018212 -0.3478 -0.097169 3.833801 0.3615775 1
006 3 44 9 -0.018783 0.4 -0.096984 0 0.7478 0 -0.018783 -0.3478 -0.096984 3.84552 0.3615571 1
006 3 44 9 -0.019352 0.4 -0.096793 0 0.7478 0 -0.019352 -0.3478 -0.096793 3.859863 0.3615359 1
006 3 44 9 -0.019919 0.4 -0.096597 0 0.7478 0 -0.019919 -0.3478 -0.096597 3.866882 0.3615143 1
006 3 44 9 -0.020484 0.4 -0.096395 0 0.7478 0 -0.020484 -0.3478 -0.096395 3.878357 0.3614919 1
006 3 44 9 -0.021047 0.4 -0.096187 0 0.7478 0 -0.021047 -0.3478 -0.096187 3.889893 0.3614689 1
006 3 44 9 -0.021608 0.4 -0.095974 0 0.7478 0 -0.021608 -0.3478 -0.095974 3.900513 0.3614453 1
006 3 44 9 -0.022166 0.4 -0.095755 0 0.7478 0 -0.022166 -0.3478 -0.095755 3.911743 0.3614211 1
006 3 44 9 -0.022723 0.4 -0.095531 0 0.7478 0 -0.022723 -0.3478 -0.095531 3.922852 0.3613964 1
006 3 44 9 -0.023277 0.4 -0.095301 0 0.7478 0 -0.023277 -0.3478 -0.095301 3.933838 0.3613709 1
006 3 44 9 -0.023829 0.4 -0.095065 0 0.7478 0 -0.023829 -0.3478 -0.095065 3.945435 0.3613447 1
006 3 44 9 -0.024378 0.4 -0.094824 0 0.7478 0 -0.024378 -0.3478 -0.094824 3.955872 0.361318 1
006 3 44 9 -0.024925 0.4 -0.094578 0 0.7478 0 -0.024925 -0.3478 -0.094578 3.967285 0.3612909 1
006 3 44 9 -0.02547 0.4 -0.094326 0 0.7478 0 -0.02547 -0.3478 -0.094326 3.978149 0.361263 1
006 3 44 9 -0.026012 0.4 -0.094068 0 0.7478 0 -0.026012 -0.3478 -0.094068 3.989441 0.3612343 1
006 3 44 9 -0.026551 0.4 -0.093806 0 0.7478 0 -0.026551 -0.3478 -0.093806 4.000366 0.3612054 1
006 3 44 9 -0.027088 0.4 -0.093537 0 0.7478 0 -0.027088 -0.3478 -0.093537 4.015076 0.3611755 1
006 3 44 9 -0.027622 0.4 -0.093264 0 0.7478 0 -0.027622 -0.3478 -0.093264 4.022583 0.3611454 1
006 3 44 9 -0.028153 0.4 -0.092985 0 0.7478 0 -0.028153 -0.3478 -0.092985 4.033691 0.3611144 1
006 3 44 9 -0.028682 0.4 -0.092701 0 0.7478 0 -0.028682 -0.3478 -0.092701 4.0448 0.361083 1
006 3 44 9 -0.029207 0.4 -0.092411 0 0.7478 0 -0.029207 -0.3478 -0.092411 4.056213 0.3610508 1
006 3 44 9 -0.02973 0.4 -0.092117 0 0.7478 0 -0.02973 -0.3478 -0.092117 4.066956 0.3610183 1
006 3 44 9 -0.03025 0.4 -0.091817 0 0.7478 0 -0.03025 -0.3478 -0.091817 4.078308 0.3609851 1
006 3 44 9 -0.030766 0.4 -0.091512 0 0.7478 0 -0.030766 -0.3478 -0.091512 4.089539 0.3609513 1
006 3 44 9 -0.03128 0.4 -0.091201 0 0.7478 0 -0.03128 -0.3478 -0.091201 4.100403 0.3609167 1
006 3 44 9 -0.03179 0.4 -0.090886 0 0.7478 0 -0.03179 -0.3478 -0.090886 4.111816 0.3608818 1
006 3 44 9 -0.032297 0.4 -0.090566 0 0.7478 0 -0.032297 -0.3478 -0.090566 4.122925 0.3608464 1
006 3 44 9 -0.032801 0.4 -0.09024 0 0.7478 0 -0.032801 -0.3478 -0.09024 4.133972 0.3608102 1
006 3 44 9 -0.033302 0.4 -0.08991 0 0.7478 0 -0.033302 -0.3478 -0.08991 4.144897 0.3607737 1
006 3 44 9 -0.0338 0.4 -0.089574 0 0.7478 0 -0.0338 -0.3478 -0.089574 4.156433 0.3607364 1
006 3 44 9 -0.034294 0.4 -0.089234 0 0.7478 0 -0.034294 -0.3478 -0.089234 4.170776 0.3606988 1
006 3 44 9 -0.034784 0.4 -0.088888 0 0.7478 0 -0.034784 -0.3478 -0.088888 4.178101 0.3606603 1
006 3 44 9 -0.035271 0.4 -0.088538 0 0.7478 0 -0.035271 -0.3478 -0.088538 4.189575 0.3606215 1
006 3 44 9 -0.035755 0.4 -0.088183 0 0.7478 0 -0.035755 -0.3478 -0.088183 4.2005 0.3605821 1
006 3 44 9 -0.036235 0.4 -0.087823 0 0.7478 0 -0.036235 -0.3478 -0.087823 4.211792 0.3605422 1
006 3 44 9 -0.036711 0.4 -0.087458 0 0.7478 0 -0.036711 -0.3478 -0.087458 4.223022 0.3605016 1
006 3 44 9 -0.037184 0.4 -0.087089 0 0.7478 0 -0.037184 -0.3478 -0.087089 4.233887 0.3604608 1
006 3 44 9 -0.037653 0.4 -0.086714 0 0.7478 0 -0.037653 -0.3478 -0.086714 4.244934 0.3604191 1
006 3 44 9 -0.038118 0.4 -0.086336 0 0.7478 0 -0.038118 -0.3478 -0.086336 4.256409 0.3603772 1
006 3 44 9 -0.03858 0.4 -0.085952 0 0.7478 0 -0.03858 -0.3478 -0.085952 4.267029 0.3603346 1
006 3 44 9 -0.039038 0.4 -0.085564 0 0.7478 0 -0.039038 -0.3478 -0.085564 4.27832 0.3602915 1
006 3 44 9 -0.039491 0.4 -0.085171 0 0.7478 0 -0.039491 -0.3478 -0.085171 4.289368 0.3602478 1
006 3 44 9 -0.039941 0.4 -0.084774 0 0.7478 0 -0.039941 -0.3478 -0.084774 4.300293 0.3602038 1
006 3 44 9 -0.040387 0.4 -0.084372 0 0.7478 0 -0.040387 -0.3478 -0.084372 4.311707 0.3601591 1
006 3 44 9 -0.040828 0.4 -0.083966 0 0.7478 0 -0.040828 -0.3478 -0.083966 4.32605 0.3601139 1
006 3 44 9 -0.041266 0.4 -0.083556 0 0.7478 0 -0.041266 -0.3478 -0.083556 4.333923 0.3600685 1
006 3 44 9 -0.041699 0.4 -0.083141 0 0.7478 0 -0.041699 -0.3478 -0.083141 4.345337 0.3600223 1
006 3 44 9 -0.042129 0.4 -0.082722 0 0.7478 0 -0.042129 -0.3478 -0.082722 4.35614 0.3599758 1
006 3 44 9 -0.042554 0.4 -0.082299 0 0.7478 0 -0.042554 -0.3478 -0.082299 4.367249 0.3599289 1
006 3 44 9 -0.042975 0.4 -0.081871 0 0.7478 0 -0.042975 -0.3478 -0.081871 4.378174 0.3598813 1
006 3 44 9 -0.043391 0.4 -0.081439 0 0.7478 0 -0.043391 -0.3478 -0.081439 4.389343 0.3598332 1
006 3 44 9 -0.043804 0.4 -0.081003 0 0.7478 0 -0.043804 -0.3478 -0.081003 4.400391 0.3597848 1
006 3 44 9 -0.044211 0.4 -0.080563 0 0.7478 0 -0.044211 -0.3478 -0.080563 4.411865 0.3597358 1
006 3 44 9 -0.044615 0.4 -0.080119 0 0.7478 0 -0.044615 -0.3478 -0.080119 4.422485 0.3596865 1
006 3 44 9 -0.045014 0.4 -0.079671 0 0.7478 0 -0.045014 -0.3478 -0.079671 4.433533 0.3596367 1
006 3 44 9 -0.045408 0.4 -0.079219 0 0.7478 0 -0.045408 -0.3478 -0.079219 4.445374 0.3595864 1
006 3 44 9 -0.045798 0.4 -0.078763 0 0.7478 0 -0.045798 -0.3478 -0.078763 4.456116 0.3595357 1
006 3 44 9 -0.046183 0.4 -0.078303 0 0.7478 0 -0.046183 -0.3478 -0.078303 4.467224 0.3594844 1
006 3 44 9 -0.046564 0.4 -0.077839 0 0.7478 0 -0.046564 -0.3478 -0.077839 4.482056 0.3594328 1
006 3 44 9 -0.04694 0.4 -0.077371 0 0.7478 0 -0.04694 -0.3478 -0.077371 4.488831 0.3593807 1
006 3 44 9 -0.047312 0.4 -0.0769 0 0.7478 0 -0.047312 -0.3478 -0.0769 4.500732 0.3593284 1
006 3 44 9 -0.047678 0.4 -0.076425 0 0.7478 0 -0.047678 -0.3478 -0.076425 4.511536 0.3592754 1
006 3 44 9 -0.04804 0.4 -0.075947 0 0.7478 0 -0.04804 -0.3478 -0.075947 4.522461 0.3592222 1
006 3 44 9 -0.048397 0.4 -0.075464 0 0.7478 0 -0.048397 -0.3478 -0.075464 4.533936 0.3591684 1
006 3 44 9 -0.048749 0.4 -0.074979 0 0.7478 0 -0.048749 -0.3478 -0.074979 4.544983 0.3591144 1
006 3 44 9 -0.049097 0.4 -0.074489 0 0.7478 0 -0.049097 -0.3478 -0.074489 4.55603 0.3590598 1
006 3 44 9 -0.049439 0.4 -0.073997 0 0.7478 0 -0.049439 -0.3478 -0.073997 4.567505 0.359005 1
006 3 44 9 -0.049777 0.4 -0.073501 0 0.7478 0 -0.049777 -0.3478 -0.073501 4.578491 0.3589498 1
006 3 44 9 -0.050109 0.4 -0.073001 0 0.7478 0 -0.050109 -0.3478 -0.073001 4.589539 0.358894 1
006 3 44 9 -0.050437 0.4 -0.072499 0 0.7478 0 -0.050437 -0.3478 -0.072499 4.60083 0.3588382 1
006 3 44 9 -0.050759 0.4 -0.071993 0 0.7478 0 -0.050759 -0.3478 -0.071993 4.612 0.3587817 1
006 3 44 9 -0.051076 0.4 -0.071483 0 0.7478 0 -0.051076 -0.3478 -0.071483 4.622681 0.3587247 1
006 3 44 9 -0.051389 0.4 -0.070971 0 0.7478 0 -0.051389 -0.3478 -0.070971 4.637146 0.3586677 1
006 3 44 9 -0.051696 0.4 -0.070456 0 0.7478 0 -0.051696 -0.3478 -0.070456 4.644592 0.3586103 1
006 3 44 9 -0.051998 0.4 -0.069937 0 0.7478 0 -0.051998 -0.3478 -0.069937 4.656128 0.3585524 1
006 3 44 9 -0.052295 0.4 -0.069416 0 0.7478 0 -0.052295 -0.3478 -0.069416 4.667114 0.3584943 1
006 3 44 9 -0.052586 0.4 -0.068891 0 0.7478 0 -0.052586 -0.3478 -0.068891 4.678345 0.3584356 1
006 3 44 9 -0.052872 0.4 -0.068364 0 0.7478 0 -0.052872 -0.3478 -0.068364 4.689453 0.3583768 1
006 3 44 9 -0.053153 0.4 -0.067834 0 0.7478 0 -0.053153 -0.3478 -0.067834 4.700989 0.3583176 1
006 3 44 9 -0.053429 0.4 -0.067301 0 0.7478 0 -0.053429 -0.3478 -0.067301 4.711914 0.3582582 1
006 3 44 9 -0.053699 0.4 -0.066765 0 0.7478 0 -0.053699 -0.3478 -0.066765 4.7229 0.3581982 1
006 3 44 9 -0.053964 0.4 -0.066227 0 0.7478 0 -0.053964 -0.3478 -0.066227 4.733765 0.3581382 1
006 3 44 9 -0.054224 0.4 -0.065686 0 0.7478 0 -0.054224 -0.3478 -0.065686 4.745056 0.3580778 1
006 3 44 9 -0.054478 0.4 -0.065142 0 0.7478 0 -0.054478 -0.3478 -0.065142 4.75647 0.358017 1
006 3 44 9 -0.054727 0.4 -0.064596 0 0.7478 0 -0.054727 -0.3478 -0.064596 4.767212 0.357956 1
006 3 44 9 -0.05497 0.4 -0.064048 0 0.7478 0 -0.05497 -0.3478 -0.064048 4.778748 0.3578948 1
006 3 44 9 -0.055208 0.4 -0.063497 0 0.7478 0 -0.055208 -0.3478 -0.063497 4.79248 0.3578332 1
006 3 44 9 -0.05544 0.4 -0.062944 0 0.7478 0 -0.05544 -0.3478 -0.062944 4.800049 0.3577714 1
006 3 44 9 -0.055667 0.4 -0.062388 0 0.7478 0 -0.055667 -0.3478 -0.062388 4.811951 0.3577093 1
006 3 44 9 -0.055888 0.4 -0.061831 0 0.7478 0 -0.055888 -0.3478 -0.061831 4.82251 0.357647 1
006 3 44 9 -0.056103 0.4 -0.061271 0 0.7478 0 -0.056103 -0.3478 -0.061271 4.833984 0.3575843 1
006 3 44 9 -0.056313 0.4 -0.060708 0 0.7478 0 -0.056313 -0.3478 -0.060708 4.845398 0.3575213 1
006 3 44 9 -0.056517 0.4 -0.060144 0 0.7478 0 -0.056517 -0.3478 -0.060144 4.856018 0.3574581 1
006 3 44 9 -0.056716 0.4 -0.059578 0 0.7478 0 -0.056716 -0.3478 -0.059578 4.867371 0.3573948 1
006 3 44 9 -0.056909 0.4 -0.05901 0 0.7478 0 -0.056909 -0.3478 -0.05901 4.878174 0.3573313 1
006 3 44 9 -0.057096 0.4 -0.05844 0 0.7478 0 -0.057096 -0.3478 -0.05844 4.889954 0.3572674 1
006 3 44 9 -0.057278 0.4 -0.057868 0 0.7478 0 -0.057278 -0.3478 -0.057868 4.900696 0.3572035 1
006 3 44 9 -0.057453 0.4 -0.057294 0 0.7478 0 -0.057453 -0.3478 -0.057294 4.911438 0.357139 1
006 3 44 9 -0.057624 0.4 -0.056719 0 0.7478 0 -0.057624 -0.3478 -0.056719 4.922913 0.3570748 1
006 3 44 9 -0.057788 0.4 -0.056142 0 0.7478 0 -0.057788 -0.3478 -0.056142 4.934204 0.3570101 1
006 3 44 9 -0.057946 0.4 -0.055563 0 0.7478 0 -0.057946 -0.3478 -0.055563 4.948853 0.3569451 1
006 3 44 9 -0.058099 0.4 -0.054983 0 0.7478 0 -0.058099 -0.3478 -0.054983 4.955933 0.3568802 1
006 3 44 9 -0.058246 0.4 -0.054401 0 0.7478 0 -0.058246 -0.3478 -0.054401 4.967163 0.3568149 1
006 3 44 9 -0.058387 0.4 -0.053818 0 0.7478 0 -0.058387 -0.3478 -0.053818 4.978638 0.3567496 1
006 3 44 9 -0.058522 0.4 -0.053234 0 0.7478 0 -0.058522 -0.3478 -0.053234 4.989563 0.356684 1
006 3 44 9 -0.058652 0.4 -0.052648 0 0.7478 0 -0.058652 -0.3478 -0.052648 5.000671 0.3566184 1
006 3 44 9 -0.058775 0.4 -0.052061 0 0.7478 0 -0.058775 -0.3478 -0.052061 5.012085 0.3565525 1
006 3 44 9 -0.058893 0.4 -0.051472 0 0.7478 0 -0.058893 -0.3478 -0.051472 5.023132 0.3564864 1
006 3 44 9 -0.059005 0.4 -0.050883 0 0.7478 0 -0.059005 -0.3478 -0.050883 5.033875 0.3564204 1
006 3 44 9 -0.059111 0.4 -0.050292 0 0.7478 0 -0.059111 -0.3478 -0.050292 5.044861 0.3563541 1
006 3 44 9 -0.059211 0.4 -0.049701 0 0.7478 0 -0.059211 -0.3478 -0.049701 5.056152 0.3562877 1
006 3 44 9 -0.059305 0.4 -0.049108 0 0.7478 0 -0.059305 -0.3478 -0.049108 5.067688 0.3562211 1
006 3 44 9 -0.059393 0.4 -0.048514 0 0.7478 0 -0.059393 -0.3478 -0.048514 5.078491 0.3561544 1
006 3 44 9 -0.059475 0.4 -0.04792 0 0.7478 0 -0.059475 -0.3478 -0.04792 5.089539 0.3560877 1
006 3 44 9 -0.059551 0.4 -0.047325 0 0.7478 0 -0.059551 -0.3478 -0.047325 5.104492 0.3560208 1
006 3 44 9 -0.059621 0.4 -0.046729 0 0.7478 0 -0.059621 -0.3478 -0.046729 5.111328 0.3559538 1
006 3 44 9 -0.059686 0.4 -0.046133 0 0.7478 0 -0.059686 -0.3478 -0.046133 5.122925 0.3558869 1
006 3 44 9 -0.059744 0.4 -0.045535 0 0.7478 0 -0.059744 -0.3478 -0.045535 5.13385 0.3558196 1
006 3 44 9 -0.059796 0.4 -0.044938 0 0.7478 0 -0.059796 -0.3478 -0.044938 5.145203 0.3557525 1
006 3 44 9 -0.059843 0.4 -0.04434 0 0.7478 0 -0.059843 -0.3478 -0.04434 5.15625 0.3556853 1
006 3 44 9 -0.059883 0.4 -0.043741 0 0.7478 0 -0.059883 -0.3478 -0.043741 5.167542 0.3556179 1
006 3 44 9 -0.059918 0.4 -0.043142 0 0.7478 0 -0.059918 -0.3478 -0.043142 5.177917 0.3555506 1
006 3 44 9 -0.059946 0.4 -0.042543 0 0.7478 0 -0.059946 -0.3478 -0.042543 5.189392 0.3554831 1
006 3 44 9 -0.059969 0.4 -0.041943 0 0.7478 0 -0.059969 -0.3478 -0.041943 5.200562 0.3554157 1
006 3 44 9 -0.059985 0.4 -0.041343 0 0.7478 0 -0.059985 -0.3478 -0.041343 5.214417 0.3553481 1
006 3 44 9 -0.059995 0.4 -0.040743 0 0.7478 0 -0.059995 -0.3478 -0.040743 5.222717 0.3552805 1
006 3 44 9 -0.06 0.4 -0.040143 0 0.7478 0 -0.06 -0.3478 -0.040143 5.234314 0.355213 1
006 3 44 9 -0.059998 0.4 -0.039543 0 0.7478 0 -0.059998 -0.3478 -0.039543 5.245361 0.3551454 1
006 3 44 9 -0.059991 0.4 -0.038943 0 0.7478 0 -0.059991 -0.3478 -0.038943 5.259705 0.3550779 1
006 3 44 9 -0.059977 0.4 -0.038344 0 0.7478 0 -0.059977 -0.3478 -0.038344 5.26709 0.3550103 1
006 3 44 9 -0.059958 0.4 -0.037744 0 0.7478 0 -0.059958 -0.3478 -0.037744 5.278564 0.3549428 1
006 3 44 9 -0.059932 0.4 -0.037144 0 0.7478 0 -0.059932 -0.3478 -0.037144 5.289917 0.3548751 1
006 3 44 9 -0.0599 0.4 -0.036545 0 0.7478 0 -0.0599 -0.3478 -0.036545 5.300781 0.3548075 1
006 3 44 9 -0.059863 0.4 -0.035946 0 0.7478 0 -0.059863 -0.3478 -0.035946 5.312195 0.3547401 1
006 3 44 9 -0.059819 0.4 -0.035348 0 0.7478 0 -0.059819 -0.3478 -0.035348 5.323242 0.3546726 1
006 3 44 9 -0.05977 0.4 -0.03475 0 0.7478 0 -0.05977 -0.3478 -0.03475 5.333801 0.3546052 1
006 3 44 9 -0.059714 0.4 -0.034153 0 0.7478 0 -0.059714 -0.3478 -0.034153 5.345093 0.3545378 1
006 3 44 9 -0.059653 0.4 -0.033556 0 0.7478 0 -0.059653 -0.3478 -0.033556 5.355957 0.3544705 1
006 3 44 9 -0.059586 0.4 -0.03296 0 0.7478 0 -0.059586 -0.3478 -0.03296 5.367615 0.3544033 1
006 3 44 9 -0.059512 0.4 -0.032364 0 0.7478 0 -0.059512 -0.3478 -0.032364 5.378601 0.3543359 1
006 3 44 9 -0.059433 0.4 -0.031769 0 0.7478 0 -0.059433 -0.3478 -0.031769 5.389282 0.3542688 1
006 3 44 9 -0.059348 0.4 -0.031175 0 0.7478 0 -0.059348 -0.3478 -0.031175 5.40094 0.3542018 1
006 3 44 9 -0.059256 0.4 -0.030582 0 0.7478 0 -0.059256 -0.3478 -0.030582 5.415527 0.3541347 1
006 3 44 9 -0.059159 0.4 -0.02999 0 0.7478 0 -0.059159 -0.3478 -0.02999 5.422852 0.3540678 1
006 3 44 9 -0.059056 0.4 -0.029399 0 0.7478 0 -0.059056 -0.3478 -0.029399 5.433899 0.354001 1
006 3 44 9 -0.058947 0.4 -0.028809 0 0.7478 0 -0.058947 -0.3478 -0.028809 5.445557 0.3539343 1
006 3 44 9 -0.058832 0.4 -0.02822 0 0.7478 0 -0.058832 -0.3478 -0.02822 5.456177 0.3538678 1
006 3 44 9 -0.058712 0.4 -0.027633 0 0.7478 0 -0.058712 -0.3478 -0.027633 5.467407 0.3538015 1
006 3 44 9 -0.058585 0.4 -0.027046 0 0.7478 0 -0.058585 -0.3478 -0.027046 5.478516 0.3537351 1
006 3 44 9 -0.058452 0.4 -0.026461 0 0.7478 0 -0.058452 -0.3478 -0.026461 5.489502 0.3536689 1
006 3 44 9 -0.058314 0.4 -0.025877 0 0.7478 0 -0.058314 -0.3478 -0.025877 5.501038 0.3536029 1
006 3 44 9 -0.05817 0.4 -0.025295 0 0.7478 0 -0.05817 -0.3478 -0.025295 5.511658 0.353537 1
006 3 44 9 -0.05802 0.4 -0.024714 0 0.7478 0 -0.05802 -0.3478 -0.024714 5.522705 0.3534712 1
006 3 44 9 -0.057864 0.4 -0.024134 0 0.7478 0 -0.057864 -0.3478 -0.024134 5.533936 0.3534056 1
006 3 44 9 -0.057703 0.4 -0.023556 0 0.7478 0 -0.057703 -0.3478 -0.023556 5.545044 0.3533403 1
006 3 44 9 -0.057535 0.4 -0.02298 0 0.7478 0 -0.057535 -0.3478 -0.02298 5.556152 0.3532749 1
006 3 44 9 -0.057362 0.4 -0.022406 0 0.7478 0 -0.057362 -0.3478 -0.022406 5.570618 0.3532099 1
006 3 44 9 -0.057184 0.4 -0.021833 0 0.7478 0 -0.057184 -0.3478 -0.021833 5.577942 0.3531452 1
006 3 44 9 -0.056999 0.4 -0.021262 0 0.7478 0 -0.056999 -0.3478 -0.021262 5.589417 0.3530804 1
006 3 44 9 -0.056809 0.4 -0.020693 0 0.7478 0 -0.056809 -0.3478 -0.020693 5.600464 0.353016 1
006 3 44 9 -0.056613 0.4 -0.020126 0 0.7478 0 -0.056613 -0.3478 -0.020126 5.611694 0.3529517 1
006 3 44 9 -0.056411 0.4 -0.019561 0 0.7478 0 -0.056411 -0.3478 -0.019561 5.622925 0.3528876 1
006 3 44 9 -0.056204 0.4 -0.018998 0 0.7478 0 -0.056204 -0.3478 -0.018998 5.633667 0.3528238 1
006 3 44 9 -0.055991 0.4 -0.018437 0 0.7478 0 -0.055991 -0.3478 -0.018437 5.644958 0.3527602 1
006 3 44 9 -0.055773 0.4 -0.017878 0 0.7478 0 -0.055773 -0.3478 -0.017878 5.656372 0.3526969 1
006 3 44 9 -0.055549 0.4 -0.017321 0 0.7478 0 -0.055549 -0.3478 -0.017321 5.667664 0.3526337 1
006 3 44 9 -0.055319 0.4 -0.016767 0 0.7478 0 -0.055319 -0.3478 -0.016767 5.678162 0.3525708 1
006 3 44 9 -0.055084 0.4 -0.016215 0 0.7478 0 -0.055084 -0.3478 -0.016215 5.689392 0.3525082 1
006 3 44 9 -0.054844 0.4 -0.015665 0 0.7478 0 -0.054844 -0.3478 -0.015665 5.700745 0.3524459 1
006 3 44 9 -0.054598 0.4 -0.015118 0 0.7478 0 -0.054598 -0.3478 -0.015118 5.711731 0.3523838 1
006 3 44 9 -0.054346 0.4 -0.014573 0 0.7478 0 -0.054346 -0.3478 -0.014573 5.726501 0.3523219 1
006 3 44 9 -0.054089 0.4 -0.014031 0 0.7478 0 -0.054089 -0.3478 -0.014031 5.73407 0.3522603 1
006 3 44 9 -0.053827 0.4 -0.013492 0 0.7478 0 -0.053827 -0.3478 -0.013492 5.745117 0.3521991 1
006 3 44 9 -0.053559 0.4 -0.012955 0 0.7478 0 -0.053559 -0.3478 -0.012955 5.756287 0.3521381 1
006 3 44 9 -0.053286 0.4 -0.01242 0 0.7478 0 -0.053286 -0.3478 -0.01242 5.767151 0.3520774 1
006 3 44 9 -0.053007 0.4 -0.011889 0 0.7478 0 -0.053007 -0.3478 -0.011889 5.77832 0.3520169 1
006 3 44 9 -0.052724 0.4 -0.01136 0 0.7478 0 -0.052724 -0.3478 -0.01136 5.789246 0.351957 1
006 3 44 9 -0.052434 0.4 -0.010835 0 0.7478 0 -0.052434 -0.3478 -0.010835 5.800903 0.3518971 1
006 3 44 9 -0.05214 0.4 -0.010312 0 0.7478 0 -0.05214 -0.3478 -0.010312 5.811829 0.3518377 1
006 3 44 9 -0.051841 0.4 -0.009792 0 0.7478 0 -0.051841 -0.3478 -0.009792 5.822754 0.3517786 1
006 3 44 9 -0.051536 0.4 -0.009275 0 0.7478 0 -0.051536 -0.3478 -0.009275 5.834229 0.3517198 1
006 3 44 9 -0.051226 0.4 -0.008761 0 0.7478 0 -0.051226 -0.3478 -0.008761 5.845642 0.3516613 1
006 3 44 9 -0.050911 0.4 -0.00825 0 0.7478 0 -0.050911 -0.3478 -0.00825 5.856384 0.3516032 1
006 3 44 9 -0.050591 0.4 -0.007743 0 0.7478 0 -0.050591 -0.3478 -0.007743 5.867493 0.3515455 1
006 3 44 9 -0.050266 0.4 -0.007239 0 0.7478 0 -0.050266 -0.3478 -0.007239 5.881653 0.3514881 1
006 3 44 9 -0.049936 0.4 -0.006738 0 0.7478 0 -0.049936 -0.3478 -0.006738 5.889404 0.3514311 1
006 3 44 9 -0.049601 0.4 -0.00624 0 0.7478 0 -0.049601 -0.3478 -0.00624 5.900452 0.3513745 1
006 3 44 9 -0.049261 0.4 -0.005746 0 0.7478 0 -0.049261 -0.3478 -0.005746 5.911926 0.3513182 1
006 3 44 9 -0.048916 0.4 -0.005255 0 0.7478 0 -0.048916 -0.3478 -0.005255 5.922607 0.3512623 1
006 3 44 9 -0.048566 0.4 -0.004767 0 0.7478 0 -0.048566 -0.3478 -0.004767 5.934082 0.3512068 1
006 3 44 9 -0.048211 0.4 -0.004283 0 0.7478 0 -0.048211 -0.3478 -0.004283 5.945251 0.3511516 1
006 3 44 9 -0.047852 0.4 -0.003803 0 0.7478 0 -0.047852 -0.3478 -0.003803 5.956482 0.351097 1
006 3 44 9 -0.047487 0.4 -0.003326 0 0.7478 0 -0.047487 -0.3478 -0.003326 5.967163 0.3510426 1
006 3 44 9 -0.047118 0.4 -0.002853 0 0.7478 0 -0.047118 -0.3478 -0.002853 5.978455 0.3509887 1
006 3 44 9 -0.046744 0.4 -0.002384 0 0.7478 0 -0.046744 -0.3478 -0.002384 5.989624 0.3509352 1
006 3 44 9 -0.046366 0.4 -0.001918 0 0.7478 0 -0.046366 -0.3478 -0.001918 6.000732 0.3508822 1
006 3 44 9 -0.045983 0.4 -0.001457 0 0.7478 0 -0.045983 -0.3478 -0.001457 6.01178 0.3508296 1
006 3 44 9 -0.045595 0.4 -0.000999 0 0.7478 0 -0.045595 -0.3478 -0.000999 6.023315 0.3507773 1
006 3 44 9 -0.045203 0.4 -0.000545 0 0.7478 0 -0.045203 -0.3478 -0.000545 6.037415 0.3507256 1
006 3 44 9 -0.044806 0.4 -9.5E-05 0 0.7478 0 -0.044806 -0.3478 -9.5E-05 6.0448 0.3506742 1
006 3 44 9 -0.044405 0.4 0.000351 0 0.7478 0 -0.044405 -0.3478 0.000351 6.056152 0.3506234 1
006 3 44 9 -0.043999 0.4 0.000793 0 0.7478 0 -0.043999 -0.3478 0.000793 6.067322 0.3505729 1
006 3 44 9 -0.043589 0.4 0.001231 0 0.7478 0 -0.043589 -0.3478 0.001231 6.078369 0.350523 1
006 3 44 9 -0.043174 0.4 0.001665 0 0.7478 0 -0.043174 -0.3478 0.001665 6.089722 0.3504734 1
006 3 44 9 -0.042755 0.4 0.002095 0 0.7478 0 -0.042755 -0.3478 0.002095 6.100647 0.3504243 1
006 3 44 9 -0.042332 0.4 0.00252 0 0.7478 0 -0.042332 -0.3478 0.00252 6.111694 0.3503758 1
006 3 44 9 -0.041905 0.4 0.002941 0 0.7478 0 -0.041905 -0.3478 0.002941 6.12323 0.3503277 1
006 3 44 9 -0.041474 0.4 0.003358 0 0.7478 0 -0.041474 -0.3478 0.003358 6.134155 0.3502802 1
006 3 44 9 -0.041038 0.4 0.003771 0 0.7478 0 -0.041038 -0.3478 0.003771 6.145203 0.350233 1
006 3 44 9 -0.040598 0.4 0.004179 0 0.7478 0 -0.040598 -0.3478 0.004179 6.156677 0.3501864 1
006 3 44 9 -0.040154 0.4 0.004583 0 0.7478 0 -0.040154 -0.3478 0.004583 6.167053 0.3501402 1
006 3 44 9 -0.039707 0.4 0.004982 0 0.7478 0 -0.039707 -0.3478 0.004982 6.178406 0.3500947 1
006 3 44 9 -0.039255 0.4 0.005377 0 0.7478 0 -0.039255 -0.3478 0.005377 6.193054 0.3500496 1
006 3 44 9 -0.038799 0.4 0.005767 0 0.7478 0 -0.038799 -0.3478 0.005767 6.2005 0.3500049 1
006 3 44 9 -0.038339 0.4 0.006153 0 0.7478 0 -0.038339 -0.3478 0.006153 6.212158 0.3499608 1
006 3 44 9 -0.037876 0.4 0.006534 0 0.7478 0 -0.037876 -0.3478 0.006534 6.223145 0.3499173 1
006 3 44 9 -0.037409 0.4 0.00691 0 0.7478 0 -0.037409 -0.3478 0.00691 6.23407 0.3498743 1
006 3 44 9 -0.036938 0.4 0.007282 0 0.7478 0 -0.036938 -0.3478 0.007282 6.244934 0.3498318 1
006 3 44 9 -0.036463 0.4 0.007649 0 0.7478 0 -0.036463 -0.3478 0.007649 6.256653 0.3497898 1
006 3 44 9 -0.035985 0.4 0.008011 0 0.7478 0 -0.035985 -0.3478 0.008011 6.267151 0.3497484 1
006 3 44 9 -0.035503 0.4 0.008369 0 0.7478 0 -0.035503 -0.3478 0.008369 6.27832 0.3497075 1
006 3 44 9 -0.035017 0.4 0.008721 0 0.7478 0 -0.035017 -0.3478 0.008721 6.289917 0.3496671 1
006 3 44 9 -0.034529 0.4 0.009069 0 0.7478 0 -0.034529 -0.3478 0.009069 6.300781 0.3496274 1
006 3 44 9 -0.034036 0.4 0.009412 0 0.7478 0 -0.034036 -0.3478 0.009412 6.312256 0.3495881 1
006 3 44 9 -0.03354 0.4 0.00975 0 0.7478 0 -0.03354 -0.3478 0.00975 6.322632 0.3495495 1
006 3 44 9 -0.033041 0.4 0.010083 0 0.7478 0 -0.033041 -0.3478 0.010083 6.334595 0.3495114 1
006 3 44 9 -0.032539 0.4 0.010411 0 0.7478 0 -0.032539 -0.3478 0.010411 6.348694 0.3494739 1
006 3 44 9 -0.032033 0.4 0.010734 0 0.7478 0 -0.032033 -0.3478 0.010734 6.356079 0.3494369 1
006 3 44 9 -0.031524 0.4 0.011051 0 0.7478 0 -0.031524 -0.3478 0.011051 6.367432 0.3494005 1
006 3 44 9 -0.031012 0.4 0.011364 0 0.7478 0 -0.031012 -0.3478 0.011364 6.378235 0.3493647 1
006 3 44 9 -0.030497 0.4 0.011672 0 0.7478 0 -0.030497 -0.3478 0.011672 6.389465 0.3493295 1
006 3 44 9 -0.029979 0.4 0.011974 0 0.7478 0 -0.029979 -0.3478 0.011974 6.400635 0.3492949 1
006 3 44 9 -0.029457 0.4 0.012271 0 0.7478 0 -0.029457 -0.3478 0.012271 6.411865 0.3492608 1
006 3 44 9 -0.028933 0.4 0.012563 0 0.7478 0 -0.028933 -0.3478 0.012563 6.422974 0.3492274 1
006 3 44 9 -0.028406 0.4 0.01285 0 0.7478 0 -0.028406 -0.3478 0.01285 6.434143 0.3491946 1
006 3 44 9 -0.027876 0.4 0.013131 0 0.7478 0 -0.027876 -0.3478 0.013131 6.445313 0.3491623 1
006 3 44 9 -0.027343 0.4 0.013407 0 0.7478 0 -0.027343 -0.3478 0.013407 6.456543 0.3491307 1
006 3 44 9 -0.026808 0.4 0.013678 0 0.7478 0 -0.026808 -0.3478 0.013678 6.467529 0.3490997 1
006 3 44 9 -0.02627 0.4 0.013943 0 0.7478 0 -0.02627 -0.3478 0.013943 6.478638 0.3490693 1
006 3 44 9 -0.025729 0.4 0.014203 0 0.7478 0 -0.025729 -0.3478 0.014203 6.489563 0.3490394 1
006 3 44 9 -0.025186 0.4 0.014458 0 0.7478 0 -0.025186 -0.3478 0.014458 6.50415 0.3490103 1
006 3 44 9 -0.02464 0.4 0.014707 0 0.7478 0 -0.02464 -0.3478 0.014707 6.51178 0.3489817 1
006 3 44 9 -0.024092 0.4 0.014951 0 0.7478 0 -0.024092 -0.3478 0.014951 6.523193 0.3489538 1
006 3 44 9 -0.023541 0.4 0.015189 0 0.7478 0 -0.023541 -0.3478 0.015189 6.534119 0.3489265 1
006 3 44 9 -0.022988 0.4 0.015422 0 0.7478 0 -0.022988 -0.3478 0.015422 6.545166 0.3488999 1
006 3 44 9 -0.022433 0.4 0.015649 0 0.7478 0 -0.022433 -0.3478 0.015649 6.555969 0.3488739 1
006 3 44 9 -0.021875 0.4 0.01587 0 0.7478 0 -0.021875 -0.3478 0.01587 6.567444 0.3488484 1
006 3 44 9 -0.021315 0.4 0.016086 0 0.7478 0 -0.021315 -0.3478 0.016086 6.578369 0.3488236 1
006 3 44 9 -0.020753 0.4 0.016297 0 0.7478 0 -0.020753 -0.3478 0.016297 6.589478 0.3487995 1
006 3 44 9 -0.020189 0.4 0.016501 0 0.7478 0 -0.020189 -0.3478 0.016501 6.600586 0.348776 1
006 3 44 9 -0.019623 0.4 0.0167 0 0.7478 0 -0.019623 -0.3478 0.0167 6.611877 0.3487532 1
006 3 44 9 -0.019055 0.4 0.016894 0 0.7478 0 -0.019055 -0.3478 0.016894 6.62323 0.348731 1
006 3 44 9 -0.018485 0.4 0.017081 0 0.7478 0 -0.018485 -0.3478 0.017081 6.634155 0.3487095 1
006 3 44 9 -0.017914 0.4 0.017263 0 0.7478 0 -0.017914 -0.3478 0.017263 6.645386 0.3486886 1
006 3 44 9 -0.01734 0.4 0.01744 0 0.7478 0 -0.01734 -0.3478 0.01744 6.659607 0.3486684 1
006 3 44 9 -0.016765 0.4 0.01761 0 0.7478 0 -0.016765 -0.3478 0.01761 6.667114 0.3486488 1
006 3 44 9 -0.016188 0.4 0.017775 0 0.7478 0 -0.016188 -0.3478 0.017775 6.67865 0.34863 1
006 3 44 9 -0.015609 0.4 0.017934 0 0.7478 0 -0.015609 -0.3478 0.017934 6.68988 0.3486117 1
006 3 44 9 -0.015029 0.4 0.018087 0 0.7478 0 -0.015029 -0.3478 0.018087 6.700867 0.3485941 1
006 3 44 9 -0.014448 0.4 0.018235 0 0.7478 0 -0.014448 -0.3478 0.018235 6.711792 0.3485772 1
006 3 44 9 -0.013865 0.4 0.018376 0 0.7478 0 -0.013865 -0.3478 0.018376 6.722595 0.348561 1
006 3 44 9 -0.01328 0.4 0.018512 0 0.7478 0 -0.01328 -0.3478 0.018512 6.734009 0.3485454 1
006 3 44 9 -0.012694 0.4 0.018642 0 0.7478 0 -0.012694 -0.3478 0.018642 6.744995 0.3485305 1
006 3 44 9 -0.012107 0.4 0.018766 0 0.7478 0 -0.012107 -0.3478 0.018766 6.756287 0.3485163 1
006 3 44 9 -0.011519 0.4 0.018884 0 0.7478 0 -0.011519 -0.3478 0.018884 6.767456 0.3485027 1
006 3 44 9 -0.01093 0.4 0.018996 0 0.7478 0 -0.01093 -0.3478 0.018996 6.778748 0.3484898 1
006 3 44 9 -0.010339 0.4 0.019102 0 0.7478 0 -0.010339 -0.3478 0.019102 6.789734 0.3484776 1
006 3 44 9 -0.009748 0.4 0.019203 0 0.7478 0 -0.009748 -0.3478 0.019203 6.800598 0.3484661 1
006 3 44 9 -0.009155 0.4 0.019297 0 0.7478 0 -0.009155 -0.3478 0.019297 6.815674 0.3484552 1
006 3 44 9 -0.008562 0.4 0.019386 0 0.7478 0 -0.008562 -0.3478 0.019386 6.822937 0.3484451 1
006 3 44 9 -0.007968 0.4 0.019469 0 0.7478 0 -0.007968 -0.3478 0.019469 6.833984 0.3484356 1
006 3 44 9 -0.007372 0.4 0.019545 0 0.7478 0 -0.007372 -0.3478 0.019545 6.845337 0.3484267 1
006 3 44 9 -0.006777 0.4 0.019616 0 0.7478 0 -0.006777 -0.3478 0.019616 6.856384 0.3484186 1
006 3 44 9 -0.00618 0.4 0.019681 0 0.7478 0 -0.00618 -0.3478 0.019681 6.867859 0.3484112 1
006 3 44 9 -0.005583 0.4 0.01974 0 0.7478 0 -0.005583 -0.3478 0.01974 6.878418 0.3484045 1
006 3 44 9 -0.004985 0.4 0.019793 0 0.7478 0 -0.004985 -0.3478 0.019793 6.889526 0.3483984 1
006 3 44 9 -0.004387 0.4 0.019839 0 0.7478 0 -0.004387 -0.3478 0.019839 6.900635 0.348393 1
006 3 44 9 -0.003789 0.4 0.01988 0 0.7478 0 -0.003789 -0.3478 0.01988 6.911804 0.3483883 1
006 3 44 9 -0.00319 0.4 0.019915 0 0.7478 0 -0.00319 -0.3478 0.019915 6.92334 0.3483843 1
006 3 44 9 -0.00259 0.4 0.019944 0 0.7478 0 -0.00259 -0.3478 0.019944 6.934204 0.348381 1
006 3 44 9 -0.001991 0.4 0.019967 0 0.7478 0 -0.001991 -0.3478 0.019967 6.945129 0.3483784 1
006 3 44 9 -0.001391 0.4 0.019984 0 0.7478 0 -0.001391 -0.3478 0.019984 6.956421 0.3483764 1
006 3 44 9 -0.000791 0.4 0.019995 0 0.7478 0 -0.000791 -0.3478 0.019995 6.97052 0.3483752 1
006 3 44 9 -0.000191 0.4 0.02 0 0.7478 0 -0.000191 -0.3478 0.02 6.978149 0.3483746 1
006 3 44 9 0 0.4 0.02 0 0.7478 0 0 -0.3478 0.02 6.98938 0.3483745 1
