006 3 60 12 0 0.4 0.02 0 0.7478 0 0 -0.3478 0.02 0 0.3483745 2
006 3 60 12 0.0004 0.4 0.019999 0 0.7478 0 0.0004 -0.3478 0.019999 0.01092529 0.3483747 2
006 3 60 12 0.0008 0.4 0.019996 0 0.7478 0 0.0008 -0.3478 0.019996 0.02191162 0.3483752 2
006 3 60 12 0.0012 0.4 0.019991 0 0.7478 0 0.0012 -0.3478 0.019991 0.03320313 0.3483761 2
006 3 60 12 0.0016 0.4 0.019984 0 0.7478 0 0.0016 -0.3478 0.019984 0.04425049 0.3483773 2
006 3 60 12 0.001999 0.4 0.019975 0 0.7478 0 0.001999 -0.3478 0.019975 0.05541992 0.3483789 2
006 3 60 12 0.002399 0.4 0.019964 0 0.7478 0 0.002399 -0.3478 0.019964 0.06616211 0.3483807 2
006 3 60 12 0.002798 0.4 0.019951 0 0.7478 0 0.002798 -0.3478 0.019951 0.07751465 0.348383 2
006 3 60 12 0.003197 0.4 0.019936 0 0.7478 0 0.003197 -0.3478 0.019936 0.08837891 0.3483856 2
006 3 60 12 0.003595 0.4 0.019919 0 0.7478 0 0.003595 -0.3478 0.019919 0.1000366 0.3483885 2
006 3 60 12 0.003993 0.4 0.0199 0 0.7478 0 0.003993 -0.3478 0.0199 0.1113892 0.3483917 2
006 3 60 12 0.004391 0.4 0.019879 0 0.7478 0 0.004391 -0.3478 0.019879 0.1222534 0.3483953 2
006 3 60 12 0.004788 0.4 0.019856 0 0.7478 0 0.004788 -0.3478 0.019856 0.137207 0.3483992 2
006 3 60 12 0.005185 0.4 0.019831 0 0.7478 0 0.005185 -0.3478 0.019831 0.1447144 0.3484035 2
006 3 60 12 0.005582 0.4 0.019804 0 0.7478 0 0.005582 -0.3478 0.019804 0.1554565 0.3484081 2
006 3 60 12 0.005978 0.4 0.019775 0 0.7478 0 0.005978 -0.3478 0.019775 0.166748 0.348413 2
006 3 60 12 0.006373 0.4 0.019745 0 0.7478 0 0.006373 -0.3478 0.019745 0.1777954 0.3484183 2
006 3 60 12 0.006767 0.4 0.019712 0 0.7478 0 0.006767 -0.3478 0.019712 0.1884766 0.3484239 2
006 3 60 12 0.007161 0.4 0.019677 0 0.7478 0 0.007161 -0.3478 0.019677 0.199585 0.3484297 2
006 3 60 12 0.007554 0.4 0.01964 0 0.7478 0 0.007554 -0.3478 0.01964 0.2111816 0.348436 2
006 3 60 12 0.007947 0.4 0.019601 0 0.7478 0 0.007947 -0.3478 0.019601 0.2217407 0.3484425 2
006 3 60 12 0.008338 0.4 0.019561 0 0.7478 0 0.008338 -0.3478 0.019561 0.2328491 0.3484494 2
006 3 60 12 0.008729 0.4 0.019518 0 0.7478 0 0.008729 -0.3478 0.019518 0.2443237 0.3484566 2
006 3 60 12 0.009119 0.4 0.019473 0 0.7478 0 0.009119 -0.3478 0.019473 0.2554321 0.348464 2
006 3 60 12 0.009508 0.4 0.019427 0 0.7478 0 0.009508 -0.3478 0.019427 0.2661133 0.3484719 2
006 3 60 12 0.009896 0.4 0.019378 0 0.7478 0 0.009896 -0.3478 0.019378 0.2775269 0.3484799 2
006 3 60 12 0.010283 0.4 0.019328 0 0.7478 0 0.010283 -0.3478 0.019328 0.2919922 0.3484884 2
006 3 60 12 0.010669 0.4 0.019275 0 0.7478 0 0.010669 -0.3478 0.019275 0.2994995 0.348497 2
006 3 60 12 0.011054 0.4 0.019221 0 0.7478 0 0.011054 -0.3478 0.019221 0.3109131 0.3485061 2
006 3 60 12 0.011438 0.4 0.019165 0 0.7478 0 0.011438 -0.3478 0.019165 0.3219604 0.3485154 2
006 3 60 12 0.011821 0.4 0.019107 0 0.7478 0 0.011821 -0.3478 0.019107 0.3328857 0.348525 2
006 3 60 12 0.012202 0.4 0.019047 0 0.7478 0 0.012202 -0.3478 0.019047 0.3442383 0.3485348 2
006 3 60 12 0.012583 0.4 0.018985 0 0.7478 0 0.012583 -0.3478 0.018985 0.3551025 0.348545 2
006 3 60 12 0.012962 0.4 0.018921 0 0.7478 0 0.012962 -0.3478 0.018921 0.3664551 0.3485554 2
006 3 60 12 0.013339 0.4 0.018855 0 0.7478 0 0.013339 -0.3478 0.018855 0.3774414 0.348566 2
006 3 60 12 0.013716 0.4 0.018787 0 0.7478 0 0.013716 -0.3478 0.018787 0.3889771 0.348577 2
006 3 60 12 0.014091 0.4 0.018718 0 0.7478 0 0.014091 -0.3478 0.018718 0.3997803 0.3485882 2
006 3 60 12 0.014465 0.4 0.018647 0 0.7478 0 0.014465 -0.3478 0.018647 0.4111938 0.3485997 2
006 3 60 12 0.014837 0.4 0.018573 0 0.7478 0 0.014837 -0.3478 0.018573 0.421875 0.3486114 2
006 3 60 12 0.015208 0.4 0.018498 0 0.7478 0 0.015208 -0.3478 0.018498 0.4335938 0.3486234 2
006 3 60 12 0.015577 0.4 0.018421 0 0.7478 0 0.015577 -0.3478 0.018421 0.4483032 0.3486356 2
006 3 60 12 0.015944 0.4 0.018342 0 0.7478 0 0.015944 -0.3478 0.018342 0.4550171 0.3486481 2
006 3 60 12 0.01631 0.4 0.018262 0 0.7478 0 0.01631 -0.3478 0.018262 0.4664917 0.3486608 2
006 3 60 12 0.016675 0.4 0.018179 0 0.7478 0 0.016675 -0.3478 0.018179 0.4779663 0.3486737 2
006 3 60 12 0.017038 0.4 0.018095 0 0.7478 0 0.017038 -0.3478 0.018095 0.4885254 0.3486869 2
006 3 60 12 0.017399 0.4 0.018009 0 0.7478 0 0.017399 -0.3478 0.018009 0.4996948 0.3487003 2
006 3 60 12 0.017758 0.4 0.017921 0 0.7478 0 0.017758 -0.3478 0.017921 0.5108032 0.3487138 2
006 3 60 12 0.018115 0.4 0.017831 0 0.7478 0 0.018115 -0.3478 0.017831 0.5219727 0.3487276 2
006 3 60 12 0.018471 0.4 0.01774 0 0.7478 0 0.018471 -0.3478 0.01774 0.5331421 0.3487416 2
006 3 60 12 0.018825 0.4 0.017647 0 0.7478 0 0.018825 -0.3478 0.017647 0.5440674 0.3487558 2
006 3 60 12 0.019177 0.4 0.017552 0 0.7478 0 0.019177 -0.3478 0.017552 0.5550537 0.3487702 2
006 3 60 12 0.019527 0.4 0.017455 0 0.7478 0 0.019527 -0.3478 0.017455 0.5664063 0.3487848 2
006 3 60 12 0.019875 0.4 0.017356 0 0.7478 0 0.019875 -0.3478 0.017356 0.5775146 0.3487995 2
006 3 60 12 0.020221 0.4 0.017256 0 0.7478 0 0.020221 -0.3478 0.017256 0.5888672 0.3488144 2
006 3 60 12 0.020565 0.4 0.017154 0 0.7478 0 0.020565 -0.3478 0.017154 0.6034546 0.3488295 2
006 3 60 12 0.020907 0.4 0.01705 0 0.7478 0 0.020907 -0.3478 0.01705 0.6110229 0.3488447 2
006 3 60 12 0.021247 0.4 0.016945 0 0.7478 0 0.021247 -0.3478 0.016945 0.6221313 0.3488601 2
006 3 60 12 0.021585 0.4 0.016838 0 0.7478 0 0.021585 -0.3478 0.016838 0.6331177 0.3488757 2
006 3 60 12 0.021921 0.4 0.016729 0 0.7478 0 0.021921 -0.3478 0.016729 0.6442871 0.3488914 2
006 3 60 12 0.022254 0.4 0.016619 0 0.7478 0 0.022254 -0.3478 0.016619 0.6553955 0.3489072 2
006 3 60 12 0.022586 0.4 0.016507 0 0.7478 0 0.022586 -0.3478 0.016507 0.6663208 0.3489233 2
006 3 60 12 0.022915 0.4 0.016393 0 0.7478 0 0.022915 -0.3478 0.016393 0.6781006 0.3489393 2
006 3 60 12 0.023241 0.4 0.016278 0 0.7478 0 0.023241 -0.3478 0.016278 0.6884766 0.3489555 2
006 3 60 12 0.023566 0.4 0.016161 0 0.7478 0 0.023566 -0.3478 0.016161 0.699707 0.3489719 2
006 3 60 12 0.023888 0.4 0.016042 0 0.7478 0 0.023888 -0.3478 0.016042 0.7108765 0.3489883 2
006 3 60 12 0.024207 0.4 0.015922 0 0.7478 0 0.024207 -0.3478 0.015922 0.7218628 0.3490047 2
006 3 60 12 0.024525 0.4 0.0158 0 0.7478 0 0.024525 -0.3478 0.0158 0.7330933 0.3490214 2
006 3 60 12 0.024839 0.4 0.015676 0 0.7478 0 0.024839 -0.3478 0.015676 0.7444458 0.349038 2
006 3 60 12 0.025152 0.4 0.015551 0 0.7478 0 0.025152 -0.3478 0.015551 0.7590332 0.3490548 2
006 3 60 12 0.025461 0.4 0.015425 0 0.7478 0 0.025461 -0.3478 0.015425 0.7664185 0.3490717 2
006 3 60 12 0.025769 0.4 0.015297 0 0.7478 0 0.025769 -0.3478 0.015297 0.777771 0.3490886 2
006 3 60 12 0.026073 0.4 0.015167 0 0.7478 0 0.026073 -0.3478 0.015167 0.7887573 0.3491055 2
006 3 60 12 0.026375 0.4 0.015036 0 0.7478 0 0.026375 -0.3478 0.015036 0.7998047 0.3491226 2
006 3 60 12 0.026675 0.4 0.014903 0 0.7478 0 0.026675 -0.3478 0.014903 0.8111572 0.3491396 2
006 3 60 12 0.026972 0.4 0.014769 0 0.7478 0 0.026972 -0.3478 0.014769 0.8220215 0.3491568 2
006 3 60 12 0.027266 0.4 0.014634 0 0.7478 0 0.027266 -0.3478 0.014634 0.833374 0.3491739 2
006 3 60 12 0.027557 0.4 0.014497 0 0.7478 0 0.027557 -0.3478 0.014497 0.8443604 0.349191 2
006 3 60 12 0.027845 0.4 0.014358 0 0.7478 0 0.027845 -0.3478 0.014358 0.8554077 0.3492081 2
006 3 60 12 0.028131 0.4 0.014218 0 0.7478 0 0.028131 -0.3478 0.014218 0.866394 0.3492253 2
006 3 60 12 0.028414 0.4 0.014077 0 0.7478 0 0.028414 -0.3478 0.014077 0.8780518 0.3492425 2
006 3 60 12 0.028694 0.4 0.013934 0 0.7478 0 0.028694 -0.3478 0.013934 0.8884888 0.3492597 2
006 3 60 12 0.028971 0.4 0.01379 0 0.7478 0 0.028971 -0.3478 0.01379 0.9000244 0.3492768 2
006 3 60 12 0.029246 0.4 0.013644 0 0.7478 0 0.029246 -0.3478 0.013644 0.9142456 0.349294 2
006 3 60 12 0.029517 0.4 0.013498 0 0.7478 0 0.029517 -0.3478 0.013498 0.921814 0.3493111 2
006 3 60 12 0.029786 0.4 0.013349 0 0.7478 0 0.029786 -0.3478 0.013349 0.9331055 0.3493282 2
006 3 60 12 0.030051 0.4 0.0132 0 0.7478 0 0.030051 -0.3478 0.0132 0.9442139 0.3493453 2
006 3 60 12 0.030314 0.4 0.013049 0 0.7478 0 0.030314 -0.3478 0.013049 0.9552612 0.3493623 2
006 3 60 12 0.030573 0.4 0.012897 0 0.7478 0 0.030573 -0.3478 0.012897 0.9666138 0.3493793 2
006 3 60 12 0.03083 0.4 0.012743 0 0.7478 0 0.03083 -0.3478 0.012743 0.977478 0.3493962 2
006 3 60 12 0.031083 0.4 0.012588 0 0.7478 0 0.031083 -0.3478 0.012588 0.9887085 0.349413 2
006 3 60 12 0.031333 0.4 0.012432 0 0.7478 0 0.031333 -0.3478 0.012432 0.9998169 0.3494297 2
006 3 60 12 0.03158 0.4 0.012275 0 0.7478 0 0.03158 -0.3478 0.012275 1.011047 0.3494464 2
006 3 60 12 0.031824 0.4 0.012116 0 0.7478 0 0.031824 -0.3478 0.012116 1.021729 0.349463 2
006 3 60 12 0.032065 0.4 0.011957 0 0.7478 0 0.032065 -0.3478 0.011957 1.033386 0.3494796 2
006 3 60 12 0.032302 0.4 0.011796 0 0.7478 0 0.032302 -0.3478 0.011796 1.044189 0.3494959 2
006 3 60 12 0.032537 0.4 0.011634 0 0.7478 0 0.032537 -0.3478 0.011634 1.055725 0.3495123 2
006 3 60 12 0.032768 0.4 0.01147 0 0.7478 0 0.032768 -0.3478 0.01147 1.069641 0.3495285 2
006 3 60 12 0.032995 0.4 0.011306 0 0.7478 0 0.032995 -0.3478 0.011306 1.077576 0.3495445 2
006 3 60 12 0.03322 0.4 0.01114 0 0.7478 0 0.03322 -0.3478 0.01114 1.088806 0.3495604 2
006 3 60 12 0.033441 0.4 0.010974 0 0.7478 0 0.033441 -0.3478 0.010974 1.099915 0.3495763 2
006 3 60 12 0.033659 0.4 0.010806 0 0.7478 0 0.033659 -0.3478 0.010806 1.111145 0.3495919 2
006 3 60 12 0.033873 0.4 0.010637 0 0.7478 0 0.033873 -0.3478 0.010637 1.122192 0.3496074 2
006 3 60 12 0.034084 0.4 0.010467 0 0.7478 0 0.034084 -0.3478 0.010467 1.133118 0.3496228 2
006 3 60 12 0.034292 0.4 0.010296 0 0.7478 0 0.034292 -0.3478 0.010296 1.144531 0.3496381 2
006 3 60 12 0.034496 0.4 0.010124 0 0.7478 0 0.034496 -0.3478 0.010124 1.155273 0.3496531 2
006 3 60 12 0.034697 0.4 0.009951 0 0.7478 0 0.034697 -0.3478 0.009951 1.166443 0.349668 2
006 3 60 12 0.034894 0.4 0.009777 0 0.7478 0 0.034894 -0.3478 0.009777 1.177917 0.3496827 2
006 3 60 12 0.035088 0.4 0.009602 0 0.7478 0 0.035088 -0.3478 0.009602 1.188965 0.3496973 2
006 3 60 12 0.035278 0.4 0.009427 0 0.7478 0 0.035278 -0.3478 0.009427 1.199768 0.3497117 2
006 3 60 12 0.035465 0.4 0.00925 0 0.7478 0 0.035465 -0.3478 0.00925 1.210938 0.3497258 2
006 3 60 12 0.035648 0.4 0.009072 0 0.7478 0 0.035648 -0.3478 0.009072 1.225647 0.3497398 2
006 3 60 12 0.035828 0.4 0.008893 0 0.7478 0 0.035828 -0.3478 0.008893 1.232605 0.3497536 2
006 3 60 12 0.036004 0.4 0.008714 0 0.7478 0 0.036004 -0.3478 0.008714 1.24408 0.3497671 2
006 3 60 12 0.036176 0.4 0.008533 0 0.7478 0 0.036176 -0.3478 0.008533 1.255554 0.3497804 2
006 3 60 12 0.036345 0.4 0.008352 0 0.7478 0 0.036345 -0.3478 0.008352 1.266357 0.3497936 2
006 3 60 12 0.036511 0.4 0.00817 0 0.7478 0 0.036511 -0.3478 0.00817 1.277466 0.3498066 2
006 3 60 12 0.036672 0.4 0.007987 0 0.7478 0 0.036672 -0.3478 0.007987 1.289124 0.3498192 2
006 3 60 12 0.03683 0.4 0.007803 0 0.7478 0 0.03683 -0.3478 0.007803 1.299561 0.3498316 2
006 3 60 12 0.036984 0.4 0.007618 0 0.7478 0 0.036984 -0.3478 0.007618 1.310791 0.3498438 2
006 3 60 12 0.037135 0.4 0.007433 0 0.7478 0 0.037135 -0.3478 0.007433 1.322327 0.3498558 2
006 3 60 12 0.037282 0.4 0.007247 0 0.7478 0 0.037282 -0.3478 0.007247 1.333191 0.3498676 2
006 3 60 12 0.037425 0.4 0.00706 0 0.7478 0 0.037425 -0.3478 0.00706 1.344299 0.349879 2
006 3 60 12 0.037564 0.4 0.006873 0 0.7478 0 0.037564 -0.3478 0.006873 1.355469 0.3498901 2
006 3 60 12 0.0377 0.4 0.006685 0 0.7478 0 0.0377 -0.3478 0.006685 1.368164 0.3499011 2
006 3 60 12 0.037831 0.4 0.006496 0 0.7478 0 0.037831 -0.3478 0.006496 1.380432 0.3499117 2
006 3 60 12 0.037959 0.4 0.006306 0 0.7478 0 0.037959 -0.3478 0.006306 1.38855 0.3499221 2
006 3 60 12 0.038084 0.4 0.006116 0 0.7478 0 0.038084 -0.3478 0.006116 1.399719 0.3499323 2
006 3 60 12 0.038204 0.4 0.005926 0 0.7478 0 0.038204 -0.3478 0.005926 1.411255 0.3499421 2
006 3 60 12 0.038321 0.4 0.005734 0 0.7478 0 0.038321 -0.3478 0.005734 1.421936 0.3499517 2
006 3 60 12 0.038433 0.4 0.005542 0 0.7478 0 0.038433 -0.3478 0.005542 1.433044 0.3499609 2
006 3 60 12 0.038542 0.4 0.00535 0 0.7478 0 0.038542 -0.3478 0.00535 1.444214 0.3499699 2
006 3 60 12 0.038647 0.4 0.005157 0 0.7478 0 0.038647 -0.3478 0.005157 1.455627 0.3499786 2
006 3 60 12 0.038749 0.4 0.004964 0 0.7478 0 0.038749 -0.3478 0.004964 1.466614 0.3499871 2
006 3 60 12 0.038846 0.4 0.00477 0 0.7478 0 0.038846 -0.3478 0.00477 1.477661 0.3499951 2
006 3 60 12 0.038939 0.4 0.004575 0 0.7478 0 0.038939 -0.3478 0.004575 1.488708 0.3500029 2
006 3 60 12 0.039029 0.4 0.00438 0 0.7478 0 0.039029 -0.3478 0.00438 1.499817 0.3500104 2
006 3 60 12 0.039115 0.4 0.004185 0 0.7478 0 0.039115 -0.3478 0.004185 1.51123 0.3500176 2
006 3 60 12 0.039196 0.4 0.003989 0 0.7478 0 0.039196 -0.3478 0.003989 1.522278 0.3500244 2
006 3 60 12 0.039274 0.4 0.003793 0 0.7478 0 0.039274 -0.3478 0.003793 1.536987 0.3500309 2
006 3 60 12 0.039348 0.4 0.003596 0 0.7478 0 0.039348 -0.3478 0.003596 1.543823 0.3500372 2
006 3 60 12 0.039418 0.4 0.003399 0 0.7478 0 0.039418 -0.3478 0.003399 1.555237 0.3500431 2
006 3 60 12 0.039484 0.4 0.003202 0 0.7478 0 0.039484 -0.3478 0.003202 1.566589 0.3500487 2
006 3 60 12 0.039546 0.4 0.003005 0 0.7478 0 0.039546 -0.3478 0.003005 1.577942 0.3500539 2
006 3 60 12 0.039604 0.4 0.002807 0 0.7478 0 0.039604 -0.3478 0.002807 1.588745 0.3500588 2
006 3 60 12 0.039658 0.4 0.002608 0 0.7478 0 0.039658 -0.3478 0.002608 1.599792 0.3500634 2
006 3 60 12 0.039709 0.4 0.00241 0 0.7478 0 0.039709 -0.3478 0.00241 1.610596 0.3500678 2
006 3 60 12 0.039755 0.4 0.002211 0 0.7478 0 0.039755 -0.3478 0.002211 1.622009 0.3500717 2
006 3 60 12 0.039797 0.4 0.002013 0 0.7478 0 0.039797 -0.3478 0.002013 1.63324 0.3500752 2
006 3 60 12 0.039835 0.4 0.001813 0 0.7478 0 0.039835 -0.3478 0.001813 1.644531 0.3500785 2
006 3 60 12 0.03987 0.4 0.001614 0 0.7478 0 0.03987 -0.3478 0.001614 1.65564 0.3500815 2
006 3 60 12 0.0399 0.4 0.001415 0 0.7478 0 0.0399 -0.3478 0.001415 1.66626 0.350084 2
006 3 60 12 0.039926 0.4 0.001215 0 0.7478 0 0.039926 -0.3478 0.001215 1.677856 0.3500863 2
006 3 60 12 0.039948 0.4 0.001015 0 0.7478 0 0.039948 -0.3478 0.001015 1.692078 0.3500881 2
006 3 60 12 0.039967 0.4 0.000816 0 0.7478 0 0.039967 -0.3478 0.000816 1.699646 0.3500898 2
006 3 60 12 0.039981 0.4 0.000616 0 0.7478 0 0.039981 -0.3478 0.000616 1.711121 0.350091 2
006 3 60 12 0.039991 0.4 0.000416 0 0.7478 0 0.039991 -0.3478 0.000416 1.722229 0.3500918 2
006 3 60 12 0.039998 0.4 0.000216 0 0.7478 0 0.039998 -0.3478 0.000216 1.733521 0.3500924 2
006 3 60 12 0.04 0.4 1.6E-05 0 0.7478 0 0.04 -0.3478 1.6E-05 1.744324 0.3500926 2
006 3 60 12 0.039998 0.4 -0.000184 0 0.7478 0 0.039998 -0.3478 -0.000184 1.75592 0.3500924 2
006 3 60 12 0.039993 0.4 -0.000384 0 0.7478 0 0.039993 -0.3478 -0.000384 1.766724 0.350092 2
006 3 60 12 0.039983 0.4 -0.000584 0 0.7478 0 0.039983 -0.3478 -0.000584 1.777527 0.3500911 2
006 3 60 12 0.039969 0.4 -0.000784 0 0.7478 0 0.039969 -0.3478 -0.000784 1.788696 0.3500899 2
006 3 60 12 0.039952 0.4 -0.000984 0 0.7478 0 0.039952 -0.3478 -0.000984 1.799683 0.3500885 2
006 3 60 12 0.03993 0.4 -0.001183 0 0.7478 0 0.03993 -0.3478 -0.001183 1.811218 0.3500866 2
006 3 60 12 0.039904 0.4 -0.001383 0 0.7478 0 0.039904 -0.3478 -0.001383 1.822021 0.3500844 2
006 3 60 12 0.039875 0.4 -0.001582 0 0.7478 0 0.039875 -0.3478 -0.001582 1.833496 0.3500819 2
006 3 60 12 0.039841 0.4 -0.001782 0 0.7478 0 0.039841 -0.3478 -0.001782 1.847412 0.350079 2
006 3 60 12 0.039803 0.4 -0.001981 0 0.7478 0 0.039803 -0.3478 -0.001981 1.855469 0.3500758 2
006 3 60 12 0.039762 0.4 -0.00218 0 0.7478 0 0.039762 -0.3478 -0.00218 1.866455 0.3500723 2
006 3 60 12 0.039716 0.4 -0.002378 0 0.7478 0 0.039716 -0.3478 -0.002378 1.87793 0.3500684 2
006 3 60 12 0.039667 0.4 -0.002577 0 0.7478 0 0.039667 -0.3478 -0.002577 1.888489 0.3500642 2
006 3 60 12 0.039613 0.4 -0.002775 0 0.7478 0 0.039613 -0.3478 -0.002775 1.899658 0.3500596 2
006 3 60 12 0.039556 0.4 -0.002973 0 0.7478 0 0.039556 -0.3478 -0.002973 1.911011 0.3500548 2
006 3 60 12 0.039494 0.4 -0.003171 0 0.7478 0 0.039494 -0.3478 -0.003171 1.92218 0.3500495 2
006 3 60 12 0.039429 0.4 -0.003368 0 0.7478 0 0.039429 -0.3478 -0.003368 1.933655 0.350044 2
006 3 60 12 0.039359 0.4 -0.003565 0 0.7478 0 0.039359 -0.3478 -0.003565 1.944336 0.3500381 2
006 3 60 12 0.039286 0.4 -0.003762 0 0.7478 0 0.039286 -0.3478 -0.003762 1.955627 0.350032 2
006 3 60 12 0.039209 0.4 -0.003958 0 0.7478 0 0.039209 -0.3478 -0.003958 1.966431 0.3500255 2
006 3 60 12 0.039128 0.4 -0.004154 0 0.7478 0 0.039128 -0.3478 -0.004154 1.977722 0.3500187 2
006 3 60 12 0.039043 0.4 -0.004349 0 0.7478 0 0.039043 -0.3478 -0.004349 1.988953 0.3500116 2
006 3 60 12 0.038954 0.4 -0.004544 0 0.7478 0 0.038954 -0.3478 -0.004544 2.003174 0.3500041 2
006 3 60 12 0.038861 0.4 -0.004739 0 0.7478 0 0.038861 -0.3478 -0.004739 2.010864 0.3499964 2
006 3 60 12 0.038764 0.4 -0.004933 0 0.7478 0 0.038764 -0.3478 -0.004933 2.022156 0.3499883 2
006 3 60 12 0.038664 0.4 -0.005126 0 0.7478 0 0.038664 -0.3478 -0.005126 2.033447 0.34998 2
006 3 60 12 0.038559 0.4 -0.005319 0 0.7478 0 0.038559 -0.3478 -0.005319 2.044617 0.3499713 2
006 3 60 12 0.038451 0.4 -0.005512 0 0.7478 0 0.038451 -0.3478 -0.005512 2.055847 0.3499624 2
006 3 60 12 0.038339 0.4 -0.005704 0 0.7478 0 0.038339 -0.3478 -0.005704 2.066956 0.3499532 2
006 3 60 12 0.038223 0.4 -0.005895 0 0.7478 0 0.038223 -0.3478 -0.005895 2.077881 0.3499437 2
006 3 60 12 0.038103 0.4 -0.006086 0 0.7478 0 0.038103 -0.3478 -0.006086 2.088623 0.3499339 2
006 3 60 12 0.037979 0.4 -0.006276 0 0.7478 0 0.037979 -0.3478 -0.006276 2.099548 0.3499237 2
006 3 60 12 0.037852 0.4 -0.006466 0 0.7478 0 0.037852 -0.3478 -0.006466 2.111328 0.3499134 2
006 3 60 12 0.037721 0.4 -0.006655 0 0.7478 0 0.037721 -0.3478 -0.006655 2.122437 0.3499028 2
006 3 60 12 0.037586 0.4 -0.006843 0 0.7478 0 0.037586 -0.3478 -0.006843 2.133545 0.3498919 2
006 3 60 12 0.037447 0.4 -0.007031 0 0.7478 0 0.037447 -0.3478 -0.007031 2.144836 0.3498808 2
006 3 60 12 0.037305 0.4 -0.007217 0 0.7478 0 0.037305 -0.3478 -0.007217 2.158752 0.3498694 2
006 3 60 12 0.037158 0.4 -0.007404 0 0.7478 0 0.037158 -0.3478 -0.007404 2.165955 0.3498576 2
006 3 60 12 0.037008 0.4 -0.007589 0 0.7478 0 0.037008 -0.3478 -0.007589 2.17749 0.3498457 2
006 3 60 12 0.036855 0.4 -0.007774 0 0.7478 0 0.036855 -0.3478 -0.007774 2.188904 0.3498336 2
006 3 60 12 0.036698 0.4 -0.007958 0 0.7478 0 0.036698 -0.3478 -0.007958 2.199768 0.3498212 2
006 3 60 12 0.036537 0.4 -0.008141 0 0.7478 0 0.036537 -0.3478 -0.008141 2.21106 0.3498086 2
006 3 60 12 0.036372 0.4 -0.008323 0 0.7478 0 0.036372 -0.3478 -0.008323 2.222107 0.3497957 2
006 3 60 12 0.036204 0.4 -0.008504 0 0.7478 0 0.036204 -0.3478 -0.008504 2.233337 0.3497826 2
006 3 60 12 0.036032 0.4 -0.008685 0 0.7478 0 0.036032 -0.3478 -0.008685 2.24469 0.3497693 2
006 3 60 12 0.035856 0.4 -0.008865 0 0.7478 0 0.035856 -0.3478 -0.008865 2.255432 0.3497557 2
006 3 60 12 0.035677 0.4 -0.009044 0 0.7478 0 0.035677 -0.3478 -0.009044 2.266785 0.349742 2
006 3 60 12 0.035494 0.4 -0.009221 0 0.7478 0 0.035494 -0.3478 -0.009221 2.277771 0.349728 2
006 3 60 12 0.035308 0.4 -0.009398 0 0.7478 0 0.035308 -0.3478 -0.009398 2.288635 0.3497139 2
006 3 60 12 0.035119 0.4 -0.009575 0 0.7478 0 0.035119 -0.3478 -0.009575 2.300293 0.3496997 2
006 3 60 12 0.034925 0.4 -0.00975 0 0.7478 0 0.034925 -0.3478 -0.00975 2.31427 0.3496851 2
006 3 60 12 0.034729 0.4 -0.009924 0 0.7478 0 0.034729 -0.3478 -0.009924 2.321777 0.3496704 2
006 3 60 12 0.034528 0.4 -0.010097 0 0.7478 0 0.034528 -0.3478 -0.010097 2.333191 0.3496555 2
006 3 60 12 0.034325 0.4 -0.010269 0 0.7478 0 0.034325 -0.3478 -0.010269 2.344177 0.3496405 2
006 3 60 12 0.034118 0.4 -0.01044 0 0.7478 0 0.034118 -0.3478 -0.01044 2.355835 0.3496253 2
006 3 60 12 0.033907 0.4 -0.01061 0 0.7478 0 0.033907 -0.3478 -0.01061 2.366455 0.3496099 2
006 3 60 12 0.033693 0.4 -0.010779 0 0.7478 0 0.033693 -0.3478 -0.010779 2.377747 0.3495944 2
006 3 60 12 0.033476 0.4 -0.010947 0 0.7478 0 0.033476 -0.3478 -0.010947 2.388977 0.3495788 2
006 3 60 12 0.033255 0.4 -0.011114 0 0.7478 0 0.033255 -0.3478 -0.011114 2.400146 0.3495629 2
006 3 60 12 0.033031 0.4 -0.01128 0 0.7478 0 0.033031 -0.3478 -0.01128 2.411316 0.349547 2
006 3 60 12 0.032804 0.4 -0.011444 0 0.7478 0 0.032804 -0.3478 -0.011444 2.421997 0.349531 2
006 3 60 12 0.032574 0.4 -0.011608 0 0.7478 0 0.032574 -0.3478 -0.011608 2.433594 0.3495149 2
006 3 60 12 0.03234 0.4 -0.01177 0 0.7478 0 0.03234 -0.3478 -0.01177 2.444397 0.3494985 2
006 3 60 12 0.032103 0.4 -0.011931 0 0.7478 0 0.032103 -0.3478 -0.011931 2.455505 0.3494822 2
006 3 60 12 0.031863 0.4 -0.012091 0 0.7478 0 0.031863 -0.3478 -0.012091 2.469727 0.3494657 2
006 3 60 12 0.031619 0.4 -0.01225 0 0.7478 0 0.031619 -0.3478 -0.01225 2.477539 0.3494491 2
006 3 60 12 0.031373 0.4 -0.012407 0 0.7478 0 0.031373 -0.3478 -0.012407 2.488586 0.3494324 2
006 3 60 12 0.031123 0.4 -0.012563 0 0.7478 0 0.031123 -0.3478 -0.012563 2.499634 0.3494157 2
006 3 60 12 0.03087 0.4 -0.012718 0 0.7478 0 0.03087 -0.3478 -0.012718 2.511169 0.3493988 2
006 3 60 12 0.030614 0.4 -0.012872 0 0.7478 0 0.030614 -0.3478 -0.012872 2.522339 0.3493819 2
006 3 60 12 0.030355 0.4 -0.013025 0 0.7478 0 0.030355 -0.3478 -0.013025 2.53363 0.349365 2
006 3 60 12 0.030093 0.4 -0.013176 0 0.7478 0 0.030093 -0.3478 -0.013176 2.544189 0.349348 2
006 3 60 12 0.029828 0.4 -0.013326 0 0.7478 0 0.029828 -0.3478 -0.013326 2.555481 0.349331 2
006 3 60 12 0.02956 0.4 -0.013474 0 0.7478 0 0.02956 -0.3478 -0.013474 2.566711 0.3493139 2
006 3 60 12 0.029289 0.4 -0.013621 0 0.7478 0 0.029289 -0.3478 -0.013621 2.577698 0.3492967 2
006 3 60 12 0.029015 0.4 -0.013767 0 0.7478 0 0.029015 -0.3478 -0.013767 2.588745 0.3492796 2
006 3 60 12 0.028739 0.4 -0.013911 0 0.7478 0 0.028739 -0.3478 -0.013911 2.599854 0.3492625 2
006 3 60 12 0.028459 0.4 -0.014054 0 0.7478 0 0.028459 -0.3478 -0.014054 2.611389 0.3492453 2
006 3 60 12 0.028176 0.4 -0.014196 0 0.7478 0 0.028176 -0.3478 -0.014196 2.62561 0.3492281 2
006 3 60 12 0.027891 0.4 -0.014336 0 0.7478 0 0.027891 -0.3478 -0.014336 2.632996 0.3492109 2
006 3 60 12 0.027603 0.4 -0.014475 0 0.7478 0 0.027603 -0.3478 -0.014475 2.64447 0.3491938 2
006 3 60 12 0.027312 0.4 -0.014612 0 0.7478 0 0.027312 -0.3478 -0.014612 2.655334 0.3491766 2
006 3 60 12 0.027019 0.4 -0.014748 0 0.7478 0 0.027019 -0.3478 -0.014748 2.666687 0.3491595 2
006 3 60 12 0.026722 0.4 -0.014882 0 0.7478 0 0.026722 -0.3478 -0.014882 2.678101 0.3491423 2
006 3 60 12 0.026423 0.4 -0.015015 0 0.7478 0 0.026423 -0.3478 -0.015015 2.688843 0.3491253 2
006 3 60 12 0.026122 0.4 -0.015146 0 0.7478 0 0.026122 -0.3478 -0.015146 2.700134 0.3491083 2
006 3 60 12 0.025817 0.4 -0.015276 0 0.7478 0 0.025817 -0.3478 -0.015276 2.711121 0.3490913 2
006 3 60 12 0.025511 0.4 -0.015405 0 0.7478 0 0.025511 -0.3478 -0.015405 2.722046 0.3490744 2
006 3 60 12 0.025201 0.4 -0.015531 0 0.7478 0 0.025201 -0.3478 -0.015531 2.733215 0.3490575 2
006 3 60 12 0.024889 0.4 -0.015657 0 0.7478 0 0.024889 -0.3478 -0.015657 2.744568 0.3490407 2
006 3 60 12 0.024575 0.4 -0.01578 0 0.7478 0 0.024575 -0.3478 -0.01578 2.755432 0.349024 2
006 3 60 12 0.024258 0.4 -0.015902 0 0.7478 0 0.024258 -0.3478 -0.015902 2.766907 0.3490074 2
006 3 60 12 0.023939 0.4 -0.016023 0 0.7478 0 0.023939 -0.3478 -0.016023 2.780884 0.3489909 2
006 3 60 12 0.023617 0.4 -0.016142 0 0.7478 0 0.023617 -0.3478 -0.016142 2.788513 0.3489744 2
006 3 60 12 0.023293 0.4 -0.016259 0 0.7478 0 0.023293 -0.3478 -0.016259 2.80011 0.3489581 2
006 3 60 12 0.022967 0.4 -0.016375 0 0.7478 0 0.022967 -0.3478 -0.016375 2.811279 0.3489419 2
006 3 60 12 0.022638 0.4 -0.016489 0 0.7478 0 0.022638 -0.3478 -0.016489 2.822266 0.3489258 2
006 3 60 12 0.022307 0.4 -0.016601 0 0.7478 0 0.022307 -0.3478 -0.016601 2.83313 0.3489098 2
006 3 60 12 0.021974 0.4 -0.016712 0 0.7478 0 0.021974 -0.3478 -0.016712 2.844299 0.3488939 2
006 3 60 12 0.021639 0.4 -0.016821 0 0.7478 0 0.021639 -0.3478 -0.016821 2.855591 0.3488782 2
006 3 60 12 0.021301 0.4 -0.016928 0 0.7478 0 0.021301 -0.3478 -0.016928 2.866577 0.3488626 2
006 3 60 12 0.020962 0.4 -0.017034 0 0.7478 0 0.020962 -0.3478 -0.017034 2.877991 0.3488472 2
006 3 60 12 0.02062 0.4 -0.017138 0 0.7478 0 0.02062 -0.3478 -0.017138 2.888855 0.348832 2
006 3 60 12 0.020276 0.4 -0.01724 0 0.7478 0 0.020276 -0.3478 -0.01724 2.900146 0.3488168 2
006 3 60 12 0.01993 0.4 -0.017341 0 0.7478 0 0.01993 -0.3478 -0.017341 2.911255 0.3488019 2
006 3 60 12 0.019583 0.4 -0.017439 0 0.7478 0 0.019583 -0.3478 -0.017439 2.922546 0.3487871 2
006 3 60 12 0.019233 0.4 -0.017536 0 0.7478 0 0.019233 -0.3478 -0.017536 2.936401 0.3487725 2
006 3 60 12 0.018881 0.4 -0.017632 0 0.7478 0 0.018881 -0.3478 -0.017632 2.943909 0.3487581 2
006 3 60 12 0.018528 0.4 -0.017725 0 0.7478 0 0.018528 -0.3478 -0.017725 2.955505 0.3487439 2
006 3 60 12 0.018172 0.4 -0.017817 0 0.7478 0 0.018172 -0.3478 -0.017817 2.966736 0.3487298 2
006 3 60 12 0.017815 0.4 -0.017907 0 0.7478 0 0.017815 -0.3478 -0.017907 2.977905 0.348716 2
006 3 60 12 0.017456 0.4 -0.017995 0 0.7478 0 0.017456 -0.3478 -0.017995 2.989136 0.3487024 2
006 3 60 12 0.017095 0.4 -0.018081 0 0.7478 0 0.017095 -0.3478 -0.018081 2.999756 0.348689 2
006 3 60 12 0.016733 0.4 -0.018166 0 0.7478 0 0.016733 -0.3478 -0.018166 3.011353 0.3486758 2
006 3 60 12 0.016369 0.4 -0.018249 0 0.7478 0 0.016369 -0.3478 -0.018249 3.022095 0.3486629 2
006 3 60 12 0.016003 0.4 -0.01833 0 0.7478 0 0.016003 -0.3478 -0.01833 3.033691 0.3486501 2
006 3 60 12 0.015635 0.4 -0.018409 0 0.7478 0 0.015635 -0.3478 -0.018409 3.044617 0.3486376 2
006 3 60 12 0.015266 0.4 -0.018486 0 0.7478 0 0.015266 -0.3478 -0.018486 3.055542 0.3486253 2
006 3 60 12 0.014896 0.4 -0.018561 0 0.7478 0 0.014896 -0.3478 -0.018561 3.066772 0.3486133 2
006 3 60 12 0.014524 0.4 -0.018635 0 0.7478 0 0.014524 -0.3478 -0.018635 3.077698 0.3486015 2
006 3 60 12 0.014151 0.4 -0.018707 0 0.7478 0 0.014151 -0.3478 -0.018707 3.09198 0.3485901 2
006 3 60 12 0.013776 0.4 -0.018777 0 0.7478 0 0.013776 -0.3478 -0.018777 3.099609 0.3485788 2
006 3 60 12 0.0134 0.4 -0.018844 0 0.7478 0 0.0134 -0.3478 -0.018844 3.111511 0.3485678 2
006 3 60 12 0.013022 0.4 -0.018911 0 0.7478 0 0.013022 -0.3478 -0.018911 3.122375 0.3485571 2
006 3 60 12 0.012643 0.4 -0.018975 0 0.7478 0 0.012643 -0.3478 -0.018975 3.133362 0.3485466 2
006 3 60 12 0.012263 0.4 -0.019037 0 0.7478 0 0.012263 -0.3478 -0.019037 3.144531 0.3485364 2
006 3 60 12 0.011882 0.4 -0.019097 0 0.7478 0 0.011882 -0.3478 -0.019097 3.155701 0.3485265 2
006 3 60 12 0.011499 0.4 -0.019156 0 0.7478 0 0.011499 -0.3478 -0.019156 3.166809 0.3485169 2
006 3 60 12 0.011115 0.4 -0.019212 0 0.7478 0 0.011115 -0.3478 -0.019212 3.178162 0.3485075 2
006 3 60 12 0.010731 0.4 -0.019267 0 0.7478 0 0.010731 -0.3478 -0.019267 3.188904 0.3484985 2
006 3 60 12 0.010345 0.4 -0.01932 0 0.7478 0 0.010345 -0.3478 -0.01932 3.199707 0.3484898 2
006 3 60 12 0.009958 0.4 -0.01937 0 0.7478 0 0.009958 -0.3478 -0.01937 3.211182 0.3484813 2
006 3 60 12 0.00957 0.4 -0.019419 0 0.7478 0 0.00957 -0.3478 -0.019419 3.222107 0.3484731 2
006 3 60 12 0.009181 0.4 -0.019466 0 0.7478 0 0.009181 -0.3478 -0.019466 3.233459 0.3484653 2
006 3 60 12 0.008791 0.4 -0.019511 0 0.7478 0 0.008791 -0.3478 -0.019511 3.247681 0.3484577 2
006 3 60 12 0.008401 0.4 -0.019554 0 0.7478 0 0.008401 -0.3478 -0.019554 3.25531 0.3484505 2
006 3 60 12 0.008009 0.4 -0.019595 0 0.7478 0 0.008009 -0.3478 -0.019595 3.266785 0.3484436 2
006 3 60 12 0.007617 0.4 -0.019634 0 0.7478 0 0.007617 -0.3478 -0.019634 3.277893 0.348437 2
006 3 60 12 0.007224 0.4 -0.019671 0 0.7478 0 0.007224 -0.3478 -0.019671 3.288879 0.3484307 2
006 3 60 12 0.00683 0.4 -0.019706 0 0.7478 0 0.00683 -0.3478 -0.019706 3.30011 0.3484248 2
006 3 60 12 0.006436 0.4 -0.019739 0 0.7478 0 0.006436 -0.3478 -0.019739 3.311218 0.3484191 2
006 3 60 12 0.006041 0.4 -0.019771 0 0.7478 0 0.006041 -0.3478 -0.019771 3.322205 0.3484139 2
006 3 60 12 0.005645 0.4 -0.0198 0 0.7478 0 0.005645 -0.3478 -0.0198 3.333191 0.3484088 2
006 3 60 12 0.005249 0.4 -0.019827 0 0.7478 0 0.005249 -0.3478 -0.019827 3.344543 0.3484042 2
006 3 60 12 0.004852 0.4 -0.019852 0 0.7478 0 0.004852 -0.3478 -0.019852 3.355469 0.3483999 2
006 3 60 12 0.004454 0.4 -0.019876 0 0.7478 0 0.004454 -0.3478 -0.019876 3.366333 0.3483959 2
006 3 60 12 0.004057 0.4 -0.019897 0 0.7478 0 0.004057 -0.3478 -0.019897 3.377869 0.3483923 2
006 3 60 12 0.003659 0.4 -0.019916 0 0.7478 0 0.003659 -0.3478 -0.019916 3.389038 0.348389 2
006 3 60 12 0.00326 0.4 -0.019933 0 0.7478 0 0.00326 -0.3478 -0.019933 3.403381 0.348386 2
006 3 60 12 0.002861 0.4 -0.019949 0 0.7478 0 0.002861 -0.3478 -0.019949 3.410706 0.3483834 2
006 3 60 12 0.002462 0.4 -0.019962 0 0.7478 0 0.002462 -0.3478 -0.019962 3.422119 0.3483811 2
006 3 60 12 0.002063 0.4 -0.019973 0 0.7478 0 0.002063 -0.3478 -0.019973 3.433411 0.3483791 2
006 3 60 12 0.001663 0.4 -0.019983 0 0.7478 0 0.001663 -0.3478 -0.019983 3.444519 0.3483776 2
006 3 60 12 0.001263 0.4 -0.01999 0 0.7478 0 0.001263 -0.3478 -0.01999 3.455505 0.3483763 2
006 3 60 12 0.000864 0.4 -0.019995 0 0.7478 0 0.000864 -0.3478 -0.019995 3.466675 0.3483754 2
006 3 60 12 0.000464 0.4 -0.019999 0 0.7478 0 0.000464 -0.3478 -0.019999 3.477905 0.3483748 2
006 3 60 12 6.4E-05 0.4 -0.02 0 0.7478 0 6.4E-05 -0.3478 -0.02 3.488831 0.3483745 2
006 3 60 12 -0.000336 0.4 -0.019999 0 0.7478 0 -0.000336 -0.3478 -0.019999 3.499939 0.3483747 2
006 3 60 12 -0.000736 0.4 -0.019997 0 0.7478 0 -0.000736 -0.3478 -0.019997 3.511597 0.3483751 2
006 3 60 12 -0.001136 0.4 -0.019992 0 0.7478 0 -0.001136 -0.3478 -0.019992 3.522156 0.3483759 2
006 3 60 12 -0.001536 0.4 -0.019985 0 0.7478 0 -0.001536 -0.3478 -0.019985 3.533752 0.3483771 2
006 3 60 12 -0.001936 0.4 -0.019977 0 0.7478 0 -0.001936 -0.3478 -0.019977 3.545105 0.3483786 2
006 3 60 12 -0.002335 0.4 -0.019966 0 0.7478 0 -0.002335 -0.3478 -0.019966 3.559326 0.3483804 2
006 3 60 12 -0.002734 0.4 -0.019953 0 0.7478 0 -0.002734 -0.3478 -0.019953 3.566406 0.3483826 2
006 3 60 12 -0.003133 0.4 -0.019939 0 0.7478 0 -0.003133 -0.3478 -0.019939 3.577759 0.3483852 2
006 3 60 12 -0.003532 0.4 -0.019922 0 0.7478 0 -0.003532 -0.3478 -0.019922 3.588806 0.348388 2
006 3 60 12 -0.00393 0.4 -0.019903 0 0.7478 0 -0.00393 -0.3478 -0.019903 3.600464 0.3483912 2
006 3 60 12 -0.004328 0.4 -0.019883 0 0.7478 0 -0.004328 -0.3478 -0.019883 3.611267 0.3483948 2
006 3 60 12 -0.004725 0.4 -0.01986 0 0.7478 0 -0.004725 -0.3478 -0.01986 3.622559 0.3483986 2
006 3 60 12 -0.005122 0.4 -0.019835 0 0.7478 0 -0.005122 -0.3478 -0.019835 3.63324 0.3484028 2
006 3 60 12 -0.005519 0.4 -0.019809 0 0.7478 0 -0.005519 -0.3478 -0.019809 3.644775 0.3484074 2
006 3 60 12 -0.005915 0.4 -0.01978 0 0.7478 0 -0.005915 -0.3478 -0.01978 3.655518 0.3484122 2
006 3 60 12 -0.00631 0.4 -0.01975 0 0.7478 0 -0.00631 -0.3478 -0.01975 3.666626 0.3484174 2
006 3 60 12 -0.006704 0.4 -0.019717 0 0.7478 0 -0.006704 -0.3478 -0.019717 3.677979 0.3484229 2
006 3 60 12 -0.007098 0.4 -0.019683 0 0.7478 0 -0.007098 -0.3478 -0.019683 3.688965 0.3484288 2
006 3 60 12 -0.007492 0.4 -0.019646 0 0.7478 0 -0.007492 -0.3478 -0.019646 3.700134 0.348435 2
006 3 60 12 -0.007884 0.4 -0.019608 0 0.7478 0 -0.007884 -0.3478 -0.019608 3.715149 0.3484415 2
006 3 60 12 -0.008276 0.4 -0.019567 0 0.7478 0 -0.008276 -0.3478 -0.019567 3.721924 0.3484482 2
006 3 60 12 -0.008667 0.4 -0.019525 0 0.7478 0 -0.008667 -0.3478 -0.019525 3.733398 0.3484554 2
006 3 60 12 -0.009057 0.4 -0.019481 0 0.7478 0 -0.009057 -0.3478 -0.019481 3.744568 0.3484628 2
006 3 60 12 -0.009446 0.4 -0.019434 0 0.7478 0 -0.009446 -0.3478 -0.019434 3.756104 0.3484706 2
006 3 60 12 -0.009834 0.4 -0.019386 0 0.7478 0 -0.009834 -0.3478 -0.019386 3.766785 0.3484786 2
006 3 60 12 -0.010222 0.4 -0.019336 0 0.7478 0 -0.010222 -0.3478 -0.019336 3.777527 0.348487 2
006 3 60 12 -0.010608 0.4 -0.019284 0 0.7478 0 -0.010608 -0.3478 -0.019284 3.78894 0.3484957 2
006 3 60 12 -0.010993 0.4 -0.01923 0 0.7478 0 -0.010993 -0.3478 -0.01923 3.799988 0.3485046 2
006 3 60 12 -0.011377 0.4 -0.019174 0 0.7478 0 -0.011377 -0.3478 -0.019174 3.811157 0.3485138 2
006 3 60 12 -0.01176 0.4 -0.019116 0 0.7478 0 -0.01176 -0.3478 -0.019116 3.822327 0.3485234 2
006 3 60 12 -0.012142 0.4 -0.019056 0 0.7478 0 -0.012142 -0.3478 -0.019056 3.833557 0.3485332 2
006 3 60 12 -0.012522 0.4 -0.018995 0 0.7478 0 -0.012522 -0.3478 -0.018995 3.844604 0.3485433 2
006 3 60 12 -0.012901 0.4 -0.018931 0 0.7478 0 -0.012901 -0.3478 -0.018931 3.855591 0.3485537 2
006 3 60 12 -0.013279 0.4 -0.018866 0 0.7478 0 -0.013279 -0.3478 -0.018866 3.870056 0.3485643 2
006 3 60 12 -0.013656 0.4 -0.018798 0 0.7478 0 -0.013656 -0.3478 -0.018798 3.877563 0.3485752 2
006 3 60 12 -0.014031 0.4 -0.018729 0 0.7478 0 -0.014031 -0.3478 -0.018729 3.888794 0.3485864 2
006 3 60 12 -0.014405 0.4 -0.018658 0 0.7478 0 -0.014405 -0.3478 -0.018658 3.900085 0.3485978 2
006 3 60 12 -0.014778 0.4 -0.018585 0 0.7478 0 -0.014778 -0.3478 -0.018585 3.911194 0.3486096 2
006 3 60 12 -0.015149 0.4 -0.01851 0 0.7478 0 -0.015149 -0.3478 -0.01851 3.922119 0.3486215 2
006 3 60 12 -0.015518 0.4 -0.018434 0 0.7478 0 -0.015518 -0.3478 -0.018434 3.933594 0.3486337 2
006 3 60 12 -0.015886 0.4 -0.018355 0 0.7478 0 -0.015886 -0.3478 -0.018355 3.944397 0.3486461 2
006 3 60 12 -0.016252 0.4 -0.018275 0 0.7478 0 -0.016252 -0.3478 -0.018275 3.955933 0.3486588 2
006 3 60 12 -0.016617 0.4 -0.018193 0 0.7478 0 -0.016617 -0.3478 -0.018193 3.966675 0.3486717 2
006 3 60 12 -0.01698 0.4 -0.018109 0 0.7478 0 -0.01698 -0.3478 -0.018109 3.978149 0.3486848 2
006 3 60 12 -0.017341 0.4 -0.018023 0 0.7478 0 -0.017341 -0.3478 -0.018023 3.98877 0.3486981 2
006 3 60 12 -0.017701 0.4 -0.017935 0 0.7478 0 -0.017701 -0.3478 -0.017935 3.999878 0.3487117 2
006 3 60 12 -0.018059 0.4 -0.017846 0 0.7478 0 -0.018059 -0.3478 -0.017846 4.011292 0.3487254 2
006 3 60 12 -0.018415 0.4 -0.017755 0 0.7478 0 -0.018415 -0.3478 -0.017755 4.02594 0.3487394 2
006 3 60 12 -0.018769 0.4 -0.017662 0 0.7478 0 -0.018769 -0.3478 -0.017662 4.033203 0.3487536 2
006 3 60 12 -0.019121 0.4 -0.017567 0 0.7478 0 -0.019121 -0.3478 -0.017567 4.044373 0.3487679 2
006 3 60 12 -0.019471 0.4 -0.01747 0 0.7478 0 -0.019471 -0.3478 -0.01747 4.055847 0.3487824 2
006 3 60 12 -0.01982 0.4 -0.017372 0 0.7478 0 -0.01982 -0.3478 -0.017372 4.066956 0.3487971 2
006 3 60 12 -0.020166 0.4 -0.017272 0 0.7478 0 -0.020166 -0.3478 -0.017272 4.078064 0.348812 2
006 3 60 12 -0.020511 0.4 -0.017171 0 0.7478 0 -0.020511 -0.3478 -0.017171 4.088989 0.3488271 2
006 3 60 12 -0.020853 0.4 -0.017067 0 0.7478 0 -0.020853 -0.3478 -0.017067 4.099915 0.3488423 2
006 3 60 12 -0.021193 0.4 -0.016962 0 0.7478 0 -0.021193 -0.3478 -0.016962 4.111511 0.3488577 2
006 3 60 12 -0.021532 0.4 -0.016855 0 0.7478 0 -0.021532 -0.3478 -0.016855 4.122192 0.3488733 2
006 3 60 12 -0.021868 0.4 -0.016747 0 0.7478 0 -0.021868 -0.3478 -0.016747 4.133545 0.348889 2
006 3 60 12 -0.022201 0.4 -0.016637 0 0.7478 0 -0.022201 -0.3478 -0.016637 4.144348 0.3489047 2
006 3 60 12 -0.022533 0.4 -0.016525 0 0.7478 0 -0.022533 -0.3478 -0.016525 4.156067 0.3489207 2
006 3 60 12 -0.022862 0.4 -0.016411 0 0.7478 0 -0.022862 -0.3478 -0.016411 4.16687 0.3489367 2
006 3 60 12 -0.02319 0.4 -0.016296 0 0.7478 0 -0.02319 -0.3478 -0.016296 4.18103 0.3489529 2
006 3 60 12 -0.023514 0.4 -0.016179 0 0.7478 0 -0.023514 -0.3478 -0.016179 4.188599 0.3489692 2
006 3 60 12 -0.023837 0.4 -0.016061 0 0.7478 0 -0.023837 -0.3478 -0.016061 4.199829 0.3489857 2
006 3 60 12 -0.024157 0.4 -0.015941 0 0.7478 0 -0.024157 -0.3478 -0.015941 4.211365 0.3490022 2
006 3 60 12 -0.024474 0.4 -0.015819 0 0.7478 0 -0.024474 -0.3478 -0.015819 4.222656 0.3490187 2
006 3 60 12 -0.024789 0.4 -0.015696 0 0.7478 0 -0.024789 -0.3478 -0.015696 4.233459 0.3490354 2
006 3 60 12 -0.025102 0.4 -0.015571 0 0.7478 0 -0.025102 -0.3478 -0.015571 4.244507 0.3490521 2
006 3 60 12 -0.025412 0.4 -0.015445 0 0.7478 0 -0.025412 -0.3478 -0.015445 4.255798 0.349069 2
006 3 60 12 -0.02572 0.4 -0.015317 0 0.7478 0 -0.02572 -0.3478 -0.015317 4.26709 0.3490859 2
006 3 60 12 -0.026025 0.4 -0.015188 0 0.7478 0 -0.026025 -0.3478 -0.015188 4.27832 0.3491029 2
006 3 60 12 -0.026327 0.4 -0.015057 0 0.7478 0 -0.026327 -0.3478 -0.015057 4.28894 0.3491198 2
006 3 60 12 -0.026627 0.4 -0.014925 0 0.7478 0 -0.026627 -0.3478 -0.014925 4.301331 0.3491369 2
006 3 60 12 -0.026924 0.4 -0.014791 0 0.7478 0 -0.026924 -0.3478 -0.014791 4.311279 0.349154 2
006 3 60 12 -0.027219 0.4 -0.014655 0 0.7478 0 -0.027219 -0.3478 -0.014655 4.322449 0.3491711 2
006 3 60 12 -0.027511 0.4 -0.014519 0 0.7478 0 -0.027511 -0.3478 -0.014519 4.336731 0.3491883 2
006 3 60 12 -0.0278 0.4 -0.01438 0 0.7478 0 -0.0278 -0.3478 -0.01438 4.344849 0.3492055 2
006 3 60 12 -0.028086 0.4 -0.014241 0 0.7478 0 -0.028086 -0.3478 -0.014241 4.355652 0.3492227 2
006 3 60 12 -0.028369 0.4 -0.0141 0 0.7478 0 -0.028369 -0.3478 -0.0141 4.366943 0.3492398 2
006 3 60 12 -0.02865 0.4 -0.013957 0 0.7478 0 -0.02865 -0.3478 -0.013957 4.377808 0.349257 2
006 3 60 12 -0.028928 0.4 -0.013813 0 0.7478 0 -0.028928 -0.3478 -0.013813 4.389099 0.3492742 2
006 3 60 12 -0.029202 0.4 -0.013668 0 0.7478 0 -0.029202 -0.3478 -0.013668 4.400269 0.3492913 2
006 3 60 12 -0.029474 0.4 -0.013521 0 0.7478 0 -0.029474 -0.3478 -0.013521 4.411316 0.3493084 2
006 3 60 12 -0.029743 0.4 -0.013373 0 0.7478 0 -0.029743 -0.3478 -0.013373 4.422485 0.3493255 2
006 3 60 12 -0.030009 0.4 -0.013224 0 0.7478 0 -0.030009 -0.3478 -0.013224 4.433411 0.3493426 2
006 3 60 12 -0.030272 0.4 -0.013073 0 0.7478 0 -0.030272 -0.3478 -0.013073 4.444946 0.3493596 2
006 3 60 12 -0.030532 0.4 -0.012921 0 0.7478 0 -0.030532 -0.3478 -0.012921 4.455627 0.3493766 2
006 3 60 12 -0.030789 0.4 -0.012768 0 0.7478 0 -0.030789 -0.3478 -0.012768 4.46698 0.3493935 2
006 3 60 12 -0.031043 0.4 -0.012613 0 0.7478 0 -0.031043 -0.3478 -0.012613 4.478027 0.3494103 2
006 3 60 12 -0.031293 0.4 -0.012457 0 0.7478 0 -0.031293 -0.3478 -0.012457 4.492615 0.349427 2
006 3 60 12 -0.031541 0.4 -0.0123 0 0.7478 0 -0.031541 -0.3478 -0.0123 4.499817 0.3494438 2
006 3 60 12 -0.031785 0.4 -0.012142 0 0.7478 0 -0.031785 -0.3478 -0.012142 4.511292 0.3494604 2
006 3 60 12 -0.032027 0.4 -0.011982 0 0.7478 0 -0.032027 -0.3478 -0.011982 4.522461 0.3494769 2
006 3 60 12 -0.032265 0.4 -0.011821 0 0.7478 0 -0.032265 -0.3478 -0.011821 4.533142 0.3494934 2
006 3 60 12 -0.0325 0.4 -0.01166 0 0.7478 0 -0.0325 -0.3478 -0.01166 4.544678 0.3495097 2
006 3 60 12 -0.032731 0.4 -0.011496 0 0.7478 0 -0.032731 -0.3478 -0.011496 4.555664 0.3495258 2
006 3 60 12 -0.032959 0.4 -0.011332 0 0.7478 0 -0.032959 -0.3478 -0.011332 4.566833 0.3495419 2
006 3 60 12 -0.033184 0.4 -0.011167 0 0.7478 0 -0.033184 -0.3478 -0.011167 4.577942 0.3495579 2
006 3 60 12 -0.033406 0.4 -0.011 0 0.7478 0 -0.033406 -0.3478 -0.011 4.589355 0.3495737 2
006 3 60 12 -0.033624 0.4 -0.010833 0 0.7478 0 -0.033624 -0.3478 -0.010833 4.600281 0.3495894 2
006 3 60 12 -0.033839 0.4 -0.010664 0 0.7478 0 -0.033839 -0.3478 -0.010664 4.611328 0.349605 2
006 3 60 12 -0.034051 0.4 -0.010494 0 0.7478 0 -0.034051 -0.3478 -0.010494 4.622253 0.3496204 2
006 3 60 12 -0.034259 0.4 -0.010324 0 0.7478 0 -0.034259 -0.3478 -0.010324 4.633789 0.3496357 2
006 3 60 12 -0.034464 0.4 -0.010152 0 0.7478 0 -0.034464 -0.3478 -0.010152 4.647766 0.3496508 2
006 3 60 12 -0.034665 0.4 -0.009979 0 0.7478 0 -0.034665 -0.3478 -0.009979 4.655579 0.3496657 2
006 3 60 12 -0.034863 0.4 -0.009805 0 0.7478 0 -0.034863 -0.3478 -0.009805 4.666748 0.3496804 2
006 3 60 12 -0.035057 0.4 -0.00963 0 0.7478 0 -0.035057 -0.3478 -0.00963 4.677856 0.3496949 2
006 3 60 12 -0.035248 0.4 -0.009455 0 0.7478 0 -0.035248 -0.3478 -0.009455 4.689148 0.3497094 2
006 3 60 12 -0.035436 0.4 -0.009278 0 0.7478 0 -0.035436 -0.3478 -0.009278 4.700012 0.3497236 2
006 3 60 12 -0.035619 0.4 -0.0091 0 0.7478 0 -0.035619 -0.3478 -0.0091 4.711243 0.3497376 2
006 3 60 12 -0.0358 0.4 -0.008922 0 0.7478 0 -0.0358 -0.3478 -0.008922 4.72229 0.3497514 2
006 3 60 12 -0.035976 0.4 -0.008742 0 0.7478 0 -0.035976 -0.3478 -0.008742 4.733765 0.3497649 2
006 3 60 12 -0.036149 0.4 -0.008562 0 0.7478 0 -0.036149 -0.3478 -0.008562 4.744568 0.3497784 2
006 3 60 12 -0.036319 0.4 -0.008381 0 0.7478 0 -0.036319 -0.3478 -0.008381 4.756165 0.3497916 2
006 3 60 12 -0.036484 0.4 -0.008199 0 0.7478 0 -0.036484 -0.3478 -0.008199 4.766785 0.3498044 2
006 3 60 12 -0.036647 0.4 -0.008016 0 0.7478 0 -0.036647 -0.3478 -0.008016 4.777771 0.3498172 2
006 3 60 12 -0.036805 0.4 -0.007832 0 0.7478 0 -0.036805 -0.3478 -0.007832 4.789001 0.3498296 2
006 3 60 12 -0.03696 0.4 -0.007648 0 0.7478 0 -0.03696 -0.3478 -0.007648 4.803345 0.3498419 2
006 3 60 12 -0.037111 0.4 -0.007463 0 0.7478 0 -0.037111 -0.3478 -0.007463 4.810852 0.3498539 2
006 3 60 12 -0.037258 0.4 -0.007277 0 0.7478 0 -0.037258 -0.3478 -0.007277 4.822205 0.3498656 2
006 3 60 12 -0.037402 0.4 -0.00709 0 0.7478 0 -0.037402 -0.3478 -0.00709 4.833618 0.3498771 2
006 3 60 12 -0.037542 0.4 -0.006903 0 0.7478 0 -0.037542 -0.3478 -0.006903 4.844604 0.3498884 2
006 3 60 12 -0.037678 0.4 -0.006715 0 0.7478 0 -0.037678 -0.3478 -0.006715 4.855774 0.3498994 2
006 3 60 12 -0.037811 0.4 -0.006526 0 0.7478 0 -0.037811 -0.3478 -0.006526 4.866821 0.3499101 2
006 3 60 12 -0.037939 0.4 -0.006337 0 0.7478 0 -0.037939 -0.3478 -0.006337 4.877869 0.3499205 2
006 3 60 12 -0.038064 0.4 -0.006147 0 0.7478 0 -0.038064 -0.3478 -0.006147 4.888977 0.3499307 2
006 3 60 12 -0.038185 0.4 -0.005956 0 0.7478 0 -0.038185 -0.3478 -0.005956 4.900146 0.3499406 2
006 3 60 12 -0.038302 0.4 -0.005765 0 0.7478 0 -0.038302 -0.3478 -0.005765 4.911377 0.3499502 2
006 3 60 12 -0.038416 0.4 -0.005573 0 0.7478 0 -0.038416 -0.3478 -0.005573 4.92218 0.3499595 2
006 3 60 12 -0.038525 0.4 -0.005381 0 0.7478 0 -0.038525 -0.3478 -0.005381 4.933655 0.3499685 2
006 3 60 12 -0.038631 0.4 -0.005188 0 0.7478 0 -0.038631 -0.3478 -0.005188 4.944763 0.3499773 2
006 3 60 12 -0.038733 0.4 -0.004994 0 0.7478 0 -0.038733 -0.3478 -0.004994 4.958923 0.3499857 2
006 3 60 12 -0.038831 0.4 -0.0048 0 0.7478 0 -0.038831 -0.3478 -0.0048 4.966614 0.3499939 2
006 3 60 12 -0.038925 0.4 -0.004606 0 0.7478 0 -0.038925 -0.3478 -0.004606 4.977722 0.3500017 2
006 3 60 12 -0.039015 0.4 -0.004411 0 0.7478 0 -0.039015 -0.3478 -0.004411 4.989502 0.3500092 2
006 3 60 12 -0.039101 0.4 -0.004216 0 0.7478 0 -0.039101 -0.3478 -0.004216 5.000122 0.3500164 2
006 3 60 12 -0.039184 0.4 -0.00402 0 0.7478 0 -0.039184 -0.3478 -0.00402 5.011353 0.3500234 2
006 3 60 12 -0.039262 0.4 -0.003824 0 0.7478 0 -0.039262 -0.3478 -0.003824 5.022766 0.3500299 2
006 3 60 12 -0.039337 0.4 -0.003628 0 0.7478 0 -0.039337 -0.3478 -0.003628 5.033508 0.3500363 2
006 3 60 12 -0.039407 0.4 -0.003431 0 0.7478 0 -0.039407 -0.3478 -0.003431 5.044678 0.3500422 2
006 3 60 12 -0.039474 0.4 -0.003234 0 0.7478 0 -0.039474 -0.3478 -0.003234 5.05603 0.3500478 2
006 3 60 12 -0.039536 0.4 -0.003036 0 0.7478 0 -0.039536 -0.3478 -0.003036 5.066772 0.3500531 2
006 3 60 12 -0.039595 0.4 -0.002838 0 0.7478 0 -0.039595 -0.3478 -0.002838 5.078491 0.350058 2
006 3 60 12 -0.03965 0.4 -0.00264 0 0.7478 0 -0.03965 -0.3478 -0.00264 5.08905 0.3500627 2
006 3 60 12 -0.039701 0.4 -0.002442 0 0.7478 0 -0.039701 -0.3478 -0.002442 5.100342 0.3500671 2
006 3 60 12 -0.039748 0.4 -0.002243 0 0.7478 0 -0.039748 -0.3478 -0.002243 5.115295 0.3500711 2
006 3 60 12 -0.039791 0.4 -0.002044 0 0.7478 0 -0.039791 -0.3478 -0.002044 5.122192 0.3500748 2
006 3 60 12 -0.039829 0.4 -0.001845 0 0.7478 0 -0.039829 -0.3478 -0.001845 5.133606 0.350078 2
006 3 60 12 -0.039864 0.4 -0.001646 0 0.7478 0 -0.039864 -0.3478 -0.001646 5.144775 0.350081 2
006 3 60 12 -0.039895 0.4 -0.001447 0 0.7478 0 -0.039895 -0.3478 -0.001447 5.155884 0.3500836 2
006 3 60 12 -0.039922 0.4 -0.001247 0 0.7478 0 -0.039922 -0.3478 -0.001247 5.16687 0.3500859 2
006 3 60 12 -0.039945 0.4 -0.001047 0 0.7478 0 -0.039945 -0.3478 -0.001047 5.178223 0.3500879 2
006 3 60 12 -0.039964 0.4 -0.000848 0 0.7478 0 -0.039964 -0.3478 -0.000848 5.188965 0.3500895 2
006 3 60 12 -0.039979 0.4 -0.000648 0 0.7478 0 -0.039979 -0.3478 -0.000648 5.200256 0.3500908 2
006 3 60 12 -0.03999 0.4 -0.000448 0 0.7478 0 -0.03999 -0.3478 -0.000448 5.211426 0.3500918 2
006 3 60 12 -0.039997 0.4 -0.000248 0 0.7478 0 -0.039997 -0.3478 -0.000248 5.222107 0.3500924 2
006 3 60 12 -0.04 0.4 -4.8E-05 0 0.7478 0 -0.04 -0.3478 -4.8E-05 5.233582 0.3500926 2
006 3 60 12 -0.039999 0.4 0.000152 0 0.7478 0 -0.039999 -0.3478 0.000152 5.244751 0.3500925 2
006 3 60 12 -0.039994 0.4 0.000352 0 0.7478 0 -0.039994 -0.3478 0.000352 5.256042 0.3500921 2
006 3 60 12 -0.039985 0.4 0.000552 0 0.7478 0 -0.039985 -0.3478 0.000552 5.270264 0.3500913 2
006 3 60 12 -0.039972 0.4 0.000752 0 0.7478 0 -0.039972 -0.3478 0.000752 5.277527 0.3500902 2
006 3 60 12 -0.039955 0.4 0.000952 0 0.7478 0 -0.039955 -0.3478 0.000952 5.289001 0.3500888 2
006 3 60 12 -0.039934 0.4 0.001152 0 0.7478 0 -0.039934 -0.3478 0.001152 5.300537 0.350087 2
006 3 60 12 -0.039909 0.4 0.001351 0 0.7478 0 -0.039909 -0.3478 0.001351 5.311279 0.3500848 2
006 3 60 12 -0.03988 0.4 0.001551 0 0.7478 0 -0.03988 -0.3478 0.001551 5.322571 0.3500823 2
006 3 60 12 -0.039847 0.4 0.00175 0 0.7478 0 -0.039847 -0.3478 0.00175 5.333496 0.3500795 2
006 3 60 12 -0.03981 0.4 0.001949 0 0.7478 0 -0.03981 -0.3478 0.001949 5.344604 0.3500764 2
006 3 60 12 -0.039769 0.4 0.002148 0 0.7478 0 -0.039769 -0.3478 0.002148 5.356018 0.3500729 2
006 3 60 12 -0.039724 0.4 0.002347 0 0.7478 0 -0.039724 -0.3478 0.002347 5.36676 0.350069 2
006 3 60 12 -0.039675 0.4 0.002545 0 0.7478 0 -0.039675 -0.3478 0.002545 5.377991 0.3500649 2
006 3 60 12 -0.039622 0.4 0.002744 0 0.7478 0 -0.039622 -0.3478 0.002744 5.389343 0.3500604 2
006 3 60 12 -0.039565 0.4 0.002942 0 0.7478 0 -0.039565 -0.3478 0.002942 5.400635 0.3500555 2
006 3 60 12 -0.039504 0.4 0.003139 0 0.7478 0 -0.039504 -0.3478 0.003139 5.41156 0.3500504 2
006 3 60 12 -0.039439 0.4 0.003337 0 0.7478 0 -0.039439 -0.3478 0.003337 5.425537 0.3500448 2
006 3 60 12 -0.039371 0.4 0.003534 0 0.7478 0 -0.039371 -0.3478 0.003534 5.433167 0.3500391 2
006 3 60 12 -0.039298 0.4 0.00373 0 0.7478 0 -0.039298 -0.3478 0.00373 5.444824 0.350033 2
006 3 60 12 -0.039222 0.4 0.003927 0 0.7478 0 -0.039222 -0.3478 0.003927 5.455688 0.3500266 2
006 3 60 12 -0.039141 0.4 0.004122 0 0.7478 0 -0.039141 -0.3478 0.004122 5.466858 0.3500198 2
006 3 60 12 -0.039057 0.4 0.004318 0 0.7478 0 -0.039057 -0.3478 0.004318 5.47821 0.3500127 2
006 3 60 12 -0.038968 0.4 0.004513 0 0.7478 0 -0.038968 -0.3478 0.004513 5.488953 0.3500053 2
006 3 60 12 -0.038876 0.4 0.004708 0 0.7478 0 -0.038876 -0.3478 0.004708 5.500427 0.3499976 2
006 3 60 12 -0.03878 0.4 0.004902 0 0.7478 0 -0.03878 -0.3478 0.004902 5.511353 0.3499896 2
006 3 60 12 -0.03868 0.4 0.005095 0 0.7478 0 -0.03868 -0.3478 0.005095 5.522278 0.3499813 2
006 3 60 12 -0.038576 0.4 0.005289 0 0.7478 0 -0.038576 -0.3478 0.005289 5.533447 0.3499727 2
006 3 60 12 -0.038469 0.4 0.005481 0 0.7478 0 -0.038469 -0.3478 0.005481 5.544983 0.3499639 2
006 3 60 12 -0.038357 0.4 0.005673 0 0.7478 0 -0.038357 -0.3478 0.005673 5.555969 0.3499547 2
006 3 60 12 -0.038242 0.4 0.005865 0 0.7478 0 -0.038242 -0.3478 0.005865 5.566956 0.3499452 2
006 3 60 12 -0.038122 0.4 0.006056 0 0.7478 0 -0.038122 -0.3478 0.006056 5.581665 0.3499354 2
006 3 60 12 -0.037999 0.4 0.006246 0 0.7478 0 -0.037999 -0.3478 0.006246 5.588989 0.3499254 2
006 3 60 12 -0.037873 0.4 0.006436 0 0.7478 0 -0.037873 -0.3478 0.006436 5.600403 0.3499151 2
006 3 60 12 -0.037742 0.4 0.006625 0 0.7478 0 -0.037742 -0.3478 0.006625 5.611511 0.3499045 2
006 3 60 12 -0.037608 0.4 0.006813 0 0.7478 0 -0.037608 -0.3478 0.006813 5.62262 0.3498937 2
006 3 60 12 -0.037469 0.4 0.007001 0 0.7478 0 -0.037469 -0.3478 0.007001 5.633606 0.3498825 2
006 3 60 12 -0.037328 0.4 0.007188 0 0.7478 0 -0.037328 -0.3478 0.007188 5.644714 0.3498712 2
006 3 60 12 -0.037182 0.4 0.007374 0 0.7478 0 -0.037182 -0.3478 0.007374 5.655701 0.3498596 2
006 3 60 12 -0.037033 0.4 0.00756 0 0.7478 0 -0.037033 -0.3478 0.00756 5.666809 0.3498477 2
006 3 60 12 -0.03688 0.4 0.007744 0 0.7478 0 -0.03688 -0.3478 0.007744 5.678345 0.3498356 2
006 3 60 12 -0.036723 0.4 0.007928 0 0.7478 0 -0.036723 -0.3478 0.007928 5.689148 0.3498232 2
006 3 60 12 -0.036562 0.4 0.008112 0 0.7478 0 -0.036562 -0.3478 0.008112 5.700562 0.3498105 2
006 3 60 12 -0.036398 0.4 0.008294 0 0.7478 0 -0.036398 -0.3478 0.008294 5.711548 0.3497977 2
006 3 60 12 -0.036231 0.4 0.008476 0 0.7478 0 -0.036231 -0.3478 0.008476 5.722534 0.3497847 2
006 3 60 12 -0.036059 0.4 0.008656 0 0.7478 0 -0.036059 -0.3478 0.008656 5.736694 0.3497714 2
006 3 60 12 -0.035884 0.4 0.008836 0 0.7478 0 -0.035884 -0.3478 0.008836 5.744629 0.3497579 2
006 3 60 12 -0.035706 0.4 0.009015 0 0.7478 0 -0.035706 -0.3478 0.009015 5.755676 0.3497442 2
006 3 60 12 -0.035524 0.4 0.009193 0 0.7478 0 -0.035524 -0.3478 0.009193 5.766968 0.3497303 2
006 3 60 12 -0.035338 0.4 0.00937 0 0.7478 0 -0.035338 -0.3478 0.00937 5.778015 0.3497162 2
006 3 60 12 -0.035149 0.4 0.009547 0 0.7478 0 -0.035149 -0.3478 0.009547 5.789124 0.3497019 2
006 3 60 12 -0.034956 0.4 0.009722 0 0.7478 0 -0.034956 -0.3478 0.009722 5.800293 0.3496874 2
006 3 60 12 -0.03476 0.4 0.009896 0 0.7478 0 -0.03476 -0.3478 0.009896 5.81134 0.3496727 2
006 3 60 12 -0.03456 0.4 0.010069 0 0.7478 0 -0.03456 -0.3478 0.010069 5.822815 0.3496578 2
006 3 60 12 -0.034357 0.4 0.010242 0 0.7478 0 -0.034357 -0.3478 0.010242 5.833862 0.3496429 2
006 3 60 12 -0.034151 0.4 0.010413 0 0.7478 0 -0.034151 -0.3478 0.010413 5.844543 0.3496277 2
006 3 60 12 -0.033941 0.4 0.010583 0 0.7478 0 -0.033941 -0.3478 0.010583 5.855835 0.3496124 2
006 3 60 12 -0.033728 0.4 0.010752 0 0.7478 0 -0.033728 -0.3478 0.010752 5.866699 0.3495969 2
006 3 60 12 -0.033511 0.4 0.01092 0 0.7478 0 -0.033511 -0.3478 0.01092 5.878296 0.3495813 2
006 3 60 12 -0.033291 0.4 0.011087 0 0.7478 0 -0.033291 -0.3478 0.011087 5.892212 0.3495655 2
006 3 60 12 -0.033067 0.4 0.011253 0 0.7478 0 -0.033067 -0.3478 0.011253 5.899902 0.3495496 2
006 3 60 12 -0.032841 0.4 0.011418 0 0.7478 0 -0.032841 -0.3478 0.011418 5.911987 0.3495336 2
006 3 60 12 -0.032611 0.4 0.011582 0 0.7478 0 -0.032611 -0.3478 0.011582 5.922485 0.3495175 2
006 3 60 12 -0.032377 0.4 0.011744 0 0.7478 0 -0.032377 -0.3478 0.011744 5.933777 0.3495011 2
006 3 60 12 -0.032141 0.4 0.011906 0 0.7478 0 -0.032141 -0.3478 0.011906 5.94458 0.3494848 2
006 3 60 12 -0.031901 0.4 0.012066 0 0.7478 0 -0.031901 -0.3478 0.012066 5.955505 0.3494683 2
006 3 60 12 -0.031658 0.4 0.012225 0 0.7478 0 -0.031658 -0.3478 0.012225 5.96698 0.3494517 2
006 3 60 12 -0.031412 0.4 0.012382 0 0.7478 0 -0.031412 -0.3478 0.012382 5.978027 0.3494351 2
006 3 60 12 -0.031163 0.4 0.012539 0 0.7478 0 -0.031163 -0.3478 0.012539 5.988892 0.3494184 2
006 3 60 12 -0.030911 0.4 0.012694 0 0.7478 0 -0.030911 -0.3478 0.012694 6.000122 0.3494016 2
006 3 60 12 -0.030655 0.4 0.012848 0 0.7478 0 -0.030655 -0.3478 0.012848 6.011475 0.3493847 2
006 3 60 12 -0.030397 0.4 0.013 0 0.7478 0 -0.030397 -0.3478 0.013 6.0224 0.3493677 2
006 3 60 12 -0.030135 0.4 0.013152 0 0.7478 0 -0.030135 -0.3478 0.013152 6.033569 0.3493507 2
006 3 60 12 -0.029871 0.4 0.013302 0 0.7478 0 -0.029871 -0.3478 0.013302 6.048218 0.3493337 2
006 3 60 12 -0.029603 0.4 0.01345 0 0.7478 0 -0.029603 -0.3478 0.01345 6.055725 0.3493166 2
006 3 60 12 -0.029333 0.4 0.013598 0 0.7478 0 -0.029333 -0.3478 0.013598 6.066956 0.3492995 2
006 3 60 12 -0.029059 0.4 0.013744 0 0.7478 0 -0.029059 -0.3478 0.013744 6.07782 0.3492824 2
006 3 60 12 -0.028783 0.4 0.013888 0 0.7478 0 -0.028783 -0.3478 0.013888 6.08905 0.3492652 2
006 3 60 12 -0.028504 0.4 0.014032 0 0.7478 0 -0.028504 -0.3478 0.014032 6.100281 0.3492481 2
006 3 60 12 -0.028222 0.4 0.014173 0 0.7478 0 -0.028222 -0.3478 0.014173 6.111633 0.3492309 2
006 3 60 12 -0.027937 0.4 0.014314 0 0.7478 0 -0.027937 -0.3478 0.014314 6.122742 0.3492137 2
006 3 60 12 -0.027649 0.4 0.014453 0 0.7478 0 -0.027649 -0.3478 0.014453 6.133728 0.3491965 2
006 3 60 12 -0.027359 0.4 0.01459 0 0.7478 0 -0.027359 -0.3478 0.01459 6.144836 0.3491793 2
006 3 60 12 -0.027065 0.4 0.014726 0 0.7478 0 -0.027065 -0.3478 0.014726 6.15625 0.3491621 2
006 3 60 12 -0.02677 0.4 0.014861 0 0.7478 0 -0.02677 -0.3478 0.014861 6.166992 0.3491451 2
006 3 60 12 -0.026471 0.4 0.014994 0 0.7478 0 -0.026471 -0.3478 0.014994 6.178101 0.349128 2
006 3 60 12 -0.02617 0.4 0.015126 0 0.7478 0 -0.02617 -0.3478 0.015126 6.189392 0.349111 2
006 3 60 12 -0.025866 0.4 0.015256 0 0.7478 0 -0.025866 -0.3478 0.015256 6.203613 0.349094 2
006 3 60 12 -0.02556 0.4 0.015384 0 0.7478 0 -0.02556 -0.3478 0.015384 6.211182 0.3490771 2
006 3 60 12 -0.025251 0.4 0.015511 0 0.7478 0 -0.025251 -0.3478 0.015511 6.22229 0.3490602 2
006 3 60 12 -0.024939 0.4 0.015637 0 0.7478 0 -0.024939 -0.3478 0.015637 6.233398 0.3490434 2
006 3 60 12 -0.024625 0.4 0.015761 0 0.7478 0 -0.024625 -0.3478 0.015761 6.244873 0.3490267 2
006 3 60 12 -0.024309 0.4 0.015883 0 0.7478 0 -0.024309 -0.3478 0.015883 6.256042 0.3490101 2
006 3 60 12 -0.02399 0.4 0.016004 0 0.7478 0 -0.02399 -0.3478 0.016004 6.266785 0.3489935 2
006 3 60 12 -0.023669 0.4 0.016123 0 0.7478 0 -0.023669 -0.3478 0.016123 6.277893 0.3489771 2
006 3 60 12 -0.023345 0.4 0.01624 0 0.7478 0 -0.023345 -0.3478 0.01624 6.289063 0.3489607 2
006 3 60 12 -0.023019 0.4 0.016356 0 0.7478 0 -0.023019 -0.3478 0.016356 6.300293 0.3489445 2
006 3 60 12 -0.022691 0.4 0.016471 0 0.7478 0 -0.022691 -0.3478 0.016471 6.311401 0.3489284 2
006 3 60 12 -0.02236 0.4 0.016583 0 0.7478 0 -0.02236 -0.3478 0.016583 6.322449 0.3489123 2
006 3 60 12 -0.022027 0.4 0.016694 0 0.7478 0 -0.022027 -0.3478 0.016694 6.333557 0.3488964 2
006 3 60 12 -0.021692 0.4 0.016804 0 0.7478 0 -0.021692 -0.3478 0.016804 6.345032 0.3488807 2
006 3 60 12 -0.021355 0.4 0.016911 0 0.7478 0 -0.021355 -0.3478 0.016911 6.358765 0.3488651 2
006 3 60 12 -0.021016 0.4 0.017017 0 0.7478 0 -0.021016 -0.3478 0.017017 6.366577 0.3488497 2
006 3 60 12 -0.020675 0.4 0.017121 0 0.7478 0 -0.020675 -0.3478 0.017121 6.378052 0.3488344 2
006 3 60 12 -0.020331 0.4 0.017224 0 0.7478 0 -0.020331 -0.3478 0.017224 6.389038 0.3488192 2
006 3 60 12 -0.019986 0.4 0.017325 0 0.7478 0 -0.019986 -0.3478 0.017325 6.400146 0.3488043 2
006 3 60 12 -0.019638 0.4 0.017424 0 0.7478 0 -0.019638 -0.3478 0.017424 6.411499 0.3487895 2
006 3 60 12 -0.019289 0.4 0.017521 0 0.7478 0 -0.019289 -0.3478 0.017521 6.42218 0.3487748 2
006 3 60 12 -0.018937 0.4 0.017617 0 0.7478 0 -0.018937 -0.3478 0.017617 6.433594 0.3487604 2
006 3 60 12 -0.018584 0.4 0.01771 0 0.7478 0 -0.018584 -0.3478 0.01771 6.444458 0.3487461 2
006 3 60 12 -0.018229 0.4 0.017802 0 0.7478 0 -0.018229 -0.3478 0.017802 6.455688 0.3487321 2
006 3 60 12 -0.017872 0.4 0.017893 0 0.7478 0 -0.017872 -0.3478 0.017893 6.466919 0.3487182 2
006 3 60 12 -0.017513 0.4 0.017981 0 0.7478 0 -0.017513 -0.3478 0.017981 6.477966 0.3487045 2
006 3 60 12 -0.017153 0.4 0.018068 0 0.7478 0 -0.017153 -0.3478 0.018068 6.489136 0.3486911 2
006 3 60 12 -0.016791 0.4 0.018153 0 0.7478 0 -0.016791 -0.3478 0.018153 6.500427 0.3486779 2
006 3 60 12 -0.016427 0.4 0.018236 0 0.7478 0 -0.016427 -0.3478 0.018236 6.514954 0.3486649 2
006 3 60 12 -0.016061 0.4 0.018317 0 0.7478 0 -0.016061 -0.3478 0.018317 6.522522 0.3486521 2
006 3 60 12 -0.015694 0.4 0.018396 0 0.7478 0 -0.015694 -0.3478 0.018396 6.533813 0.3486396 2
006 3 60 12 -0.015325 0.4 0.018474 0 0.7478 0 -0.015325 -0.3478 0.018474 6.544861 0.3486273 2
006 3 60 12 -0.014955 0.4 0.01855 0 0.7478 0 -0.014955 -0.3478 0.01855 6.556091 0.3486152 2
006 3 60 12 -0.014583 0.4 0.018623 0 0.7478 0 -0.014583 -0.3478 0.018623 6.566895 0.3486034 2
006 3 60 12 -0.01421 0.4 0.018695 0 0.7478 0 -0.01421 -0.3478 0.018695 6.578491 0.3485918 2
006 3 60 12 -0.013836 0.4 0.018766 0 0.7478 0 -0.013836 -0.3478 0.018766 6.589355 0.3485806 2
006 3 60 12 -0.01346 0.4 0.018834 0 0.7478 0 -0.01346 -0.3478 0.018834 6.600403 0.3485695 2
006 3 60 12 -0.013082 0.4 0.0189 0 0.7478 0 -0.013082 -0.3478 0.0189 6.611633 0.3485587 2
006 3 60 12 -0.012704 0.4 0.018965 0 0.7478 0 -0.012704 -0.3478 0.018965 6.622498 0.3485483 2
006 3 60 12 -0.012324 0.4 0.019027 0 0.7478 0 -0.012324 -0.3478 0.019027 6.633484 0.348538 2
006 3 60 12 -0.011942 0.4 0.019088 0 0.7478 0 -0.011942 -0.3478 0.019088 6.64502 0.348528 2
006 3 60 12 -0.01156 0.4 0.019147 0 0.7478 0 -0.01156 -0.3478 0.019147 6.656128 0.3485184 2
006 3 60 12 -0.011177 0.4 0.019203 0 0.7478 0 -0.011177 -0.3478 0.019203 6.670166 0.348509 2
006 3 60 12 -0.010792 0.4 0.019258 0 0.7478 0 -0.010792 -0.3478 0.019258 6.677979 0.3484999 2
006 3 60 12 -0.010406 0.4 0.019311 0 0.7478 0 -0.010406 -0.3478 0.019311 6.689392 0.3484911 2
006 3 60 12 -0.01002 0.4 0.019362 0 0.7478 0 -0.01002 -0.3478 0.019362 6.700012 0.3484826 2
006 3 60 12 -0.009632 0.4 0.019412 0 0.7478 0 -0.009632 -0.3478 0.019412 6.711487 0.3484744 2
006 3 60 12 -0.009243 0.4 0.019459 0 0.7478 0 -0.009243 -0.3478 0.019459 6.722717 0.3484665 2
006 3 60 12 -0.008853 0.4 0.019504 0 0.7478 0 -0.008853 -0.3478 0.019504 6.733521 0.3484589 2
006 3 60 12 -0.008463 0.4 0.019547 0 0.7478 0 -0.008463 -0.3478 0.019547 6.744873 0.3484516 2
006 3 60 12 -0.008072 0.4 0.019589 0 0.7478 0 -0.008072 -0.3478 0.019589 6.755798 0.3484447 2
006 3 60 12 -0.007679 0.4 0.019628 0 0.7478 0 -0.007679 -0.3478 0.019628 6.766785 0.348438 2
006 3 60 12 -0.007287 0.4 0.019665 0 0.7478 0 -0.007287 -0.3478 0.019665 6.778137 0.3484317 2
006 3 60 12 -0.006893 0.4 0.019701 0 0.7478 0 -0.006893 -0.3478 0.019701 6.789368 0.3484257 2
006 3 60 12 -0.006498 0.4 0.019734 0 0.7478 0 -0.006498 -0.3478 0.019734 6.800171 0.34842 2
006 3 60 12 -0.006103 0.4 0.019766 0 0.7478 0 -0.006103 -0.3478 0.019766 6.811768 0.3484147 2
006 3 60 12 -0.005708 0.4 0.019795 0 0.7478 0 -0.005708 -0.3478 0.019795 6.825684 0.3484096 2
006 3 60 12 -0.005312 0.4 0.019823 0 0.7478 0 -0.005312 -0.3478 0.019823 6.833313 0.3484049 2
006 3 60 12 -0.004915 0.4 0.019848 0 0.7478 0 -0.004915 -0.3478 0.019848 6.844604 0.3484005 2
006 3 60 12 -0.004518 0.4 0.019872 0 0.7478 0 -0.004518 -0.3478 0.019872 6.855774 0.3483965 2
006 3 60 12 -0.00412 0.4 0.019894 0 0.7478 0 -0.00412 -0.3478 0.019894 6.866882 0.3483928 2
006 3 60 12 -0.003722 0.4 0.019913 0 0.7478 0 -0.003722 -0.3478 0.019913 6.877808 0.3483894 2
006 3 60 12 -0.003324 0.4 0.019931 0 0.7478 0 -0.003324 -0.3478 0.019931 6.889099 0.3483865 2
006 3 60 12 -0.002925 0.4 0.019946 0 0.7478 0 -0.002925 -0.3478 0.019946 6.90033 0.3483838 2
006 3 60 12 -0.002526 0.4 0.01996 0 0.7478 0 -0.002526 -0.3478 0.01996 6.911377 0.3483814 2
006 3 60 12 -0.002126 0.4 0.019972 0 0.7478 0 -0.002126 -0.3478 0.019972 6.922607 0.3483794 2
006 3 60 12 -0.001727 0.4 0.019981 0 0.7478 0 -0.001727 -0.3478 0.019981 6.933533 0.3483777 2
006 3 60 12 -0.001327 0.4 0.019989 0 0.7478 0 -0.001327 -0.3478 0.019989 6.945068 0.3483765 2
006 3 60 12 -0.000927 0.4 0.019995 0 0.7478 0 -0.000927 -0.3478 0.019995 6.955811 0.3483755 2
006 3 60 12 -0.000527 0.4 0.019998 0 0.7478 0 -0.000527 -0.3478 0.019998 6.967041 0.3483748 2
006 3 60 12 -0.000127 0.4 0.02 0 0.7478 0 -0.000127 -0.3478 0.02 6.981995 0.3483746 2
006 3 60 12 0 0.4 0.02 0 0.7478 0 0 -0.3478 0.02 6.989075 0.3483745 2
