006 3 21 5 0 0.42 0 0 0.7478 0 0 -0.3278 0 0 0.3278 2
006 3 21 5 0 0.419998 0.0004 0 0.7478 0 0 -0.327802 0.0004 0.01116943 0.3278022 2
006 3 21 5 0 0.419992 0.0008 0 0.7478 0 0 -0.327808 0.0008 0.02230835 0.327809 2
006 3 21 5 0 0.419982 0.0012 0 0.7478 0 0 -0.327818 0.0012 0.03338623 0.3278202 2
006 3 21 5 0 0.419968 0.0016 0 0.7478 0 0 -0.327832 0.0016 0.04470825 0.3278359 2
006 3 21 5 0 0.41995 0.001999 0 0.7478 0 0 -0.32785 0.001999 0.05563354 0.3278561 2
006 3 21 5 0 0.419928 0.002399 0 0.7478 0 0 -0.327872 0.002399 0.06680298 0.3278808 2
006 3 21 5 0 0.419902 0.002798 0 0.7478 0 0 -0.327898 0.002798 0.07775879 0.3279099 2
006 3 21 5 0 0.419872 0.003197 0 0.7478 0 0 -0.327928 0.003197 0.08901978 0.3279436 2
006 3 21 5 0 0.419838 0.003595 0 0.7478 0 0 -0.327962 0.003595 0.1001282 0.3279817 2
006 3 21 5 0 0.4198 0.003993 0 0.7478 0 0 -0.328 0.003993 0.1165161 0.3280243 2
006 3 21 5 0 0.419758 0.004391 0 0.7478 0 0 -0.328042 0.004391 0.1242371 0.3280714 2
006 3 21 5 0 0.419712 0.004788 0 0.7478 0 0 -0.328088 0.004788 0.1334229 0.3281229 2
006 3 21 5 0 0.419662 0.005185 0 0.7478 0 0 -0.328138 0.005185 0.1446838 0.328179 2
006 3 21 5 0 0.419609 0.005582 0 0.7478 0 0 -0.328191 0.005582 0.1559753 0.3282385 2
006 3 21 5 0 0.419551 0.005978 0 0.7478 0 0 -0.328249 0.005978 0.1672363 0.3283034 2
006 3 21 5 0 0.419489 0.006373 0 0.7478 0 0 -0.328311 0.006373 0.1777954 0.3283728 2
006 3 21 5 0 0.419423 0.006767 0 0.7478 0 0 -0.328377 0.006767 0.1893005 0.3284467 2
006 3 21 5 0 0.419354 0.007161 0 0.7478 0 0 -0.328446 0.007161 0.2000122 0.328524 2
006 3 21 5 0 0.41928 0.007554 0 0.7478 0 0 -0.32852 0.007554 0.2112122 0.3286068 2
006 3 21 5 0 0.419203 0.007947 0 0.7478 0 0 -0.328597 0.007947 0.2224426 0.3286931 2
006 3 21 5 0 0.419121 0.008338 0 0.7478 0 0 -0.328679 0.008338 0.233551 0.3287847 2
006 3 21 5 0 0.419036 0.008729 0 0.7478 0 0 -0.328764 0.008729 0.2444458 0.3288799 2
006 3 21 5 0 0.418947 0.009119 0 0.7478 0 0 -0.328853 0.009119 0.2557678 0.3289794 2
006 3 21 5 0 0.418854 0.009508 0 0.7478 0 0 -0.328946 0.009508 0.2702637 0.3290834 2
006 3 21 5 0 0.418756 0.009896 0 0.7478 0 0 -0.329044 0.009896 0.2778015 0.3291928 2
006 3 21 5 0 0.418656 0.010283 0 0.7478 0 0 -0.329144 0.010283 0.2891235 0.3293046 2
006 3 21 5 0 0.418551 0.010669 0 0.7478 0 0 -0.329249 0.010669 0.3001709 0.3294218 2
006 3 21 5 0 0.418442 0.011054 0 0.7478 0 0 -0.329358 0.011054 0.3116455 0.3295434 2
006 3 21 5 0 0.41833 0.011438 0 0.7478 0 0 -0.32947 0.011438 0.3225098 0.3296685 2
006 3 21 5 0 0.418213 0.011821 0 0.7478 0 0 -0.329587 0.011821 0.3333435 0.3297989 2
006 3 21 5 0 0.418093 0.012202 0 0.7478 0 0 -0.329707 0.012202 0.344574 0.3299327 2
006 3 21 5 0 0.417969 0.012583 0 0.7478 0 0 -0.329831 0.012583 0.3561096 0.3300709 2
006 3 21 5 0 0.417842 0.012962 0 0.7478 0 0 -0.329958 0.012962 0.3667603 0.3302125 2
006 3 21 5 0 0.41771 0.013339 0 0.7478 0 0 -0.33009 0.013339 0.3777161 0.3303594 2
006 3 21 5 0 0.417575 0.013716 0 0.7478 0 0 -0.330225 0.013716 0.3890076 0.3305097 2
006 3 21 5 0 0.417436 0.014091 0 0.7478 0 0 -0.330364 0.014091 0.4000854 0.3306644 2
006 3 21 5 0 0.417293 0.014465 0 0.7478 0 0 -0.330507 0.014465 0.4113464 0.3308234 2
006 3 21 5 0 0.417147 0.014837 0 0.7478 0 0 -0.330653 0.014837 0.426178 0.3309857 2
006 3 21 5 0 0.416996 0.015208 0 0.7478 0 0 -0.330804 0.015208 0.433197 0.3311534 2
006 3 21 5 0 0.416842 0.015577 0 0.7478 0 0 -0.330958 0.015577 0.4447021 0.3313243 2
006 3 21 5 0 0.416685 0.015944 0 0.7478 0 0 -0.331115 0.015944 0.4555969 0.3314986 2
006 3 21 5 0 0.416524 0.01631 0 0.7478 0 0 -0.331276 0.01631 0.4668274 0.3316773 2
006 3 21 5 0 0.416359 0.016675 0 0.7478 0 0 -0.331441 0.016675 0.4779663 0.3318602 2
006 3 21 5 0 0.41619 0.017038 0 0.7478 0 0 -0.33161 0.017038 0.4890747 0.3320474 2
006 3 21 5 0 0.416018 0.017399 0 0.7478 0 0 -0.331782 0.017399 0.5000916 0.3322379 2
006 3 21 5 0 0.415842 0.017758 0 0.7478 0 0 -0.331958 0.017758 0.511322 0.3324326 2
006 3 21 5 0 0.415663 0.018115 0 0.7478 0 0 -0.332137 0.018115 0.5223694 0.3326306 2
006 3 21 5 0 0.41548 0.018471 0 0.7478 0 0 -0.33232 0.018471 0.5335999 0.3328329 2
006 3 21 5 0 0.415293 0.018825 0 0.7478 0 0 -0.332507 0.018825 0.5444641 0.3330394 2
006 3 21 5 0 0.415103 0.019177 0 0.7478 0 0 -0.332697 0.019177 0.5558777 0.3332492 2
006 3 21 5 0 0.41491 0.019527 0 0.7478 0 0 -0.33289 0.019527 0.5681763 0.3334622 2
006 3 21 5 0 0.414713 0.019875 0 0.7478 0 0 -0.333087 0.019875 0.5810547 0.3336794 2
006 3 21 5 0 0.414512 0.020221 0 0.7478 0 0 -0.333288 0.020221 0.5890198 0.3339008 2
006 3 21 5 0 0.414308 0.020565 0 0.7478 0 0 -0.333492 0.020565 0.6000977 0.3341255 2
006 3 21 5 0 0.414101 0.020907 0 0.7478 0 0 -0.333699 0.020907 0.6112061 0.3343533 2
006 3 21 5 0 0.41389 0.021247 0 0.7478 0 0 -0.33391 0.021247 0.622467 0.3345853 2
006 3 21 5 0 0.413676 0.021585 0 0.7478 0 0 -0.334124 0.021585 0.6334229 0.3348205 2
006 3 21 5 0 0.413459 0.021921 0 0.7478 0 0 -0.334341 0.021921 0.6445313 0.3350588 2
006 3 21 5 0 0.413238 0.022254 0 0.7478 0 0 -0.334562 0.022254 0.6561279 0.3353013 2
006 3 21 5 0 0.413013 0.022586 0 0.7478 0 0 -0.334787 0.022586 0.6669312 0.335548 2
006 3 21 5 0 0.412786 0.022915 0 0.7478 0 0 -0.335014 0.022915 0.6778259 0.3357968 2
006 3 21 5 0 0.412555 0.023241 0 0.7478 0 0 -0.335245 0.023241 0.6893921 0.3360496 2
006 3 21 5 0 0.412321 0.023566 0 0.7478 0 0 -0.335479 0.023566 0.7002258 0.3363057 2
006 3 21 5 0 0.412084 0.023888 0 0.7478 0 0 -0.335716 0.023888 0.7110901 0.3365648 2
006 3 21 5 0 0.411843 0.024207 0 0.7478 0 0 -0.335957 0.024207 0.7226257 0.336828 2
006 3 21 5 0 0.4116 0.024525 0 0.7478 0 0 -0.3362 0.024525 0.7369385 0.3370933 2
006 3 21 5 0 0.411353 0.024839 0 0.7478 0 0 -0.336447 0.024839 0.7442627 0.3373626 2
006 3 21 5 0 0.411103 0.025152 0 0.7478 0 0 -0.336697 0.025152 0.7559509 0.3376351 2
006 3 21 5 0 0.41085 0.025461 0 0.7478 0 0 -0.33695 0.025461 0.7669067 0.3379106 2
006 3 21 5 0 0.410594 0.025769 0 0.7478 0 0 -0.337206 0.025769 0.7776794 0.3381892 2
006 3 21 5 0 0.410334 0.026073 0 0.7478 0 0 -0.337466 0.026073 0.7891846 0.3384717 2
006 3 21 5 0 0.410072 0.026375 0 0.7478 0 0 -0.337728 0.026375 0.8004456 0.3387563 2
006 3 21 5 0 0.409807 0.026675 0 0.7478 0 0 -0.337993 0.026675 0.8112488 0.339044 2
006 3 21 5 0 0.409539 0.026972 0 0.7478 0 0 -0.338261 0.026972 0.8223877 0.3393346 2
006 3 21 5 0 0.409268 0.027266 0 0.7478 0 0 -0.338532 0.027266 0.8336182 0.3396282 2
006 3 21 5 0 0.408993 0.027557 0 0.7478 0 0 -0.338807 0.027557 0.8448486 0.3399258 2
006 3 21 5 0 0.408716 0.027845 0 0.7478 0 0 -0.339084 0.027845 0.8562012 0.3402254 2
006 3 21 5 0 0.408437 0.028131 0 0.7478 0 0 -0.339363 0.028131 0.8665466 0.3405269 2
006 3 21 5 0 0.408154 0.028414 0 0.7478 0 0 -0.339646 0.028414 0.8781128 0.3408324 2
006 3 21 5 0 0.407868 0.028694 0 0.7478 0 0 -0.339932 0.028694 0.8922424 0.3411409 2
006 3 21 5 0 0.40758 0.028971 0 0.7478 0 0 -0.34022 0.028971 0.8999329 0.3414512 2
006 3 21 5 0 0.407289 0.029246 0 0.7478 0 0 -0.340511 0.029246 0.911499 0.3417646 2
006 3 21 5 0 0.406995 0.029517 0 0.7478 0 0 -0.340805 0.029517 0.9225769 0.3420808 2
006 3 21 5 0 0.406699 0.029786 0 0.7478 0 0 -0.341101 0.029786 0.9338074 0.342399 2
006 3 21 5 0 0.406399 0.030051 0 0.7478 0 0 -0.341401 0.030051 0.9443054 0.342721 2
006 3 21 5 0 0.406097 0.030314 0 0.7478 0 0 -0.341703 0.030314 0.9559631 0.343045 2
006 3 21 5 0 0.405793 0.030573 0 0.7478 0 0 -0.342007 0.030573 0.9671631 0.3433708 2
006 3 21 5 0 0.405486 0.03083 0 0.7478 0 0 -0.342314 0.03083 0.9778442 0.3436995 2
006 3 21 5 0 0.405176 0.031083 0 0.7478 0 0 -0.342624 0.031083 0.9893494 0.344031 2
006 3 21 5 0 0.404864 0.031333 0 0.7478 0 0 -0.342936 0.031333 1.000275 0.3443644 2
006 3 21 5 0 0.40455 0.03158 0 0.7478 0 0 -0.34325 0.03158 1.011139 0.3446997 2
006 3 21 5 0 0.404233 0.031824 0 0.7478 0 0 -0.343567 0.031824 1.022736 0.3450377 2
006 3 21 5 0 0.403913 0.032065 0 0.7478 0 0 -0.343887 0.032065 1.0336 0.3453786 2
006 3 21 5 0 0.403592 0.032302 0 0.7478 0 0 -0.344208 0.032302 1.047852 0.3457203 2
006 3 21 5 0 0.403267 0.032537 0 0.7478 0 0 -0.344533 0.032537 1.055695 0.3460659 2
006 3 21 5 0 0.402941 0.032768 0 0.7478 0 0 -0.344859 0.032768 1.067108 0.3464123 2
006 3 21 5 0 0.402612 0.032995 0 0.7478 0 0 -0.345188 0.032995 1.078186 0.3467613 2
006 3 21 5 0 0.402281 0.03322 0 0.7478 0 0 -0.345519 0.03322 1.088898 0.3471123 2
006 3 21 5 0 0.401948 0.033441 0 0.7478 0 0 -0.345852 0.033441 1.100189 0.3474649 2
006 3 21 5 0 0.401612 0.033659 0 0.7478 0 0 -0.346188 0.033659 1.111237 0.3478204 2
006 3 21 5 0 0.401274 0.033873 0 0.7478 0 0 -0.346526 0.033873 1.122284 0.3481776 2
006 3 21 5 0 0.400935 0.034084 0 0.7478 0 0 -0.346865 0.034084 1.133789 0.3485356 2
006 3 21 5 0 0.400593 0.034292 0 0.7478 0 0 -0.347207 0.034292 1.144714 0.3488963 2
006 3 21 5 0 0.400249 0.034496 0 0.7478 0 0 -0.347551 0.034496 1.155914 0.3492588 2
006 3 21 5 0 0.399903 0.034697 0 0.7478 0 0 -0.347897 0.034697 1.167145 0.3496229 2
006 3 21 5 0 0.399555 0.034894 0 0.7478 0 0 -0.348245 0.034894 1.177917 0.3499888 2
006 3 21 5 0 0.399205 0.035088 0 0.7478 0 0 -0.348595 0.035088 1.189575 0.3503564 2
006 3 21 5 0 0.398853 0.035278 0 0.7478 0 0 -0.348947 0.035278 1.203491 0.3507257 2
006 3 21 5 0 0.398499 0.035465 0 0.7478 0 0 -0.349301 0.035465 1.211029 0.3510968 2
006 3 21 5 0 0.398144 0.035648 0 0.7478 0 0 -0.349656 0.035648 1.222412 0.3514685 2
006 3 21 5 0 0.397786 0.035828 0 0.7478 0 0 -0.350014 0.035828 1.233582 0.3518429 2
006 3 21 5 0 0.397427 0.036004 0 0.7478 0 0 -0.350373 0.036004 1.244904 0.352218 2
006 3 21 5 0 0.397066 0.036176 0 0.7478 0 0 -0.350734 0.036176 1.256073 0.3525947 2
006 3 21 5 0 0.396704 0.036345 0 0.7478 0 0 -0.351096 0.036345 1.267212 0.3529721 2
006 3 21 5 0 0.396339 0.036511 0 0.7478 0 0 -0.351461 0.036511 1.277954 0.3533523 2
006 3 21 5 0 0.395974 0.036672 0 0.7478 0 0 -0.351826 0.036672 1.289124 0.353732 2
006 3 21 5 0 0.395606 0.03683 0 0.7478 0 0 -0.352194 0.03683 1.30014 0.3541145 2
006 3 21 5 0 0.395237 0.036984 0 0.7478 0 0 -0.352563 0.036984 1.311249 0.3544975 2
006 3 21 5 0 0.394866 0.037135 0 0.7478 0 0 -0.352934 0.037135 1.322723 0.3548822 2
006 3 21 5 0 0.394494 0.037282 0 0.7478 0 0 -0.353306 0.037282 1.333588 0.3552676 2
006 3 21 5 0 0.394121 0.037425 0 0.7478 0 0 -0.353679 0.037425 1.344879 0.3556536 2
006 3 21 5 0 0.393746 0.037564 0 0.7478 0 0 -0.354054 0.037564 1.359222 0.3560411 2
006 3 21 5 0 0.39337 0.0377 0 0.7478 0 0 -0.35443 0.0377 1.366791 0.3564294 2
006 3 21 5 0 0.392992 0.037831 0 0.7478 0 0 -0.354808 0.037831 1.377808 0.3568191 2
006 3 21 5 0 0.392613 0.037959 0 0.7478 0 0 -0.355187 0.037959 1.388885 0.3572096 2
006 3 21 5 0 0.392233 0.038084 0 0.7478 0 0 -0.355567 0.038084 1.400543 0.3576007 2
006 3 21 5 0 0.391851 0.038204 0 0.7478 0 0 -0.355949 0.038204 1.411041 0.3579933 2
006 3 21 5 0 0.391469 0.038321 0 0.7478 0 0 -0.356331 0.038321 1.423035 0.3583857 2
006 3 21 5 0 0.391085 0.038433 0 0.7478 0 0 -0.356715 0.038433 1.433594 0.3587794 2
006 3 21 5 0 0.3907 0.038542 0 0.7478 0 0 -0.3571 0.038542 1.444641 0.3591739 2
006 3 21 5 0 0.390314 0.038647 0 0.7478 0 0 -0.357486 0.038647 1.456085 0.3595689 2
006 3 21 5 0 0.389927 0.038749 0 0.7478 0 0 -0.357873 0.038749 1.467377 0.3599647 2
006 3 21 5 0 0.389539 0.038846 0 0.7478 0 0 -0.358261 0.038846 1.478058 0.3603609 2
006 3 21 5 0 0.38915 0.038939 0 0.7478 0 0 -0.35865 0.038939 1.489319 0.3607576 2
006 3 21 5 0 0.38876 0.039029 0 0.7478 0 0 -0.35904 0.039029 1.500519 0.3611551 2
006 3 21 5 0 0.38837 0.039115 0 0.7478 0 0 -0.35943 0.039115 1.514374 0.3615521 2
006 3 21 5 0 0.387978 0.039196 0 0.7478 0 0 -0.359822 0.039196 1.522461 0.3619505 2
006 3 21 5 0 0.387586 0.039274 0 0.7478 0 0 -0.360214 0.039274 1.5336 0.3623487 2
006 3 21 5 0 0.387193 0.039348 0 0.7478 0 0 -0.360607 0.039348 1.544403 0.3627474 2
006 3 21 5 0 0.386799 0.039418 0 0.7478 0 0 -0.361001 0.039418 1.555725 0.3631466 2
006 3 21 5 0 0.386404 0.039484 0 0.7478 0 0 -0.361396 0.039484 1.566895 0.3635465 2
006 3 21 5 0 0.386009 0.039546 0 0.7478 0 0 -0.361791 0.039546 1.57782 0.3639459 2
006 3 21 5 0 0.385613 0.039604 0 0.7478 0 0 -0.362187 0.039604 1.589264 0.3643458 2
006 3 21 5 0 0.385217 0.039658 0 0.7478 0 0 -0.362583 0.039658 1.6008 0.3647453 2
006 3 21 5 0 0.38482 0.039709 0 0.7478 0 0 -0.36298 0.039709 1.611481 0.3651455 2
006 3 21 5 0 0.384423 0.039755 0 0.7478 0 0 -0.363377 0.039755 1.622955 0.3655452 2
006 3 21 5 0 0.384025 0.039797 0 0.7478 0 0 -0.363775 0.039797 1.633392 0.3659454 2
006 3 21 5 0 0.383627 0.039835 0 0.7478 0 0 -0.364173 0.039835 1.644928 0.3663452 2
006 3 21 5 0 0.383228 0.03987 0 0.7478 0 0 -0.364572 0.03987 1.656219 0.3667456 2
006 3 21 5 0 0.382829 0.0399 0 0.7478 0 0 -0.364971 0.0399 1.670654 0.3671455 2
006 3 21 5 0 0.38243 0.039926 0 0.7478 0 0 -0.36537 0.039926 1.677521 0.367545 2
006 3 21 5 0 0.382031 0.039948 0 0.7478 0 0 -0.365769 0.039948 1.688965 0.367944 2
006 3 21 5 0 0.381631 0.039967 0 0.7478 0 0 -0.366169 0.039967 1.700043 0.3683437 2
006 3 21 5 0 0.381232 0.039981 0 0.7478 0 0 -0.366568 0.039981 1.711334 0.3687419 2
006 3 21 5 0 0.380832 0.039991 0 0.7478 0 0 -0.366968 0.039991 1.722382 0.3691406 2
006 3 21 5 0 0.380432 0.039998 0 0.7478 0 0 -0.367368 0.039998 1.733643 0.369539 2
006 3 21 5 0 0.380032 0.04 0 0.7478 0 0 -0.367768 0.04 1.745056 0.3699369 2
006 3 21 5 0 0.379632 0.039998 0 0.7478 0 0 -0.368168 0.039998 1.756134 0.3703343 2
006 3 21 5 0 0.379232 0.039993 0 0.7478 0 0 -0.368568 0.039993 1.76712 0.3707314 2
006 3 21 5 0 0.378832 0.039983 0 0.7478 0 0 -0.368968 0.039983 1.77774 0.371128 2
006 3 21 5 0 0.378432 0.039969 0 0.7478 0 0 -0.369368 0.039969 1.789368 0.3715242 2
006 3 21 5 0 0.378033 0.039952 0 0.7478 0 0 -0.369767 0.039952 1.800446 0.3719191 2
006 3 21 5 0 0.377633 0.03993 0 0.7478 0 0 -0.370167 0.03993 1.811584 0.3723144 2
006 3 21 5 0 0.377234 0.039904 0 0.7478 0 0 -0.370566 0.039904 1.8255 0.3727083 2
006 3 21 5 0 0.376835 0.039875 0 0.7478 0 0 -0.370965 0.039875 1.833191 0.3731019 2
006 3 21 5 0 0.376437 0.039841 0 0.7478 0 0 -0.371363 0.039841 1.845032 0.373494 2
006 3 21 5 0 0.376038 0.039803 0 0.7478 0 0 -0.371762 0.039803 1.855957 0.3738867 2
006 3 21 5 0 0.375641 0.039762 0 0.7478 0 0 -0.372159 0.039762 1.866882 0.3742771 2
006 3 21 5 0 0.375243 0.039716 0 0.7478 0 0 -0.372557 0.039716 1.878143 0.3746679 2
006 3 21 5 0 0.374846 0.039667 0 0.7478 0 0 -0.372954 0.039667 1.889252 0.3750575 2
006 3 21 5 0 0.37445 0.039613 0 0.7478 0 0 -0.37335 0.039613 1.900055 0.3754456 2
006 3 21 5 0 0.374054 0.039556 0 0.7478 0 0 -0.373746 0.039556 1.91156 0.3758334 2
006 3 21 5 0 0.373659 0.039494 0 0.7478 0 0 -0.374141 0.039494 1.922729 0.3762197 2
006 3 21 5 0 0.373264 0.039429 0 0.7478 0 0 -0.374536 0.039429 1.933929 0.3766057 2
006 3 21 5 0 0.37287 0.039359 0 0.7478 0 0 -0.37493 0.039359 1.944672 0.3769902 2
006 3 21 5 0 0.372477 0.039286 0 0.7478 0 0 -0.375323 0.039286 1.956268 0.3773735 2
006 3 21 5 0 0.372084 0.039209 0 0.7478 0 0 -0.375716 0.039209 1.966949 0.3777563 2
006 3 21 5 0 0.371693 0.039128 0 0.7478 0 0 -0.376107 0.039128 1.981079 0.3781368 2
006 3 21 5 0 0.371302 0.039043 0 0.7478 0 0 -0.376498 0.039043 1.988953 0.3785169 2
006 3 21 5 0 0.370912 0.038954 0 0.7478 0 0 -0.376888 0.038954 2.000336 0.3788957 2
006 3 21 5 0 0.370523 0.038861 0 0.7478 0 0 -0.377277 0.038861 2.011383 0.3792731 2
006 3 21 5 0 0.370135 0.038764 0 0.7478 0 0 -0.377665 0.038764 2.022461 0.3796492 2
006 3 21 5 0 0.369748 0.038664 0 0.7478 0 0 -0.378052 0.038664 2.033417 0.380024 2
006 3 21 5 0 0.369361 0.038559 0 0.7478 0 0 -0.378439 0.038559 2.044983 0.3803983 2
006 3 21 5 0 0.368976 0.038451 0 0.7478 0 0 -0.378824 0.038451 2.055756 0.3807704 2
006 3 21 5 0 0.368592 0.038339 0 0.7478 0 0 -0.379208 0.038339 2.066895 0.3811412 2
006 3 21 5 0 0.36821 0.038223 0 0.7478 0 0 -0.37959 0.038223 2.078186 0.3815096 2
006 3 21 5 0 0.367828 0.038103 0 0.7478 0 0 -0.379972 0.038103 2.089325 0.3818777 2
006 3 21 5 0 0.367448 0.037979 0 0.7478 0 0 -0.380352 0.037979 2.100647 0.3822434 2
006 3 21 5 0 0.367068 0.037852 0 0.7478 0 0 -0.380732 0.037852 2.111389 0.382609 2
006 3 21 5 0 0.366691 0.037721 0 0.7478 0 0 -0.381109 0.037721 2.122894 0.3829712 2
006 3 21 5 0 0.366314 0.037586 0 0.7478 0 0 -0.381486 0.037586 2.137146 0.3833331 2
006 3 21 5 0 0.365939 0.037447 0 0.7478 0 0 -0.381861 0.037447 2.144592 0.3836927 2
006 3 21 5 0 0.365565 0.037305 0 0.7478 0 0 -0.382235 0.037305 2.156281 0.3840511 2
006 3 21 5 0 0.365193 0.037158 0 0.7478 0 0 -0.382607 0.037158 2.16684 0.3844071 2
006 3 21 5 0 0.364822 0.037008 0 0.7478 0 0 -0.382978 0.037008 2.178101 0.3847619 2
006 3 21 5 0 0.364453 0.036855 0 0.7478 0 0 -0.383347 0.036855 2.189209 0.3851145 2
006 3 21 5 0 0.364085 0.036698 0 0.7478 0 0 -0.383715 0.036698 2.200317 0.3854659 2
006 3 21 5 0 0.363719 0.036537 0 0.7478 0 0 -0.384081 0.036537 2.211426 0.3858149 2
006 3 21 5 0 0.363354 0.036372 0 0.7478 0 0 -0.384446 0.036372 2.222534 0.3861627 2
006 3 21 5 0 0.362991 0.036204 0 0.7478 0 0 -0.384809 0.036204 2.233551 0.3865083 2
006 3 21 5 0 0.36263 0.036032 0 0.7478 0 0 -0.38517 0.036032 2.244629 0.3868517 2
006 3 21 5 0 0.362271 0.035856 0 0.7478 0 0 -0.385529 0.035856 2.255768 0.3871928 2
006 3 21 5 0 0.361913 0.035677 0 0.7478 0 0 -0.385887 0.035677 2.267059 0.3875327 2
006 3 21 5 0 0.361557 0.035494 0 0.7478 0 0 -0.386243 0.035494 2.278534 0.3878704 2
006 3 21 5 0 0.361203 0.035308 0 0.7478 0 0 -0.386597 0.035308 2.299835 0.388206 2
006 3 21 5 0 0.360851 0.035119 0 0.7478 0 0 -0.386949 0.035119 2.30603 0.3885394 2
006 3 21 5 0 0.360501 0.034925 0 0.7478 0 0 -0.387299 0.034925 2.31131 0.3888705 2
006 3 21 5 0 0.360152 0.034729 0 0.7478 0 0 -0.387648 0.034729 2.322723 0.3892005 2
006 3 21 5 0 0.359806 0.034528 0 0.7478 0 0 -0.387994 0.034528 2.333771 0.3895273 2
006 3 21 5 0 0.359462 0.034325 0 0.7478 0 0 -0.388338 0.034325 2.344818 0.389852 2
006 3 21 5 0 0.35912 0.034118 0 0.7478 0 0 -0.38868 0.034118 2.356049 0.3901745 2
006 3 21 5 0 0.35878 0.033907 0 0.7478 0 0 -0.38902 0.033907 2.36676 0.3904949 2
006 3 21 5 0 0.358442 0.033693 0 0.7478 0 0 -0.389358 0.033693 2.378479 0.3908131 2
006 3 21 5 0 0.358106 0.033476 0 0.7478 0 0 -0.389694 0.033476 2.389496 0.3911292 2
006 3 21 5 0 0.357772 0.033255 0 0.7478 0 0 -0.390028 0.033255 2.400177 0.3914431 2
006 3 21 5 0 0.357441 0.033031 0 0.7478 0 0 -0.390359 0.033031 2.411224 0.391754 2
006 3 21 5 0 0.357111 0.032804 0 0.7478 0 0 -0.390689 0.032804 2.423004 0.3920638 2
006 3 21 5 0 0.356785 0.032574 0 0.7478 0 0 -0.391015 0.032574 2.433746 0.3923694 2
006 3 21 5 0 0.35646 0.03234 0 0.7478 0 0 -0.39134 0.03234 2.44809 0.392674 2
006 3 21 5 0 0.356138 0.032103 0 0.7478 0 0 -0.391662 0.032103 2.455505 0.3929755 2
006 3 21 5 0 0.355818 0.031863 0 0.7478 0 0 -0.391982 0.031863 2.466949 0.3932749 2
006 3 21 5 0 0.3555 0.031619 0 0.7478 0 0 -0.3923 0.031619 2.47818 0.3935722 2
006 3 21 5 0 0.355186 0.031373 0 0.7478 0 0 -0.392614 0.031373 2.489227 0.3938655 2
006 3 21 5 0 0.354873 0.031123 0 0.7478 0 0 -0.392927 0.031123 2.500183 0.3941577 2
006 3 21 5 0 0.354563 0.03087 0 0.7478 0 0 -0.393237 0.03087 2.511627 0.3944468 2
006 3 21 5 0 0.354256 0.030614 0 0.7478 0 0 -0.393544 0.030614 2.522919 0.3947329 2
006 3 21 5 0 0.353951 0.030355 0 0.7478 0 0 -0.393849 0.030355 2.533936 0.395017 2
006 3 21 5 0 0.353649 0.030093 0 0.7478 0 0 -0.394151 0.030093 2.54483 0.3952981 2
006 3 21 5 0 0.353349 0.029828 0 0.7478 0 0 -0.394451 0.029828 2.556091 0.3955772 2
006 3 21 5 0 0.353052 0.02956 0 0.7478 0 0 -0.394748 0.02956 2.567139 0.3958532 2
006 3 21 5 0 0.352758 0.029289 0 0.7478 0 0 -0.395042 0.029289 2.578278 0.3961263 2
006 3 21 5 0 0.352466 0.029015 0 0.7478 0 0 -0.395334 0.029015 2.5896 0.3963973 2
006 3 21 5 0 0.352177 0.028739 0 0.7478 0 0 -0.395623 0.028739 2.60376 0.3966655 2
006 3 21 5 0 0.351891 0.028459 0 0.7478 0 0 -0.395909 0.028459 2.611084 0.3969305 2
006 3 21 5 0 0.351608 0.028176 0 0.7478 0 0 -0.396192 0.028176 2.62262 0.3971926 2
006 3 21 5 0 0.351328 0.027891 0 0.7478 0 0 -0.396472 0.027891 2.634033 0.3974518 2
006 3 21 5 0 0.35105 0.027603 0 0.7478 0 0 -0.39675 0.027603 2.644684 0.397709 2
006 3 21 5 0 0.350776 0.027312 0 0.7478 0 0 -0.397024 0.027312 2.656281 0.3979623 2
006 3 21 5 0 0.350504 0.027019 0 0.7478 0 0 -0.397296 0.027019 2.667114 0.3982137 2
006 3 21 5 0 0.350236 0.026722 0 0.7478 0 0 -0.397564 0.026722 2.677979 0.398461 2
006 3 21 5 0 0.34997 0.026423 0 0.7478 0 0 -0.39783 0.026423 2.689301 0.3987065 2
006 3 21 5 0 0.349707 0.026122 0 0.7478 0 0 -0.398093 0.026122 2.7005 0.3989491 2
006 3 21 5 0 0.349447 0.025817 0 0.7478 0 0 -0.398353 0.025817 2.711487 0.3991887 2
006 3 21 5 0 0.349191 0.025511 0 0.7478 0 0 -0.398609 0.025511 2.722504 0.3994245 2
006 3 21 5 0 0.348937 0.025201 0 0.7478 0 0 -0.398863 0.025201 2.733795 0.3996583 2
006 3 21 5 0 0.348687 0.024889 0 0.7478 0 0 -0.399113 0.024889 2.74469 0.3998883 2
006 3 21 5 0 0.348439 0.024575 0 0.7478 0 0 -0.399361 0.024575 2.759094 0.4001164 2
006 3 21 5 0 0.348195 0.024258 0 0.7478 0 0 -0.399605 0.024258 2.766602 0.4003406 2
006 3 21 5 0 0.347954 0.023939 0 0.7478 0 0 -0.399846 0.023939 2.778046 0.400562 2
006 3 21 5 0 0.347716 0.023617 0 0.7478 0 0 -0.400084 0.023617 2.789093 0.4007804 2
006 3 21 5 0 0.347482 0.023293 0 0.7478 0 0 -0.400318 0.023293 2.800598 0.4009951 2
006 3 21 5 0 0.347251 0.022967 0 0.7478 0 0 -0.400549 0.022967 2.81134 0.4012069 2
006 3 21 5 0 0.347023 0.022638 0 0.7478 0 0 -0.400777 0.022638 2.822296 0.4014158 2
006 3 21 5 0 0.346798 0.022307 0 0.7478 0 0 -0.401002 0.022307 2.833588 0.401622 2
006 3 21 5 0 0.346576 0.021974 0 0.7478 0 0 -0.401224 0.021974 2.844971 0.4018253 2
006 3 21 5 0 0.346358 0.021639 0 0.7478 0 0 -0.401442 0.021639 2.855896 0.4020248 2
006 3 21 5 0 0.346144 0.021301 0 0.7478 0 0 -0.401656 0.021301 2.867218 0.4022204 2
006 3 21 5 0 0.345932 0.020962 0 0.7478 0 0 -0.401868 0.020962 2.878113 0.4024143 2
006 3 21 5 0 0.345724 0.02062 0 0.7478 0 0 -0.402076 0.02062 2.889282 0.4026044 2
006 3 21 5 0 0.34552 0.020276 0 0.7478 0 0 -0.40228 0.020276 2.900574 0.4027906 2
006 3 21 5 0 0.345319 0.01993 0 0.7478 0 0 -0.402481 0.01993 2.914948 0.4029741 2
006 3 21 5 0 0.345121 0.019583 0 0.7478 0 0 -0.402679 0.019583 2.92215 0.4031549 2
006 3 21 5 0 0.344927 0.019233 0 0.7478 0 0 -0.402873 0.019233 2.933838 0.4033318 2
006 3 21 5 0 0.344737 0.018881 0 0.7478 0 0 -0.403063 0.018881 2.944733 0.403505 2
006 3 21 5 0 0.34455 0.018528 0 0.7478 0 0 -0.40325 0.018528 2.956329 0.4036754 2
006 3 21 5 0 0.344366 0.018172 0 0.7478 0 0 -0.403434 0.018172 2.967255 0.403843 2
006 3 21 5 0 0.344186 0.017815 0 0.7478 0 0 -0.403614 0.017815 2.978241 0.404007 2
006 3 21 5 0 0.34401 0.017456 0 0.7478 0 0 -0.40379 0.017456 2.98941 0.4041671 2
006 3 21 5 0 0.343837 0.017095 0 0.7478 0 0 -0.403963 0.017095 3.000427 0.4043246 2
006 3 21 5 0 0.343668 0.016733 0 0.7478 0 0 -0.404132 0.016733 3.011536 0.4044783 2
006 3 21 5 0 0.343502 0.016369 0 0.7478 0 0 -0.404298 0.016369 3.022705 0.4046292 2
006 3 21 5 0 0.343341 0.016003 0 0.7478 0 0 -0.404459 0.016003 3.0336 0.4047755 2
006 3 21 5 0 0.343182 0.015635 0 0.7478 0 0 -0.404618 0.015635 3.045013 0.40492 2
006 3 21 5 0 0.343028 0.015266 0 0.7478 0 0 -0.404772 0.015266 3.055939 0.4050598 2
006 3 21 5 0 0.342877 0.014896 0 0.7478 0 0 -0.404923 0.014896 3.070557 0.4051969 2
006 3 21 5 0 0.34273 0.014524 0 0.7478 0 0 -0.40507 0.014524 3.077911 0.4053303 2
006 3 21 5 0 0.342587 0.014151 0 0.7478 0 0 -0.405213 0.014151 3.089203 0.40546 2
006 3 21 5 0 0.342447 0.013776 0 0.7478 0 0 -0.405353 0.013776 3.100494 0.405587 2
006 3 21 5 0 0.342311 0.0134 0 0.7478 0 0 -0.405489 0.0134 3.111633 0.4057104 2
006 3 21 5 0 0.342179 0.013022 0 0.7478 0 0 -0.405621 0.013022 3.12265 0.40583 2
006 3 21 5 0 0.342051 0.012643 0 0.7478 0 0 -0.405749 0.012643 3.134399 0.4059459 2
006 3 21 5 0 0.341926 0.012263 0 0.7478 0 0 -0.405874 0.012263 3.144928 0.4060592 2
006 3 21 5 0 0.341805 0.011882 0 0.7478 0 0 -0.405995 0.011882 3.15567 0.4061688 2
006 3 21 5 0 0.341689 0.011499 0 0.7478 0 0 -0.406111 0.011499 3.167023 0.4062738 2
006 3 21 5 0 0.341575 0.011115 0 0.7478 0 0 -0.406225 0.011115 3.178009 0.406377 2
006 3 21 5 0 0.341466 0.010731 0 0.7478 0 0 -0.406334 0.010731 3.189392 0.4064757 2
006 3 21 5 0 0.341361 0.010345 0 0.7478 0 0 -0.406439 0.010345 3.200378 0.4065706 2
006 3 21 5 0 0.341259 0.009958 0 0.7478 0 0 -0.406541 0.009958 3.212006 0.4066629 2
006 3 21 5 0 0.341162 0.00957 0 0.7478 0 0 -0.406638 0.00957 3.2258 0.4067506 2
006 3 21 5 0 0.341068 0.009181 0 0.7478 0 0 -0.406732 0.009181 3.233521 0.4068356 2
006 3 21 5 0 0.340978 0.008791 0 0.7478 0 0 -0.406822 0.008791 3.244995 0.406917 2
006 3 21 5 0 0.340892 0.008401 0 0.7478 0 0 -0.406908 0.008401 3.256012 0.4069947 2
006 3 21 5 0 0.34081 0.008009 0 0.7478 0 0 -0.40699 0.008009 3.267334 0.4070688 2
006 3 21 5 0 0.340732 0.007617 0 0.7478 0 0 -0.407068 0.007617 3.27832 0.4071392 2
006 3 21 5 0 0.340658 0.007224 0 0.7478 0 0 -0.407142 0.007224 3.289886 0.4072061 2
006 3 21 5 0 0.340587 0.00683 0 0.7478 0 0 -0.407213 0.00683 3.300385 0.4072703 2
006 3 21 5 0 0.340521 0.006436 0 0.7478 0 0 -0.407279 0.006436 3.31131 0.4073298 2
006 3 21 5 0 0.340459 0.006041 0 0.7478 0 0 -0.407341 0.006041 3.322632 0.4073858 2
006 3 21 5 0 0.3404 0.005645 0 0.7478 0 0 -0.4074 0.005645 3.333771 0.4074391 2
006 3 21 5 0 0.340346 0.005249 0 0.7478 0 0 -0.407454 0.005249 3.344818 0.4074878 2
006 3 21 5 0 0.340295 0.004852 0 0.7478 0 0 -0.407505 0.004852 3.355927 0.4075339 2
006 3 21 5 0 0.340249 0.004454 0 0.7478 0 0 -0.407551 0.004454 3.367371 0.4075753 2
006 3 21 5 0 0.340206 0.004057 0 0.7478 0 0 -0.407594 0.004057 3.381622 0.4076142 2
006 3 21 5 0 0.340168 0.003659 0 0.7478 0 0 -0.407632 0.003659 3.388855 0.4076484 2
006 3 21 5 0 0.340133 0.00326 0 0.7478 0 0 -0.407667 0.00326 3.400513 0.40768 2
006 3 21 5 0 0.340102 0.002861 0 0.7478 0 0 -0.407698 0.002861 3.411285 0.407708 2
006 3 21 5 0 0.340076 0.002462 0 0.7478 0 0 -0.407724 0.002462 3.422699 0.4077314 2
006 3 21 5 0 0.340053 0.002063 0 0.7478 0 0 -0.407747 0.002063 3.433746 0.4077522 2
006 3 21 5 0 0.340035 0.001663 0 0.7478 0 0 -0.407765 0.001663 3.444885 0.4077684 2
006 3 21 5 0 0.34002 0.001263 0 0.7478 0 0 -0.40778 0.001263 3.455872 0.4077819 2
006 3 21 5 0 0.340009 0.000864 0 0.7478 0 0 -0.407791 0.000864 3.467285 0.4077919 2
006 3 21 5 0 0.340003 0.000464 0 0.7478 0 0 -0.407797 0.000464 3.478058 0.4077972 2
006 3 21 5 0 0.34 6.4E-05 0 0.7478 0 0 -0.4078 6.4E-05 3.489288 0.4078 2
006 3 21 5 0 0.340001 -0.000336 0 0.7478 0 0 -0.407799 -0.000336 3.500305 0.4077991 2
006 3 21 5 0 0.340007 -0.000736 0 0.7478 0 0 -0.407793 -0.000736 3.511597 0.4077936 2
006 3 21 5 0 0.340016 -0.001136 0 0.7478 0 0 -0.407784 -0.001136 3.523071 0.4077856 2
006 3 21 5 0 0.340029 -0.001536 0 0.7478 0 0 -0.407771 -0.001536 3.537323 0.4077739 2
006 3 21 5 0 0.340047 -0.001936 0 0.7478 0 0 -0.407753 -0.001936 3.544952 0.4077576 2
006 3 21 5 0 0.340068 -0.002335 0 0.7478 0 0 -0.407732 -0.002335 3.556091 0.4077387 2
006 3 21 5 0 0.340094 -0.002734 0 0.7478 0 0 -0.407706 -0.002734 3.5672 0.4077151 2
006 3 21 5 0 0.340123 -0.003133 0 0.7478 0 0 -0.407677 -0.003133 3.578156 0.407689 2
006 3 21 5 0 0.340156 -0.003532 0 0.7478 0 0 -0.407644 -0.003532 3.589294 0.4076593 2
006 3 21 5 0 0.340194 -0.00393 0 0.7478 0 0 -0.407606 -0.00393 3.600525 0.4076249 2
006 3 21 5 0 0.340235 -0.004328 0 0.7478 0 0 -0.407565 -0.004328 3.611511 0.407588 2
006 3 21 5 0 0.34028 -0.004725 0 0.7478 0 0 -0.40752 -0.004725 3.62265 0.4075474 2
006 3 21 5 0 0.340329 -0.005122 0 0.7478 0 0 -0.407471 -0.005122 3.633667 0.4075032 2
006 3 21 5 0 0.340383 -0.005519 0 0.7478 0 0 -0.407417 -0.005519 3.645081 0.4074544 2
006 3 21 5 0 0.34044 -0.005915 0 0.7478 0 0 -0.40736 -0.005915 3.656036 0.4074029 2
006 3 21 5 0 0.340501 -0.00631 0 0.7478 0 0 -0.407299 -0.00631 3.667389 0.4073479 2
006 3 21 5 0 0.340566 -0.006704 0 0.7478 0 0 -0.407234 -0.006704 3.678314 0.4072892 2
006 3 21 5 0 0.340635 -0.007098 0 0.7478 0 0 -0.407165 -0.007098 3.692535 0.4072269 2
006 3 21 5 0 0.340708 -0.007492 0 0.7478 0 0 -0.407092 -0.007492 3.700073 0.4071609 2
006 3 21 5 0 0.340785 -0.007884 0 0.7478 0 0 -0.407015 -0.007884 3.711609 0.4070913 2
006 3 21 5 0 0.340866 -0.008276 0 0.7478 0 0 -0.406934 -0.008276 3.722412 0.4070181 2
006 3 21 5 0 0.34095 -0.008667 0 0.7478 0 0 -0.40685 -0.008667 3.734009 0.4069423 2
006 3 21 5 0 0.341039 -0.009057 0 0.7478 0 0 -0.406761 -0.009057 3.744843 0.4068618 2
006 3 21 5 0 0.341131 -0.009446 0 0.7478 0 0 -0.406669 -0.009446 3.756165 0.4067787 2
006 3 21 5 0 0.341228 -0.009834 0 0.7478 0 0 -0.406572 -0.009834 3.767395 0.4066909 2
006 3 21 5 0 0.341328 -0.010222 0 0.7478 0 0 -0.406472 -0.010222 3.778076 0.4066005 2
006 3 21 5 0 0.341432 -0.010608 0 0.7478 0 0 -0.406368 -0.010608 3.789551 0.4065064 2
006 3 21 5 0 0.34154 -0.010993 0 0.7478 0 0 -0.40626 -0.010993 3.800842 0.4064087 2
006 3 21 5 0 0.341652 -0.011377 0 0.7478 0 0 -0.406148 -0.011377 3.811371 0.4063073 2
006 3 21 5 0 0.341768 -0.01176 0 0.7478 0 0 -0.406032 -0.01176 3.822784 0.4062023 2
006 3 21 5 0 0.341887 -0.012142 0 0.7478 0 0 -0.405913 -0.012142 3.833954 0.4060946 2
006 3 21 5 0 0.342011 -0.012522 0 0.7478 0 0 -0.405789 -0.012522 3.848083 0.4059821 2
006 3 21 5 0 0.342138 -0.012901 0 0.7478 0 0 -0.405662 -0.012901 3.855682 0.4058671 2
006 3 21 5 0 0.342269 -0.013279 0 0.7478 0 0 -0.405531 -0.013279 3.867157 0.4057483 2
006 3 21 5 0 0.342403 -0.013656 0 0.7478 0 0 -0.405397 -0.013656 3.878143 0.405627 2
006 3 21 5 0 0.342542 -0.014031 0 0.7478 0 0 -0.405258 -0.014031 3.889099 0.4055008 2
006 3 21 5 0 0.342684 -0.014405 0 0.7478 0 0 -0.405116 -0.014405 3.900787 0.405372 2
006 3 21 5 0 0.34283 -0.014778 0 0.7478 0 0 -0.40497 -0.014778 3.911713 0.4052395 2
006 3 21 5 0 0.342979 -0.015149 0 0.7478 0 0 -0.404821 -0.015149 3.922546 0.4051043 2
006 3 21 5 0 0.343133 -0.015518 0 0.7478 0 0 -0.404667 -0.015518 3.934021 0.4049644 2
006 3 21 5 0 0.34329 -0.015886 0 0.7478 0 0 -0.40451 -0.015886 3.945099 0.4048218 2
006 3 21 5 0 0.343451 -0.016252 0 0.7478 0 0 -0.404349 -0.016252 3.955963 0.4046755 2
006 3 21 5 0 0.343615 -0.016617 0 0.7478 0 0 -0.404185 -0.016617 3.967316 0.4045264 2
006 3 21 5 0 0.343783 -0.01698 0 0.7478 0 0 -0.404017 -0.01698 3.978424 0.4043736 2
006 3 21 5 0 0.343954 -0.017341 0 0.7478 0 0 -0.403846 -0.017341 3.989532 0.4042181 2
006 3 21 5 0 0.34413 -0.017701 0 0.7478 0 0 -0.40367 -0.017701 4.004089 0.4040579 2
006 3 21 5 0 0.344308 -0.018059 0 0.7478 0 0 -0.403492 -0.018059 4.011383 0.4038959 2
006 3 21 5 0 0.344491 -0.018415 0 0.7478 0 0 -0.403309 -0.018415 4.022522 0.4037292 2
006 3 21 5 0 0.344677 -0.018769 0 0.7478 0 0 -0.403123 -0.018769 4.033691 0.4035597 2
006 3 21 5 0 0.344866 -0.019121 0 0.7478 0 0 -0.402934 -0.019121 4.044983 0.4033874 2
006 3 21 5 0 0.345059 -0.019471 0 0.7478 0 0 -0.402741 -0.019471 4.056152 0.4032114 2
006 3 21 5 0 0.345256 -0.01982 0 0.7478 0 0 -0.402544 -0.01982 4.06723 0.4030316 2
006 3 21 5 0 0.345456 -0.020166 0 0.7478 0 0 -0.402344 -0.020166 4.07843 0.402849 2
006 3 21 5 0 0.345659 -0.020511 0 0.7478 0 0 -0.402141 -0.020511 4.089294 0.4026637 2
006 3 21 5 0 0.345866 -0.020853 0 0.7478 0 0 -0.401934 -0.020853 4.101135 0.4024746 2
006 3 21 5 0 0.346076 -0.021193 0 0.7478 0 0 -0.401724 -0.021193 4.111816 0.4022826 2
006 3 21 5 0 0.34629 -0.021532 0 0.7478 0 0 -0.40151 -0.021532 4.122864 0.4020869 2
006 3 21 5 0 0.346507 -0.021868 0 0.7478 0 0 -0.401293 -0.021868 4.133789 0.4018884 2
006 3 21 5 0 0.346727 -0.022201 0 0.7478 0 0 -0.401073 -0.022201 4.14505 0.401687 2
006 3 21 5 0 0.346951 -0.022533 0 0.7478 0 0 -0.400849 -0.022533 4.159637 0.4014818 2
006 3 21 5 0 0.347178 -0.022862 0 0.7478 0 0 -0.400622 -0.022862 4.166748 0.4012738 2
006 3 21 5 0 0.347408 -0.02319 0 0.7478 0 0 -0.400392 -0.02319 4.178162 0.401063 2
006 3 21 5 0 0.347641 -0.023514 0 0.7478 0 0 -0.400159 -0.023514 4.189453 0.4008493 2
006 3 21 5 0 0.347878 -0.023837 0 0.7478 0 0 -0.399922 -0.023837 4.200623 0.4006318 2
006 3 21 5 0 0.348118 -0.024157 0 0.7478 0 0 -0.399682 -0.024157 4.211823 0.4004114 2
006 3 21 5 0 0.348361 -0.024474 0 0.7478 0 0 -0.399439 -0.024474 4.222626 0.400188 2
006 3 21 5 0 0.348608 -0.024789 0 0.7478 0 0 -0.399192 -0.024789 4.233917 0.3999609 2
006 3 21 5 0 0.348857 -0.025102 0 0.7478 0 0 -0.398943 -0.025102 4.245148 0.3997319 2
006 3 21 5 0 0.34911 -0.025412 0 0.7478 0 0 -0.39869 -0.025412 4.256042 0.399499 2
006 3 21 5 0 0.349365 -0.02572 0 0.7478 0 0 -0.398435 -0.02572 4.267456 0.3992643 2
006 3 21 5 0 0.349624 -0.026025 0 0.7478 0 0 -0.398176 -0.026025 4.277924 0.3990256 2
006 3 21 5 0 0.349886 -0.026327 0 0.7478 0 0 -0.397914 -0.026327 4.289398 0.398784 2
006 3 21 5 0 0.350151 -0.026627 0 0.7478 0 0 -0.397649 -0.026627 4.300629 0.3985395 2
006 3 21 5 0 0.350418 -0.026924 0 0.7478 0 0 -0.397382 -0.026924 4.315186 0.398293 2
006 3 21 5 0 0.350689 -0.027219 0 0.7478 0 0 -0.397111 -0.027219 4.322632 0.3980427 2
006 3 21 5 0 0.350963 -0.027511 0 0.7478 0 0 -0.396837 -0.027511 4.333801 0.3977895 2
006 3 21 5 0 0.351239 -0.0278 0 0.7478 0 0 -0.396561 -0.0278 4.344818 0.3975342 2
006 3 21 5 0 0.351519 -0.028086 0 0.7478 0 0 -0.396281 -0.028086 4.356049 0.397275 2
006 3 21 5 0 0.351801 -0.028369 0 0.7478 0 0 -0.395999 -0.028369 4.36734 0.3970138 2
006 3 21 5 0 0.352086 -0.02865 0 0.7478 0 0 -0.395714 -0.02865 4.378479 0.3967498 2
006 3 21 5 0 0.352374 -0.028928 0 0.7478 0 0 -0.395426 -0.028928 4.389465 0.3964827 2
006 3 21 5 0 0.352665 -0.029202 0 0.7478 0 0 -0.395135 -0.029202 4.400635 0.3962126 2
006 3 21 5 0 0.352958 -0.029474 0 0.7478 0 0 -0.394842 -0.029474 4.411163 0.3959405 2
006 3 21 5 0 0.353254 -0.029743 0 0.7478 0 0 -0.394546 -0.029743 4.422852 0.3956655 2
006 3 21 5 0 0.353553 -0.030009 0 0.7478 0 0 -0.394247 -0.030009 4.434357 0.3953874 2
006 3 21 5 0 0.353854 -0.030272 0 0.7478 0 0 -0.393946 -0.030272 4.444855 0.3951074 2
006 3 21 5 0 0.354158 -0.030532 0 0.7478 0 0 -0.393642 -0.030532 4.456146 0.3948243 2
006 3 21 5 0 0.354465 -0.030789 0 0.7478 0 0 -0.393335 -0.030789 4.470581 0.3945382 2
006 3 21 5 0 0.354774 -0.031043 0 0.7478 0 0 -0.393026 -0.031043 4.477936 0.3942501 2
006 3 21 5 0 0.355086 -0.031293 0 0.7478 0 0 -0.392714 -0.031293 4.489746 0.3939588 2
006 3 21 5 0 0.3554 -0.031541 0 0.7478 0 0 -0.3924 -0.031541 4.500702 0.3936656 2
006 3 21 5 0 0.355717 -0.031785 0 0.7478 0 0 -0.392083 -0.031785 4.511414 0.3933692 2
006 3 21 5 0 0.356036 -0.032027 0 0.7478 0 0 -0.391764 -0.032027 4.523315 0.3930709 2
006 3 21 5 0 0.356357 -0.032265 0 0.7478 0 0 -0.391443 -0.032265 4.533997 0.3927705 2
006 3 21 5 0 0.356681 -0.0325 0 0.7478 0 0 -0.391119 -0.0325 4.545074 0.392467 2
006 3 21 5 0 0.357007 -0.032731 0 0.7478 0 0 -0.390793 -0.032731 4.556274 0.3921613 2
006 3 21 5 0 0.357335 -0.032959 0 0.7478 0 0 -0.390465 -0.032959 4.567139 0.3918535 2
006 3 21 5 0 0.357666 -0.033184 0 0.7478 0 0 -0.390134 -0.033184 4.578247 0.3915427 2
006 3 21 5 0 0.357999 -0.033406 0 0.7478 0 0 -0.389801 -0.033406 4.589386 0.3912298 2
006 3 21 5 0 0.358334 -0.033624 0 0.7478 0 0 -0.389466 -0.033624 4.600647 0.3909147 2
006 3 21 5 0 0.358672 -0.033839 0 0.7478 0 0 -0.389128 -0.033839 4.61203 0.3905966 2
006 3 21 5 0 0.359011 -0.034051 0 0.7478 0 0 -0.388789 -0.034051 4.626129 0.3902773 2
006 3 21 5 0 0.359353 -0.034259 0 0.7478 0 0 -0.388447 -0.034259 4.633545 0.3899548 2
006 3 21 5 0 0.359696 -0.034464 0 0.7478 0 0 -0.388104 -0.034464 4.645081 0.3896312 2
006 3 21 5 0 0.360042 -0.034665 0 0.7478 0 0 -0.387758 -0.034665 4.656219 0.3893044 2
006 3 21 5 0 0.36039 -0.034863 0 0.7478 0 0 -0.38741 -0.034863 4.667511 0.3889755 2
006 3 21 5 0 0.360739 -0.035057 0 0.7478 0 0 -0.387061 -0.035057 4.678436 0.3886454 2
006 3 21 5 0 0.361091 -0.035248 0 0.7478 0 0 -0.386709 -0.035248 4.689362 0.388312 2
006 3 21 5 0 0.361444 -0.035436 0 0.7478 0 0 -0.386356 -0.035436 4.70047 0.3879777 2
006 3 21 5 0 0.361799 -0.035619 0 0.7478 0 0 -0.386001 -0.035619 4.711609 0.3876409 2
006 3 21 5 0 0.362157 -0.0358 0 0.7478 0 0 -0.385643 -0.0358 4.722839 0.3873011 2
006 3 21 5 0 0.362515 -0.035976 0 0.7478 0 0 -0.385285 -0.035976 4.733917 0.386961 2
006 3 21 5 0 0.362876 -0.036149 0 0.7478 0 0 -0.384924 -0.036149 4.7453 0.3866177 2
006 3 21 5 0 0.363238 -0.036319 0 0.7478 0 0 -0.384562 -0.036319 4.755951 0.3862732 2
006 3 21 5 0 0.363602 -0.036484 0 0.7478 0 0 -0.384198 -0.036484 4.767334 0.3859264 2
006 3 21 5 0 0.363968 -0.036647 0 0.7478 0 0 -0.383832 -0.036647 4.78183 0.3855775 2
006 3 21 5 0 0.364335 -0.036805 0 0.7478 0 0 -0.383465 -0.036805 4.789185 0.3852272 2
006 3 21 5 0 0.364704 -0.03696 0 0.7478 0 0 -0.383096 -0.03696 4.800537 0.3848747 2
006 3 21 5 0 0.365074 -0.037111 0 0.7478 0 0 -0.382726 -0.037111 4.811646 0.384521 2
006 3 21 5 0 0.365446 -0.037258 0 0.7478 0 0 -0.382354 -0.037258 4.823181 0.384165 2
006 3 21 5 0 0.36582 -0.037402 0 0.7478 0 0 -0.38198 -0.037402 4.834473 0.3838068 2
006 3 21 5 0 0.366194 -0.037542 0 0.7478 0 0 -0.381606 -0.037542 4.845154 0.3834482 2
006 3 21 5 0 0.36657 -0.037678 0 0.7478 0 0 -0.38123 -0.037678 4.856049 0.3830874 2
006 3 21 5 0 0.366948 -0.037811 0 0.7478 0 0 -0.380852 -0.037811 4.867432 0.3827243 2
006 3 21 5 0 0.367327 -0.037939 0 0.7478 0 0 -0.380473 -0.037939 4.878265 0.3823599 2
006 3 21 5 0 0.367707 -0.038064 0 0.7478 0 0 -0.380093 -0.038064 4.889435 0.3819942 2
006 3 21 5 0 0.368088 -0.038185 0 0.7478 0 0 -0.379712 -0.038185 4.900726 0.3816271 2
006 3 21 5 0 0.36847 -0.038302 0 0.7478 0 0 -0.37933 -0.038302 4.911438 0.3812588 2
006 3 21 5 0 0.368854 -0.038416 0 0.7478 0 0 -0.378946 -0.038416 4.923401 0.3808882 2
006 3 21 5 0 0.369239 -0.038525 0 0.7478 0 0 -0.378561 -0.038525 4.93692 0.3805162 2
006 3 21 5 0 0.369624 -0.038631 0 0.7478 0 0 -0.378176 -0.038631 4.944855 0.3801439 2
006 3 21 5 0 0.370011 -0.038733 0 0.7478 0 0 -0.377789 -0.038733 4.956024 0.3797694 2
006 3 21 5 0 0.370399 -0.038831 0 0.7478 0 0 -0.377401 -0.038831 4.96759 0.3793934 2
006 3 21 5 0 0.370788 -0.038925 0 0.7478 0 0 -0.377012 -0.038925 4.978485 0.3790161 2
006 3 21 5 0 0.371178 -0.039015 0 0.7478 0 0 -0.376622 -0.039015 4.989288 0.3786374 2
006 3 21 5 0 0.371568 -0.039101 0 0.7478 0 0 -0.376232 -0.039101 5.000671 0.3782584 2
006 3 21 5 0 0.37196 -0.039184 0 0.7478 0 0 -0.37584 -0.039184 5.011505 0.3778771 2
006 3 21 5 0 0.372352 -0.039262 0 0.7478 0 0 -0.375448 -0.039262 5.022644 0.3774953 2
006 3 21 5 0 0.372745 -0.039337 0 0.7478 0 0 -0.375055 -0.039337 5.034058 0.3771122 2
006 3 21 5 0 0.373139 -0.039407 0 0.7478 0 0 -0.374661 -0.039407 5.044861 0.3767277 2
006 3 21 5 0 0.373533 -0.039474 0 0.7478 0 0 -0.374267 -0.039474 5.056427 0.3763429 2
006 3 21 5 0 0.373928 -0.039536 0 0.7478 0 0 -0.373872 -0.039536 5.067535 0.3759566 2
006 3 21 5 0 0.374324 -0.039595 0 0.7478 0 0 -0.373476 -0.039595 5.078583 0.375569 2
006 3 21 5 0 0.37472 -0.03965 0 0.7478 0 0 -0.37308 -0.03965 5.092773 0.375181 2
006 3 21 5 0 0.375117 -0.039701 0 0.7478 0 0 -0.372683 -0.039701 5.100739 0.3747917 2
006 3 21 5 0 0.375514 -0.039748 0 0.7478 0 0 -0.372286 -0.039748 5.111786 0.3744019 2
006 3 21 5 0 0.375912 -0.039791 0 0.7478 0 0 -0.371888 -0.039791 5.122681 0.3740107 2
006 3 21 5 0 0.37631 -0.039829 0 0.7478 0 0 -0.37149 -0.039829 5.134094 0.373619 2
006 3 21 5 0 0.376708 -0.039864 0 0.7478 0 0 -0.371092 -0.039864 5.144897 0.373227 2
006 3 21 5 0 0.377107 -0.039895 0 0.7478 0 0 -0.370693 -0.039895 5.156067 0.3728336 2
006 3 21 5 0 0.377506 -0.039922 0 0.7478 0 0 -0.370294 -0.039922 5.167664 0.3724398 2
006 3 21 5 0 0.377905 -0.039945 0 0.7478 0 0 -0.369895 -0.039945 5.178558 0.3720455 2
006 3 21 5 0 0.378305 -0.039964 0 0.7478 0 0 -0.369495 -0.039964 5.189514 0.3716499 2
006 3 21 5 0 0.378705 -0.039979 0 0.7478 0 0 -0.369095 -0.039979 5.200623 0.3712539 2
006 3 21 5 0 0.379105 -0.03999 0 0.7478 0 0 -0.368695 -0.03999 5.212097 0.3708574 2
006 3 21 5 0 0.379504 -0.039997 0 0.7478 0 0 -0.368296 -0.039997 5.22287 0.3704615 2
006 3 21 5 0 0.379904 -0.04 0 0.7478 0 0 -0.367896 -0.04 5.234436 0.3700641 2
006 3 21 5 0 0.380304 -0.039999 0 0.7478 0 0 -0.367496 -0.039999 5.24942 0.3696664 2
006 3 21 5 0 0.380704 -0.039994 0 0.7478 0 0 -0.367096 -0.039994 5.255829 0.3692681 2
006 3 21 5 0 0.381104 -0.039985 0 0.7478 0 0 -0.366696 -0.039985 5.267365 0.3688696 2
006 3 21 5 0 0.381504 -0.039972 0 0.7478 0 0 -0.366296 -0.039972 5.278961 0.3684705 2
006 3 21 5 0 0.381904 -0.039955 0 0.7478 0 0 -0.365896 -0.039955 5.289429 0.368071 2
006 3 21 5 0 0.382303 -0.039934 0 0.7478 0 0 -0.365497 -0.039934 5.300781 0.3676721 2
006 3 21 5 0 0.382702 -0.039909 0 0.7478 0 0 -0.365098 -0.039909 5.311493 0.3672728 2
006 3 21 5 0 0.383101 -0.03988 0 0.7478 0 0 -0.364699 -0.03988 5.323212 0.3668729 2
006 3 21 5 0 0.3835 -0.039847 0 0.7478 0 0 -0.3643 -0.039847 5.334015 0.3664727 2
006 3 21 5 0 0.383898 -0.03981 0 0.7478 0 0 -0.363902 -0.03981 5.345154 0.366073 2
006 3 21 5 0 0.384296 -0.039769 0 0.7478 0 0 -0.363504 -0.039769 5.356049 0.365673 2
006 3 21 5 0 0.384694 -0.039724 0 0.7478 0 0 -0.363106 -0.039724 5.367432 0.3652724 2
006 3 21 5 0 0.385091 -0.039675 0 0.7478 0 0 -0.362709 -0.039675 5.378571 0.3648725 2
006 3 21 5 0 0.385487 -0.039622 0 0.7478 0 0 -0.362313 -0.039622 5.389648 0.364473 2
006 3 21 5 0 0.385883 -0.039565 0 0.7478 0 0 -0.361917 -0.039565 5.403961 0.3640732 2
006 3 21 5 0 0.386278 -0.039504 0 0.7478 0 0 -0.361522 -0.039504 5.411316 0.3636739 2
006 3 21 5 0 0.386673 -0.039439 0 0.7478 0 0 -0.361127 -0.039439 5.423065 0.3632742 2
006 3 21 5 0 0.387067 -0.039371 0 0.7478 0 0 -0.360733 -0.039371 5.434143 0.3628751 2
006 3 21 5 0 0.38746 -0.039298 0 0.7478 0 0 -0.36034 -0.039298 5.445038 0.3624766 2
006 3 21 5 0 0.387853 -0.039222 0 0.7478 0 0 -0.359947 -0.039222 5.456238 0.3620776 2
006 3 21 5 0 0.388245 -0.039141 0 0.7478 0 0 -0.359555 -0.039141 5.467255 0.3616791 2
006 3 21 5 0 0.388636 -0.039057 0 0.7478 0 0 -0.359164 -0.039057 5.478668 0.3612814 2
006 3 21 5 0 0.389026 -0.038968 0 0.7478 0 0 -0.358774 -0.038968 5.489441 0.360884 2
006 3 21 5 0 0.389415 -0.038876 0 0.7478 0 0 -0.358385 -0.038876 5.500793 0.3604874 2
006 3 21 5 0 0.389804 -0.03878 0 0.7478 0 0 -0.357996 -0.03878 5.511627 0.3600903 2
006 3 21 5 0 0.390191 -0.03868 0 0.7478 0 0 -0.357609 -0.03868 5.522797 0.3596947 2
006 3 21 5 0 0.390577 -0.038576 0 0.7478 0 0 -0.357223 -0.038576 5.534241 0.3592998 2
006 3 21 5 0 0.390962 -0.038469 0 0.7478 0 0 -0.356838 -0.038469 5.544891 0.3589056 2
006 3 21 5 0 0.391346 -0.038357 0 0.7478 0 0 -0.356454 -0.038357 5.55957 0.3585118 2
006 3 21 5 0 0.391729 -0.038242 0 0.7478 0 0 -0.356071 -0.038242 5.567047 0.3581187 2
006 3 21 5 0 0.392111 -0.038122 0 0.7478 0 0 -0.355689 -0.038122 5.578522 0.3577261 2
006 3 21 5 0 0.392492 -0.037999 0 0.7478 0 0 -0.355308 -0.037999 5.589752 0.3573341 2
006 3 21 5 0 0.392871 -0.037873 0 0.7478 0 0 -0.354929 -0.037873 5.600677 0.3569439 2
006 3 21 5 0 0.393249 -0.037742 0 0.7478 0 0 -0.354551 -0.037742 5.611755 0.3565542 2
006 3 21 5 0 0.393626 -0.037608 0 0.7478 0 0 -0.354174 -0.037608 5.622925 0.3561651 2
006 3 21 5 0 0.394001 -0.037469 0 0.7478 0 0 -0.353799 -0.037469 5.634125 0.3557775 2
006 3 21 5 0 0.394375 -0.037328 0 0.7478 0 0 -0.353425 -0.037328 5.64505 0.3553908 2
006 3 21 5 0 0.394748 -0.037182 0 0.7478 0 0 -0.353052 -0.037182 5.656342 0.3550045 2
006 3 21 5 0 0.395119 -0.037033 0 0.7478 0 0 -0.352681 -0.037033 5.667328 0.35462 2
006 3 21 5 0 0.395489 -0.03688 0 0.7478 0 0 -0.352311 -0.03688 5.678589 0.354236 2
006 3 21 5 0 0.395857 -0.036723 0 0.7478 0 0 -0.351943 -0.036723 5.689545 0.3538537 2
006 3 21 5 0 0.396223 -0.036562 0 0.7478 0 0 -0.351577 -0.036562 5.700989 0.353473 2
006 3 21 5 0 0.396588 -0.036398 0 0.7478 0 0 -0.351212 -0.036398 5.715393 0.353093 2
006 3 21 5 0 0.396951 -0.036231 0 0.7478 0 0 -0.350849 -0.036231 5.722656 0.3527147 2
006 3 21 5 0 0.397313 -0.036059 0 0.7478 0 0 -0.350487 -0.036059 5.734039 0.352337 2
006 3 21 5 0 0.397672 -0.035884 0 0.7478 0 0 -0.350128 -0.035884 5.744904 0.351962 2
006 3 21 5 0 0.39803 -0.035706 0 0.7478 0 0 -0.34977 -0.035706 5.756012 0.3515878 2
006 3 21 5 0 0.398386 -0.035524 0 0.7478 0 0 -0.349414 -0.035524 5.767548 0.3512152 2
006 3 21 5 0 0.398741 -0.035338 0 0.7478 0 0 -0.349059 -0.035338 5.778137 0.3508432 2
006 3 21 5 0 0.399093 -0.035149 0 0.7478 0 0 -0.348707 -0.035149 5.789581 0.350474 2
006 3 21 5 0 0.399444 -0.034956 0 0.7478 0 0 -0.348356 -0.034956 5.80069 0.3501054 2
006 3 21 5 0 0.399792 -0.03476 0 0.7478 0 0 -0.348008 -0.03476 5.811707 0.3497396 2
006 3 21 5 0 0.400139 -0.03456 0 0.7478 0 0 -0.347661 -0.03456 5.822754 0.3493745 2
006 3 21 5 0 0.400483 -0.034357 0 0.7478 0 0 -0.347317 -0.034357 5.834015 0.3490122 2
006 3 21 5 0 0.400826 -0.034151 0 0.7478 0 0 -0.346974 -0.034151 5.845154 0.3486506 2
006 3 21 5 0 0.401166 -0.033941 0 0.7478 0 0 -0.346634 -0.033941 5.856445 0.3482917 2
006 3 21 5 0 0.401505 -0.033728 0 0.7478 0 0 -0.346295 -0.033728 5.87088 0.3479336 2
006 3 21 5 0 0.401841 -0.033511 0 0.7478 0 0 -0.345959 -0.033511 5.878113 0.3475782 2
006 3 21 5 0 0.402175 -0.033291 0 0.7478 0 0 -0.345625 -0.033291 5.889648 0.3472246 2
006 3 21 5 0 0.402507 -0.033067 0 0.7478 0 0 -0.345293 -0.033067 5.900665 0.3468727 2
006 3 21 5 0 0.402836 -0.032841 0 0.7478 0 0 -0.344964 -0.032841 5.911804 0.3465237 2
006 3 21 5 0 0.403164 -0.032611 0 0.7478 0 0 -0.344636 -0.032611 5.922852 0.3461755 2
006 3 21 5 0 0.403489 -0.032377 0 0.7478 0 0 -0.344311 -0.032377 5.934204 0.3458299 2
006 3 21 5 0 0.403811 -0.032141 0 0.7478 0 0 -0.343989 -0.032141 5.945221 0.3454873 2
006 3 21 5 0 0.404131 -0.031901 0 0.7478 0 0 -0.343669 -0.031901 5.956604 0.3451464 2
006 3 21 5 0 0.404449 -0.031658 0 0.7478 0 0 -0.343351 -0.031658 5.967896 0.3448074 2
006 3 21 5 0 0.404764 -0.031412 0 0.7478 0 0 -0.343036 -0.031412 5.978394 0.3444712 2
006 3 21 5 0 0.405077 -0.031163 0 0.7478 0 0 -0.342723 -0.031163 5.989532 0.3441369 2
006 3 21 5 0 0.405388 -0.030911 0 0.7478 0 0 -0.342412 -0.030911 6.000732 0.3438044 2
006 3 21 5 0 0.405696 -0.030655 0 0.7478 0 0 -0.342104 -0.030655 6.011871 0.3434747 2
006 3 21 5 0 0.406001 -0.030397 0 0.7478 0 0 -0.341799 -0.030397 6.025909 0.343148 2
006 3 21 5 0 0.406303 -0.030135 0 0.7478 0 0 -0.341497 -0.030135 6.033875 0.342824 2
006 3 21 5 0 0.406604 -0.029871 0 0.7478 0 0 -0.341196 -0.029871 6.045502 0.3425011 2
006 3 21 5 0 0.406901 -0.029603 0 0.7478 0 0 -0.340899 -0.029603 6.056305 0.3421819 2
006 3 21 5 0 0.407196 -0.029333 0 0.7478 0 0 -0.340604 -0.029333 6.067474 0.3418647 2
006 3 21 5 0 0.407488 -0.029059 0 0.7478 0 0 -0.340312 -0.029059 6.078491 0.3415504 2
006 3 21 5 0 0.407777 -0.028783 0 0.7478 0 0 -0.340023 -0.028783 6.0896 0.341239 2
006 3 21 5 0 0.408063 -0.028504 0 0.7478 0 0 -0.339737 -0.028504 6.100861 0.3409306 2
006 3 21 5 0 0.408347 -0.028222 0 0.7478 0 0 -0.339453 -0.028222 6.111755 0.3406242 2
006 3 21 5 0 0.408628 -0.027937 0 0.7478 0 0 -0.339172 -0.027937 6.122894 0.3403206 2
006 3 21 5 0 0.408906 -0.027649 0 0.7478 0 0 -0.338894 -0.027649 6.134094 0.34002 2
006 3 21 5 0 0.409181 -0.027359 0 0.7478 0 0 -0.338619 -0.027359 6.144897 0.3397225 2
006 3 21 5 0 0.409453 -0.027065 0 0.7478 0 0 -0.338347 -0.027065 6.156128 0.3394277 2
006 3 21 5 0 0.409722 -0.02677 0 0.7478 0 0 -0.338078 -0.02677 6.167999 0.3391362 2
006 3 21 5 0 0.409988 -0.026471 0 0.7478 0 0 -0.337812 -0.026471 6.181427 0.3388475 2
006 3 21 5 0 0.410251 -0.02617 0 0.7478 0 0 -0.337549 -0.02617 6.18927 0.338562 2
006 3 21 5 0 0.410511 -0.025866 0 0.7478 0 0 -0.337289 -0.025866 6.20047 0.3382793 2
006 3 21 5 0 0.410769 -0.02556 0 0.7478 0 0 -0.337031 -0.02556 6.211609 0.3379988 2
006 3 21 5 0 0.411023 -0.025251 0 0.7478 0 0 -0.336777 -0.025251 6.222778 0.3377223 2
006 3 21 5 0 0.411274 -0.024939 0 0.7478 0 0 -0.336526 -0.024939 6.234344 0.3374488 2
006 3 21 5 0 0.411521 -0.024625 0 0.7478 0 0 -0.336279 -0.024625 6.245422 0.3371794 2
006 3 21 5 0 0.411766 -0.024309 0 0.7478 0 0 -0.336034 -0.024309 6.256165 0.3369121 2
006 3 21 5 0 0.412008 -0.02399 0 0.7478 0 0 -0.335792 -0.02399 6.267822 0.3366478 2
006 3 21 5 0 0.412246 -0.023669 0 0.7478 0 0 -0.335554 -0.023669 6.278564 0.3363877 2
006 3 21 5 0 0.412481 -0.023345 0 0.7478 0 0 -0.335319 -0.023345 6.289764 0.3361306 2
006 3 21 5 0 0.412713 -0.023019 0 0.7478 0 0 -0.335087 -0.023019 6.300873 0.3358767 2
006 3 21 5 0 0.412941 -0.022691 0 0.7478 0 0 -0.334859 -0.022691 6.311646 0.3356269 2
006 3 21 5 0 0.413167 -0.02236 0 0.7478 0 0 -0.334633 -0.02236 6.323303 0.3353792 2
006 3 21 5 0 0.413389 -0.022027 0 0.7478 0 0 -0.334411 -0.022027 6.337555 0.3351356 2
006 3 21 5 0 0.413607 -0.021692 0 0.7478 0 0 -0.334193 -0.021692 6.345001 0.3348962 2
006 3 21 5 0 0.413822 -0.021355 0 0.7478 0 0 -0.333978 -0.021355 6.356415 0.33466 2
006 3 21 5 0 0.414034 -0.021016 0 0.7478 0 0 -0.333766 -0.021016 6.367371 0.334427 2
006 3 21 5 0 0.414243 -0.020675 0 0.7478 0 0 -0.333557 -0.020675 6.378723 0.3341971 2
006 3 21 5 0 0.414448 -0.020331 0 0.7478 0 0 -0.333352 -0.020331 6.389771 0.3339714 2
006 3 21 5 0 0.414649 -0.019986 0 0.7478 0 0 -0.333151 -0.019986 6.400726 0.3337499 2
006 3 21 5 0 0.414847 -0.019638 0 0.7478 0 0 -0.332953 -0.019638 6.411652 0.3335316 2
006 3 21 5 0 0.415042 -0.019289 0 0.7478 0 0 -0.332758 -0.019289 6.423004 0.3333166 2
006 3 21 5 0 0.415233 -0.018937 0 0.7478 0 0 -0.332567 -0.018937 6.434021 0.3331057 2
006 3 21 5 0 0.415421 -0.018584 0 0.7478 0 0 -0.332379 -0.018584 6.445099 0.3328981 2
006 3 21 5 0 0.415605 -0.018229 0 0.7478 0 0 -0.332195 -0.018229 6.456268 0.3326948 2
006 3 21 5 0 0.415785 -0.017872 0 0.7478 0 0 -0.332015 -0.017872 6.467804 0.3324957 2
006 3 21 5 0 0.415962 -0.017513 0 0.7478 0 0 -0.331838 -0.017513 6.478363 0.3322998 2
006 3 21 5 0 0.416136 -0.017153 0 0.7478 0 0 -0.331664 -0.017153 6.492493 0.3321072 2
006 3 21 5 0 0.416305 -0.016791 0 0.7478 0 0 -0.331495 -0.016791 6.500397 0.33192 2
006 3 21 5 0 0.416471 -0.016427 0 0.7478 0 0 -0.331329 -0.016427 6.511719 0.3317359 2
006 3 21 5 0 0.416634 -0.016061 0 0.7478 0 0 -0.331166 -0.016061 6.523315 0.3315552 2
006 3 21 5 0 0.416793 -0.015694 0 0.7478 0 0 -0.331007 -0.015694 6.533752 0.3313788 2
006 3 21 5 0 0.416948 -0.015325 0 0.7478 0 0 -0.330852 -0.015325 6.545166 0.3312067 2
006 3 21 5 0 0.417099 -0.014955 0 0.7478 0 0 -0.330701 -0.014955 6.556488 0.331039 2
006 3 21 5 0 0.417247 -0.014583 0 0.7478 0 0 -0.330553 -0.014583 6.567719 0.3308745 2
006 3 21 5 0 0.417391 -0.01421 0 0.7478 0 0 -0.330409 -0.01421 6.578491 0.3307144 2
006 3 21 5 0 0.417531 -0.013836 0 0.7478 0 0 -0.330269 -0.013836 6.589874 0.3305587 2
006 3 21 5 0 0.417668 -0.01346 0 0.7478 0 0 -0.330132 -0.01346 6.601013 0.3304062 2
006 3 21 5 0 0.4178 -0.013082 0 0.7478 0 0 -0.33 -0.013082 6.611908 0.3302592 2
006 3 21 5 0 0.417929 -0.012704 0 0.7478 0 0 -0.329871 -0.012704 6.622803 0.3301155 2
006 3 21 5 0 0.418054 -0.012324 0 0.7478 0 0 -0.329746 -0.012324 6.634216 0.3299762 2
006 3 21 5 0 0.418176 -0.011942 0 0.7478 0 0 -0.329624 -0.011942 6.649323 0.3298402 2
006 3 21 5 0 0.418293 -0.01156 0 0.7478 0 0 -0.329507 -0.01156 6.655914 0.3297097 2
006 3 21 5 0 0.418407 -0.011177 0 0.7478 0 0 -0.329393 -0.011177 6.667419 0.3295826 2
006 3 21 5 0 0.418517 -0.010792 0 0.7478 0 0 -0.329283 -0.010792 6.678497 0.3294598 2
006 3 21 5 0 0.418623 -0.010406 0 0.7478 0 0 -0.329177 -0.010406 6.689789 0.3293414 2
006 3 21 5 0 0.418725 -0.01002 0 0.7478 0 0 -0.329075 -0.01002 6.700775 0.3292275 2
006 3 21 5 0 0.418823 -0.009632 0 0.7478 0 0 -0.328977 -0.009632 6.711609 0.329118 2
006 3 21 5 0 0.418917 -0.009243 0 0.7478 0 0 -0.328883 -0.009243 6.723083 0.3290128 2
006 3 21 5 0 0.419008 -0.008853 0 0.7478 0 0 -0.328792 -0.008853 6.73407 0.3289112 2
006 3 21 5 0 0.419094 -0.008463 0 0.7478 0 0 -0.328706 -0.008463 6.744934 0.3288149 2
006 3 21 5 0 0.419177 -0.008072 0 0.7478 0 0 -0.328623 -0.008072 6.756287 0.3287221 2
006 3 21 5 0 0.419256 -0.007679 0 0.7478 0 0 -0.328544 -0.007679 6.767365 0.3286337 2
006 3 21 5 0 0.419331 -0.007287 0 0.7478 0 0 -0.328469 -0.007287 6.778503 0.3285498 2
006 3 21 5 0 0.419402 -0.006893 0 0.7478 0 0 -0.328398 -0.006893 6.789825 0.3284703 2
006 3 21 5 0 0.419469 -0.006498 0 0.7478 0 0 -0.328331 -0.006498 6.804138 0.3283953 2
006 3 21 5 0 0.419532 -0.006103 0 0.7478 0 0 -0.328268 -0.006103 6.811462 0.3283247 2
006 3 21 5 0 0.419591 -0.005708 0 0.7478 0 0 -0.328209 -0.005708 6.822693 0.3282586 2
006 3 21 5 0 0.419646 -0.005312 0 0.7478 0 0 -0.328154 -0.005312 6.834351 0.328197 2
006 3 21 5 0 0.419697 -0.004915 0 0.7478 0 0 -0.328103 -0.004915 6.844849 0.3281398 2
006 3 21 5 0 0.419744 -0.004518 0 0.7478 0 0 -0.328056 -0.004518 6.856232 0.3280871 2
006 3 21 5 0 0.419787 -0.00412 0 0.7478 0 0 -0.328013 -0.00412 6.868042 0.3280388 2
006 3 21 5 0 0.419826 -0.003722 0 0.7478 0 0 -0.327974 -0.003722 6.878448 0.3279951 2
006 3 21 5 0 0.419862 -0.003324 0 0.7478 0 0 -0.327938 -0.003324 6.88974 0.3279548 2
006 3 21 5 0 0.419893 -0.002925 0 0.7478 0 0 -0.327907 -0.002925 6.900696 0.32792 2
006 3 21 5 0 0.41992 -0.002526 0 0.7478 0 0 -0.32788 -0.002526 6.911743 0.3278897 2
006 3 21 5 0 0.419943 -0.002126 0 0.7478 0 0 -0.327857 -0.002126 6.923157 0.3278639 2
006 3 21 5 0 0.419963 -0.001727 0 0.7478 0 0 -0.327837 -0.001727 6.934601 0.3278415 2
006 3 21 5 0 0.419978 -0.001327 0 0.7478 0 0 -0.327822 -0.001327 6.945404 0.3278247 2
006 3 21 5 0 0.419989 -0.000927 0 0.7478 0 0 -0.327811 -0.000927 6.959564 0.3278123 2
006 3 21 5 0 0.419997 -0.000527 0 0.7478 0 0 -0.327803 -0.000527 6.967102 0.3278034 2
006 3 21 5 0 0.42 -0.000127 0 0.7478 0 0 -0.3278 -0.000127 6.978363 0.3278 2
006 3 21 5 0 0.42 0 0 0.7478 0 0 -0.3278 0 6.989532 0.3278 2
