006 3 29 6 0 0.4 0.02 0 0.7478 0 0 -0.3478 0.02 0 0.3483745 1
006 3 29 6 0.0004 0.4 0.019998 0 0.7478 0 0.0004 -0.3478 0.019998 0.0111084 0.3483747 1
006 3 29 6 0.0008 0.4 0.019992 0 0.7478 0 0.0008 -0.3478 0.019992 0.02215576 0.348375 1
006 3 29 6 0.0012 0.4 0.019982 0 0.7478 0 0.0012 -0.3478 0.019982 0.03320313 0.3483756 1
006 3 29 6 0.0016 0.4 0.019968 0 0.7478 0 0.0016 -0.3478 0.019968 0.04443359 0.3483764 1
006 3 29 6 0.001999 0.4 0.01995 0 0.7478 0 0.001999 -0.3478 0.01995 0.05670166 0.3483774 1
006 3 29 6 0.002399 0.4 0.019928 0 0.7478 0 0.002399 -0.3478 0.019928 0.07073975 0.3483787 1
006 3 29 6 0.002798 0.4 0.019902 0 0.7478 0 0.002798 -0.3478 0.019902 0.07733154 0.3483802 1
006 3 29 6 0.003197 0.4 0.019872 0 0.7478 0 0.003197 -0.3478 0.019872 0.08886719 0.3483819 1
006 3 29 6 0.003595 0.4 0.019838 0 0.7478 0 0.003595 -0.3478 0.019838 0.099823 0.3483838 1
006 3 29 6 0.003993 0.4 0.0198 0 0.7478 0 0.003993 -0.3478 0.0198 0.1109924 0.348386 1
006 3 29 6 0.004391 0.4 0.019758 0 0.7478 0 0.004391 -0.3478 0.019758 0.1224365 0.3483884 1
006 3 29 6 0.004788 0.4 0.019712 0 0.7478 0 0.004788 -0.3478 0.019712 0.1333313 0.3483911 1
006 3 29 6 0.005185 0.4 0.019662 0 0.7478 0 0.005185 -0.3478 0.019662 0.1445313 0.3483939 1
006 3 29 6 0.005582 0.4 0.019609 0 0.7478 0 0.005582 -0.3478 0.019609 0.1555786 0.348397 1
006 3 29 6 0.005978 0.4 0.019551 0 0.7478 0 0.005978 -0.3478 0.019551 0.1667786 0.3484004 1
006 3 29 6 0.006373 0.4 0.019489 0 0.7478 0 0.006373 -0.3478 0.019489 0.1775818 0.3484039 1
006 3 29 6 0.006767 0.4 0.019423 0 0.7478 0 0.006767 -0.3478 0.019423 0.1889648 0.3484076 1
006 3 29 6 0.007161 0.4 0.019354 0 0.7478 0 0.007161 -0.3478 0.019354 0.2000427 0.3484116 1
006 3 29 6 0.007554 0.4 0.01928 0 0.7478 0 0.007554 -0.3478 0.01928 0.210968 0.3484159 1
006 3 29 6 0.007947 0.4 0.019203 0 0.7478 0 0.007947 -0.3478 0.019203 0.2254333 0.3484204 1
006 3 29 6 0.008338 0.4 0.019121 0 0.7478 0 0.008338 -0.3478 0.019121 0.2327881 0.348425 1
006 3 29 6 0.008729 0.4 0.019036 0 0.7478 0 0.008729 -0.3478 0.019036 0.2448425 0.3484299 1
006 3 29 6 0.009119 0.4 0.018947 0 0.7478 0 0.009119 -0.3478 0.018947 0.2554016 0.348435 1
006 3 29 6 0.009508 0.4 0.018854 0 0.7478 0 0.009508 -0.3478 0.018854 0.2666626 0.3484404 1
006 3 29 6 0.009896 0.4 0.018756 0 0.7478 0 0.009896 -0.3478 0.018756 0.2780762 0.3484459 1
006 3 29 6 0.010283 0.4 0.018656 0 0.7478 0 0.010283 -0.3478 0.018656 0.2886353 0.3484517 1
006 3 29 6 0.010669 0.4 0.018551 0 0.7478 0 0.010669 -0.3478 0.018551 0.2998352 0.3484578 1
006 3 29 6 0.011054 0.4 0.018442 0 0.7478 0 0.011054 -0.3478 0.018442 0.3112488 0.348464 1
006 3 29 6 0.011438 0.4 0.01833 0 0.7478 0 0.011438 -0.3478 0.01833 0.3220215 0.3484704 1
006 3 29 6 0.011821 0.4 0.018213 0 0.7478 0 0.011821 -0.3478 0.018213 0.3335876 0.3484771 1
006 3 29 6 0.012202 0.4 0.018093 0 0.7478 0 0.012202 -0.3478 0.018093 0.3442993 0.3484839 1
006 3 29 6 0.012583 0.4 0.017969 0 0.7478 0 0.012583 -0.3478 0.017969 0.3559265 0.3484911 1
006 3 29 6 0.012962 0.4 0.017842 0 0.7478 0 0.012962 -0.3478 0.017842 0.3667603 0.3484985 1
006 3 29 6 0.013339 0.4 0.01771 0 0.7478 0 0.013339 -0.3478 0.01771 0.3808899 0.348506 1
006 3 29 6 0.013716 0.4 0.017575 0 0.7478 0 0.013716 -0.3478 0.017575 0.3887939 0.3485138 1
006 3 29 6 0.014091 0.4 0.017436 0 0.7478 0 0.014091 -0.3478 0.017436 0.3995361 0.3485217 1
006 3 29 6 0.014465 0.4 0.017293 0 0.7478 0 0.014465 -0.3478 0.017293 0.4109497 0.3485299 1
006 3 29 6 0.014837 0.4 0.017147 0 0.7478 0 0.014837 -0.3478 0.017147 0.421936 0.3485384 1
006 3 29 6 0.015208 0.4 0.016996 0 0.7478 0 0.015208 -0.3478 0.016996 0.4330444 0.348547 1
006 3 29 6 0.015577 0.4 0.016842 0 0.7478 0 0.015577 -0.3478 0.016842 0.4441833 0.3485558 1
006 3 29 6 0.015944 0.4 0.016685 0 0.7478 0 0.015944 -0.3478 0.016685 0.4554749 0.3485648 1
006 3 29 6 0.01631 0.4 0.016524 0 0.7478 0 0.01631 -0.3478 0.016524 0.4665222 0.3485741 1
006 3 29 6 0.016675 0.4 0.016359 0 0.7478 0 0.016675 -0.3478 0.016359 0.4779663 0.3485836 1
006 3 29 6 0.017038 0.4 0.01619 0 0.7478 0 0.017038 -0.3478 0.01619 0.4891052 0.3485932 1
006 3 29 6 0.017399 0.4 0.016018 0 0.7478 0 0.017399 -0.3478 0.016018 0.500061 0.3486031 1
006 3 29 6 0.017758 0.4 0.015842 0 0.7478 0 0.017758 -0.3478 0.015842 0.5109558 0.3486132 1
006 3 29 6 0.018115 0.4 0.015663 0 0.7478 0 0.018115 -0.3478 0.015663 0.5222168 0.3486235 1
006 3 29 6 0.018471 0.4 0.01548 0 0.7478 0 0.018471 -0.3478 0.01548 0.5370178 0.348634 1
006 3 29 6 0.018825 0.4 0.015293 0 0.7478 0 0.018825 -0.3478 0.015293 0.544342 0.3486446 1
006 3 29 6 0.019177 0.4 0.015103 0 0.7478 0 0.019177 -0.3478 0.015103 0.555603 0.3486556 1
006 3 29 6 0.019527 0.4 0.01491 0 0.7478 0 0.019527 -0.3478 0.01491 0.5668335 0.3486667 1
006 3 29 6 0.019875 0.4 0.014713 0 0.7478 0 0.019875 -0.3478 0.014713 0.5774841 0.348678 1
006 3 29 6 0.020221 0.4 0.014512 0 0.7478 0 0.020221 -0.3478 0.014512 0.5885925 0.3486894 1
006 3 29 6 0.020565 0.4 0.014308 0 0.7478 0 0.020565 -0.3478 0.014308 0.5998535 0.3487011 1
006 3 29 6 0.020907 0.4 0.014101 0 0.7478 0 0.020907 -0.3478 0.014101 0.6114807 0.348713 1
006 3 29 6 0.021247 0.4 0.01389 0 0.7478 0 0.021247 -0.3478 0.01389 0.6223755 0.3487251 1
006 3 29 6 0.021585 0.4 0.013676 0 0.7478 0 0.021585 -0.3478 0.013676 0.6331787 0.3487374 1
006 3 29 6 0.021921 0.4 0.013459 0 0.7478 0 0.021921 -0.3478 0.013459 0.6444702 0.3487499 1
006 3 29 6 0.022254 0.4 0.013238 0 0.7478 0 0.022254 -0.3478 0.013238 0.655365 0.3487625 1
006 3 29 6 0.022586 0.4 0.013013 0 0.7478 0 0.022586 -0.3478 0.013013 0.666748 0.3487754 1
006 3 29 6 0.022915 0.4 0.012786 0 0.7478 0 0.022915 -0.3478 0.012786 0.6778259 0.3487885 1
006 3 29 6 0.023241 0.4 0.012555 0 0.7478 0 0.023241 -0.3478 0.012555 0.6924133 0.3488017 1
006 3 29 6 0.023566 0.4 0.012321 0 0.7478 0 0.023566 -0.3478 0.012321 0.6995239 0.3488151 1
006 3 29 6 0.023888 0.4 0.012084 0 0.7478 0 0.023888 -0.3478 0.012084 0.7109375 0.3488287 1
006 3 29 6 0.024207 0.4 0.011843 0 0.7478 0 0.024207 -0.3478 0.011843 0.7223816 0.3488425 1
006 3 29 6 0.024525 0.4 0.0116 0 0.7478 0 0.024525 -0.3478 0.0116 0.7331848 0.3488565 1
006 3 29 6 0.024839 0.4 0.011353 0 0.7478 0 0.024839 -0.3478 0.011353 0.7443848 0.3488706 1
006 3 29 6 0.025152 0.4 0.011103 0 0.7478 0 0.025152 -0.3478 0.011103 0.7554016 0.348885 1
006 3 29 6 0.025461 0.4 0.01085 0 0.7478 0 0.025461 -0.3478 0.01085 0.7669983 0.3488995 1
006 3 29 6 0.025769 0.4 0.010594 0 0.7478 0 0.025769 -0.3478 0.010594 0.7780151 0.3489142 1
006 3 29 6 0.026073 0.4 0.010334 0 0.7478 0 0.026073 -0.3478 0.010334 0.7886963 0.348929 1
006 3 29 6 0.026375 0.4 0.010072 0 0.7478 0 0.026375 -0.3478 0.010072 0.7999878 0.348944 1
006 3 29 6 0.026675 0.4 0.009807 0 0.7478 0 0.026675 -0.3478 0.009807 0.8112793 0.3489593 1
006 3 29 6 0.026972 0.4 0.009539 0 0.7478 0 0.026972 -0.3478 0.009539 0.8223877 0.3489746 1
006 3 29 6 0.027266 0.4 0.009268 0 0.7478 0 0.027266 -0.3478 0.009268 0.8336487 0.3489902 1
006 3 29 6 0.027557 0.4 0.008993 0 0.7478 0 0.027557 -0.3478 0.008993 0.8475647 0.3490059 1
006 3 29 6 0.027845 0.4 0.008716 0 0.7478 0 0.027845 -0.3478 0.008716 0.8552856 0.3490217 1
006 3 29 6 0.028131 0.4 0.008437 0 0.7478 0 0.028131 -0.3478 0.008437 0.8666077 0.3490378 1
006 3 29 6 0.028414 0.4 0.008154 0 0.7478 0 0.028414 -0.3478 0.008154 0.8780212 0.349054 1
006 3 29 6 0.028694 0.4 0.007868 0 0.7478 0 0.028694 -0.3478 0.007868 0.8892212 0.3490703 1
006 3 29 6 0.028971 0.4 0.00758 0 0.7478 0 0.028971 -0.3478 0.00758 0.8999939 0.3490868 1
006 3 29 6 0.029246 0.4 0.007289 0 0.7478 0 0.029246 -0.3478 0.007289 0.9110107 0.3491035 1
006 3 29 6 0.029517 0.4 0.006995 0 0.7478 0 0.029517 -0.3478 0.006995 0.9222717 0.3491203 1
006 3 29 6 0.029786 0.4 0.006699 0 0.7478 0 0.029786 -0.3478 0.006699 0.9334106 0.3491374 1
006 3 29 6 0.030051 0.4 0.006399 0 0.7478 0 0.030051 -0.3478 0.006399 0.9449158 0.3491545 1
006 3 29 6 0.030314 0.4 0.006097 0 0.7478 0 0.030314 -0.3478 0.006097 0.9555664 0.3491718 1
006 3 29 6 0.030573 0.4 0.005793 0 0.7478 0 0.030573 -0.3478 0.005793 0.9669495 0.3491892 1
006 3 29 6 0.03083 0.4 0.005486 0 0.7478 0 0.03083 -0.3478 0.005486 0.9779663 0.3492068 1
006 3 29 6 0.031083 0.4 0.005176 0 0.7478 0 0.031083 -0.3478 0.005176 0.9889832 0.3492245 1
006 3 29 6 0.031333 0.4 0.004864 0 0.7478 0 0.031333 -0.3478 0.004864 1.003174 0.3492424 1
006 3 29 6 0.03158 0.4 0.00455 0 0.7478 0 0.03158 -0.3478 0.00455 1.010742 0.3492604 1
006 3 29 6 0.031824 0.4 0.004233 0 0.7478 0 0.031824 -0.3478 0.004233 1.022095 0.3492786 1
006 3 29 6 0.032065 0.4 0.003913 0 0.7478 0 0.032065 -0.3478 0.003913 1.033325 0.3492969 1
006 3 29 6 0.032302 0.4 0.003592 0 0.7478 0 0.032302 -0.3478 0.003592 1.044403 0.3493153 1
006 3 29 6 0.032537 0.4 0.003267 0 0.7478 0 0.032537 -0.3478 0.003267 1.055237 0.3493339 1
006 3 29 6 0.032768 0.4 0.002941 0 0.7478 0 0.032768 -0.3478 0.002941 1.067108 0.3493526 1
006 3 29 6 0.032995 0.4 0.002612 0 0.7478 0 0.032995 -0.3478 0.002612 1.078186 0.3493713 1
006 3 29 6 0.03322 0.4 0.002281 0 0.7478 0 0.03322 -0.3478 0.002281 1.08905 0.3493903 1
006 3 29 6 0.033441 0.4 0.001948 0 0.7478 0 0.033441 -0.3478 0.001948 1.100037 0.3494094 1
006 3 29 6 0.033659 0.4 0.001612 0 0.7478 0 0.033659 -0.3478 0.001612 1.111206 0.3494286 1
006 3 29 6 0.033873 0.4 0.001274 0 0.7478 0 0.033873 -0.3478 0.001274 1.122803 0.3494479 1
006 3 29 6 0.034084 0.4 0.000935 0 0.7478 0 0.034084 -0.3478 0.000935 1.133209 0.3494673 1
006 3 29 6 0.034292 0.4 0.000593 0 0.7478 0 0.034292 -0.3478 0.000593 1.144806 0.3494869 1
006 3 29 6 0.034496 0.4 0.000249 0 0.7478 0 0.034496 -0.3478 0.000249 1.15918 0.3495066 1
006 3 29 6 0.034697 0.4 -9.7E-05 0 0.7478 0 0.034697 -0.3478 -9.7E-05 1.166382 0.3495264 1
006 3 29 6 0.034894 0.4 -0.000445 0 0.7478 0 0.034894 -0.3478 -0.000445 1.17804 0.3495463 1
006 3 29 6 0.035088 0.4 -0.000795 0 0.7478 0 0.035088 -0.3478 -0.000795 1.189087 0.3495663 1
006 3 29 6 0.035278 0.4 -0.001147 0 0.7478 0 0.035278 -0.3478 -0.001147 1.200165 0.3495865 1
006 3 29 6 0.035465 0.4 -0.001501 0 0.7478 0 0.035465 -0.3478 -0.001501 1.211609 0.3496067 1
006 3 29 6 0.035648 0.4 -0.001856 0 0.7478 0 0.035648 -0.3478 -0.001856 1.222504 0.349627 1
006 3 29 6 0.035828 0.4 -0.002214 0 0.7478 0 0.035828 -0.3478 -0.002214 1.233734 0.3496475 1
006 3 29 6 0.036004 0.4 -0.002573 0 0.7478 0 0.036004 -0.3478 -0.002573 1.244293 0.349668 1
006 3 29 6 0.036176 0.4 -0.002934 0 0.7478 0 0.036176 -0.3478 -0.002934 1.256104 0.3496886 1
006 3 29 6 0.036345 0.4 -0.003296 0 0.7478 0 0.036345 -0.3478 -0.003296 1.266754 0.3497094 1
006 3 29 6 0.036511 0.4 -0.003661 0 0.7478 0 0.036511 -0.3478 -0.003661 1.277985 0.3497303 1
006 3 29 6 0.036672 0.4 -0.004026 0 0.7478 0 0.036672 -0.3478 -0.004026 1.289124 0.3497512 1
006 3 29 6 0.03683 0.4 -0.004394 0 0.7478 0 0.03683 -0.3478 -0.004394 1.300629 0.3497722 1
006 3 29 6 0.036984 0.4 -0.004763 0 0.7478 0 0.036984 -0.3478 -0.004763 1.314636 0.3497933 1
006 3 29 6 0.037135 0.4 -0.005134 0 0.7478 0 0.037135 -0.3478 -0.005134 1.321838 0.3498145 1
006 3 29 6 0.037282 0.4 -0.005506 0 0.7478 0 0.037282 -0.3478 -0.005506 1.333221 0.3498358 1
006 3 29 6 0.037425 0.4 -0.005879 0 0.7478 0 0.037425 -0.3478 -0.005879 1.345093 0.3498572 1
006 3 29 6 0.037564 0.4 -0.006254 0 0.7478 0 0.037564 -0.3478 -0.006254 1.356049 0.3498785 1
006 3 29 6 0.0377 0.4 -0.00663 0 0.7478 0 0.0377 -0.3478 -0.00663 1.366455 0.3499001 1
006 3 29 6 0.037831 0.4 -0.007008 0 0.7478 0 0.037831 -0.3478 -0.007008 1.377869 0.3499216 1
006 3 29 6 0.037959 0.4 -0.007387 0 0.7478 0 0.037959 -0.3478 -0.007387 1.389069 0.3499433 1
006 3 29 6 0.038084 0.4 -0.007767 0 0.7478 0 0.038084 -0.3478 -0.007767 1.399689 0.3499651 1
006 3 29 6 0.038204 0.4 -0.008149 0 0.7478 0 0.038204 -0.3478 -0.008149 1.410828 0.3499869 1
006 3 29 6 0.038321 0.4 -0.008531 0 0.7478 0 0.038321 -0.3478 -0.008531 1.422302 0.3500087 1
006 3 29 6 0.038433 0.4 -0.008915 0 0.7478 0 0.038433 -0.3478 -0.008915 1.433807 0.3500306 1
006 3 29 6 0.038542 0.4 -0.0093 0 0.7478 0 0.038542 -0.3478 -0.0093 1.445007 0.3500526 1
006 3 29 6 0.038647 0.4 -0.009686 0 0.7478 0 0.038647 -0.3478 -0.009686 1.456085 0.3500746 1
006 3 29 6 0.038749 0.4 -0.010073 0 0.7478 0 0.038749 -0.3478 -0.010073 1.470032 0.3500968 1
006 3 29 6 0.038846 0.4 -0.010461 0 0.7478 0 0.038846 -0.3478 -0.010461 1.477814 0.3501189 1
006 3 29 6 0.038939 0.4 -0.01085 0 0.7478 0 0.038939 -0.3478 -0.01085 1.489014 0.3501411 1
006 3 29 6 0.039029 0.4 -0.01124 0 0.7478 0 0.039029 -0.3478 -0.01124 1.500092 0.3501634 1
006 3 29 6 0.039115 0.4 -0.01163 0 0.7478 0 0.039115 -0.3478 -0.01163 1.511414 0.3501858 1
006 3 29 6 0.039196 0.4 -0.012022 0 0.7478 0 0.039196 -0.3478 -0.012022 1.522705 0.350208 1
006 3 29 6 0.039274 0.4 -0.012414 0 0.7478 0 0.039274 -0.3478 -0.012414 1.533264 0.3502305 1
006 3 29 6 0.039348 0.4 -0.012807 0 0.7478 0 0.039348 -0.3478 -0.012807 1.544403 0.3502529 1
006 3 29 6 0.039418 0.4 -0.013201 0 0.7478 0 0.039418 -0.3478 -0.013201 1.55545 0.3502754 1
006 3 29 6 0.039484 0.4 -0.013596 0 0.7478 0 0.039484 -0.3478 -0.013596 1.567291 0.350298 1
006 3 29 6 0.039546 0.4 -0.013991 0 0.7478 0 0.039546 -0.3478 -0.013991 1.57785 0.3503205 1
006 3 29 6 0.039604 0.4 -0.014387 0 0.7478 0 0.039604 -0.3478 -0.014387 1.588959 0.3503431 1
006 3 29 6 0.039658 0.4 -0.014783 0 0.7478 0 0.039658 -0.3478 -0.014783 1.600403 0.3503657 1
006 3 29 6 0.039709 0.4 -0.01518 0 0.7478 0 0.039709 -0.3478 -0.01518 1.611786 0.3503885 1
006 3 29 6 0.039755 0.4 -0.015577 0 0.7478 0 0.039755 -0.3478 -0.015577 1.626068 0.3504111 1
006 3 29 6 0.039797 0.4 -0.015975 0 0.7478 0 0.039797 -0.3478 -0.015975 1.633118 0.3504338 1
006 3 29 6 0.039835 0.4 -0.016373 0 0.7478 0 0.039835 -0.3478 -0.016373 1.644958 0.3504565 1
006 3 29 6 0.03987 0.4 -0.016772 0 0.7478 0 0.03987 -0.3478 -0.016772 1.655701 0.3504793 1
006 3 29 6 0.0399 0.4 -0.017171 0 0.7478 0 0.0399 -0.3478 -0.017171 1.666809 0.350502 1
006 3 29 6 0.039926 0.4 -0.01757 0 0.7478 0 0.039926 -0.3478 -0.01757 1.677704 0.3505248 1
006 3 29 6 0.039948 0.4 -0.017969 0 0.7478 0 0.039948 -0.3478 -0.017969 1.689056 0.3505475 1
006 3 29 6 0.039967 0.4 -0.018369 0 0.7478 0 0.039967 -0.3478 -0.018369 1.699951 0.3505704 1
006 3 29 6 0.039981 0.4 -0.018768 0 0.7478 0 0.039981 -0.3478 -0.018768 1.711456 0.3505931 1
006 3 29 6 0.039991 0.4 -0.019168 0 0.7478 0 0.039991 -0.3478 -0.019168 1.722412 0.3506159 1
006 3 29 6 0.039998 0.4 -0.019568 0 0.7478 0 0.039998 -0.3478 -0.019568 1.733276 0.3506388 1
006 3 29 6 0.04 0.4 -0.019968 0 0.7478 0 0.04 -0.3478 -0.019968 1.744354 0.3506616 1
006 3 29 6 0.039998 0.4 -0.020368 0 0.7478 0 0.039998 -0.3478 -0.020368 1.756042 0.3506844 1
006 3 29 6 0.039993 0.4 -0.020768 0 0.7478 0 0.039993 -0.3478 -0.020768 1.767334 0.3507073 1
006 3 29 6 0.039983 0.4 -0.021168 0 0.7478 0 0.039983 -0.3478 -0.021168 1.78067 0.35073 1
006 3 29 6 0.039969 0.4 -0.021568 0 0.7478 0 0.039969 -0.3478 -0.021568 1.788544 0.3507528 1
006 3 29 6 0.039952 0.4 -0.021967 0 0.7478 0 0.039952 -0.3478 -0.021967 1.799866 0.3507756 1
006 3 29 6 0.03993 0.4 -0.022367 0 0.7478 0 0.03993 -0.3478 -0.022367 1.811066 0.3507984 1
006 3 29 6 0.039904 0.4 -0.022766 0 0.7478 0 0.039904 -0.3478 -0.022766 1.822632 0.3508211 1
006 3 29 6 0.039875 0.4 -0.023165 0 0.7478 0 0.039875 -0.3478 -0.023165 1.833374 0.3508439 1
006 3 29 6 0.039841 0.4 -0.023563 0 0.7478 0 0.039841 -0.3478 -0.023563 1.844269 0.3508666 1
006 3 29 6 0.039803 0.4 -0.023962 0 0.7478 0 0.039803 -0.3478 -0.023962 1.855957 0.3508893 1
006 3 29 6 0.039762 0.4 -0.024359 0 0.7478 0 0.039762 -0.3478 -0.024359 1.866913 0.350912 1
006 3 29 6 0.039716 0.4 -0.024757 0 0.7478 0 0.039716 -0.3478 -0.024757 1.877869 0.3509346 1
006 3 29 6 0.039667 0.4 -0.025154 0 0.7478 0 0.039667 -0.3478 -0.025154 1.889069 0.3509573 1
006 3 29 6 0.039613 0.4 -0.02555 0 0.7478 0 0.039613 -0.3478 -0.02555 1.899719 0.3509798 1
006 3 29 6 0.039556 0.4 -0.025946 0 0.7478 0 0.039556 -0.3478 -0.025946 1.911194 0.3510024 1
006 3 29 6 0.039494 0.4 -0.026341 0 0.7478 0 0.039494 -0.3478 -0.026341 1.922913 0.3510249 1
006 3 29 6 0.039429 0.4 -0.026736 0 0.7478 0 0.039429 -0.3478 -0.026736 1.936523 0.3510474 1
006 3 29 6 0.039359 0.4 -0.02713 0 0.7478 0 0.039359 -0.3478 -0.02713 1.944763 0.3510698 1
006 3 29 6 0.039286 0.4 -0.027523 0 0.7478 0 0.039286 -0.3478 -0.027523 1.955719 0.3510922 1
006 3 29 6 0.039209 0.4 -0.027916 0 0.7478 0 0.039209 -0.3478 -0.027916 1.967194 0.3511146 1
006 3 29 6 0.039128 0.4 -0.028307 0 0.7478 0 0.039128 -0.3478 -0.028307 1.977844 0.3511369 1
006 3 29 6 0.039043 0.4 -0.028698 0 0.7478 0 0.039043 -0.3478 -0.028698 1.988983 0.3511592 1
006 3 29 6 0.038954 0.4 -0.029088 0 0.7478 0 0.038954 -0.3478 -0.029088 1.999878 0.3511814 1
006 3 29 6 0.038861 0.4 -0.029477 0 0.7478 0 0.038861 -0.3478 -0.029477 2.011261 0.3512035 1
006 3 29 6 0.038764 0.4 -0.029865 0 0.7478 0 0.038764 -0.3478 -0.029865 2.022522 0.3512256 1
006 3 29 6 0.038664 0.4 -0.030252 0 0.7478 0 0.038664 -0.3478 -0.030252 2.033325 0.3512477 1
006 3 29 6 0.038559 0.4 -0.030639 0 0.7478 0 0.038559 -0.3478 -0.030639 2.044495 0.3512697 1
006 3 29 6 0.038451 0.4 -0.031024 0 0.7478 0 0.038451 -0.3478 -0.031024 2.055725 0.3512916 1
006 3 29 6 0.038339 0.4 -0.031408 0 0.7478 0 0.038339 -0.3478 -0.031408 2.067291 0.3513135 1
006 3 29 6 0.038223 0.4 -0.03179 0 0.7478 0 0.038223 -0.3478 -0.03179 2.078094 0.3513352 1
006 3 29 6 0.038103 0.4 -0.032172 0 0.7478 0 0.038103 -0.3478 -0.032172 2.092743 0.351357 1
006 3 29 6 0.037979 0.4 -0.032552 0 0.7478 0 0.037979 -0.3478 -0.032552 2.099518 0.3513785 1
006 3 29 6 0.037852 0.4 -0.032932 0 0.7478 0 0.037852 -0.3478 -0.032932 2.111633 0.3514002 1
006 3 29 6 0.037721 0.4 -0.033309 0 0.7478 0 0.037721 -0.3478 -0.033309 2.122314 0.3514217 1
006 3 29 6 0.037586 0.4 -0.033686 0 0.7478 0 0.037586 -0.3478 -0.033686 2.133179 0.3514431 1
006 3 29 6 0.037447 0.4 -0.034061 0 0.7478 0 0.037447 -0.3478 -0.034061 2.14444 0.3514645 1
006 3 29 6 0.037305 0.4 -0.034435 0 0.7478 0 0.037305 -0.3478 -0.034435 2.155731 0.3514858 1
006 3 29 6 0.037158 0.4 -0.034807 0 0.7478 0 0.037158 -0.3478 -0.034807 2.166504 0.3515069 1
006 3 29 6 0.037008 0.4 -0.035178 0 0.7478 0 0.037008 -0.3478 -0.035178 2.177643 0.351528 1
006 3 29 6 0.036855 0.4 -0.035547 0 0.7478 0 0.036855 -0.3478 -0.035547 2.189362 0.351549 1
006 3 29 6 0.036698 0.4 -0.035915 0 0.7478 0 0.036698 -0.3478 -0.035915 2.199921 0.35157 1
006 3 29 6 0.036537 0.4 -0.036281 0 0.7478 0 0.036537 -0.3478 -0.036281 2.211212 0.3515908 1
006 3 29 6 0.036372 0.4 -0.036646 0 0.7478 0 0.036372 -0.3478 -0.036646 2.222443 0.3516116 1
006 3 29 6 0.036204 0.4 -0.037009 0 0.7478 0 0.036204 -0.3478 -0.037009 2.233734 0.3516322 1
006 3 29 6 0.036032 0.4 -0.03737 0 0.7478 0 0.036032 -0.3478 -0.03737 2.247772 0.3516527 1
006 3 29 6 0.035856 0.4 -0.037729 0 0.7478 0 0.035856 -0.3478 -0.037729 2.255371 0.3516731 1
006 3 29 6 0.035677 0.4 -0.038087 0 0.7478 0 0.035677 -0.3478 -0.038087 2.267181 0.3516935 1
006 3 29 6 0.035494 0.4 -0.038443 0 0.7478 0 0.035494 -0.3478 -0.038443 2.277954 0.3517137 1
006 3 29 6 0.035308 0.4 -0.038797 0 0.7478 0 0.035308 -0.3478 -0.038797 2.28891 0.3517338 1
006 3 29 6 0.035119 0.4 -0.039149 0 0.7478 0 0.035119 -0.3478 -0.039149 2.300385 0.3517539 1
006 3 29 6 0.034925 0.4 -0.039499 0 0.7478 0 0.034925 -0.3478 -0.039499 2.31134 0.3517737 1
006 3 29 6 0.034729 0.4 -0.039848 0 0.7478 0 0.034729 -0.3478 -0.039848 2.322296 0.3517937 1
006 3 29 6 0.034528 0.4 -0.040194 0 0.7478 0 0.034528 -0.3478 -0.040194 2.333618 0.3518133 1
006 3 29 6 0.034325 0.4 -0.040538 0 0.7478 0 0.034325 -0.3478 -0.040538 2.344818 0.3518329 1
006 3 29 6 0.034118 0.4 -0.04088 0 0.7478 0 0.034118 -0.3478 -0.04088 2.355682 0.3518523 1
006 3 29 6 0.033907 0.4 -0.04122 0 0.7478 0 0.033907 -0.3478 -0.04122 2.366699 0.3518716 1
006 3 29 6 0.033693 0.4 -0.041558 0 0.7478 0 0.033693 -0.3478 -0.041558 2.379639 0.3518908 1
006 3 29 6 0.033476 0.4 -0.041894 0 0.7478 0 0.033476 -0.3478 -0.041894 2.388824 0.3519099 1
006 3 29 6 0.033255 0.4 -0.042228 0 0.7478 0 0.033255 -0.3478 -0.042228 2.403381 0.3519289 1
006 3 29 6 0.033031 0.4 -0.042559 0 0.7478 0 0.033031 -0.3478 -0.042559 2.410583 0.3519476 1
006 3 29 6 0.032804 0.4 -0.042889 0 0.7478 0 0.032804 -0.3478 -0.042889 2.422119 0.3519665 1
006 3 29 6 0.032574 0.4 -0.043215 0 0.7478 0 0.032574 -0.3478 -0.043215 2.433228 0.351985 1
006 3 29 6 0.03234 0.4 -0.04354 0 0.7478 0 0.03234 -0.3478 -0.04354 2.444611 0.3520035 1
006 3 29 6 0.032103 0.4 -0.043862 0 0.7478 0 0.032103 -0.3478 -0.043862 2.456818 0.3520218 1
006 3 29 6 0.031863 0.4 -0.044182 0 0.7478 0 0.031863 -0.3478 -0.044182 2.466919 0.35204 1
006 3 29 6 0.031619 0.4 -0.0445 0 0.7478 0 0.031619 -0.3478 -0.0445 2.478149 0.352058 1
006 3 29 6 0.031373 0.4 -0.044814 0 0.7478 0 0.031373 -0.3478 -0.044814 2.489044 0.3520758 1
006 3 29 6 0.031123 0.4 -0.045127 0 0.7478 0 0.031123 -0.3478 -0.045127 2.500031 0.3520936 1
006 3 29 6 0.03087 0.4 -0.045437 0 0.7478 0 0.03087 -0.3478 -0.045437 2.511078 0.3521112 1
006 3 29 6 0.030614 0.4 -0.045744 0 0.7478 0 0.030614 -0.3478 -0.045744 2.522583 0.3521286 1
006 3 29 6 0.030355 0.4 -0.046049 0 0.7478 0 0.030355 -0.3478 -0.046049 2.533356 0.3521459 1
006 3 29 6 0.030093 0.4 -0.046351 0 0.7478 0 0.030093 -0.3478 -0.046351 2.545013 0.3521631 1
006 3 29 6 0.029828 0.4 -0.046651 0 0.7478 0 0.029828 -0.3478 -0.046651 2.559082 0.3521802 1
006 3 29 6 0.02956 0.4 -0.046948 0 0.7478 0 0.02956 -0.3478 -0.046948 2.566681 0.352197 1
006 3 29 6 0.029289 0.4 -0.047242 0 0.7478 0 0.029289 -0.3478 -0.047242 2.577606 0.3522137 1
006 3 29 6 0.029015 0.4 -0.047534 0 0.7478 0 0.029015 -0.3478 -0.047534 2.589386 0.3522303 1
006 3 29 6 0.028739 0.4 -0.047823 0 0.7478 0 0.028739 -0.3478 -0.047823 2.600189 0.3522468 1
006 3 29 6 0.028459 0.4 -0.048109 0 0.7478 0 0.028459 -0.3478 -0.048109 2.611389 0.352263 1
006 3 29 6 0.028176 0.4 -0.048392 0 0.7478 0 0.028176 -0.3478 -0.048392 2.62265 0.352279 1
006 3 29 6 0.027891 0.4 -0.048672 0 0.7478 0 0.027891 -0.3478 -0.048672 2.635101 0.3522949 1
006 3 29 6 0.027603 0.4 -0.04895 0 0.7478 0 0.027603 -0.3478 -0.04895 2.644562 0.3523107 1
006 3 29 6 0.027312 0.4 -0.049224 0 0.7478 0 0.027312 -0.3478 -0.049224 2.655823 0.3523262 1
006 3 29 6 0.027019 0.4 -0.049496 0 0.7478 0 0.027019 -0.3478 -0.049496 2.666687 0.3523417 1
006 3 29 6 0.026722 0.4 -0.049764 0 0.7478 0 0.026722 -0.3478 -0.049764 2.678101 0.3523569 1
006 3 29 6 0.026423 0.4 -0.05003 0 0.7478 0 0.026423 -0.3478 -0.05003 2.689117 0.352372 1
006 3 29 6 0.026122 0.4 -0.050293 0 0.7478 0 0.026122 -0.3478 -0.050293 2.700867 0.352387 1
006 3 29 6 0.025817 0.4 -0.050553 0 0.7478 0 0.025817 -0.3478 -0.050553 2.714447 0.3524017 1
006 3 29 6 0.025511 0.4 -0.050809 0 0.7478 0 0.025511 -0.3478 -0.050809 2.722046 0.3524162 1
006 3 29 6 0.025201 0.4 -0.051063 0 0.7478 0 0.025201 -0.3478 -0.051063 2.733398 0.3524306 1
006 3 29 6 0.024889 0.4 -0.051313 0 0.7478 0 0.024889 -0.3478 -0.051313 2.744598 0.3524448 1
006 3 29 6 0.024575 0.4 -0.051561 0 0.7478 0 0.024575 -0.3478 -0.051561 2.755676 0.3524589 1
006 3 29 6 0.024258 0.4 -0.051805 0 0.7478 0 0.024258 -0.3478 -0.051805 2.766693 0.3524728 1
006 3 29 6 0.023939 0.4 -0.052046 0 0.7478 0 0.023939 -0.3478 -0.052046 2.778076 0.3524864 1
006 3 29 6 0.023617 0.4 -0.052284 0 0.7478 0 0.023617 -0.3478 -0.052284 2.789307 0.3524999 1
006 3 29 6 0.023293 0.4 -0.052518 0 0.7478 0 0.023293 -0.3478 -0.052518 2.800293 0.3525132 1
006 3 29 6 0.022967 0.4 -0.052749 0 0.7478 0 0.022967 -0.3478 -0.052749 2.811096 0.3525263 1
006 3 29 6 0.022638 0.4 -0.052977 0 0.7478 0 0.022638 -0.3478 -0.052977 2.822388 0.3525392 1
006 3 29 6 0.022307 0.4 -0.053202 0 0.7478 0 0.022307 -0.3478 -0.053202 2.833191 0.352552 1
006 3 29 6 0.021974 0.4 -0.053424 0 0.7478 0 0.021974 -0.3478 -0.053424 2.844818 0.3525646 1
006 3 29 6 0.021639 0.4 -0.053642 0 0.7478 0 0.021639 -0.3478 -0.053642 2.855743 0.352577 1
006 3 29 6 0.021301 0.4 -0.053856 0 0.7478 0 0.021301 -0.3478 -0.053856 2.870026 0.352589 1
006 3 29 6 0.020962 0.4 -0.054068 0 0.7478 0 0.020962 -0.3478 -0.054068 2.877441 0.3526012 1
006 3 29 6 0.02062 0.4 -0.054276 0 0.7478 0 0.02062 -0.3478 -0.054276 2.889221 0.352613 1
006 3 29 6 0.020276 0.4 -0.05448 0 0.7478 0 0.020276 -0.3478 -0.05448 2.90033 0.3526245 1
006 3 29 6 0.01993 0.4 -0.054681 0 0.7478 0 0.01993 -0.3478 -0.054681 2.911163 0.3526359 1
006 3 29 6 0.019583 0.4 -0.054879 0 0.7478 0 0.019583 -0.3478 -0.054879 2.923248 0.3526472 1
006 3 29 6 0.019233 0.4 -0.055073 0 0.7478 0 0.019233 -0.3478 -0.055073 2.93335 0.3526582 1
006 3 29 6 0.018881 0.4 -0.055263 0 0.7478 0 0.018881 -0.3478 -0.055263 2.94458 0.3526689 1
006 3 29 6 0.018528 0.4 -0.05545 0 0.7478 0 0.018528 -0.3478 -0.05545 2.955933 0.3526795 1
006 3 29 6 0.018172 0.4 -0.055634 0 0.7478 0 0.018172 -0.3478 -0.055634 2.966583 0.35269 1
006 3 29 6 0.017815 0.4 -0.055814 0 0.7478 0 0.017815 -0.3478 -0.055814 2.977753 0.3527002 1
006 3 29 6 0.017456 0.4 -0.05599 0 0.7478 0 0.017456 -0.3478 -0.05599 2.989258 0.3527101 1
006 3 29 6 0.017095 0.4 -0.056163 0 0.7478 0 0.017095 -0.3478 -0.056163 2.999908 0.3527199 1
006 3 29 6 0.016733 0.4 -0.056332 0 0.7478 0 0.016733 -0.3478 -0.056332 3.01178 0.3527295 1
006 3 29 6 0.016369 0.4 -0.056498 0 0.7478 0 0.016369 -0.3478 -0.056498 3.026276 0.352739 1
006 3 29 6 0.016003 0.4 -0.056659 0 0.7478 0 0.016003 -0.3478 -0.056659 3.033112 0.352748 1
006 3 29 6 0.015635 0.4 -0.056818 0 0.7478 0 0.015635 -0.3478 -0.056818 3.044708 0.3527571 1
006 3 29 6 0.015266 0.4 -0.056972 0 0.7478 0 0.015266 -0.3478 -0.056972 3.055603 0.3527658 1
006 3 29 6 0.014896 0.4 -0.057123 0 0.7478 0 0.014896 -0.3478 -0.057123 3.066742 0.3527744 1
006 3 29 6 0.014524 0.4 -0.05727 0 0.7478 0 0.014524 -0.3478 -0.05727 3.078125 0.3527827 1
006 3 29 6 0.014151 0.4 -0.057413 0 0.7478 0 0.014151 -0.3478 -0.057413 3.089294 0.3527908 1
006 3 29 6 0.013776 0.4 -0.057553 0 0.7478 0 0.013776 -0.3478 -0.057553 3.100708 0.3527988 1
006 3 29 6 0.0134 0.4 -0.057689 0 0.7478 0 0.0134 -0.3478 -0.057689 3.111328 0.3528065 1
006 3 29 6 0.013022 0.4 -0.057821 0 0.7478 0 0.013022 -0.3478 -0.057821 3.122742 0.3528139 1
006 3 29 6 0.012643 0.4 -0.057949 0 0.7478 0 0.012643 -0.3478 -0.057949 3.133331 0.3528211 1
006 3 29 6 0.012263 0.4 -0.058074 0 0.7478 0 0.012263 -0.3478 -0.058074 3.144592 0.3528283 1
006 3 29 6 0.011882 0.4 -0.058195 0 0.7478 0 0.011882 -0.3478 -0.058195 3.156189 0.3528352 1
006 3 29 6 0.011499 0.4 -0.058311 0 0.7478 0 0.011499 -0.3478 -0.058311 3.166901 0.3528416 1
006 3 29 6 0.011115 0.4 -0.058425 0 0.7478 0 0.011115 -0.3478 -0.058425 3.181732 0.3528482 1
006 3 29 6 0.010731 0.4 -0.058534 0 0.7478 0 0.010731 -0.3478 -0.058534 3.188782 0.3528544 1
006 3 29 6 0.010345 0.4 -0.058639 0 0.7478 0 0.010345 -0.3478 -0.058639 3.199799 0.3528603 1
006 3 29 6 0.009958 0.4 -0.058741 0 0.7478 0 0.009958 -0.3478 -0.058741 3.211578 0.3528661 1
006 3 29 6 0.00957 0.4 -0.058838 0 0.7478 0 0.00957 -0.3478 -0.058838 3.222778 0.3528715 1
006 3 29 6 0.009181 0.4 -0.058932 0 0.7478 0 0.009181 -0.3478 -0.058932 3.23349 0.3528769 1
006 3 29 6 0.008791 0.4 -0.059022 0 0.7478 0 0.008791 -0.3478 -0.059022 3.244568 0.352882 1
006 3 29 6 0.008401 0.4 -0.059108 0 0.7478 0 0.008401 -0.3478 -0.059108 3.255707 0.3528869 1
006 3 29 6 0.008009 0.4 -0.05919 0 0.7478 0 0.008009 -0.3478 -0.05919 3.267059 0.3528915 1
006 3 29 6 0.007617 0.4 -0.059268 0 0.7478 0 0.007617 -0.3478 -0.059268 3.277832 0.3528959 1
006 3 29 6 0.007224 0.4 -0.059342 0 0.7478 0 0.007224 -0.3478 -0.059342 3.289948 0.3529001 1
006 3 29 6 0.00683 0.4 -0.059413 0 0.7478 0 0.00683 -0.3478 -0.059413 3.300018 0.3529042 1
006 3 29 6 0.006436 0.4 -0.059479 0 0.7478 0 0.006436 -0.3478 -0.059479 3.311462 0.3529079 1
006 3 29 6 0.006041 0.4 -0.059541 0 0.7478 0 0.006041 -0.3478 -0.059541 3.323029 0.3529114 1
006 3 29 6 0.005645 0.4 -0.0596 0 0.7478 0 0.005645 -0.3478 -0.0596 3.336456 0.3529148 1
006 3 29 6 0.005249 0.4 -0.059654 0 0.7478 0 0.005249 -0.3478 -0.059654 3.345123 0.3529178 1
006 3 29 6 0.004852 0.4 -0.059705 0 0.7478 0 0.004852 -0.3478 -0.059705 3.355682 0.3529208 1
006 3 29 6 0.004454 0.4 -0.059751 0 0.7478 0 0.004454 -0.3478 -0.059751 3.367126 0.3529233 1
006 3 29 6 0.004057 0.4 -0.059794 0 0.7478 0 0.004057 -0.3478 -0.059794 3.378021 0.3529258 1
006 3 29 6 0.003659 0.4 -0.059832 0 0.7478 0 0.003659 -0.3478 -0.059832 3.389496 0.3529279 1
006 3 29 6 0.00326 0.4 -0.059867 0 0.7478 0 0.00326 -0.3478 -0.059867 3.400299 0.3529299 1
006 3 29 6 0.002861 0.4 -0.059898 0 0.7478 0 0.002861 -0.3478 -0.059898 3.41153 0.3529317 1
006 3 29 6 0.002462 0.4 -0.059924 0 0.7478 0 0.002462 -0.3478 -0.059924 3.422333 0.3529331 1
006 3 29 6 0.002063 0.4 -0.059947 0 0.7478 0 0.002063 -0.3478 -0.059947 3.433563 0.3529344 1
006 3 29 6 0.001663 0.4 -0.059965 0 0.7478 0 0.001663 -0.3478 -0.059965 3.444733 0.3529354 1
006 3 29 6 0.001263 0.4 -0.05998 0 0.7478 0 0.001263 -0.3478 -0.05998 3.45575 0.3529363 1
006 3 29 6 0.000864 0.4 -0.059991 0 0.7478 0 0.000864 -0.3478 -0.059991 3.466766 0.352937 1
006 3 29 6 0.000464 0.4 -0.059997 0 0.7478 0 0.000464 -0.3478 -0.059997 3.47818 0.3529372 1
006 3 29 6 6.4E-05 0.4 -0.06 0 0.7478 0 6.4E-05 -0.3478 -0.06 3.492615 0.3529374 1
006 3 29 6 -0.000336 0.4 -0.059999 0 0.7478 0 -0.000336 -0.3478 -0.059999 3.500031 0.3529374 1
006 3 29 6 -0.000736 0.4 -0.059993 0 0.7478 0 -0.000736 -0.3478 -0.059993 3.511597 0.352937 1
006 3 29 6 -0.001136 0.4 -0.059984 0 0.7478 0 -0.001136 -0.3478 -0.059984 3.52243 0.3529365 1
006 3 29 6 -0.001536 0.4 -0.059971 0 0.7478 0 -0.001536 -0.3478 -0.059971 3.533539 0.3529359 1
006 3 29 6 -0.001936 0.4 -0.059953 0 0.7478 0 -0.001936 -0.3478 -0.059953 3.544586 0.3529347 1
006 3 29 6 -0.002335 0.4 -0.059932 0 0.7478 0 -0.002335 -0.3478 -0.059932 3.556061 0.3529336 1
006 3 29 6 -0.002734 0.4 -0.059906 0 0.7478 0 -0.002734 -0.3478 -0.059906 3.567108 0.3529321 1
006 3 29 6 -0.003133 0.4 -0.059877 0 0.7478 0 -0.003133 -0.3478 -0.059877 3.577911 0.3529305 1
006 3 29 6 -0.003532 0.4 -0.059844 0 0.7478 0 -0.003532 -0.3478 -0.059844 3.589478 0.3529286 1
006 3 29 6 -0.00393 0.4 -0.059806 0 0.7478 0 -0.00393 -0.3478 -0.059806 3.600037 0.3529264 1
006 3 29 6 -0.004328 0.4 -0.059765 0 0.7478 0 -0.004328 -0.3478 -0.059765 3.611694 0.3529241 1
006 3 29 6 -0.004725 0.4 -0.05972 0 0.7478 0 -0.004725 -0.3478 -0.05972 3.622742 0.3529216 1
006 3 29 6 -0.005122 0.4 -0.059671 0 0.7478 0 -0.005122 -0.3478 -0.059671 3.63385 0.3529188 1
006 3 29 6 -0.005519 0.4 -0.059617 0 0.7478 0 -0.005519 -0.3478 -0.059617 3.647858 0.3529157 1
006 3 29 6 -0.005915 0.4 -0.05956 0 0.7478 0 -0.005915 -0.3478 -0.05956 3.655304 0.3529125 1
006 3 29 6 -0.00631 0.4 -0.059499 0 0.7478 0 -0.00631 -0.3478 -0.059499 3.666779 0.352909 1
006 3 29 6 -0.006704 0.4 -0.059434 0 0.7478 0 -0.006704 -0.3478 -0.059434 3.678009 0.3529053 1
006 3 29 6 -0.007098 0.4 -0.059365 0 0.7478 0 -0.007098 -0.3478 -0.059365 3.689209 0.3529014 1
006 3 29 6 -0.007492 0.4 -0.059292 0 0.7478 0 -0.007492 -0.3478 -0.059292 3.700256 0.3528973 1
006 3 29 6 -0.007884 0.4 -0.059215 0 0.7478 0 -0.007884 -0.3478 -0.059215 3.711243 0.3528929 1
006 3 29 6 -0.008276 0.4 -0.059134 0 0.7478 0 -0.008276 -0.3478 -0.059134 3.722595 0.3528883 1
006 3 29 6 -0.008667 0.4 -0.05905 0 0.7478 0 -0.008667 -0.3478 -0.05905 3.733826 0.3528836 1
006 3 29 6 -0.009057 0.4 -0.058961 0 0.7478 0 -0.009057 -0.3478 -0.058961 3.744537 0.3528785 1
006 3 29 6 -0.009446 0.4 -0.058869 0 0.7478 0 -0.009446 -0.3478 -0.058869 3.755585 0.3528734 1
006 3 29 6 -0.009834 0.4 -0.058772 0 0.7478 0 -0.009834 -0.3478 -0.058772 3.76709 0.3528678 1
006 3 29 6 -0.010222 0.4 -0.058672 0 0.7478 0 -0.010222 -0.3478 -0.058672 3.778198 0.3528622 1
006 3 29 6 -0.010608 0.4 -0.058568 0 0.7478 0 -0.010608 -0.3478 -0.058568 3.789459 0.3528563 1
006 3 29 6 -0.010993 0.4 -0.05846 0 0.7478 0 -0.010993 -0.3478 -0.05846 3.803467 0.3528502 1
006 3 29 6 -0.011377 0.4 -0.058348 0 0.7478 0 -0.011377 -0.3478 -0.058348 3.811218 0.3528438 1
006 3 29 6 -0.01176 0.4 -0.058232 0 0.7478 0 -0.01176 -0.3478 -0.058232 3.822449 0.3528372 1
006 3 29 6 -0.012142 0.4 -0.058113 0 0.7478 0 -0.012142 -0.3478 -0.058113 3.833588 0.3528305 1
006 3 29 6 -0.012522 0.4 -0.057989 0 0.7478 0 -0.012522 -0.3478 -0.057989 3.84491 0.3528234 1
006 3 29 6 -0.012901 0.4 -0.057862 0 0.7478 0 -0.012901 -0.3478 -0.057862 3.856293 0.3528162 1
006 3 29 6 -0.013279 0.4 -0.057731 0 0.7478 0 -0.013279 -0.3478 -0.057731 3.866638 0.3528088 1
006 3 29 6 -0.013656 0.4 -0.057597 0 0.7478 0 -0.013656 -0.3478 -0.057597 3.878143 0.3528013 1
006 3 29 6 -0.014031 0.4 -0.057458 0 0.7478 0 -0.014031 -0.3478 -0.057458 3.889313 0.3527933 1
006 3 29 6 -0.014405 0.4 -0.057316 0 0.7478 0 -0.014405 -0.3478 -0.057316 3.899811 0.3527853 1
006 3 29 6 -0.014778 0.4 -0.05717 0 0.7478 0 -0.014778 -0.3478 -0.05717 3.911407 0.352777 1
006 3 29 6 -0.015149 0.4 -0.057021 0 0.7478 0 -0.015149 -0.3478 -0.057021 3.922852 0.3527686 1
006 3 29 6 -0.015518 0.4 -0.056867 0 0.7478 0 -0.015518 -0.3478 -0.056867 3.933746 0.3527598 1
006 3 29 6 -0.015886 0.4 -0.05671 0 0.7478 0 -0.015886 -0.3478 -0.05671 3.945068 0.3527509 1
006 3 29 6 -0.016252 0.4 -0.056549 0 0.7478 0 -0.016252 -0.3478 -0.056549 3.958862 0.3527417 1
006 3 29 6 -0.016617 0.4 -0.056385 0 0.7478 0 -0.016617 -0.3478 -0.056385 3.966705 0.3527325 1
006 3 29 6 -0.01698 0.4 -0.056217 0 0.7478 0 -0.01698 -0.3478 -0.056217 3.978394 0.352723 1
006 3 29 6 -0.017341 0.4 -0.056046 0 0.7478 0 -0.017341 -0.3478 -0.056046 3.989227 0.3527133 1
006 3 29 6 -0.017701 0.4 -0.05587 0 0.7478 0 -0.017701 -0.3478 -0.05587 4.000275 0.3527033 1
006 3 29 6 -0.018059 0.4 -0.055692 0 0.7478 0 -0.018059 -0.3478 -0.055692 4.011658 0.3526933 1
006 3 29 6 -0.018415 0.4 -0.055509 0 0.7478 0 -0.018415 -0.3478 -0.055509 4.022797 0.3526829 1
006 3 29 6 -0.018769 0.4 -0.055323 0 0.7478 0 -0.018769 -0.3478 -0.055323 4.033356 0.3526723 1
006 3 29 6 -0.019121 0.4 -0.055134 0 0.7478 0 -0.019121 -0.3478 -0.055134 4.044922 0.3526616 1
006 3 29 6 -0.019471 0.4 -0.054941 0 0.7478 0 -0.019471 -0.3478 -0.054941 4.056 0.3526506 1
006 3 29 6 -0.01982 0.4 -0.054744 0 0.7478 0 -0.01982 -0.3478 -0.054744 4.067139 0.3526394 1
006 3 29 6 -0.020166 0.4 -0.054544 0 0.7478 0 -0.020166 -0.3478 -0.054544 4.078278 0.3526281 1
006 3 29 6 -0.020511 0.4 -0.054341 0 0.7478 0 -0.020511 -0.3478 -0.054341 4.089355 0.3526166 1
006 3 29 6 -0.020853 0.4 -0.054134 0 0.7478 0 -0.020853 -0.3478 -0.054134 4.100525 0.3526048 1
006 3 29 6 -0.021193 0.4 -0.053924 0 0.7478 0 -0.021193 -0.3478 -0.053924 4.114624 0.3525929 1
006 3 29 6 -0.021532 0.4 -0.05371 0 0.7478 0 -0.021532 -0.3478 -0.05371 4.122131 0.3525808 1
006 3 29 6 -0.021868 0.4 -0.053493 0 0.7478 0 -0.021868 -0.3478 -0.053493 4.133484 0.3525685 1
006 3 29 6 -0.022201 0.4 -0.053273 0 0.7478 0 -0.022201 -0.3478 -0.053273 4.144775 0.352556 1
006 3 29 6 -0.022533 0.4 -0.053049 0 0.7478 0 -0.022533 -0.3478 -0.053049 4.15567 0.3525433 1
006 3 29 6 -0.022862 0.4 -0.052822 0 0.7478 0 -0.022862 -0.3478 -0.052822 4.167328 0.3525304 1
006 3 29 6 -0.02319 0.4 -0.052592 0 0.7478 0 -0.02319 -0.3478 -0.052592 4.178253 0.3525174 1
006 3 29 6 -0.023514 0.4 -0.052359 0 0.7478 0 -0.023514 -0.3478 -0.052359 4.189056 0.3525042 1
006 3 29 6 -0.023837 0.4 -0.052122 0 0.7478 0 -0.023837 -0.3478 -0.052122 4.200287 0.3524908 1
006 3 29 6 -0.024157 0.4 -0.051882 0 0.7478 0 -0.024157 -0.3478 -0.051882 4.211273 0.3524771 1
006 3 29 6 -0.024474 0.4 -0.051639 0 0.7478 0 -0.024474 -0.3478 -0.051639 4.222748 0.3524633 1
006 3 29 6 -0.024789 0.4 -0.051392 0 0.7478 0 -0.024789 -0.3478 -0.051392 4.233521 0.3524492 1
006 3 29 6 -0.025102 0.4 -0.051143 0 0.7478 0 -0.025102 -0.3478 -0.051143 4.244934 0.3524352 1
006 3 29 6 -0.025412 0.4 -0.05089 0 0.7478 0 -0.025412 -0.3478 -0.05089 4.256165 0.3524207 1
006 3 29 6 -0.02572 0.4 -0.050635 0 0.7478 0 -0.02572 -0.3478 -0.050635 4.270142 0.3524064 1
006 3 29 6 -0.026025 0.4 -0.050376 0 0.7478 0 -0.026025 -0.3478 -0.050376 4.277802 0.3523916 1
006 3 29 6 -0.026327 0.4 -0.050114 0 0.7478 0 -0.026327 -0.3478 -0.050114 4.289459 0.3523767 1
006 3 29 6 -0.026627 0.4 -0.049849 0 0.7478 0 -0.026627 -0.3478 -0.049849 4.300201 0.3523617 1
006 3 29 6 -0.026924 0.4 -0.049582 0 0.7478 0 -0.026924 -0.3478 -0.049582 4.311462 0.3523466 1
006 3 29 6 -0.027219 0.4 -0.049311 0 0.7478 0 -0.027219 -0.3478 -0.049311 4.322693 0.3523312 1
006 3 29 6 -0.027511 0.4 -0.049037 0 0.7478 0 -0.027511 -0.3478 -0.049037 4.333496 0.3523156 1
006 3 29 6 -0.0278 0.4 -0.048761 0 0.7478 0 -0.0278 -0.3478 -0.048761 4.344757 0.3523 1
006 3 29 6 -0.028086 0.4 -0.048481 0 0.7478 0 -0.028086 -0.3478 -0.048481 4.355743 0.3522841 1
006 3 29 6 -0.028369 0.4 -0.048199 0 0.7478 0 -0.028369 -0.3478 -0.048199 4.367004 0.352268 1
006 3 29 6 -0.02865 0.4 -0.047914 0 0.7478 0 -0.02865 -0.3478 -0.047914 4.378387 0.3522519 1
006 3 29 6 -0.028928 0.4 -0.047626 0 0.7478 0 -0.028928 -0.3478 -0.047626 4.389618 0.3522356 1
006 3 29 6 -0.029202 0.4 -0.047335 0 0.7478 0 -0.029202 -0.3478 -0.047335 4.400055 0.352219 1
006 3 29 6 -0.029474 0.4 -0.047042 0 0.7478 0 -0.029474 -0.3478 -0.047042 4.411682 0.3522024 1
006 3 29 6 -0.029743 0.4 -0.046746 0 0.7478 0 -0.029743 -0.3478 -0.046746 4.425842 0.3521855 1
006 3 29 6 -0.030009 0.4 -0.046447 0 0.7478 0 -0.030009 -0.3478 -0.046447 4.433258 0.3521686 1
006 3 29 6 -0.030272 0.4 -0.046146 0 0.7478 0 -0.030272 -0.3478 -0.046146 4.444824 0.3521515 1
006 3 29 6 -0.030532 0.4 -0.045842 0 0.7478 0 -0.030532 -0.3478 -0.045842 4.456207 0.3521342 1
006 3 29 6 -0.030789 0.4 -0.045535 0 0.7478 0 -0.030789 -0.3478 -0.045535 4.467102 0.3521168 1
006 3 29 6 -0.031043 0.4 -0.045226 0 0.7478 0 -0.031043 -0.3478 -0.045226 4.478455 0.3520993 1
006 3 29 6 -0.031293 0.4 -0.044914 0 0.7478 0 -0.031293 -0.3478 -0.044914 4.489441 0.3520814 1
006 3 29 6 -0.031541 0.4 -0.0446 0 0.7478 0 -0.031541 -0.3478 -0.0446 4.500275 0.3520637 1
006 3 29 6 -0.031785 0.4 -0.044283 0 0.7478 0 -0.031785 -0.3478 -0.044283 4.511414 0.3520456 1
006 3 29 6 -0.032027 0.4 -0.043964 0 0.7478 0 -0.032027 -0.3478 -0.043964 4.52301 0.3520275 1
006 3 29 6 -0.032265 0.4 -0.043643 0 0.7478 0 -0.032265 -0.3478 -0.043643 4.533447 0.3520093 1
006 3 29 6 -0.0325 0.4 -0.043319 0 0.7478 0 -0.0325 -0.3478 -0.043319 4.544769 0.3519909 1
006 3 29 6 -0.032731 0.4 -0.042993 0 0.7478 0 -0.032731 -0.3478 -0.042993 4.555847 0.3519724 1
006 3 29 6 -0.032959 0.4 -0.042665 0 0.7478 0 -0.032959 -0.3478 -0.042665 4.567139 0.3519537 1
006 3 29 6 -0.033184 0.4 -0.042334 0 0.7478 0 -0.033184 -0.3478 -0.042334 4.58136 0.3519349 1
006 3 29 6 -0.033406 0.4 -0.042001 0 0.7478 0 -0.033406 -0.3478 -0.042001 4.588959 0.351916 1
006 3 29 6 -0.033624 0.4 -0.041666 0 0.7478 0 -0.033624 -0.3478 -0.041666 4.600067 0.3518969 1
006 3 29 6 -0.033839 0.4 -0.041328 0 0.7478 0 -0.033839 -0.3478 -0.041328 4.611847 0.3518777 1
006 3 29 6 -0.034051 0.4 -0.040989 0 0.7478 0 -0.034051 -0.3478 -0.040989 4.622833 0.3518585 1
006 3 29 6 -0.034259 0.4 -0.040647 0 0.7478 0 -0.034259 -0.3478 -0.040647 4.633698 0.351839 1
006 3 29 6 -0.034464 0.4 -0.040304 0 0.7478 0 -0.034464 -0.3478 -0.040304 4.644501 0.3518196 1
006 3 29 6 -0.034665 0.4 -0.039958 0 0.7478 0 -0.034665 -0.3478 -0.039958 4.655975 0.3517998 1
006 3 29 6 -0.034863 0.4 -0.03961 0 0.7478 0 -0.034863 -0.3478 -0.03961 4.66684 0.3517801 1
006 3 29 6 -0.035057 0.4 -0.039261 0 0.7478 0 -0.035057 -0.3478 -0.039261 4.678101 0.3517602 1
006 3 29 6 -0.035248 0.4 -0.038909 0 0.7478 0 -0.035248 -0.3478 -0.038909 4.689362 0.3517402 1
006 3 29 6 -0.035436 0.4 -0.038556 0 0.7478 0 -0.035436 -0.3478 -0.038556 4.700226 0.3517202 1
006 3 29 6 -0.035619 0.4 -0.038201 0 0.7478 0 -0.035619 -0.3478 -0.038201 4.711487 0.3516999 1
006 3 29 6 -0.0358 0.4 -0.037843 0 0.7478 0 -0.0358 -0.3478 -0.037843 4.722839 0.3516796 1
006 3 29 6 -0.035976 0.4 -0.037485 0 0.7478 0 -0.035976 -0.3478 -0.037485 4.736725 0.3516592 1
006 3 29 6 -0.036149 0.4 -0.037124 0 0.7478 0 -0.036149 -0.3478 -0.037124 4.74469 0.3516387 1
006 3 29 6 -0.036319 0.4 -0.036762 0 0.7478 0 -0.036319 -0.3478 -0.036762 4.756012 0.3516182 1
006 3 29 6 -0.036484 0.4 -0.036398 0 0.7478 0 -0.036484 -0.3478 -0.036398 4.767151 0.3515974 1
006 3 29 6 -0.036647 0.4 -0.036032 0 0.7478 0 -0.036647 -0.3478 -0.036032 4.777954 0.3515767 1
006 3 29 6 -0.036805 0.4 -0.035665 0 0.7478 0 -0.036805 -0.3478 -0.035665 4.789185 0.3515557 1
006 3 29 6 -0.03696 0.4 -0.035296 0 0.7478 0 -0.03696 -0.3478 -0.035296 4.800232 0.3515348 1
006 3 29 6 -0.037111 0.4 -0.034926 0 0.7478 0 -0.037111 -0.3478 -0.034926 4.811493 0.3515137 1
006 3 29 6 -0.037258 0.4 -0.034554 0 0.7478 0 -0.037258 -0.3478 -0.034554 4.822693 0.3514925 1
006 3 29 6 -0.037402 0.4 -0.03418 0 0.7478 0 -0.037402 -0.3478 -0.03418 4.833313 0.3514712 1
006 3 29 6 -0.037542 0.4 -0.033806 0 0.7478 0 -0.037542 -0.3478 -0.033806 4.844879 0.35145 1
006 3 29 6 -0.037678 0.4 -0.03343 0 0.7478 0 -0.037678 -0.3478 -0.03343 4.856201 0.3514285 1
006 3 29 6 -0.037811 0.4 -0.033052 0 0.7478 0 -0.037811 -0.3478 -0.033052 4.867249 0.3514071 1
006 3 29 6 -0.037939 0.4 -0.032673 0 0.7478 0 -0.037939 -0.3478 -0.032673 4.878174 0.3513854 1
006 3 29 6 -0.038064 0.4 -0.032293 0 0.7478 0 -0.038064 -0.3478 -0.032293 4.892975 0.3513638 1
006 3 29 6 -0.038185 0.4 -0.031912 0 0.7478 0 -0.038185 -0.3478 -0.031912 4.89975 0.3513421 1
006 3 29 6 -0.038302 0.4 -0.03153 0 0.7478 0 -0.038302 -0.3478 -0.03153 4.911591 0.3513204 1
006 3 29 6 -0.038416 0.4 -0.031146 0 0.7478 0 -0.038416 -0.3478 -0.031146 4.922882 0.3512986 1
006 3 29 6 -0.038525 0.4 -0.030761 0 0.7478 0 -0.038525 -0.3478 -0.030761 4.933594 0.3512766 1
006 3 29 6 -0.038631 0.4 -0.030376 0 0.7478 0 -0.038631 -0.3478 -0.030376 4.945007 0.3512547 1
006 3 29 6 -0.038733 0.4 -0.029989 0 0.7478 0 -0.038733 -0.3478 -0.029989 4.956055 0.3512327 1
006 3 29 6 -0.038831 0.4 -0.029601 0 0.7478 0 -0.038831 -0.3478 -0.029601 4.967133 0.3512106 1
006 3 29 6 -0.038925 0.4 -0.029212 0 0.7478 0 -0.038925 -0.3478 -0.029212 4.977997 0.3511885 1
006 3 29 6 -0.039015 0.4 -0.028822 0 0.7478 0 -0.039015 -0.3478 -0.028822 4.989532 0.3511662 1
006 3 29 6 -0.039101 0.4 -0.028432 0 0.7478 0 -0.039101 -0.3478 -0.028432 5.000336 0.351144 1
006 3 29 6 -0.039184 0.4 -0.02804 0 0.7478 0 -0.039184 -0.3478 -0.02804 5.011292 0.3511217 1
006 3 29 6 -0.039262 0.4 -0.027648 0 0.7478 0 -0.039262 -0.3478 -0.027648 5.022888 0.3510993 1
006 3 29 6 -0.039337 0.4 -0.027255 0 0.7478 0 -0.039337 -0.3478 -0.027255 5.033722 0.351077 1
006 3 29 6 -0.039407 0.4 -0.026861 0 0.7478 0 -0.039407 -0.3478 -0.026861 5.048553 0.3510545 1
006 3 29 6 -0.039474 0.4 -0.026467 0 0.7478 0 -0.039474 -0.3478 -0.026467 5.055481 0.3510321 1
006 3 29 6 -0.039536 0.4 -0.026072 0 0.7478 0 -0.039536 -0.3478 -0.026072 5.067139 0.3510095 1
006 3 29 6 -0.039595 0.4 -0.025676 0 0.7478 0 -0.039595 -0.3478 -0.025676 5.078339 0.350987 1
006 3 29 6 -0.03965 0.4 -0.02528 0 0.7478 0 -0.03965 -0.3478 -0.02528 5.088989 0.3509644 1
006 3 29 6 -0.039701 0.4 -0.024883 0 0.7478 0 -0.039701 -0.3478 -0.024883 5.100433 0.3509418 1
006 3 29 6 -0.039748 0.4 -0.024486 0 0.7478 0 -0.039748 -0.3478 -0.024486 5.111481 0.3509192 1
006 3 29 6 -0.039791 0.4 -0.024088 0 0.7478 0 -0.039791 -0.3478 -0.024088 5.122589 0.3508965 1
006 3 29 6 -0.039829 0.4 -0.02369 0 0.7478 0 -0.039829 -0.3478 -0.02369 5.133636 0.3508738 1
006 3 29 6 -0.039864 0.4 -0.023292 0 0.7478 0 -0.039864 -0.3478 -0.023292 5.144928 0.3508511 1
006 3 29 6 -0.039895 0.4 -0.022893 0 0.7478 0 -0.039895 -0.3478 -0.022893 5.155823 0.3508283 1
006 3 29 6 -0.039922 0.4 -0.022494 0 0.7478 0 -0.039922 -0.3478 -0.022494 5.167084 0.3508056 1
006 3 29 6 -0.039945 0.4 -0.022095 0 0.7478 0 -0.039945 -0.3478 -0.022095 5.178925 0.3507829 1
006 3 29 6 -0.039964 0.4 -0.021695 0 0.7478 0 -0.039964 -0.3478 -0.021695 5.189514 0.3507601 1
006 3 29 6 -0.039979 0.4 -0.021295 0 0.7478 0 -0.039979 -0.3478 -0.021295 5.203857 0.3507373 1
006 3 29 6 -0.03999 0.4 -0.020895 0 0.7478 0 -0.03999 -0.3478 -0.020895 5.211487 0.3507144 1
006 3 29 6 -0.039997 0.4 -0.020496 0 0.7478 0 -0.039997 -0.3478 -0.020496 5.22226 0.3506917 1
006 3 29 6 -0.04 0.4 -0.020096 0 0.7478 0 -0.04 -0.3478 -0.020096 5.233948 0.3506689 1
006 3 29 6 -0.039999 0.4 -0.019696 0 0.7478 0 -0.039999 -0.3478 -0.019696 5.244629 0.3506461 1
006 3 29 6 -0.039994 0.4 -0.019296 0 0.7478 0 -0.039994 -0.3478 -0.019296 5.255798 0.3506233 1
006 3 29 6 -0.039985 0.4 -0.018896 0 0.7478 0 -0.039985 -0.3478 -0.018896 5.266846 0.3506005 1
006 3 29 6 -0.039972 0.4 -0.018496 0 0.7478 0 -0.039972 -0.3478 -0.018496 5.280304 0.3505777 1
006 3 29 6 -0.039955 0.4 -0.018096 0 0.7478 0 -0.039955 -0.3478 -0.018096 5.289154 0.3505549 1
006 3 29 6 -0.039934 0.4 -0.017697 0 0.7478 0 -0.039934 -0.3478 -0.017697 5.300201 0.3505321 1
006 3 29 6 -0.039909 0.4 -0.017298 0 0.7478 0 -0.039909 -0.3478 -0.017298 5.312317 0.3505093 1
006 3 29 6 -0.03988 0.4 -0.016899 0 0.7478 0 -0.03988 -0.3478 -0.016899 5.322754 0.3504865 1
006 3 29 6 -0.039847 0.4 -0.0165 0 0.7478 0 -0.039847 -0.3478 -0.0165 5.334045 0.3504638 1
006 3 29 6 -0.03981 0.4 -0.016102 0 0.7478 0 -0.03981 -0.3478 -0.016102 5.345154 0.3504411 1
006 3 29 6 -0.039769 0.4 -0.015704 0 0.7478 0 -0.039769 -0.3478 -0.015704 5.359436 0.3504184 1
006 3 29 6 -0.039724 0.4 -0.015306 0 0.7478 0 -0.039724 -0.3478 -0.015306 5.366974 0.3503956 1
006 3 29 6 -0.039675 0.4 -0.014909 0 0.7478 0 -0.039675 -0.3478 -0.014909 5.378021 0.350373 1
006 3 29 6 -0.039622 0.4 -0.014513 0 0.7478 0 -0.039622 -0.3478 -0.014513 5.389343 0.3503504 1
006 3 29 6 -0.039565 0.4 -0.014117 0 0.7478 0 -0.039565 -0.3478 -0.014117 5.40033 0.3503277 1
006 3 29 6 -0.039504 0.4 -0.013722 0 0.7478 0 -0.039504 -0.3478 -0.013722 5.411621 0.3503051 1
006 3 29 6 -0.039439 0.4 -0.013327 0 0.7478 0 -0.039439 -0.3478 -0.013327 5.422668 0.3502825 1
006 3 29 6 -0.039371 0.4 -0.012933 0 0.7478 0 -0.039371 -0.3478 -0.012933 5.433838 0.3502601 1
006 3 29 6 -0.039298 0.4 -0.01254 0 0.7478 0 -0.039298 -0.3478 -0.01254 5.445282 0.3502377 1
006 3 29 6 -0.039222 0.4 -0.012147 0 0.7478 0 -0.039222 -0.3478 -0.012147 5.455963 0.3502153 1
006 3 29 6 -0.039141 0.4 -0.011755 0 0.7478 0 -0.039141 -0.3478 -0.011755 5.466766 0.3501928 1
006 3 29 6 -0.039057 0.4 -0.011364 0 0.7478 0 -0.039057 -0.3478 -0.011364 5.478394 0.3501706 1
006 3 29 6 -0.038968 0.4 -0.010974 0 0.7478 0 -0.038968 -0.3478 -0.010974 5.489075 0.3501482 1
006 3 29 6 -0.038876 0.4 -0.010585 0 0.7478 0 -0.038876 -0.3478 -0.010585 5.500885 0.350126 1
006 3 29 6 -0.03878 0.4 -0.010196 0 0.7478 0 -0.03878 -0.3478 -0.010196 5.514984 0.3501038 1
006 3 29 6 -0.03868 0.4 -0.009809 0 0.7478 0 -0.03868 -0.3478 -0.009809 5.522003 0.3500817 1
006 3 29 6 -0.038576 0.4 -0.009423 0 0.7478 0 -0.038576 -0.3478 -0.009423 5.533722 0.3500596 1
006 3 29 6 -0.038469 0.4 -0.009038 0 0.7478 0 -0.038469 -0.3478 -0.009038 5.544769 0.3500377 1
006 3 29 6 -0.038357 0.4 -0.008654 0 0.7478 0 -0.038357 -0.3478 -0.008654 5.556 0.3500157 1
006 3 29 6 -0.038242 0.4 -0.008271 0 0.7478 0 -0.038242 -0.3478 -0.008271 5.567108 0.3499939 1
006 3 29 6 -0.038122 0.4 -0.007889 0 0.7478 0 -0.038122 -0.3478 -0.007889 5.579437 0.3499719 1
006 3 29 6 -0.037999 0.4 -0.007508 0 0.7478 0 -0.037999 -0.3478 -0.007508 5.589691 0.3499502 1
006 3 29 6 -0.037873 0.4 -0.007129 0 0.7478 0 -0.037873 -0.3478 -0.007129 5.600647 0.3499286 1
006 3 29 6 -0.037742 0.4 -0.006751 0 0.7478 0 -0.037742 -0.3478 -0.006751 5.61203 0.3499069 1
006 3 29 6 -0.037608 0.4 -0.006374 0 0.7478 0 -0.037608 -0.3478 -0.006374 5.622833 0.3498854 1
006 3 29 6 -0.037469 0.4 -0.005999 0 0.7478 0 -0.037469 -0.3478 -0.005999 5.633728 0.3498639 1
006 3 29 6 -0.037328 0.4 -0.005625 0 0.7478 0 -0.037328 -0.3478 -0.005625 5.644989 0.3498426 1
006 3 29 6 -0.037182 0.4 -0.005252 0 0.7478 0 -0.037182 -0.3478 -0.005252 5.656525 0.3498213 1
006 3 29 6 -0.037033 0.4 -0.004881 0 0.7478 0 -0.037033 -0.3478 -0.004881 5.670319 0.3498001 1
006 3 29 6 -0.03688 0.4 -0.004511 0 0.7478 0 -0.03688 -0.3478 -0.004511 5.677826 0.349779 1
006 3 29 6 -0.036723 0.4 -0.004143 0 0.7478 0 -0.036723 -0.3478 -0.004143 5.689758 0.3497579 1
006 3 29 6 -0.036562 0.4 -0.003777 0 0.7478 0 -0.036562 -0.3478 -0.003777 5.700317 0.3497369 1
006 3 29 6 -0.036398 0.4 -0.003412 0 0.7478 0 -0.036398 -0.3478 -0.003412 5.711517 0.349716 1
006 3 29 6 -0.036231 0.4 -0.003049 0 0.7478 0 -0.036231 -0.3478 -0.003049 5.722809 0.3496953 1
006 3 29 6 -0.036059 0.4 -0.002687 0 0.7478 0 -0.036059 -0.3478 -0.002687 5.733612 0.3496746 1
006 3 29 6 -0.035884 0.4 -0.002328 0 0.7478 0 -0.035884 -0.3478 -0.002328 5.744751 0.349654 1
006 3 29 6 -0.035706 0.4 -0.00197 0 0.7478 0 -0.035706 -0.3478 -0.00197 5.756256 0.3496336 1
006 3 29 6 -0.035524 0.4 -0.001614 0 0.7478 0 -0.035524 -0.3478 -0.001614 5.766754 0.3496132 1
006 3 29 6 -0.035338 0.4 -0.001259 0 0.7478 0 -0.035338 -0.3478 -0.001259 5.779022 0.3495929 1
006 3 29 6 -0.035149 0.4 -0.000907 0 0.7478 0 -0.035149 -0.3478 -0.000907 5.78949 0.3495727 1
006 3 29 6 -0.034956 0.4 -0.000556 0 0.7478 0 -0.034956 -0.3478 -0.000556 5.800751 0.3495527 1
006 3 29 6 -0.03476 0.4 -0.000208 0 0.7478 0 -0.03476 -0.3478 -0.000208 5.812042 0.3495327 1
006 3 29 6 -0.03456 0.4 0.000139 0 0.7478 0 -0.03456 -0.3478 0.000139 5.826172 0.3495129 1
006 3 29 6 -0.034357 0.4 0.000483 0 0.7478 0 -0.034357 -0.3478 0.000483 5.833252 0.3494931 1
006 3 29 6 -0.034151 0.4 0.000826 0 0.7478 0 -0.034151 -0.3478 0.000826 5.844696 0.3494736 1
006 3 29 6 -0.033941 0.4 0.001166 0 0.7478 0 -0.033941 -0.3478 0.001166 5.856079 0.3494541 1
006 3 29 6 -0.033728 0.4 0.001505 0 0.7478 0 -0.033728 -0.3478 0.001505 5.867126 0.3494348 1
006 3 29 6 -0.033511 0.4 0.001841 0 0.7478 0 -0.033511 -0.3478 0.001841 5.878174 0.3494155 1
006 3 29 6 -0.033291 0.4 0.002175 0 0.7478 0 -0.033291 -0.3478 0.002175 5.889954 0.3493964 1
006 3 29 6 -0.033067 0.4 0.002507 0 0.7478 0 -0.033067 -0.3478 0.002507 5.900208 0.3493774 1
006 3 29 6 -0.032841 0.4 0.002836 0 0.7478 0 -0.032841 -0.3478 0.002836 5.911652 0.3493586 1
006 3 29 6 -0.032611 0.4 0.003164 0 0.7478 0 -0.032611 -0.3478 0.003164 5.923065 0.3493398 1
006 3 29 6 -0.032377 0.4 0.003489 0 0.7478 0 -0.032377 -0.3478 0.003489 5.933929 0.3493212 1
006 3 29 6 -0.032141 0.4 0.003811 0 0.7478 0 -0.032141 -0.3478 0.003811 5.945282 0.3493027 1
006 3 29 6 -0.031901 0.4 0.004131 0 0.7478 0 -0.031901 -0.3478 0.004131 5.955963 0.3492844 1
006 3 29 6 -0.031658 0.4 0.004449 0 0.7478 0 -0.031658 -0.3478 0.004449 5.967255 0.3492662 1
006 3 29 6 -0.031412 0.4 0.004764 0 0.7478 0 -0.031412 -0.3478 0.004764 5.981537 0.3492481 1
006 3 29 6 -0.031163 0.4 0.005077 0 0.7478 0 -0.031163 -0.3478 0.005077 5.989319 0.3492302 1
006 3 29 6 -0.030911 0.4 0.005388 0 0.7478 0 -0.030911 -0.3478 0.005388 6.000641 0.3492125 1
006 3 29 6 -0.030655 0.4 0.005696 0 0.7478 0 -0.030655 -0.3478 0.005696 6.011414 0.3491948 1
006 3 29 6 -0.030397 0.4 0.006001 0 0.7478 0 -0.030397 -0.3478 0.006001 6.022705 0.3491773 1
006 3 29 6 -0.030135 0.4 0.006303 0 0.7478 0 -0.030135 -0.3478 0.006303 6.033722 0.34916 1
006 3 29 6 -0.029871 0.4 0.006604 0 0.7478 0 -0.029871 -0.3478 0.006604 6.045074 0.3491428 1
006 3 29 6 -0.029603 0.4 0.006901 0 0.7478 0 -0.029603 -0.3478 0.006901 6.056091 0.3491257 1
006 3 29 6 -0.029333 0.4 0.007196 0 0.7478 0 -0.029333 -0.3478 0.007196 6.067596 0.3491089 1
006 3 29 6 -0.029059 0.4 0.007488 0 0.7478 0 -0.029059 -0.3478 0.007488 6.077911 0.3490922 1
006 3 29 6 -0.028783 0.4 0.007777 0 0.7478 0 -0.028783 -0.3478 0.007777 6.089386 0.3490756 1
006 3 29 6 -0.028504 0.4 0.008063 0 0.7478 0 -0.028504 -0.3478 0.008063 6.100311 0.3490592 1
006 3 29 6 -0.028222 0.4 0.008347 0 0.7478 0 -0.028222 -0.3478 0.008347 6.111816 0.349043 1
006 3 29 6 -0.027937 0.4 0.008628 0 0.7478 0 -0.027937 -0.3478 0.008628 6.122803 0.3490269 1
006 3 29 6 -0.027649 0.4 0.008906 0 0.7478 0 -0.027649 -0.3478 0.008906 6.13681 0.3490109 1
006 3 29 6 -0.027359 0.4 0.009181 0 0.7478 0 -0.027359 -0.3478 0.009181 6.144806 0.3489952 1
006 3 29 6 -0.027065 0.4 0.009453 0 0.7478 0 -0.027065 -0.3478 0.009453 6.156067 0.3489795 1
006 3 29 6 -0.02677 0.4 0.009722 0 0.7478 0 -0.02677 -0.3478 0.009722 6.16806 0.3489642 1
006 3 29 6 -0.026471 0.4 0.009988 0 0.7478 0 -0.026471 -0.3478 0.009988 6.178162 0.3489489 1
006 3 29 6 -0.02617 0.4 0.010251 0 0.7478 0 -0.02617 -0.3478 0.010251 6.189301 0.3489338 1
006 3 29 6 -0.025866 0.4 0.010511 0 0.7478 0 -0.025866 -0.3478 0.010511 6.200317 0.3489189 1
006 3 29 6 -0.02556 0.4 0.010769 0 0.7478 0 -0.02556 -0.3478 0.010769 6.211334 0.3489042 1
006 3 29 6 -0.025251 0.4 0.011023 0 0.7478 0 -0.025251 -0.3478 0.011023 6.222595 0.3488896 1
006 3 29 6 -0.024939 0.4 0.011274 0 0.7478 0 -0.024939 -0.3478 0.011274 6.233612 0.3488752 1
006 3 29 6 -0.024625 0.4 0.011521 0 0.7478 0 -0.024625 -0.3478 0.011521 6.245544 0.3488609 1
006 3 29 6 -0.024309 0.4 0.011766 0 0.7478 0 -0.024309 -0.3478 0.011766 6.256042 0.348847 1
006 3 29 6 -0.02399 0.4 0.012008 0 0.7478 0 -0.02399 -0.3478 0.012008 6.26712 0.3488331 1
006 3 29 6 -0.023669 0.4 0.012246 0 0.7478 0 -0.023669 -0.3478 0.012246 6.27832 0.3488195 1
006 3 29 6 -0.023345 0.4 0.012481 0 0.7478 0 -0.023345 -0.3478 0.012481 6.293152 0.348806 1
006 3 29 6 -0.023019 0.4 0.012713 0 0.7478 0 -0.023019 -0.3478 0.012713 6.299988 0.3487927 1
006 3 29 6 -0.022691 0.4 0.012941 0 0.7478 0 -0.022691 -0.3478 0.012941 6.311615 0.3487796 1
006 3 29 6 -0.02236 0.4 0.013167 0 0.7478 0 -0.02236 -0.3478 0.013167 6.322815 0.3487667 1
006 3 29 6 -0.022027 0.4 0.013389 0 0.7478 0 -0.022027 -0.3478 0.013389 6.333618 0.3487539 1
006 3 29 6 -0.021692 0.4 0.013607 0 0.7478 0 -0.021692 -0.3478 0.013607 6.344818 0.3487414 1
006 3 29 6 -0.021355 0.4 0.013822 0 0.7478 0 -0.021355 -0.3478 0.013822 6.356842 0.348729 1
006 3 29 6 -0.021016 0.4 0.014034 0 0.7478 0 -0.021016 -0.3478 0.014034 6.367188 0.3487169 1
006 3 29 6 -0.020675 0.4 0.014243 0 0.7478 0 -0.020675 -0.3478 0.014243 6.378265 0.348705 1
006 3 29 6 -0.020331 0.4 0.014448 0 0.7478 0 -0.020331 -0.3478 0.014448 6.389404 0.3486932 1
006 3 29 6 -0.019986 0.4 0.014649 0 0.7478 0 -0.019986 -0.3478 0.014649 6.400452 0.3486816 1
006 3 29 6 -0.019638 0.4 0.014847 0 0.7478 0 -0.019638 -0.3478 0.014847 6.411652 0.3486702 1
006 3 29 6 -0.019289 0.4 0.015042 0 0.7478 0 -0.019289 -0.3478 0.015042 6.422821 0.3486591 1
006 3 29 6 -0.018937 0.4 0.015233 0 0.7478 0 -0.018937 -0.3478 0.015233 6.433838 0.3486481 1
006 3 29 6 -0.018584 0.4 0.015421 0 0.7478 0 -0.018584 -0.3478 0.015421 6.448639 0.3486373 1
006 3 29 6 -0.018229 0.4 0.015605 0 0.7478 0 -0.018229 -0.3478 0.015605 6.455841 0.3486268 1
006 3 29 6 -0.017872 0.4 0.015785 0 0.7478 0 -0.017872 -0.3478 0.015785 6.467072 0.3486164 1
006 3 29 6 -0.017513 0.4 0.015962 0 0.7478 0 -0.017513 -0.3478 0.015962 6.478241 0.3486063 1
006 3 29 6 -0.017153 0.4 0.016136 0 0.7478 0 -0.017153 -0.3478 0.016136 6.489594 0.3485964 1
006 3 29 6 -0.016791 0.4 0.016305 0 0.7478 0 -0.016791 -0.3478 0.016305 6.500244 0.3485866 1
006 3 29 6 -0.016427 0.4 0.016471 0 0.7478 0 -0.016427 -0.3478 0.016471 6.511353 0.3485771 1
006 3 29 6 -0.016061 0.4 0.016634 0 0.7478 0 -0.016061 -0.3478 0.016634 6.522705 0.3485678 1
006 3 29 6 -0.015694 0.4 0.016793 0 0.7478 0 -0.015694 -0.3478 0.016793 6.534119 0.3485587 1
006 3 29 6 -0.015325 0.4 0.016948 0 0.7478 0 -0.015325 -0.3478 0.016948 6.544861 0.3485498 1
006 3 29 6 -0.014955 0.4 0.017099 0 0.7478 0 -0.014955 -0.3478 0.017099 6.556488 0.3485411 1
006 3 29 6 -0.014583 0.4 0.017247 0 0.7478 0 -0.014583 -0.3478 0.017247 6.567474 0.3485326 1
006 3 29 6 -0.01421 0.4 0.017391 0 0.7478 0 -0.01421 -0.3478 0.017391 6.5784 0.3485243 1
006 3 29 6 -0.013836 0.4 0.017531 0 0.7478 0 -0.013836 -0.3478 0.017531 6.589783 0.3485163 1
006 3 29 6 -0.01346 0.4 0.017668 0 0.7478 0 -0.01346 -0.3478 0.017668 6.603699 0.3485085 1
006 3 29 6 -0.013082 0.4 0.0178 0 0.7478 0 -0.013082 -0.3478 0.0178 6.61142 0.3485008 1
006 3 29 6 -0.012704 0.4 0.017929 0 0.7478 0 -0.012704 -0.3478 0.017929 6.623077 0.3484934 1
006 3 29 6 -0.012324 0.4 0.018054 0 0.7478 0 -0.012324 -0.3478 0.018054 6.634583 0.3484862 1
006 3 29 6 -0.011942 0.4 0.018176 0 0.7478 0 -0.011942 -0.3478 0.018176 6.644806 0.3484793 1
006 3 29 6 -0.01156 0.4 0.018293 0 0.7478 0 -0.01156 -0.3478 0.018293 6.656006 0.3484725 1
006 3 29 6 -0.011177 0.4 0.018407 0 0.7478 0 -0.011177 -0.3478 0.018407 6.667358 0.348466 1
006 3 29 6 -0.010792 0.4 0.018517 0 0.7478 0 -0.010792 -0.3478 0.018517 6.67807 0.3484597 1
006 3 29 6 -0.010406 0.4 0.018623 0 0.7478 0 -0.010406 -0.3478 0.018623 6.68985 0.3484536 1
006 3 29 6 -0.01002 0.4 0.018725 0 0.7478 0 -0.01002 -0.3478 0.018725 6.700531 0.3484478 1
006 3 29 6 -0.009632 0.4 0.018823 0 0.7478 0 -0.009632 -0.3478 0.018823 6.7117 0.3484421 1
006 3 29 6 -0.009243 0.4 0.018917 0 0.7478 0 -0.009243 -0.3478 0.018917 6.723511 0.3484367 1
006 3 29 6 -0.008853 0.4 0.019008 0 0.7478 0 -0.008853 -0.3478 0.019008 6.733429 0.3484315 1
006 3 29 6 -0.008463 0.4 0.019094 0 0.7478 0 -0.008463 -0.3478 0.019094 6.745331 0.3484265 1
006 3 29 6 -0.008072 0.4 0.019177 0 0.7478 0 -0.008072 -0.3478 0.019177 6.759583 0.3484218 1
006 3 29 6 -0.007679 0.4 0.019256 0 0.7478 0 -0.007679 -0.3478 0.019256 6.766907 0.3484173 1
006 3 29 6 -0.007287 0.4 0.019331 0 0.7478 0 -0.007287 -0.3478 0.019331 6.778015 0.348413 1
006 3 29 6 -0.006893 0.4 0.019402 0 0.7478 0 -0.006893 -0.3478 0.019402 6.789673 0.3484089 1
006 3 29 6 -0.006498 0.4 0.019469 0 0.7478 0 -0.006498 -0.3478 0.019469 6.800293 0.3484051 1
006 3 29 6 -0.006103 0.4 0.019532 0 0.7478 0 -0.006103 -0.3478 0.019532 6.812195 0.3484015 1
006 3 29 6 -0.005708 0.4 0.019591 0 0.7478 0 -0.005708 -0.3478 0.019591 6.822632 0.3483981 1
006 3 29 6 -0.005312 0.4 0.019646 0 0.7478 0 -0.005312 -0.3478 0.019646 6.83371 0.3483949 1
006 3 29 6 -0.004915 0.4 0.019697 0 0.7478 0 -0.004915 -0.3478 0.019697 6.845154 0.348392 1
006 3 29 6 -0.004518 0.4 0.019744 0 0.7478 0 -0.004518 -0.3478 0.019744 6.85614 0.3483892 1
006 3 29 6 -0.00412 0.4 0.019787 0 0.7478 0 -0.00412 -0.3478 0.019787 6.867645 0.3483868 1
006 3 29 6 -0.003722 0.4 0.019826 0 0.7478 0 -0.003722 -0.3478 0.019826 6.878235 0.3483845 1
006 3 29 6 -0.003324 0.4 0.019862 0 0.7478 0 -0.003324 -0.3478 0.019862 6.889496 0.3483825 1
006 3 29 6 -0.002925 0.4 0.019893 0 0.7478 0 -0.002925 -0.3478 0.019893 6.900757 0.3483807 1
006 3 29 6 -0.002526 0.4 0.01992 0 0.7478 0 -0.002526 -0.3478 0.01992 6.915131 0.3483791 1
006 3 29 6 -0.002126 0.4 0.019943 0 0.7478 0 -0.002126 -0.3478 0.019943 6.922668 0.3483778 1
006 3 29 6 -0.001727 0.4 0.019963 0 0.7478 0 -0.001727 -0.3478 0.019963 6.933838 0.3483767 1
006 3 29 6 -0.001327 0.4 0.019978 0 0.7478 0 -0.001327 -0.3478 0.019978 6.945099 0.3483758 1
006 3 29 6 -0.000927 0.4 0.019989 0 0.7478 0 -0.000927 -0.3478 0.019989 6.956451 0.3483751 1
006 3 29 6 -0.000527 0.4 0.019997 0 0.7478 0 -0.000527 -0.3478 0.019997 6.966919 0.3483748 1
006 3 29 6 -0.000127 0.4 0.02 0 0.7478 0 -0.000127 -0.3478 0.02 6.978302 0.3483746 1
006 3 29 6 0 0.4 0.02 0 0.7478 0 0 -0.3478 0.02 6.989532 0.3483745 1
