006 3 20 4 0.02 0.4 0 0 0.7478 0 0.02 -0.3478 0 0 0.3483745 1
006 3 20 4 0.019998 0.4004 0 0 0.7478 0 0.019998 -0.3474 0 0.01062012 0.3479751 1
006 3 20 4 0.019992 0.4008 0 0 0.7478 0 0.019992 -0.347 0 0.02200317 0.3475754 1
006 3 20 4 0.019982 0.4012 0 0 0.7478 0 0.019982 -0.3466 0 0.03305054 0.3471755 1
006 3 20 4 0.019968 0.4016 0 0 0.7478 0 0.019968 -0.3462 0 0.04876709 0.3467754 1
006 3 20 4 0.01995 0.401999 0 0 0.7478 0 0.01995 -0.345801 0 0.05508423 0.346376 1
006 3 20 4 0.019928 0.402399 0 0 0.7478 0 0.019928 -0.345401 0 0.06610107 0.3459754 1
006 3 20 4 0.019902 0.402798 0 0 0.7478 0 0.019902 -0.345002 0 0.0774231 0.3455756 1
006 3 20 4 0.019872 0.403197 0 0 0.7478 0 0.019872 -0.344603 0 0.08847046 0.3451755 1
006 3 20 4 0.019838 0.403595 0 0 0.7478 0 0.019838 -0.344205 0 0.09957886 0.3447762 1
006 3 20 4 0.0198 0.403993 0 0 0.7478 0 0.0198 -0.343807 0 0.1106262 0.3443767 1
006 3 20 4 0.019758 0.404391 0 0 0.7478 0 0.019758 -0.343409 0 0.1219482 0.3439769 1
006 3 20 4 0.019712 0.404788 0 0 0.7478 0 0.019712 -0.343012 0 0.1330261 0.3435779 1
006 3 20 4 0.019662 0.405185 0 0 0.7478 0 0.019662 -0.342615 0 0.1442261 0.3431787 1
006 3 20 4 0.019609 0.405582 0 0 0.7478 0 0.019609 -0.342218 0 0.1549072 0.3427793 1
006 3 20 4 0.019551 0.405978 0 0 0.7478 0 0.019551 -0.341822 0 0.1664734 0.3423807 1
006 3 20 4 0.019489 0.406373 0 0 0.7478 0 0.019489 -0.341427 0 0.1772461 0.3419828 1
006 3 20 4 0.019423 0.406767 0 0 0.7478 0 0.019423 -0.341033 0 0.1885681 0.3415856 1
006 3 20 4 0.019354 0.407161 0 0 0.7478 0 0.019354 -0.340639 0 0.2030029 0.3411884 1
006 3 20 4 0.01928 0.407554 0 0 0.7478 0 0.01928 -0.340246 0 0.2105103 0.3407918 1
006 3 20 4 0.019203 0.407947 0 0 0.7478 0 0.019203 -0.339853 0 0.221405 0.3403951 1
006 3 20 4 0.019121 0.408338 0 0 0.7478 0 0.019121 -0.339462 0 0.2330322 0.3400001 1
006 3 20 4 0.019036 0.408729 0 0 0.7478 0 0.019036 -0.339071 0 0.2440796 0.3396049 1
006 3 20 4 0.018947 0.409119 0 0 0.7478 0 0.018947 -0.338681 0 0.2553711 0.3392105 1
006 3 20 4 0.018854 0.409508 0 0 0.7478 0 0.018854 -0.338292 0 0.2663574 0.3388169 1
006 3 20 4 0.018756 0.409896 0 0 0.7478 0 0.018756 -0.337904 0 0.2773132 0.3384241 1
006 3 20 4 0.018656 0.410283 0 0 0.7478 0 0.018656 -0.337517 0 0.2886047 0.3380322 1
006 3 20 4 0.018551 0.410669 0 0 0.7478 0 0.018551 -0.337131 0 0.29953 0.337641 1
006 3 20 4 0.018442 0.411054 0 0 0.7478 0 0.018442 -0.336746 0 0.3106384 0.3372506 1
006 3 20 4 0.01833 0.411438 0 0 0.7478 0 0.01833 -0.336362 0 0.3222351 0.336861 1
006 3 20 4 0.018213 0.411821 0 0 0.7478 0 0.018213 -0.335979 0 0.3331299 0.3364723 1
006 3 20 4 0.018093 0.412202 0 0 0.7478 0 0.018093 -0.335598 0 0.3446655 0.3360854 1
006 3 20 4 0.017969 0.412583 0 0 0.7478 0 0.017969 -0.335217 0 0.3583984 0.3356983 1
006 3 20 4 0.017842 0.412962 0 0 0.7478 0 0.017842 -0.334838 0 0.3658752 0.335313 1
006 3 20 4 0.01771 0.413339 0 0 0.7478 0 0.01771 -0.334461 0 0.3771362 0.3349295 1
006 3 20 4 0.017575 0.413716 0 0 0.7478 0 0.017575 -0.334084 0 0.3885498 0.3345459 1
006 3 20 4 0.017436 0.414091 0 0 0.7478 0 0.017436 -0.333709 0 0.3994141 0.3341642 1
006 3 20 4 0.017293 0.414465 0 0 0.7478 0 0.017293 -0.333335 0 0.4107056 0.3337832 1
006 3 20 4 0.017147 0.414837 0 0 0.7478 0 0.017147 -0.332963 0 0.4218445 0.3334042 1
006 3 20 4 0.016996 0.415208 0 0 0.7478 0 0.016996 -0.332592 0 0.4332886 0.333026 1
006 3 20 4 0.016842 0.415577 0 0 0.7478 0 0.016842 -0.332223 0 0.4440308 0.3326496 1
006 3 20 4 0.016685 0.415944 0 0 0.7478 0 0.016685 -0.331856 0 0.4550171 0.3322752 1
006 3 20 4 0.016524 0.41631 0 0 0.7478 0 0.016524 -0.33149 0 0.4666138 0.3319016 1
006 3 20 4 0.016359 0.416675 0 0 0.7478 0 0.016359 -0.331125 0 0.4772034 0.3315288 1
006 3 20 4 0.01619 0.417038 0 0 0.7478 0 0.01619 -0.330762 0 0.4882507 0.331158 1
006 3 20 4 0.016018 0.417399 0 0 0.7478 0 0.016018 -0.330401 0 0.5000305 0.330789 1
006 3 20 4 0.015842 0.417758 0 0 0.7478 0 0.015842 -0.330042 0 0.5138245 0.330422 1
006 3 20 4 0.015663 0.418115 0 0 0.7478 0 0.015663 -0.329685 0 0.5213928 0.3300568 1
006 3 20 4 0.01548 0.418471 0 0 0.7478 0 0.01548 -0.329329 0 0.5331421 0.3296926 1
006 3 20 4 0.015293 0.418825 0 0 0.7478 0 0.015293 -0.328975 0 0.5444946 0.3293303 1
006 3 20 4 0.015103 0.419177 0 0 0.7478 0 0.015103 -0.328623 0 0.5553284 0.3289699 1
006 3 20 4 0.01491 0.419527 0 0 0.7478 0 0.01491 -0.328273 0 0.5665588 0.3286114 1
006 3 20 4 0.014713 0.419875 0 0 0.7478 0 0.014713 -0.327925 0 0.5772705 0.3282549 1
006 3 20 4 0.014512 0.420221 0 0 0.7478 0 0.014512 -0.327579 0 0.5883789 0.3279003 1
006 3 20 4 0.014308 0.420565 0 0 0.7478 0 0.014308 -0.327235 0 0.5993958 0.3275476 1
006 3 20 4 0.014101 0.420907 0 0 0.7478 0 0.014101 -0.326893 0 0.6111755 0.327197 1
006 3 20 4 0.01389 0.421247 0 0 0.7478 0 0.01389 -0.326553 0 0.6220703 0.3268483 1
006 3 20 4 0.013676 0.421585 0 0 0.7478 0 0.013676 -0.326215 0 0.6328125 0.3265015 1
006 3 20 4 0.013459 0.421921 0 0 0.7478 0 0.013459 -0.325879 0 0.6441956 0.3261568 1
006 3 20 4 0.013238 0.422254 0 0 0.7478 0 0.013238 -0.325546 0 0.6556702 0.3258151 1
006 3 20 4 0.013013 0.422586 0 0 0.7478 0 0.013013 -0.325214 0 0.6697388 0.3254742 1
006 3 20 4 0.012786 0.422915 0 0 0.7478 0 0.012786 -0.324885 0 0.6770935 0.3251365 1
006 3 20 4 0.012555 0.423241 0 0 0.7478 0 0.012555 -0.324559 0 0.6883545 0.3248017 1
006 3 20 4 0.012321 0.423566 0 0 0.7478 0 0.012321 -0.324234 0 0.6998596 0.324468 1
006 3 20 4 0.012084 0.423888 0 0 0.7478 0 0.012084 -0.323912 0 0.7108154 0.3241373 1
006 3 20 4 0.011843 0.424207 0 0 0.7478 0 0.011843 -0.323593 0 0.7222595 0.3238097 1
006 3 20 4 0.0116 0.424525 0 0 0.7478 0 0.0116 -0.323275 0 0.7329102 0.323483 1
006 3 20 4 0.011353 0.424839 0 0 0.7478 0 0.011353 -0.322961 0 0.7440796 0.3231605 1
006 3 20 4 0.011103 0.425152 0 0 0.7478 0 0.011103 -0.322648 0 0.7552185 0.322839 1
006 3 20 4 0.01085 0.425461 0 0 0.7478 0 0.01085 -0.322339 0 0.7661438 0.3225216 1
006 3 20 4 0.010594 0.425769 0 0 0.7478 0 0.010594 -0.322031 0 0.7773743 0.3222052 1
006 3 20 4 0.010334 0.426073 0 0 0.7478 0 0.010334 -0.321727 0 0.7885132 0.3218929 1
006 3 20 4 0.010072 0.426375 0 0 0.7478 0 0.010072 -0.321425 0 0.7994995 0.3215828 1
006 3 20 4 0.009807 0.426675 0 0 0.7478 0 0.009807 -0.321125 0 0.8109131 0.3212747 1
006 3 20 4 0.009539 0.426972 0 0 0.7478 0 0.009539 -0.320828 0 0.8251953 0.3209698 1
006 3 20 4 0.009268 0.427266 0 0 0.7478 0 0.009268 -0.320534 0 0.8326111 0.320668 1
006 3 20 4 0.008993 0.427557 0 0 0.7478 0 0.008993 -0.320243 0 0.8435974 0.3203692 1
006 3 20 4 0.008716 0.427845 0 0 0.7478 0 0.008716 -0.319955 0 0.8552856 0.3200737 1
006 3 20 4 0.008437 0.428131 0 0 0.7478 0 0.008437 -0.319669 0 0.8666687 0.3197803 1
006 3 20 4 0.008154 0.428414 0 0 0.7478 0 0.008154 -0.319386 0 0.8780518 0.31949 1
006 3 20 4 0.007868 0.428694 0 0 0.7478 0 0.007868 -0.319106 0 0.8887329 0.319203 1
006 3 20 4 0.00758 0.428971 0 0 0.7478 0 0.00758 -0.318829 0 0.8997192 0.3189191 1
006 3 20 4 0.007289 0.429246 0 0 0.7478 0 0.007289 -0.318554 0 0.9106445 0.3186374 1
006 3 20 4 0.006995 0.429517 0 0 0.7478 0 0.006995 -0.318283 0 0.9219971 0.3183599 1
006 3 20 4 0.006699 0.429786 0 0 0.7478 0 0.006699 -0.318014 0 0.9331055 0.3180845 1
006 3 20 4 0.006399 0.430051 0 0 0.7478 0 0.006399 -0.317749 0 0.9442139 0.3178134 1
006 3 20 4 0.006097 0.430314 0 0 0.7478 0 0.006097 -0.317486 0 0.9552002 0.3175445 1
006 3 20 4 0.005793 0.430573 0 0 0.7478 0 0.005793 -0.317227 0 0.9663696 0.3172799 1
006 3 20 4 0.005486 0.43083 0 0 0.7478 0 0.005486 -0.31697 0 0.9813538 0.3170175 1
006 3 20 4 0.005176 0.431083 0 0 0.7478 0 0.005176 -0.316717 0 0.9882507 0.3167593 1
006 3 20 4 0.004864 0.431333 0 0 0.7478 0 0.004864 -0.316467 0 0.9995117 0.3165044 1
006 3 20 4 0.00455 0.43158 0 0 0.7478 0 0.00455 -0.31622 0 1.010956 0.3162527 1
006 3 20 4 0.004233 0.431824 0 0 0.7478 0 0.004233 -0.315976 0 1.021942 0.3160043 1
006 3 20 4 0.003913 0.432065 0 0 0.7478 0 0.003913 -0.315735 0 1.032867 0.3157592 1
006 3 20 4 0.003592 0.432302 0 0 0.7478 0 0.003592 -0.315498 0 1.043915 0.3155184 1
006 3 20 4 0.003267 0.432537 0 0 0.7478 0 0.003267 -0.315263 0 1.055145 0.3152799 1
006 3 20 4 0.002941 0.432768 0 0 0.7478 0 0.002941 -0.315032 0 1.066681 0.3150457 1
006 3 20 4 0.002612 0.432995 0 0 0.7478 0 0.002612 -0.314805 0 1.077667 0.3148158 1
006 3 20 4 0.002281 0.43322 0 0 0.7478 0 0.002281 -0.31458 0 1.08844 0.3145883 1
006 3 20 4 0.001948 0.433441 0 0 0.7478 0 0.001948 -0.314359 0 1.099731 0.314365 1
006 3 20 4 0.001612 0.433659 0 0 0.7478 0 0.001612 -0.314141 0 1.111176 0.3141451 1
006 3 20 4 0.001274 0.433873 0 0 0.7478 0 0.001274 -0.313927 0 1.121887 0.3139296 1
006 3 20 4 0.000935 0.434084 0 0 0.7478 0 0.000935 -0.313716 0 1.136139 0.3137174 1
006 3 20 4 0.000593 0.434292 0 0 0.7478 0 0.000593 -0.313508 0 1.144043 0.3135085 1
006 3 20 4 0.000249 0.434496 0 0 0.7478 0 0.000249 -0.313304 0 1.15509 0.3133041 1
006 3 20 4 -9.7E-05 0.434697 0 0 0.7478 0 -9.7E-05 -0.313103 0 1.166565 0.313103 1
006 3 20 4 -0.000445 0.434894 0 0 0.7478 0 -0.000445 -0.312906 0 1.177521 0.3129063 1
006 3 20 4 -0.000795 0.435088 0 0 0.7478 0 -0.000795 -0.312712 0 1.188232 0.312713 1
006 3 20 4 -0.001147 0.435278 0 0 0.7478 0 -0.001147 -0.312522 0 1.199554 0.3125241 1
006 3 20 4 -0.001501 0.435465 0 0 0.7478 0 -0.001501 -0.312335 0 1.210754 0.3123386 1
006 3 20 4 -0.001856 0.435648 0 0 0.7478 0 -0.001856 -0.312152 0 1.221558 0.3121575 1
006 3 20 4 -0.002214 0.435828 0 0 0.7478 0 -0.002214 -0.311972 0 1.233124 0.3119799 1
006 3 20 4 -0.002573 0.436004 0 0 0.7478 0 -0.002573 -0.311796 0 1.244049 0.3118066 1
006 3 20 4 -0.002934 0.436176 0 0 0.7478 0 -0.002934 -0.311624 0 1.255402 0.3116378 1
006 3 20 4 -0.003296 0.436345 0 0 0.7478 0 -0.003296 -0.311455 0 1.266235 0.3114724 1
006 3 20 4 -0.003661 0.436511 0 0 0.7478 0 -0.003661 -0.311289 0 1.277496 0.3113105 1
006 3 20 4 -0.004026 0.436672 0 0 0.7478 0 -0.004026 -0.311128 0 1.291473 0.311154 1
006 3 20 4 -0.004394 0.43683 0 0 0.7478 0 -0.004394 -0.31097 0 1.299225 0.311001 1
006 3 20 4 -0.004763 0.436984 0 0 0.7478 0 -0.004763 -0.310816 0 1.310608 0.3108525 1
006 3 20 4 -0.005134 0.437135 0 0 0.7478 0 -0.005134 -0.310665 0 1.322205 0.3107074 1
006 3 20 4 -0.005506 0.437282 0 0 0.7478 0 -0.005506 -0.310518 0 1.333069 0.3105668 1
006 3 20 4 -0.005879 0.437425 0 0 0.7478 0 -0.005879 -0.310375 0 1.343842 0.3104306 1
006 3 20 4 -0.006254 0.437564 0 0 0.7478 0 -0.006254 -0.310236 0 1.355042 0.310299 1
006 3 20 4 -0.00663 0.4377 0 0 0.7478 0 -0.00663 -0.3101 0 1.366211 0.3101709 1
006 3 20 4 -0.007008 0.437831 0 0 0.7478 0 -0.007008 -0.309969 0 1.377991 0.3100482 1
006 3 20 4 -0.007387 0.437959 0 0 0.7478 0 -0.007387 -0.309841 0 1.388611 0.309929 1
006 3 20 4 -0.007767 0.438084 0 0 0.7478 0 -0.007767 -0.309716 0 1.39975 0.3098134 1
006 3 20 4 -0.008149 0.438204 0 0 0.7478 0 -0.008149 -0.309596 0 1.410522 0.3097032 1
006 3 20 4 -0.008531 0.438321 0 0 0.7478 0 -0.008531 -0.309479 0 1.422302 0.3095966 1
006 3 20 4 -0.008915 0.438433 0 0 0.7478 0 -0.008915 -0.309367 0 1.433289 0.3094954 1
006 3 20 4 -0.0093 0.438542 0 0 0.7478 0 -0.0093 -0.309258 0 1.447784 0.3093978 1
006 3 20 4 -0.009686 0.438647 0 0 0.7478 0 -0.009686 -0.309153 0 1.454651 0.3093047 1
006 3 20 4 -0.010073 0.438749 0 0 0.7478 0 -0.010073 -0.309051 0 1.466461 0.3092151 1
006 3 20 4 -0.010461 0.438846 0 0 0.7478 0 -0.010461 -0.308954 0 1.477356 0.3091311 1
006 3 20 4 -0.01085 0.438939 0 0 0.7478 0 -0.01085 -0.308861 0 1.488556 0.3090515 1
006 3 20 4 -0.01124 0.439029 0 0 0.7478 0 -0.01124 -0.308771 0 1.499695 0.3089755 1
006 3 20 4 -0.01163 0.439115 0 0 0.7478 0 -0.01163 -0.308685 0 1.510834 0.308904 1
006 3 20 4 -0.012022 0.439196 0 0 0.7478 0 -0.012022 -0.308604 0 1.521729 0.3088381 1
006 3 20 4 -0.012414 0.439274 0 0 0.7478 0 -0.012414 -0.308526 0 1.532928 0.3087756 1
006 3 20 4 -0.012807 0.439348 0 0 0.7478 0 -0.012807 -0.308452 0 1.544373 0.3087177 1
006 3 20 4 -0.013201 0.439418 0 0 0.7478 0 -0.013201 -0.308382 0 1.555542 0.3086644 1
006 3 20 4 -0.013596 0.439484 0 0 0.7478 0 -0.013596 -0.308316 0 1.566559 0.3086156 1
006 3 20 4 -0.013991 0.439546 0 0 0.7478 0 -0.013991 -0.308254 0 1.577484 0.3085713 1
006 3 20 4 -0.014387 0.439604 0 0 0.7478 0 -0.014387 -0.308196 0 1.588806 0.3085316 1
006 3 20 4 -0.014783 0.439658 0 0 0.7478 0 -0.014783 -0.308142 0 1.60318 0.3084964 1
006 3 20 4 -0.01518 0.439709 0 0 0.7478 0 -0.01518 -0.308091 0 1.610565 0.3084647 1
006 3 20 4 -0.015577 0.439755 0 0 0.7478 0 -0.015577 -0.308045 0 1.621796 0.3084386 1
006 3 20 4 -0.015975 0.439797 0 0 0.7478 0 -0.015975 -0.308003 0 1.63327 0.308417 1
006 3 20 4 -0.016373 0.439835 0 0 0.7478 0 -0.016373 -0.307965 0 1.644043 0.3083999 1
006 3 20 4 -0.016772 0.43987 0 0 0.7478 0 -0.016772 -0.30793 0 1.654938 0.3083864 1
006 3 20 4 -0.017171 0.4399 0 0 0.7478 0 -0.017171 -0.3079 0 1.666534 0.3083784 1
006 3 20 4 -0.01757 0.439926 0 0 0.7478 0 -0.01757 -0.307874 0 1.677826 0.3083749 1
006 3 20 4 -0.017969 0.439948 0 0 0.7478 0 -0.017969 -0.307852 0 1.688385 0.308376 1
006 3 20 4 -0.018369 0.439967 0 0 0.7478 0 -0.018369 -0.307833 0 1.699738 0.3083806 1
006 3 20 4 -0.018768 0.439981 0 0 0.7478 0 -0.018768 -0.307819 0 1.710663 0.3083906 1
006 3 20 4 -0.019168 0.439991 0 0 0.7478 0 -0.019168 -0.307809 0 1.721863 0.3084053 1
006 3 20 4 -0.019568 0.439998 0 0 0.7478 0 -0.019568 -0.307802 0 1.733185 0.3084234 1
006 3 20 4 -0.019968 0.44 0 0 0.7478 0 -0.019968 -0.3078 0 1.744293 0.308447 1
006 3 20 4 -0.020368 0.439998 0 0 0.7478 0 -0.020368 -0.307802 0 1.758453 0.3084752 1
006 3 20 4 -0.020768 0.439993 0 0 0.7478 0 -0.020768 -0.307807 0 1.766113 0.3085068 1
006 3 20 4 -0.021168 0.439983 0 0 0.7478 0 -0.021168 -0.307817 0 1.777161 0.308544 1
006 3 20 4 -0.021568 0.439969 0 0 0.7478 0 -0.021568 -0.307831 0 1.788666 0.3085856 1
006 3 20 4 -0.021967 0.439952 0 0 0.7478 0 -0.021967 -0.307848 0 1.799927 0.3086307 1
006 3 20 4 -0.022367 0.43993 0 0 0.7478 0 -0.022367 -0.30787 0 1.810883 0.3086814 1
006 3 20 4 -0.022766 0.439904 0 0 0.7478 0 -0.022766 -0.307896 0 1.82193 0.3087365 1
006 3 20 4 -0.023165 0.439875 0 0 0.7478 0 -0.023165 -0.307925 0 1.832916 0.3087951 1
006 3 20 4 -0.023563 0.439841 0 0 0.7478 0 -0.023563 -0.307959 0 1.844574 0.3088591 1
006 3 20 4 -0.023962 0.439803 0 0 0.7478 0 -0.023962 -0.307997 0 1.855347 0.3089277 1
006 3 20 4 -0.024359 0.439762 0 0 0.7478 0 -0.024359 -0.308038 0 1.866272 0.3089996 1
006 3 20 4 -0.024757 0.439716 0 0 0.7478 0 -0.024757 -0.308084 0 1.877838 0.3090771 1
006 3 20 4 -0.025154 0.439667 0 0 0.7478 0 -0.025154 -0.308133 0 1.888824 0.309158 1
006 3 20 4 -0.02555 0.439613 0 0 0.7478 0 -0.02555 -0.308187 0 1.899719 0.3092443 1
006 3 20 4 -0.025946 0.439556 0 0 0.7478 0 -0.025946 -0.308244 0 1.914246 0.309334 1
006 3 20 4 -0.026341 0.439494 0 0 0.7478 0 -0.026341 -0.308306 0 1.921997 0.3094292 1
006 3 20 4 -0.026736 0.439429 0 0 0.7478 0 -0.026736 -0.308371 0 1.932922 0.3095278 1
006 3 20 4 -0.02713 0.439359 0 0 0.7478 0 -0.02713 -0.308441 0 1.944305 0.3096319 1
006 3 20 4 -0.027523 0.439286 0 0 0.7478 0 -0.027523 -0.308514 0 1.955414 0.3097392 1
006 3 20 4 -0.027916 0.439209 0 0 0.7478 0 -0.027916 -0.308591 0 1.966248 0.3098511 1
006 3 20 4 -0.028307 0.439128 0 0 0.7478 0 -0.028307 -0.308672 0 1.97757 0.3099672 1
006 3 20 4 -0.028698 0.439043 0 0 0.7478 0 -0.028698 -0.308757 0 1.988586 0.3100878 1
006 3 20 4 -0.029088 0.438954 0 0 0.7478 0 -0.029088 -0.308846 0 1.999939 0.3102128 1
006 3 20 4 -0.029477 0.438861 0 0 0.7478 0 -0.029477 -0.308939 0 2.010742 0.310342 1
006 3 20 4 -0.029865 0.438764 0 0 0.7478 0 -0.029865 -0.309036 0 2.021942 0.3104757 1
006 3 20 4 -0.030252 0.438664 0 0 0.7478 0 -0.030252 -0.309136 0 2.033569 0.3106127 1
006 3 20 4 -0.030639 0.438559 0 0 0.7478 0 -0.030639 -0.309241 0 2.044464 0.3107551 1
006 3 20 4 -0.031024 0.438451 0 0 0.7478 0 -0.031024 -0.309349 0 2.055237 0.3109008 1
006 3 20 4 -0.031408 0.438339 0 0 0.7478 0 -0.031408 -0.309461 0 2.070007 0.3110507 1
006 3 20 4 -0.03179 0.438223 0 0 0.7478 0 -0.03179 -0.309577 0 2.077057 0.3112049 1
006 3 20 4 -0.032172 0.438103 0 0 0.7478 0 -0.032172 -0.309697 0 2.088776 0.3113635 1
006 3 20 4 -0.032552 0.437979 0 0 0.7478 0 -0.032552 -0.309821 0 2.099609 0.3115264 1
006 3 20 4 -0.032932 0.437852 0 0 0.7478 0 -0.032932 -0.309948 0 2.110718 0.3116926 1
006 3 20 4 -0.033309 0.437721 0 0 0.7478 0 -0.033309 -0.310079 0 2.121918 0.3118629 1
006 3 20 4 -0.033686 0.437586 0 0 0.7478 0 -0.033686 -0.310214 0 2.132996 0.3120376 1
006 3 20 4 -0.034061 0.437447 0 0 0.7478 0 -0.034061 -0.310353 0 2.144135 0.3122165 1
006 3 20 4 -0.034435 0.437305 0 0 0.7478 0 -0.034435 -0.310495 0 2.15564 0.3123986 1
006 3 20 4 -0.034807 0.437158 0 0 0.7478 0 -0.034807 -0.310642 0 2.166748 0.3125859 1
006 3 20 4 -0.035178 0.437008 0 0 0.7478 0 -0.035178 -0.310792 0 2.17746 0.3127765 1
006 3 20 4 -0.035547 0.436855 0 0 0.7478 0 -0.035547 -0.310945 0 2.188599 0.3129703 1
006 3 20 4 -0.035915 0.436698 0 0 0.7478 0 -0.035915 -0.311102 0 2.199799 0.3131682 1
006 3 20 4 -0.036281 0.436537 0 0 0.7478 0 -0.036281 -0.311263 0 2.211273 0.3133703 1
006 3 20 4 -0.036646 0.436372 0 0 0.7478 0 -0.036646 -0.311428 0 2.225677 0.3135767 1
006 3 20 4 -0.037009 0.436204 0 0 0.7478 0 -0.037009 -0.311596 0 2.232758 0.3137861 1
006 3 20 4 -0.03737 0.436032 0 0 0.7478 0 -0.03737 -0.311768 0 2.243896 0.3139997 1
006 3 20 4 -0.037729 0.435856 0 0 0.7478 0 -0.037729 -0.311944 0 2.255341 0.3142173 1
006 3 20 4 -0.038087 0.435677 0 0 0.7478 0 -0.038087 -0.312123 0 2.266602 0.3144382 1
006 3 20 4 -0.038443 0.435494 0 0 0.7478 0 -0.038443 -0.312306 0 2.277252 0.3146631 1
006 3 20 4 -0.038797 0.435308 0 0 0.7478 0 -0.038797 -0.312492 0 2.288696 0.3148912 1
006 3 20 4 -0.039149 0.435119 0 0 0.7478 0 -0.039149 -0.312681 0 2.299896 0.3151223 1
006 3 20 4 -0.039499 0.434925 0 0 0.7478 0 -0.039499 -0.312875 0 2.311157 0.3153584 1
006 3 20 4 -0.039848 0.434729 0 0 0.7478 0 -0.039848 -0.313071 0 2.32251 0.3155968 1
006 3 20 4 -0.040194 0.434528 0 0 0.7478 0 -0.040194 -0.313272 0 2.333038 0.31584 1
006 3 20 4 -0.040538 0.434325 0 0 0.7478 0 -0.040538 -0.313475 0 2.344208 0.3160852 1
006 3 20 4 -0.04088 0.434118 0 0 0.7478 0 -0.04088 -0.313682 0 2.355438 0.3163346 1
006 3 20 4 -0.04122 0.433907 0 0 0.7478 0 -0.04122 -0.313893 0 2.367004 0.3165879 1
006 3 20 4 -0.041558 0.433693 0 0 0.7478 0 -0.041558 -0.314107 0 2.380707 0.3168443 1
006 3 20 4 -0.041894 0.433476 0 0 0.7478 0 -0.041894 -0.314324 0 2.388519 0.3171036 1
006 3 20 4 -0.042228 0.433255 0 0 0.7478 0 -0.042228 -0.314545 0 2.399597 0.3173669 1
006 3 20 4 -0.042559 0.433031 0 0 0.7478 0 -0.042559 -0.314769 0 2.410797 0.3176331 1
006 3 20 4 -0.042889 0.432804 0 0 0.7478 0 -0.042889 -0.314996 0 2.42215 0.3179024 1
006 3 20 4 -0.043215 0.432574 0 0 0.7478 0 -0.043215 -0.315226 0 2.433319 0.3181744 1
006 3 20 4 -0.04354 0.43234 0 0 0.7478 0 -0.04354 -0.31546 0 2.444183 0.3184505 1
006 3 20 4 -0.043862 0.432103 0 0 0.7478 0 -0.043862 -0.315697 0 2.455597 0.3187294 1
006 3 20 4 -0.044182 0.431863 0 0 0.7478 0 -0.044182 -0.315937 0 2.466431 0.3190113 1
006 3 20 4 -0.0445 0.431619 0 0 0.7478 0 -0.0445 -0.316181 0 2.4776 0.3192971 1
006 3 20 4 -0.044814 0.431373 0 0 0.7478 0 -0.044814 -0.316427 0 2.488739 0.3195846 1
006 3 20 4 -0.045127 0.431123 0 0 0.7478 0 -0.045127 -0.316677 0 2.500031 0.3198762 1
006 3 20 4 -0.045437 0.43087 0 0 0.7478 0 -0.045437 -0.31693 0 2.511047 0.3201705 1
006 3 20 4 -0.045744 0.430614 0 0 0.7478 0 -0.045744 -0.317186 0 2.52179 0.3204676 1
006 3 20 4 -0.046049 0.430355 0 0 0.7478 0 -0.046049 -0.317445 0 2.537689 0.3207676 1
006 3 20 4 -0.046351 0.430093 0 0 0.7478 0 -0.046351 -0.317707 0 2.543823 0.3210703 1
006 3 20 4 -0.046651 0.429828 0 0 0.7478 0 -0.046651 -0.317972 0 2.555176 0.3213759 1
006 3 20 4 -0.046948 0.42956 0 0 0.7478 0 -0.046948 -0.31824 0 2.566681 0.3216843 1
006 3 20 4 -0.047242 0.429289 0 0 0.7478 0 -0.047242 -0.318511 0 2.577454 0.3219954 1
006 3 20 4 -0.047534 0.429015 0 0 0.7478 0 -0.047534 -0.318785 0 2.588684 0.3223094 1
006 3 20 4 -0.047823 0.428739 0 0 0.7478 0 -0.047823 -0.319061 0 2.599823 0.3226251 1
006 3 20 4 -0.048109 0.428459 0 0 0.7478 0 -0.048109 -0.319341 0 2.611267 0.3229445 1
006 3 20 4 -0.048392 0.428176 0 0 0.7478 0 -0.048392 -0.319624 0 2.622192 0.3232666 1
006 3 20 4 -0.048672 0.427891 0 0 0.7478 0 -0.048672 -0.319909 0 2.633331 0.3235904 1
006 3 20 4 -0.04895 0.427603 0 0 0.7478 0 -0.04895 -0.320197 0 2.644348 0.323917 1
006 3 20 4 -0.049224 0.427312 0 0 0.7478 0 -0.049224 -0.320488 0 2.655457 0.3242461 1
006 3 20 4 -0.049496 0.427019 0 0 0.7478 0 -0.049496 -0.320781 0 2.666931 0.3245771 1
006 3 20 4 -0.049764 0.426722 0 0 0.7478 0 -0.049764 -0.321078 0 2.678314 0.3249116 1
006 3 20 4 -0.05003 0.426423 0 0 0.7478 0 -0.05003 -0.321377 0 2.69165 0.3252479 1
006 3 20 4 -0.050293 0.426122 0 0 0.7478 0 -0.050293 -0.321678 0 2.699402 0.3255858 1
006 3 20 4 -0.050553 0.425817 0 0 0.7478 0 -0.050553 -0.321983 0 2.710876 0.3259273 1
006 3 20 4 -0.050809 0.425511 0 0 0.7478 0 -0.050809 -0.322289 0 2.722229 0.3262694 1
006 3 20 4 -0.051063 0.425201 0 0 0.7478 0 -0.051063 -0.322599 0 2.733063 0.3266153 1
006 3 20 4 -0.051313 0.424889 0 0 0.7478 0 -0.051313 -0.322911 0 2.744202 0.3269626 1
006 3 20 4 -0.051561 0.424575 0 0 0.7478 0 -0.051561 -0.323225 0 2.755707 0.3273117 1
006 3 20 4 -0.051805 0.424258 0 0 0.7478 0 -0.051805 -0.323542 0 2.766449 0.3276632 1
006 3 20 4 -0.052046 0.423939 0 0 0.7478 0 -0.052046 -0.323861 0 2.777832 0.3280163 1
006 3 20 4 -0.052284 0.423617 0 0 0.7478 0 -0.052284 -0.324183 0 2.788605 0.3283721 1
006 3 20 4 -0.052518 0.423293 0 0 0.7478 0 -0.052518 -0.324507 0 2.800049 0.3287293 1
006 3 20 4 -0.052749 0.422967 0 0 0.7478 0 -0.052749 -0.324833 0 2.810913 0.329088 1
006 3 20 4 -0.052977 0.422638 0 0 0.7478 0 -0.052977 -0.325162 0 2.822388 0.3294494 1
006 3 20 4 -0.053202 0.422307 0 0 0.7478 0 -0.053202 -0.325493 0 2.833221 0.3298123 1
006 3 20 4 -0.053424 0.421974 0 0 0.7478 0 -0.053424 -0.325826 0 2.847961 0.3301768 1
006 3 20 4 -0.053642 0.421639 0 0 0.7478 0 -0.053642 -0.326161 0 2.855286 0.3305427 1
006 3 20 4 -0.053856 0.421301 0 0 0.7478 0 -0.053856 -0.326499 0 2.866302 0.330911 1
006 3 20 4 -0.054068 0.420962 0 0 0.7478 0 -0.054068 -0.326838 0 2.877533 0.33128 1
006 3 20 4 -0.054276 0.42062 0 0 0.7478 0 -0.054276 -0.32718 0 2.888428 0.3316514 1
006 3 20 4 -0.05448 0.420276 0 0 0.7478 0 -0.05448 -0.327524 0 2.900085 0.3320241 1
006 3 20 4 -0.054681 0.41993 0 0 0.7478 0 -0.054681 -0.32787 0 2.911011 0.3323984 1
006 3 20 4 -0.054879 0.419583 0 0 0.7478 0 -0.054879 -0.328217 0 2.922211 0.3327734 1
006 3 20 4 -0.055073 0.419233 0 0 0.7478 0 -0.055073 -0.328567 0 2.933289 0.3331506 1
006 3 20 4 -0.055263 0.418881 0 0 0.7478 0 -0.055263 -0.328919 0 2.94458 0.3335292 1
006 3 20 4 -0.05545 0.418528 0 0 0.7478 0 -0.05545 -0.329272 0 2.955261 0.3339083 1
006 3 20 4 -0.055634 0.418172 0 0 0.7478 0 -0.055634 -0.329628 0 2.966644 0.3342899 1
006 3 20 4 -0.055814 0.417815 0 0 0.7478 0 -0.055814 -0.329985 0 2.977417 0.3346719 1
006 3 20 4 -0.05599 0.417456 0 0 0.7478 0 -0.05599 -0.330344 0 2.989258 0.3350553 1
006 3 20 4 -0.056163 0.417095 0 0 0.7478 0 -0.056163 -0.330705 0 3.003357 0.3354401 1
006 3 20 4 -0.056332 0.416733 0 0 0.7478 0 -0.056332 -0.331067 0 3.010651 0.3358253 1
006 3 20 4 -0.056498 0.416369 0 0 0.7478 0 -0.056498 -0.331431 0 3.022034 0.336212 1
006 3 20 4 -0.056659 0.416003 0 0 0.7478 0 -0.056659 -0.331797 0 3.03302 0.3365999 1
006 3 20 4 -0.056818 0.415635 0 0 0.7478 0 -0.056818 -0.332165 0 3.04422 0.3369894 1
006 3 20 4 -0.056972 0.415266 0 0 0.7478 0 -0.056972 -0.332534 0 3.055695 0.3373791 1
006 3 20 4 -0.057123 0.414896 0 0 0.7478 0 -0.057123 -0.332904 0 3.066528 0.3377693 1
006 3 20 4 -0.05727 0.414524 0 0 0.7478 0 -0.05727 -0.333276 0 3.077911 0.3381608 1
006 3 20 4 -0.057413 0.414151 0 0 0.7478 0 -0.057413 -0.333649 0 3.088623 0.3385527 1
006 3 20 4 -0.057553 0.413776 0 0 0.7478 0 -0.057553 -0.334024 0 3.099915 0.338946 1
006 3 20 4 -0.057689 0.4134 0 0 0.7478 0 -0.057689 -0.3344 0 3.110962 0.3393396 1
006 3 20 4 -0.057821 0.413022 0 0 0.7478 0 -0.057821 -0.334778 0 3.122223 0.3397346 1
006 3 20 4 -0.057949 0.412643 0 0 0.7478 0 -0.057949 -0.335157 0 3.13324 0.3401298 1
006 3 20 4 -0.058074 0.412263 0 0 0.7478 0 -0.058074 -0.335537 0 3.144409 0.3405256 1
006 3 20 4 -0.058195 0.411882 0 0 0.7478 0 -0.058195 -0.335918 0 3.158447 0.3409216 1
006 3 20 4 -0.058311 0.411499 0 0 0.7478 0 -0.058311 -0.336301 0 3.166412 0.3413188 1
006 3 20 4 -0.058425 0.411115 0 0 0.7478 0 -0.058425 -0.336685 0 3.177338 0.3417166 1
006 3 20 4 -0.058534 0.410731 0 0 0.7478 0 -0.058534 -0.337069 0 3.188782 0.3421136 1
006 3 20 4 -0.058639 0.410345 0 0 0.7478 0 -0.058639 -0.337455 0 3.200043 0.3425119 1
006 3 20 4 -0.058741 0.409958 0 0 0.7478 0 -0.058741 -0.337842 0 3.210754 0.3429106 1
006 3 20 4 -0.058838 0.40957 0 0 0.7478 0 -0.058838 -0.33823 0 3.22171 0.3433095 1
006 3 20 4 -0.058932 0.409181 0 0 0.7478 0 -0.058932 -0.338619 0 3.23349 0.3437089 1
006 3 20 4 -0.059022 0.408791 0 0 0.7478 0 -0.059022 -0.339009 0 3.244446 0.3441086 1
006 3 20 4 -0.059108 0.408401 0 0 0.7478 0 -0.059108 -0.339399 0 3.255768 0.3445075 1
006 3 20 4 -0.05919 0.408009 0 0 0.7478 0 -0.05919 -0.339791 0 3.266449 0.3449078 1
006 3 20 4 -0.059268 0.407617 0 0 0.7478 0 -0.059268 -0.340183 0 3.277649 0.3453074 1
006 3 20 4 -0.059342 0.407224 0 0 0.7478 0 -0.059342 -0.340576 0 3.28894 0.3457072 1
006 3 20 4 -0.059413 0.40683 0 0 0.7478 0 -0.059413 -0.34097 0 3.299652 0.3461075 1
006 3 20 4 -0.059479 0.406436 0 0 0.7478 0 -0.059479 -0.341364 0 3.314178 0.346507 1
006 3 20 4 -0.059541 0.406041 0 0 0.7478 0 -0.059541 -0.341759 0 3.321808 0.3469068 1
006 3 20 4 -0.0596 0.405645 0 0 0.7478 0 -0.0596 -0.342155 0 3.333649 0.3473071 1
006 3 20 4 -0.059654 0.405249 0 0 0.7478 0 -0.059654 -0.342551 0 3.34436 0.3477065 1
006 3 20 4 -0.059705 0.404852 0 0 0.7478 0 -0.059705 -0.342948 0 3.355194 0.3481063 1
006 3 20 4 -0.059751 0.404454 0 0 0.7478 0 -0.059751 -0.343346 0 3.366547 0.3485063 1
006 3 20 4 -0.059794 0.404057 0 0 0.7478 0 -0.059794 -0.343743 0 3.377625 0.3489048 1
006 3 20 4 -0.059832 0.403659 0 0 0.7478 0 -0.059832 -0.344141 0 3.388977 0.3493034 1
006 3 20 4 -0.059867 0.40326 0 0 0.7478 0 -0.059867 -0.34454 0 3.400024 0.3497025 1
006 3 20 4 -0.059898 0.402861 0 0 0.7478 0 -0.059898 -0.344939 0 3.410736 0.350101 1
006 3 20 4 -0.059924 0.402462 0 0 0.7478 0 -0.059924 -0.345338 0 3.422058 0.3504985 1
006 3 20 4 -0.059947 0.402063 0 0 0.7478 0 -0.059947 -0.345737 0 3.433228 0.3508956 1
006 3 20 4 -0.059965 0.401663 0 0 0.7478 0 -0.059965 -0.346137 0 3.444366 0.3512928 1
006 3 20 4 -0.05998 0.401263 0 0 0.7478 0 -0.05998 -0.346537 0 3.455292 0.3516895 1
006 3 20 4 -0.059991 0.400864 0 0 0.7478 0 -0.059991 -0.346936 0 3.469879 0.3520845 1
006 3 20 4 -0.059997 0.400464 0 0 0.7478 0 -0.059997 -0.347336 0 3.477539 0.3524797 1
006 3 20 4 -0.06 0.400064 0 0 0.7478 0 -0.06 -0.347736 0 3.488922 0.3528744 1
006 3 20 4 -0.059999 0.399664 0 0 0.7478 0 -0.059999 -0.348136 0 3.500031 0.3532684 1
006 3 20 4 -0.059993 0.399264 0 0 0.7478 0 -0.059993 -0.348536 0 3.510925 0.3536615 1
006 3 20 4 -0.059984 0.398864 0 0 0.7478 0 -0.059984 -0.348936 0 3.522491 0.3540542 1
006 3 20 4 -0.059971 0.398464 0 0 0.7478 0 -0.059971 -0.349336 0 3.533356 0.3544463 1
006 3 20 4 -0.059953 0.398064 0 0 0.7478 0 -0.059953 -0.349736 0 3.544312 0.3548374 1
006 3 20 4 -0.059932 0.397665 0 0 0.7478 0 -0.059932 -0.350135 0 3.555603 0.3552272 1
006 3 20 4 -0.059906 0.397266 0 0 0.7478 0 -0.059906 -0.350534 0 3.566772 0.3556161 1
006 3 20 4 -0.059877 0.396867 0 0 0.7478 0 -0.059877 -0.350933 0 3.577698 0.3560045 1
006 3 20 4 -0.059844 0.396468 0 0 0.7478 0 -0.059844 -0.351332 0 3.588593 0.3563923 1
006 3 20 4 -0.059806 0.39607 0 0 0.7478 0 -0.059806 -0.35173 0 3.600037 0.3567783 1
006 3 20 4 -0.059765 0.395672 0 0 0.7478 0 -0.059765 -0.352128 0 3.611084 0.3571638 1
006 3 20 4 -0.05972 0.395275 0 0 0.7478 0 -0.05972 -0.352525 0 3.62561 0.3575477 1
006 3 20 4 -0.059671 0.394878 0 0 0.7478 0 -0.059671 -0.352922 0 3.632843 0.357931 1
006 3 20 4 -0.059617 0.394481 0 0 0.7478 0 -0.059617 -0.353319 0 3.644348 0.3583134 1
006 3 20 4 -0.05956 0.394085 0 0 0.7478 0 -0.05956 -0.353715 0 3.655487 0.3586944 1
006 3 20 4 -0.059499 0.39369 0 0 0.7478 0 -0.059499 -0.35411 0 3.666626 0.3590738 1
006 3 20 4 -0.059434 0.393296 0 0 0.7478 0 -0.059434 -0.354504 0 3.677399 0.3594517 1
006 3 20 4 -0.059365 0.392902 0 0 0.7478 0 -0.059365 -0.354898 0 3.688995 0.3598288 1
006 3 20 4 -0.059292 0.392508 0 0 0.7478 0 -0.059292 -0.355292 0 3.700378 0.3602054 1
006 3 20 4 -0.059215 0.392116 0 0 0.7478 0 -0.059215 -0.355684 0 3.711029 0.3605794 1
006 3 20 4 -0.059134 0.391724 0 0 0.7478 0 -0.059134 -0.356076 0 3.721924 0.3609528 1
006 3 20 4 -0.05905 0.391333 0 0 0.7478 0 -0.05905 -0.356467 0 3.733002 0.3613248 1
006 3 20 4 -0.058961 0.390943 0 0 0.7478 0 -0.058961 -0.356857 0 3.74411 0.3616951 1
006 3 20 4 -0.058869 0.390554 0 0 0.7478 0 -0.058869 -0.357246 0 3.755798 0.3620639 1
006 3 20 4 -0.058772 0.390166 0 0 0.7478 0 -0.058772 -0.357634 0 3.766815 0.362431 1
006 3 20 4 -0.058672 0.389778 0 0 0.7478 0 -0.058672 -0.358022 0 3.780823 0.3627976 1
006 3 20 4 -0.058568 0.389392 0 0 0.7478 0 -0.058568 -0.358408 0 3.788605 0.3631618 1
006 3 20 4 -0.05846 0.389007 0 0 0.7478 0 -0.05846 -0.358793 0 3.800079 0.3635244 1
006 3 20 4 -0.058348 0.388623 0 0 0.7478 0 -0.058348 -0.359177 0 3.810852 0.3638854 1
006 3 20 4 -0.058232 0.38824 0 0 0.7478 0 -0.058232 -0.35956 0 3.822266 0.3642449 1
006 3 20 4 -0.058113 0.387858 0 0 0.7478 0 -0.058113 -0.359942 0 3.833344 0.364603 1
006 3 20 4 -0.057989 0.387478 0 0 0.7478 0 -0.057989 -0.360322 0 3.844299 0.3649584 1
006 3 20 4 -0.057862 0.387099 0 0 0.7478 0 -0.057862 -0.360701 0 3.855469 0.3653125 1
006 3 20 4 -0.057731 0.386721 0 0 0.7478 0 -0.057731 -0.361079 0 3.866577 0.365665 1
006 3 20 4 -0.057597 0.386344 0 0 0.7478 0 -0.057597 -0.361456 0 3.877533 0.3660161 1
006 3 20 4 -0.057458 0.385969 0 0 0.7478 0 -0.057458 -0.361831 0 3.888641 0.3663647 1
006 3 20 4 -0.057316 0.385595 0 0 0.7478 0 -0.057316 -0.362205 0 3.899963 0.3667119 1
006 3 20 4 -0.05717 0.385222 0 0 0.7478 0 -0.05717 -0.362578 0 3.91098 0.3670575 1
006 3 20 4 -0.057021 0.384851 0 0 0.7478 0 -0.057021 -0.362949 0 3.922699 0.3674008 1
006 3 20 4 -0.056867 0.384482 0 0 0.7478 0 -0.056867 -0.363318 0 3.936554 0.3677415 1
006 3 20 4 -0.05671 0.384114 0 0 0.7478 0 -0.05671 -0.363686 0 3.943848 0.3680809 1
006 3 20 4 -0.056549 0.383748 0 0 0.7478 0 -0.056549 -0.364052 0 3.955261 0.3684178 1
006 3 20 4 -0.056385 0.383383 0 0 0.7478 0 -0.056385 -0.364417 0 3.966553 0.3687533 1
006 3 20 4 -0.056217 0.38302 0 0 0.7478 0 -0.056217 -0.36478 0 3.978149 0.3690864 1
006 3 20 4 -0.056046 0.382659 0 0 0.7478 0 -0.056046 -0.365141 0 3.988953 0.3694172 1
006 3 20 4 -0.05587 0.382299 0 0 0.7478 0 -0.05587 -0.365501 0 3.999695 0.3697464 1
006 3 20 4 -0.055692 0.381941 0 0 0.7478 0 -0.055692 -0.365859 0 4.011169 0.3700735 1
006 3 20 4 -0.055509 0.381585 0 0 0.7478 0 -0.055509 -0.366215 0 4.022095 0.370398 1
006 3 20 4 -0.055323 0.381231 0 0 0.7478 0 -0.055323 -0.366569 0 4.033081 0.3707202 1
006 3 20 4 -0.055134 0.380879 0 0 0.7478 0 -0.055134 -0.366921 0 4.044373 0.3710401 1
006 3 20 4 -0.054941 0.380529 0 0 0.7478 0 -0.054941 -0.367271 0 4.055664 0.3713576 1
006 3 20 4 -0.054744 0.38018 0 0 0.7478 0 -0.054744 -0.36762 0 4.066772 0.3716737 1
006 3 20 4 -0.054544 0.379834 0 0 0.7478 0 -0.054544 -0.367966 0 4.07785 0.3719866 1
006 3 20 4 -0.054341 0.379489 0 0 0.7478 0 -0.054341 -0.368311 0 4.092255 0.3722982 1
006 3 20 4 -0.054134 0.379147 0 0 0.7478 0 -0.054134 -0.368653 0 4.099701 0.3726064 1
006 3 20 4 -0.053924 0.378807 0 0 0.7478 0 -0.053924 -0.368993 0 4.11087 0.3729123 1
006 3 20 4 -0.05371 0.378468 0 0 0.7478 0 -0.05371 -0.369332 0 4.122192 0.3732169 1
006 3 20 4 -0.053493 0.378132 0 0 0.7478 0 -0.053493 -0.369668 0 4.133148 0.3735183 1
006 3 20 4 -0.053273 0.377799 0 0 0.7478 0 -0.053273 -0.370001 0 4.144287 0.3738165 1
006 3 20 4 -0.053049 0.377467 0 0 0.7478 0 -0.053049 -0.370333 0 4.155151 0.3741132 1
006 3 20 4 -0.052822 0.377138 0 0 0.7478 0 -0.052822 -0.370662 0 4.166809 0.3744068 1
006 3 20 4 -0.052592 0.37681 0 0 0.7478 0 -0.052592 -0.37099 0 4.177612 0.3746992 1
006 3 20 4 -0.052359 0.376486 0 0 0.7478 0 -0.052359 -0.371314 0 4.189117 0.3749874 1
006 3 20 4 -0.052122 0.376163 0 0 0.7478 0 -0.052122 -0.371637 0 4.200195 0.3752742 1
006 3 20 4 -0.051882 0.375843 0 0 0.7478 0 -0.051882 -0.371957 0 4.211151 0.3755579 1
006 3 20 4 -0.051639 0.375526 0 0 0.7478 0 -0.051639 -0.372274 0 4.222168 0.3758384 1
006 3 20 4 -0.051392 0.375211 0 0 0.7478 0 -0.051392 -0.372589 0 4.23349 0.3761166 1
006 3 20 4 -0.051143 0.374898 0 0 0.7478 0 -0.051143 -0.372902 0 4.247681 0.3763928 1
006 3 20 4 -0.05089 0.374588 0 0 0.7478 0 -0.05089 -0.373212 0 4.255463 0.3766656 1
006 3 20 4 -0.050635 0.37428 0 0 0.7478 0 -0.050635 -0.37352 0 4.266907 0.3769364 1
006 3 20 4 -0.050376 0.373975 0 0 0.7478 0 -0.050376 -0.373825 0 4.277557 0.377204 1
006 3 20 4 -0.050114 0.373673 0 0 0.7478 0 -0.050114 -0.374127 0 4.288635 0.3774684 1
006 3 20 4 -0.049849 0.373373 0 0 0.7478 0 -0.049849 -0.374427 0 4.300171 0.3777307 1
006 3 20 4 -0.049582 0.373076 0 0 0.7478 0 -0.049582 -0.374724 0 4.311066 0.37799 1
006 3 20 4 -0.049311 0.372781 0 0 0.7478 0 -0.049311 -0.375019 0 4.32254 0.378247 1
006 3 20 4 -0.049037 0.372489 0 0 0.7478 0 -0.049037 -0.375311 0 4.333374 0.3785009 1
006 3 20 4 -0.048761 0.3722 0 0 0.7478 0 -0.048761 -0.3756 0 4.344696 0.3787519 1
006 3 20 4 -0.048481 0.371914 0 0 0.7478 0 -0.048481 -0.375886 0 4.355469 0.3789996 1
006 3 20 4 -0.048199 0.371631 0 0 0.7478 0 -0.048199 -0.376169 0 4.366943 0.3792443 1
006 3 20 4 -0.047914 0.37135 0 0 0.7478 0 -0.047914 -0.37645 0 4.377838 0.3794869 1
006 3 20 4 -0.047626 0.371072 0 0 0.7478 0 -0.047626 -0.376728 0 4.388885 0.3797265 1
006 3 20 4 -0.047335 0.370798 0 0 0.7478 0 -0.047335 -0.377002 0 4.403412 0.379962 1
006 3 20 4 -0.047042 0.370526 0 0 0.7478 0 -0.047042 -0.377274 0 4.410767 0.3801955 1
006 3 20 4 -0.046746 0.370257 0 0 0.7478 0 -0.046746 -0.377543 0 4.422394 0.3804259 1
006 3 20 4 -0.046447 0.369991 0 0 0.7478 0 -0.046447 -0.377809 0 4.433411 0.3806533 1
006 3 20 4 -0.046146 0.369728 0 0 0.7478 0 -0.046146 -0.378072 0 4.444183 0.3808778 1
006 3 20 4 -0.045842 0.369468 0 0 0.7478 0 -0.045842 -0.378332 0 4.455292 0.3810992 1
006 3 20 4 -0.045535 0.369211 0 0 0.7478 0 -0.045535 -0.378589 0 4.46698 0.3813175 1
006 3 20 4 -0.045226 0.368957 0 0 0.7478 0 -0.045226 -0.378843 0 4.477661 0.3815329 1
006 3 20 4 -0.044914 0.368707 0 0 0.7478 0 -0.044914 -0.379093 0 4.488953 0.3817444 1
006 3 20 4 -0.0446 0.368459 0 0 0.7478 0 -0.0446 -0.379341 0 4.500671 0.3819538 1
006 3 20 4 -0.044283 0.368215 0 0 0.7478 0 -0.044283 -0.379585 0 4.5112 0.3821594 1
006 3 20 4 -0.043964 0.367973 0 0 0.7478 0 -0.043964 -0.379827 0 4.522217 0.3823629 1
006 3 20 4 -0.043643 0.367735 0 0 0.7478 0 -0.043643 -0.380065 0 4.533478 0.3825625 1
006 3 20 4 -0.043319 0.3675 0 0 0.7478 0 -0.043319 -0.3803 0 4.544434 0.3827592 1
006 3 20 4 -0.042993 0.367269 0 0 0.7478 0 -0.042993 -0.380531 0 4.558655 0.382952 1
006 3 20 4 -0.042665 0.367041 0 0 0.7478 0 -0.042665 -0.380759 0 4.566132 0.3831419 1
006 3 20 4 -0.042334 0.366816 0 0 0.7478 0 -0.042334 -0.380984 0 4.577942 0.3833288 1
006 3 20 4 -0.042001 0.366594 0 0 0.7478 0 -0.042001 -0.381206 0 4.589264 0.3835128 1
006 3 20 4 -0.041666 0.366376 0 0 0.7478 0 -0.041666 -0.381424 0 4.600098 0.383693 1
006 3 20 4 -0.041328 0.366161 0 0 0.7478 0 -0.041328 -0.381639 0 4.61142 0.3838702 1
006 3 20 4 -0.040989 0.365949 0 0 0.7478 0 -0.040989 -0.381851 0 4.622314 0.3840446 1
006 3 20 4 -0.040647 0.365741 0 0 0.7478 0 -0.040647 -0.382059 0 4.63327 0.3842151 1
006 3 20 4 -0.040304 0.365536 0 0 0.7478 0 -0.040304 -0.382264 0 4.644379 0.3843828 1
006 3 20 4 -0.039958 0.365335 0 0 0.7478 0 -0.039958 -0.382465 0 4.656036 0.3845466 1
006 3 20 4 -0.03961 0.365137 0 0 0.7478 0 -0.03961 -0.382663 0 4.666656 0.3847076 1
006 3 20 4 -0.039261 0.364943 0 0 0.7478 0 -0.039261 -0.382857 0 4.678162 0.3848648 1
006 3 20 4 -0.038909 0.364752 0 0 0.7478 0 -0.038909 -0.383048 0 4.689209 0.3850191 1
006 3 20 4 -0.038556 0.364564 0 0 0.7478 0 -0.038556 -0.383236 0 4.700592 0.3851706 1
006 3 20 4 -0.038201 0.364381 0 0 0.7478 0 -0.038201 -0.383419 0 4.714386 0.3853173 1
006 3 20 4 -0.037843 0.3642 0 0 0.7478 0 -0.037843 -0.3836 0 4.722076 0.3854621 1
006 3 20 4 -0.037485 0.364024 0 0 0.7478 0 -0.037485 -0.383776 0 4.733185 0.3856023 1
006 3 20 4 -0.037124 0.363851 0 0 0.7478 0 -0.037124 -0.383949 0 4.744263 0.3857396 1
006 3 20 4 -0.036762 0.363681 0 0 0.7478 0 -0.036762 -0.384119 0 4.755829 0.3858741 1
006 3 20 4 -0.036398 0.363516 0 0 0.7478 0 -0.036398 -0.384284 0 4.766632 0.3860039 1
006 3 20 4 -0.036032 0.363353 0 0 0.7478 0 -0.036032 -0.384447 0 4.777527 0.3861318 1
006 3 20 4 -0.035665 0.363195 0 0 0.7478 0 -0.035665 -0.384605 0 4.788666 0.3862551 1
006 3 20 4 -0.035296 0.36304 0 0 0.7478 0 -0.035296 -0.38476 0 4.799866 0.3863755 1
006 3 20 4 -0.034926 0.362889 0 0 0.7478 0 -0.034926 -0.384911 0 4.811096 0.3864923 1
006 3 20 4 -0.034554 0.362742 0 0 0.7478 0 -0.034554 -0.385058 0 4.822205 0.3866053 1
006 3 20 4 -0.03418 0.362598 0 0 0.7478 0 -0.03418 -0.385202 0 4.833557 0.3867154 1
006 3 20 4 -0.033806 0.362458 0 0 0.7478 0 -0.033806 -0.385342 0 4.844818 0.3868221 1
006 3 20 4 -0.03343 0.362322 0 0 0.7478 0 -0.03343 -0.385478 0 4.856079 0.3869249 1
006 3 20 4 -0.033052 0.362189 0 0 0.7478 0 -0.033052 -0.385611 0 4.870148 0.3870249 1
006 3 20 4 -0.032673 0.362061 0 0 0.7478 0 -0.032673 -0.385739 0 4.877472 0.3871202 1
006 3 20 4 -0.032293 0.361936 0 0 0.7478 0 -0.032293 -0.385864 0 4.88855 0.3872129 1
006 3 20 4 -0.031912 0.361815 0 0 0.7478 0 -0.031912 -0.385985 0 4.900116 0.387302 1
006 3 20 4 -0.03153 0.361698 0 0 0.7478 0 -0.03153 -0.386102 0 4.911163 0.3873873 1
006 3 20 4 -0.031146 0.361584 0 0 0.7478 0 -0.031146 -0.386216 0 4.922028 0.3874698 1
006 3 20 4 -0.030761 0.361475 0 0 0.7478 0 -0.030761 -0.386325 0 4.933441 0.3875477 1
006 3 20 4 -0.030376 0.361369 0 0 0.7478 0 -0.030376 -0.386431 0 4.944153 0.387623 1
006 3 20 4 -0.029989 0.361267 0 0 0.7478 0 -0.029989 -0.386533 0 4.955963 0.3876946 1
006 3 20 4 -0.029601 0.361169 0 0 0.7478 0 -0.029601 -0.386631 0 4.966888 0.3877625 1
006 3 20 4 -0.029212 0.361075 0 0 0.7478 0 -0.029212 -0.386725 0 4.977631 0.3878267 1
006 3 20 4 -0.028822 0.360985 0 0 0.7478 0 -0.028822 -0.386815 0 4.988983 0.3878873 1
006 3 20 4 -0.028432 0.360899 0 0 0.7478 0 -0.028432 -0.386901 0 4.999939 0.3879443 1
006 3 20 4 -0.02804 0.360816 0 0 0.7478 0 -0.02804 -0.386984 0 5.011658 0.3879985 1
006 3 20 4 -0.027648 0.360738 0 0 0.7478 0 -0.027648 -0.387062 0 5.025665 0.3880482 1
006 3 20 4 -0.027255 0.360663 0 0 0.7478 0 -0.027255 -0.387137 0 5.032959 0.3880952 1
006 3 20 4 -0.026861 0.360593 0 0 0.7478 0 -0.026861 -0.387207 0 5.044434 0.3881375 1
006 3 20 4 -0.026467 0.360526 0 0 0.7478 0 -0.026467 -0.387274 0 5.055908 0.3881773 1
006 3 20 4 -0.026072 0.360464 0 0 0.7478 0 -0.026072 -0.387336 0 5.067108 0.3882125 1
006 3 20 4 -0.025676 0.360405 0 0 0.7478 0 -0.025676 -0.387395 0 5.077667 0.388245 1
006 3 20 4 -0.02528 0.36035 0 0 0.7478 0 -0.02528 -0.38745 0 5.088745 0.3882738 1
006 3 20 4 -0.024883 0.360299 0 0 0.7478 0 -0.024883 -0.387501 0 5.100189 0.3882991 1
006 3 20 4 -0.024486 0.360252 0 0 0.7478 0 -0.024486 -0.387548 0 5.111267 0.3883208 1
006 3 20 4 -0.024088 0.360209 0 0 0.7478 0 -0.024088 -0.387591 0 5.122528 0.3883388 1
006 3 20 4 -0.02369 0.360171 0 0 0.7478 0 -0.02369 -0.387629 0 5.133392 0.3883522 1
006 3 20 4 -0.023292 0.360136 0 0 0.7478 0 -0.023292 -0.387664 0 5.144501 0.3883631 1
006 3 20 4 -0.022893 0.360105 0 0 0.7478 0 -0.022893 -0.387695 0 5.155823 0.3883703 1
006 3 20 4 -0.022494 0.360078 0 0 0.7478 0 -0.022494 -0.387722 0 5.167358 0.3883739 1
006 3 20 4 -0.022095 0.360055 0 0 0.7478 0 -0.022095 -0.387745 0 5.181152 0.388374 1
006 3 20 4 -0.021695 0.360036 0 0 0.7478 0 -0.021695 -0.387764 0 5.188354 0.3883704 1
006 3 20 4 -0.021295 0.360021 0 0 0.7478 0 -0.021295 -0.387779 0 5.200378 0.3883633 1
006 3 20 4 -0.020895 0.36001 0 0 0.7478 0 -0.020895 -0.38779 0 5.211487 0.3883525 1
006 3 20 4 -0.020496 0.360003 0 0 0.7478 0 -0.020496 -0.387797 0 5.222107 0.3883382 1
006 3 20 4 -0.020096 0.36 0 0 0.7478 0 -0.020096 -0.3878 0 5.233307 0.3883203 1
006 3 20 4 -0.019696 0.360001 0 0 0.7478 0 -0.019696 -0.387799 0 5.244507 0.3882988 1
006 3 20 4 -0.019296 0.360006 0 0 0.7478 0 -0.019296 -0.387794 0 5.255554 0.3882737 1
006 3 20 4 -0.018896 0.360015 0 0 0.7478 0 -0.018896 -0.387785 0 5.266724 0.3882451 1
006 3 20 4 -0.018496 0.360028 0 0 0.7478 0 -0.018496 -0.387772 0 5.277618 0.3882129 1
006 3 20 4 -0.018096 0.360045 0 0 0.7478 0 -0.018096 -0.387755 0 5.288849 0.388177 1
006 3 20 4 -0.017697 0.360066 0 0 0.7478 0 -0.017697 -0.387734 0 5.299866 0.3881376 1
006 3 20 4 -0.017298 0.360091 0 0 0.7478 0 -0.017298 -0.387709 0 5.311523 0.3880947 1
006 3 20 4 -0.016899 0.36012 0 0 0.7478 0 -0.016899 -0.38768 0 5.32254 0.3880481 1
006 3 20 4 -0.0165 0.360153 0 0 0.7478 0 -0.0165 -0.387647 0 5.336639 0.387998 1
006 3 20 4 -0.016102 0.36019 0 0 0.7478 0 -0.016102 -0.38761 0 5.344452 0.3879443 1
006 3 20 4 -0.015704 0.360231 0 0 0.7478 0 -0.015704 -0.387569 0 5.355408 0.387887 1
006 3 20 4 -0.015306 0.360276 0 0 0.7478 0 -0.015306 -0.387524 0 5.366699 0.3878261 1
006 3 20 4 -0.014909 0.360325 0 0 0.7478 0 -0.014909 -0.387475 0 5.377899 0.3877617 1
006 3 20 4 -0.014513 0.360378 0 0 0.7478 0 -0.014513 -0.387422 0 5.390167 0.3876937 1
006 3 20 4 -0.014117 0.360435 0 0 0.7478 0 -0.014117 -0.387365 0 5.400299 0.3876221 1
006 3 20 4 -0.013722 0.360496 0 0 0.7478 0 -0.013722 -0.387304 0 5.411194 0.387547 1
006 3 20 4 -0.013327 0.360561 0 0 0.7478 0 -0.013327 -0.387239 0 5.422638 0.3874682 1
006 3 20 4 -0.012933 0.360629 0 0 0.7478 0 -0.012933 -0.387171 0 5.43335 0.3873869 1
006 3 20 4 -0.01254 0.360702 0 0 0.7478 0 -0.01254 -0.387098 0 5.444794 0.3873011 1
006 3 20 4 -0.012147 0.360778 0 0 0.7478 0 -0.012147 -0.387022 0 5.455444 0.3872126 1
006 3 20 4 -0.011755 0.360859 0 0 0.7478 0 -0.011755 -0.386941 0 5.466705 0.3871195 1
006 3 20 4 -0.011364 0.360943 0 0 0.7478 0 -0.011364 -0.386857 0 5.478271 0.3870238 1
006 3 20 4 -0.010974 0.361032 0 0 0.7478 0 -0.010974 -0.386768 0 5.492218 0.3869236 1
006 3 20 4 -0.010585 0.361124 0 0 0.7478 0 -0.010585 -0.386676 0 5.499573 0.3868208 1
006 3 20 4 -0.010196 0.36122 0 0 0.7478 0 -0.010196 -0.38658 0 5.511322 0.3867144 1
006 3 20 4 -0.009809 0.36132 0 0 0.7478 0 -0.009809 -0.38648 0 5.522308 0.3866044 1
006 3 20 4 -0.009423 0.361424 0 0 0.7478 0 -0.009423 -0.386376 0 5.533661 0.3864909 1
006 3 20 4 -0.009038 0.361531 0 0 0.7478 0 -0.009038 -0.386269 0 5.54422 0.3863747 1
006 3 20 4 -0.008654 0.361643 0 0 0.7478 0 -0.008654 -0.386157 0 5.555359 0.3862539 1
006 3 20 4 -0.008271 0.361758 0 0 0.7478 0 -0.008271 -0.386042 0 5.566833 0.3861306 1
006 3 20 4 -0.007889 0.361878 0 0 0.7478 0 -0.007889 -0.385922 0 5.578644 0.3860026 1
006 3 20 4 -0.007508 0.362001 0 0 0.7478 0 -0.007508 -0.385799 0 5.588684 0.385872 1
006 3 20 4 -0.007129 0.362127 0 0 0.7478 0 -0.007129 -0.385673 0 5.600281 0.3857389 1
006 3 20 4 -0.006751 0.362258 0 0 0.7478 0 -0.006751 -0.385542 0 5.611786 0.3856011 1
006 3 20 4 -0.006374 0.362392 0 0 0.7478 0 -0.006374 -0.385408 0 5.622314 0.3854607 1
006 3 20 4 -0.005999 0.362531 0 0 0.7478 0 -0.005999 -0.385269 0 5.633392 0.3853157 1
006 3 20 4 -0.005625 0.362672 0 0 0.7478 0 -0.005625 -0.385128 0 5.647705 0.3851691 1
006 3 20 4 -0.005252 0.362818 0 0 0.7478 0 -0.005252 -0.384982 0 5.655426 0.3850178 1
006 3 20 4 -0.004881 0.362967 0 0 0.7478 0 -0.004881 -0.384833 0 5.667267 0.3848639 1
006 3 20 4 -0.004511 0.36312 0 0 0.7478 0 -0.004511 -0.38468 0 5.677582 0.3847064 1
006 3 20 4 -0.004143 0.363277 0 0 0.7478 0 -0.004143 -0.384523 0 5.688873 0.3845453 1
006 3 20 4 -0.003777 0.363438 0 0 0.7478 0 -0.003777 -0.384362 0 5.700226 0.3843805 1
006 3 20 4 -0.003412 0.363602 0 0 0.7478 0 -0.003412 -0.384198 0 5.711212 0.3842131 1
006 3 20 4 -0.003049 0.363769 0 0 0.7478 0 -0.003049 -0.384031 0 5.722107 0.3840431 1
006 3 20 4 -0.002687 0.363941 0 0 0.7478 0 -0.002687 -0.383859 0 5.733276 0.3838684 1
006 3 20 4 -0.002328 0.364116 0 0 0.7478 0 -0.002328 -0.383684 0 5.745056 0.383691 1
006 3 20 4 -0.00197 0.364294 0 0 0.7478 0 -0.00197 -0.383506 0 5.755768 0.3835111 1
006 3 20 4 -0.001614 0.364476 0 0 0.7478 0 -0.001614 -0.383324 0 5.766937 0.3833274 1
006 3 20 4 -0.001259 0.364662 0 0 0.7478 0 -0.001259 -0.383138 0 5.778198 0.3831401 1
006 3 20 4 -0.000907 0.364851 0 0 0.7478 0 -0.000907 -0.382949 0 5.789215 0.3829501 1
006 3 20 4 -0.000556 0.365044 0 0 0.7478 0 -0.000556 -0.382756 0 5.80368 0.3827564 1
006 3 20 4 -0.000208 0.36524 0 0 0.7478 0 -0.000208 -0.38256 0 5.810974 0.38256 1
006 3 20 4 0.000139 0.36544 0 0 0.7478 0 0.000139 -0.38236 0 5.822144 0.38236 1
006 3 20 4 0.000483 0.365643 0 0 0.7478 0 0.000483 -0.382157 0 5.833618 0.3821573 1
006 3 20 4 0.000826 0.365849 0 0 0.7478 0 0.000826 -0.381951 0 5.844604 0.3819519 1
006 3 20 4 0.001166 0.366059 0 0 0.7478 0 0.001166 -0.381741 0 5.855621 0.3817428 1
006 3 20 4 0.001505 0.366272 0 0 0.7478 0 0.001505 -0.381528 0 5.86676 0.3815309 1
006 3 20 4 0.001841 0.366489 0 0 0.7478 0 0.001841 -0.381311 0 5.877869 0.3813154 1
006 3 20 4 0.002175 0.366709 0 0 0.7478 0 0.002175 -0.381091 0 5.889191 0.3810972 1
006 3 20 4 0.002507 0.366933 0 0 0.7478 0 0.002507 -0.380867 0 5.900482 0.3808752 1
006 3 20 4 0.002836 0.367159 0 0 0.7478 0 0.002836 -0.380641 0 5.911224 0.3806515 1
006 3 20 4 0.003164 0.367389 0 0 0.7478 0 0.003164 -0.380411 0 5.922485 0.3804241 1
006 3 20 4 0.003489 0.367623 0 0 0.7478 0 0.003489 -0.380177 0 5.933258 0.380193 1
006 3 20 4 0.003811 0.367859 0 0 0.7478 0 0.003811 -0.379941 0 5.944763 0.3799601 1
006 3 20 4 0.004131 0.368099 0 0 0.7478 0 0.004131 -0.379701 0 5.958923 0.3797235 1
006 3 20 4 0.004449 0.368342 0 0 0.7478 0 0.004449 -0.379458 0 5.966614 0.3794841 1
006 3 20 4 0.004764 0.368588 0 0 0.7478 0 0.004764 -0.379212 0 5.977814 0.3792419 1
006 3 20 4 0.005077 0.368837 0 0 0.7478 0 0.005077 -0.378963 0 5.988922 0.378997 1
006 3 20 4 0.005388 0.369089 0 0 0.7478 0 0.005388 -0.378711 0 6.000183 0.3787493 1
006 3 20 4 0.005696 0.369345 0 0 0.7478 0 0.005696 -0.378455 0 6.011658 0.3784978 1
006 3 20 4 0.006001 0.369603 0 0 0.7478 0 0.006001 -0.378197 0 6.022369 0.3782446 1
006 3 20 4 0.006303 0.369865 0 0 0.7478 0 0.006303 -0.377935 0 6.033325 0.3779875 1
006 3 20 4 0.006604 0.370129 0 0 0.7478 0 0.006604 -0.377671 0 6.045044 0.3777287 1
006 3 20 4 0.006901 0.370397 0 0 0.7478 0 0.006901 -0.377403 0 6.055542 0.3774661 1
006 3 20 4 0.007196 0.370667 0 0 0.7478 0 0.007196 -0.377133 0 6.0672 0.3772016 1
006 3 20 4 0.007488 0.370941 0 0 0.7478 0 0.007488 -0.376859 0 6.077698 0.3769334 1
006 3 20 4 0.007777 0.371217 0 0 0.7478 0 0.007777 -0.376583 0 6.088867 0.3766633 1
006 3 20 4 0.008063 0.371496 0 0 0.7478 0 0.008063 -0.376304 0 6.100525 0.3763903 1
006 3 20 4 0.008347 0.371778 0 0 0.7478 0 0.008347 -0.376022 0 6.114899 0.3761146 1
006 3 20 4 0.008628 0.372063 0 0 0.7478 0 0.008628 -0.375737 0 6.122223 0.375836 1
006 3 20 4 0.008906 0.372351 0 0 0.7478 0 0.008906 -0.375449 0 6.133484 0.3755546 1
006 3 20 4 0.009181 0.372641 0 0 0.7478 0 0.009181 -0.375159 0 6.144592 0.3752713 1
006 3 20 4 0.009453 0.372935 0 0 0.7478 0 0.009453 -0.374865 0 6.155579 0.3749842 1
006 3 20 4 0.009722 0.37323 0 0 0.7478 0 0.009722 -0.37457 0 6.167023 0.3746961 1
006 3 20 4 0.009988 0.373529 0 0 0.7478 0 0.009988 -0.374271 0 6.178131 0.3744042 1
006 3 20 4 0.010251 0.37383 0 0 0.7478 0 0.010251 -0.37397 0 6.189362 0.3741104 1
006 3 20 4 0.010511 0.374134 0 0 0.7478 0 0.010511 -0.373666 0 6.200317 0.3738138 1
006 3 20 4 0.010769 0.37444 0 0 0.7478 0 0.010769 -0.37336 0 6.211334 0.3735152 1
006 3 20 4 0.011023 0.374749 0 0 0.7478 0 0.011023 -0.373051 0 6.222198 0.3732138 1
006 3 20 4 0.011274 0.375061 0 0 0.7478 0 0.011274 -0.372739 0 6.233856 0.3729094 1
006 3 20 4 0.011521 0.375375 0 0 0.7478 0 0.011521 -0.372425 0 6.244812 0.3726031 1
006 3 20 4 0.011766 0.375691 0 0 0.7478 0 0.011766 -0.372109 0 6.256073 0.372295 1
006 3 20 4 0.012008 0.37601 0 0 0.7478 0 0.012008 -0.37179 0 6.270477 0.3719839 1
006 3 20 4 0.012246 0.376331 0 0 0.7478 0 0.012246 -0.371469 0 6.27713 0.3716708 1
006 3 20 4 0.012481 0.376655 0 0 0.7478 0 0.012481 -0.371145 0 6.289337 0.3713548 1
006 3 20 4 0.012713 0.376981 0 0 0.7478 0 0.012713 -0.370819 0 6.300293 0.3710368 1
006 3 20 4 0.012941 0.377309 0 0 0.7478 0 0.012941 -0.370491 0 6.311432 0.370717 1
006 3 20 4 0.013167 0.37764 0 0 0.7478 0 0.013167 -0.37016 0 6.322296 0.3703941 1
006 3 20 4 0.013389 0.377973 0 0 0.7478 0 0.013389 -0.369827 0 6.333771 0.3700693 1
006 3 20 4 0.013607 0.378308 0 0 0.7478 0 0.013607 -0.369492 0 6.344666 0.3697425 1
006 3 20 4 0.013822 0.378645 0 0 0.7478 0 0.013822 -0.369155 0 6.355713 0.3694137 1
006 3 20 4 0.014034 0.378984 0 0 0.7478 0 0.014034 -0.368816 0 6.367188 0.3690829 1
006 3 20 4 0.014243 0.379325 0 0 0.7478 0 0.014243 -0.368475 0 6.378052 0.3687502 1
006 3 20 4 0.014448 0.379669 0 0 0.7478 0 0.014448 -0.368131 0 6.388947 0.3684144 1
006 3 20 4 0.014649 0.380014 0 0 0.7478 0 0.014649 -0.367786 0 6.400452 0.3680776 1
006 3 20 4 0.014847 0.380362 0 0 0.7478 0 0.014847 -0.367438 0 6.41156 0.3677378 1
006 3 20 4 0.015042 0.380711 0 0 0.7478 0 0.015042 -0.367089 0 6.425629 0.367397 1
006 3 20 4 0.015233 0.381063 0 0 0.7478 0 0.015233 -0.366737 0 6.433105 0.3670532 1
006 3 20 4 0.015421 0.381416 0 0 0.7478 0 0.015421 -0.366384 0 6.444244 0.3667084 1
006 3 20 4 0.015605 0.381771 0 0 0.7478 0 0.015605 -0.366029 0 6.455566 0.3663615 1
006 3 20 4 0.015785 0.382128 0 0 0.7478 0 0.015785 -0.365672 0 6.466888 0.3660125 1
006 3 20 4 0.015962 0.382487 0 0 0.7478 0 0.015962 -0.365313 0 6.478271 0.3656616 1
006 3 20 4 0.016136 0.382847 0 0 0.7478 0 0.016136 -0.364953 0 6.488922 0.3653095 1
006 3 20 4 0.016305 0.383209 0 0 0.7478 0 0.016305 -0.364591 0 6.500275 0.3649554 1
006 3 20 4 0.016471 0.383573 0 0 0.7478 0 0.016471 -0.364227 0 6.51178 0.3645992 1
006 3 20 4 0.016634 0.383939 0 0 0.7478 0 0.016634 -0.363861 0 6.522247 0.364241 1
006 3 20 4 0.016793 0.384306 0 0 0.7478 0 0.016793 -0.363494 0 6.533295 0.3638817 1
006 3 20 4 0.016948 0.384675 0 0 0.7478 0 0.016948 -0.363125 0 6.544708 0.3635203 1
006 3 20 4 0.017099 0.385045 0 0 0.7478 0 0.017099 -0.362755 0 6.555573 0.3631578 1
006 3 20 4 0.017247 0.385417 0 0 0.7478 0 0.017247 -0.362383 0 6.566406 0.3627932 1
006 3 20 4 0.017391 0.38579 0 0 0.7478 0 0.017391 -0.36201 0 6.581085 0.3624274 1
006 3 20 4 0.017531 0.386164 0 0 0.7478 0 0.017531 -0.361636 0 6.588837 0.3620606 1
006 3 20 4 0.017668 0.38654 0 0 0.7478 0 0.017668 -0.36126 0 6.60025 0.3616918 1
006 3 20 4 0.0178 0.386918 0 0 0.7478 0 0.0178 -0.360882 0 6.611328 0.3613207 1
006 3 20 4 0.017929 0.387296 0 0 0.7478 0 0.017929 -0.360504 0 6.622223 0.3609495 1
006 3 20 4 0.018054 0.387676 0 0 0.7478 0 0.018054 -0.360124 0 6.633301 0.3605763 1
006 3 20 4 0.018176 0.388058 0 0 0.7478 0 0.018176 -0.359742 0 6.644623 0.3602009 1
006 3 20 4 0.018293 0.38844 0 0 0.7478 0 0.018293 -0.35936 0 6.655701 0.3598253 1
006 3 20 4 0.018407 0.388823 0 0 0.7478 0 0.018407 -0.358977 0 6.666901 0.3594486 1
006 3 20 4 0.018517 0.389208 0 0 0.7478 0 0.018517 -0.358592 0 6.677948 0.3590698 1
006 3 20 4 0.018623 0.389594 0 0 0.7478 0 0.018623 -0.358206 0 6.689331 0.3586898 1
006 3 20 4 0.018725 0.38998 0 0 0.7478 0 0.018725 -0.35782 0 6.700104 0.3583096 1
006 3 20 4 0.018823 0.390368 0 0 0.7478 0 0.018823 -0.357432 0 6.71109 0.3579273 1
006 3 20 4 0.018917 0.390757 0 0 0.7478 0 0.018917 -0.357043 0 6.72226 0.3575438 1
006 3 20 4 0.019008 0.391147 0 0 0.7478 0 0.019008 -0.356653 0 6.736847 0.3571591 1
006 3 20 4 0.019094 0.391537 0 0 0.7478 0 0.019094 -0.356263 0 6.744263 0.3567743 1
006 3 20 4 0.019177 0.391928 0 0 0.7478 0 0.019177 -0.355872 0 6.755493 0.3563883 1
006 3 20 4 0.019256 0.392321 0 0 0.7478 0 0.019256 -0.355479 0 6.766663 0.3560001 1
006 3 20 4 0.019331 0.392713 0 0 0.7478 0 0.019331 -0.355087 0 6.777985 0.3556128 1
006 3 20 4 0.019402 0.393107 0 0 0.7478 0 0.019402 -0.354693 0 6.788971 0.3552232 1
006 3 20 4 0.019469 0.393502 0 0 0.7478 0 0.019469 -0.354298 0 6.799988 0.3548325 1
006 3 20 4 0.019532 0.393897 0 0 0.7478 0 0.019532 -0.353903 0 6.81134 0.3544416 1
006 3 20 4 0.019591 0.394292 0 0 0.7478 0 0.019591 -0.353508 0 6.822418 0.3540504 1
006 3 20 4 0.019646 0.394688 0 0 0.7478 0 0.019646 -0.353112 0 6.833557 0.3536581 1
006 3 20 4 0.019697 0.395085 0 0 0.7478 0 0.019697 -0.352715 0 6.844635 0.3532645 1
006 3 20 4 0.019744 0.395482 0 0 0.7478 0 0.019744 -0.352318 0 6.856049 0.3528708 1
006 3 20 4 0.019787 0.39588 0 0 0.7478 0 0.019787 -0.35192 0 6.866882 0.3524758 1
006 3 20 4 0.019826 0.396278 0 0 0.7478 0 0.019826 -0.351522 0 6.878479 0.3520806 1
006 3 20 4 0.019862 0.396676 0 0 0.7478 0 0.019862 -0.351124 0 6.892853 0.3516853 1
006 3 20 4 0.019893 0.397075 0 0 0.7478 0 0.019893 -0.350725 0 6.899689 0.3512887 1
006 3 20 4 0.01992 0.397474 0 0 0.7478 0 0.01992 -0.350326 0 6.911072 0.3508919 1
006 3 20 4 0.019943 0.397874 0 0 0.7478 0 0.019943 -0.349926 0 6.923035 0.3504938 1
006 3 20 4 0.019963 0.398273 0 0 0.7478 0 0.019963 -0.349527 0 6.933594 0.3500966 1
006 3 20 4 0.019978 0.398673 0 0 0.7478 0 0.019978 -0.349127 0 6.94458 0.3496981 1
006 3 20 4 0.019989 0.399073 0 0 0.7478 0 0.019989 -0.348727 0 6.956055 0.3492994 1
006 3 20 4 0.019997 0.399473 0 0 0.7478 0 0.019997 -0.348327 0 6.967346 0.3489005 1
006 3 20 4 0.02 0.399873 0 0 0.7478 0 0.02 -0.347927 0 6.97818 0.3485013 1
006 3 20 4 0.02 0.4 0 0 0.7478 0 0.02 -0.3478 0 6.989227 0.3483745 1
