006 3 2 1 0.02 0.4 0 0 0.7478 0 0.02 -0.3478 0 0 0.3483745 1
006 3 2 1 0.019999 0.4002 0 0 0.7478 0 0.019999 -0.3476 0 0.004982948 0.3481748 1
006 3 2 1 0.019996 0.4004 0 0 0.7478 0 0.019996 -0.3474 0 0.01029968 0.347975 1
006 3 2 1 0.019991 0.4006 0 0 0.7478 0 0.019991 -0.3472 0 0.01506042 0.347775 1
006 3 2 1 0.019984 0.4008 0 0 0.7478 0 0.019984 -0.347 0 0.02006531 0.3475749 1
006 3 2 1 0.019975 0.401 0 0 0.7478 0 0.019975 -0.3468 0 0.02508354 0.3473748 1
006 3 2 1 0.019964 0.401199 0 0 0.7478 0 0.019964 -0.346601 0 0.02993107 0.3471754 1
006 3 2 1 0.019951 0.401399 0 0 0.7478 0 0.019951 -0.346401 0 0.034729 0.3469751 1
006 3 2 1 0.019936 0.401598 0 0 0.7478 0 0.019936 -0.346202 0 0.0401268 0.3467755 1
006 3 2 1 0.019919 0.401798 0 0 0.7478 0 0.019919 -0.346002 0 0.04542065 0.3465749 1
006 3 2 1 0.0199 0.401997 0 0 0.7478 0 0.0199 -0.345803 0 0.05045891 0.3463751 1
006 3 2 1 0.019879 0.402196 0 0 0.7478 0 0.019879 -0.345604 0 0.05525017 0.3461752 1
006 3 2 1 0.019856 0.402394 0 0 0.7478 0 0.019856 -0.345406 0 0.06036568 0.3459762 1
006 3 2 1 0.019831 0.402593 0 0 0.7478 0 0.019831 -0.345207 0 0.0653944 0.3457761 1
006 3 2 1 0.019804 0.402791 0 0 0.7478 0 0.019804 -0.345009 0 0.07014847 0.3455769 1
006 3 2 1 0.019775 0.402989 0 0 0.7478 0 0.019775 -0.344811 0 0.07536983 0.3453776 1
006 3 2 1 0.019745 0.403186 0 0 0.7478 0 0.019745 -0.344614 0 0.08045292 0.3451792 1
006 3 2 1 0.019712 0.403384 0 0 0.7478 0 0.019712 -0.344416 0 0.0892868 0.3449796 1
006 3 2 1 0.019677 0.403581 0 0 0.7478 0 0.019677 -0.344219 0 0.09542465 0.344781 1
006 3 2 1 0.01964 0.403777 0 0 0.7478 0 0.01964 -0.344023 0 0.1005287 0.3445832 1
006 3 2 1 0.019601 0.403973 0 0 0.7478 0 0.019601 -0.343827 0 0.1052332 0.3443852 1
006 3 2 1 0.019561 0.404169 0 0 0.7478 0 0.019561 -0.343631 0 0.1102791 0.3441873 1
006 3 2 1 0.019518 0.404365 0 0 0.7478 0 0.019518 -0.343435 0 0.1150723 0.3439892 1
006 3 2 1 0.019473 0.40456 0 0 0.7478 0 0.019473 -0.34324 0 0.1200876 0.3437919 1
006 3 2 1 0.019427 0.404754 0 0 0.7478 0 0.019427 -0.343046 0 0.1250982 0.3435956 1
006 3 2 1 0.019378 0.404948 0 0 0.7478 0 0.019378 -0.342852 0 0.1299353 0.3433992 1
006 3 2 1 0.019328 0.405142 0 0 0.7478 0 0.019328 -0.342658 0 0.1347036 0.3432027 1
006 3 2 1 0.019275 0.405335 0 0 0.7478 0 0.019275 -0.342465 0 0.1398897 0.343007 1
006 3 2 1 0.019221 0.405527 0 0 0.7478 0 0.019221 -0.342273 0 0.1449575 0.3428123 1
006 3 2 1 0.019165 0.405719 0 0 0.7478 0 0.019165 -0.342081 0 0.149888 0.3426174 1
006 3 2 1 0.019107 0.40591 0 0 0.7478 0 0.019107 -0.34189 0 0.1547699 0.3424235 1
006 3 2 1 0.019047 0.406101 0 0 0.7478 0 0.019047 -0.341699 0 0.1603174 0.3422294 1
006 3 2 1 0.018985 0.406291 0 0 0.7478 0 0.018985 -0.341509 0 0.1651917 0.3420363 1
006 3 2 1 0.018921 0.406481 0 0 0.7478 0 0.018921 -0.341319 0 0.1705027 0.341843 1
006 3 2 1 0.018855 0.40667 0 0 0.7478 0 0.018855 -0.34113 0 0.175972 0.3416507 1
006 3 2 1 0.018787 0.406858 0 0 0.7478 0 0.018787 -0.340942 0 0.1810007 0.3414592 1
006 3 2 1 0.018718 0.407045 0 0 0.7478 0 0.018718 -0.340755 0 0.1857281 0.3412687 1
006 3 2 1 0.018647 0.407232 0 0 0.7478 0 0.018647 -0.340568 0 0.1908998 0.3410781 1
006 3 2 1 0.018573 0.407418 0 0 0.7478 0 0.018573 -0.340382 0 0.1957912 0.3408883 1
006 3 2 1 0.018498 0.407604 0 0 0.7478 0 0.018498 -0.340196 0 0.2009859 0.3406985 1
006 3 2 1 0.018421 0.407788 0 0 0.7478 0 0.018421 -0.340012 0 0.2057829 0.3405106 1
006 3 2 1 0.018342 0.407972 0 0 0.7478 0 0.018342 -0.339828 0 0.2110977 0.3403226 1
006 3 2 1 0.018262 0.408155 0 0 0.7478 0 0.018262 -0.339645 0 0.2158051 0.3401356 1
006 3 2 1 0.018179 0.408337 0 0 0.7478 0 0.018179 -0.339463 0 0.2209139 0.3399494 1
006 3 2 1 0.018095 0.408519 0 0 0.7478 0 0.018095 -0.339281 0 0.225832 0.3397632 1
006 3 2 1 0.018009 0.408699 0 0 0.7478 0 0.018009 -0.339101 0 0.230794 0.3395789 1
006 3 2 1 0.017921 0.408879 0 0 0.7478 0 0.017921 -0.338921 0 0.2390776 0.3393945 1
006 3 2 1 0.017831 0.409058 0 0 0.7478 0 0.017831 -0.338742 0 0.2441311 0.339211 1
006 3 2 1 0.01774 0.409236 0 0 0.7478 0 0.01774 -0.338564 0 0.2493 0.3390284 1
006 3 2 1 0.017647 0.409413 0 0 0.7478 0 0.017647 -0.338387 0 0.2542391 0.3388468 1
006 3 2 1 0.017552 0.409589 0 0 0.7478 0 0.017552 -0.338211 0 0.259429 0.3386661 1
006 3 2 1 0.017455 0.409764 0 0 0.7478 0 0.017455 -0.338036 0 0.2643948 0.3384864 1
006 3 2 1 0.017356 0.409938 0 0 0.7478 0 0.017356 -0.337862 0 0.2693176 0.3383075 1
006 3 2 1 0.017256 0.410111 0 0 0.7478 0 0.017256 -0.337689 0 0.2742329 0.3381296 1
006 3 2 1 0.017154 0.410283 0 0 0.7478 0 0.017154 -0.337517 0 0.2792902 0.3379526 1
006 3 2 1 0.01705 0.410454 0 0 0.7478 0 0.01705 -0.337346 0 0.2842216 0.3377766 1
006 3 2 1 0.016945 0.410624 0 0 0.7478 0 0.016945 -0.337176 0 0.2890491 0.3376015 1
006 3 2 1 0.016838 0.410793 0 0 0.7478 0 0.016838 -0.337007 0 0.294096 0.3374273 1
006 3 2 1 0.016729 0.41096 0 0 0.7478 0 0.016729 -0.33684 0 0.298955 0.3372551 1
006 3 2 1 0.016619 0.411127 0 0 0.7478 0 0.016619 -0.336673 0 0.3036814 0.3370829 1
006 3 2 1 0.016507 0.411293 0 0 0.7478 0 0.016507 -0.336507 0 0.3086176 0.3369116 1
006 3 2 1 0.016393 0.411457 0 0 0.7478 0 0.016393 -0.336343 0 0.3134575 0.3367423 1
006 3 2 1 0.016278 0.411621 0 0 0.7478 0 0.016278 -0.336179 0 0.3182621 0.3365729 1
006 3 2 1 0.016161 0.411783 0 0 0.7478 0 0.016161 -0.336017 0 0.323123 0.3364054 1
006 3 2 1 0.016042 0.411944 0 0 0.7478 0 0.016042 -0.335856 0 0.3282585 0.3362389 1
006 3 2 1 0.015922 0.412104 0 0 0.7478 0 0.015922 -0.335696 0 0.3335342 0.3360734 1
006 3 2 1 0.0158 0.412262 0 0 0.7478 0 0.0158 -0.335538 0 0.3390903 0.3359098 1
006 3 2 1 0.015676 0.41242 0 0 0.7478 0 0.015676 -0.33538 0 0.344202 0.3357461 1
006 3 2 1 0.015551 0.412576 0 0 0.7478 0 0.015551 -0.335224 0 0.3489561 0.3355845 1
006 3 2 1 0.015425 0.412731 0 0 0.7478 0 0.015425 -0.335069 0 0.3538733 0.3354239 1
006 3 2 1 0.015297 0.412884 0 0 0.7478 0 0.015297 -0.334916 0 0.3588591 0.3352652 1
006 3 2 1 0.015167 0.413037 0 0 0.7478 0 0.015167 -0.334763 0 0.3637409 0.3351064 1
006 3 2 1 0.015036 0.413188 0 0 0.7478 0 0.015036 -0.334612 0 0.368597 0.3349496 1
006 3 2 1 0.014903 0.413337 0 0 0.7478 0 0.014903 -0.334463 0 0.373415 0.3347948 1
006 3 2 1 0.014769 0.413486 0 0 0.7478 0 0.014769 -0.334314 0 0.3785858 0.3346401 1
006 3 2 1 0.014634 0.413633 0 0 0.7478 0 0.014634 -0.334167 0 0.3834639 0.3344873 1
006 3 2 1 0.014497 0.413778 0 0 0.7478 0 0.014497 -0.334022 0 0.3913879 0.3343364 1
006 3 2 1 0.014358 0.413923 0 0 0.7478 0 0.014358 -0.333877 0 0.3960743 0.3341856 1
006 3 2 1 0.014218 0.414066 0 0 0.7478 0 0.014218 -0.333734 0 0.4009972 0.3340367 1
006 3 2 1 0.014077 0.414207 0 0 0.7478 0 0.014077 -0.333593 0 0.4061899 0.3338899 1
006 3 2 1 0.013934 0.414347 0 0 0.7478 0 0.013934 -0.333453 0 0.4115 0.333744 1
006 3 2 1 0.01379 0.414486 0 0 0.7478 0 0.01379 -0.333314 0 0.4162426 0.3335992 1
006 3 2 1 0.013644 0.414623 0 0 0.7478 0 0.013644 -0.333177 0 0.4217052 0.3334562 1
006 3 2 1 0.013498 0.414759 0 0 0.7478 0 0.013498 -0.333041 0 0.4266253 0.3333144 1
006 3 2 1 0.013349 0.414893 0 0 0.7478 0 0.013349 -0.332907 0 0.4315701 0.3331745 1
006 3 2 1 0.0132 0.415026 0 0 0.7478 0 0.0132 -0.332774 0 0.4363651 0.3330357 1
006 3 2 1 0.013049 0.415157 0 0 0.7478 0 0.013049 -0.332643 0 0.4427729 0.3328988 1
006 3 2 1 0.012897 0.415287 0 0 0.7478 0 0.012897 -0.332513 0 0.4485044 0.332763 1
006 3 2 1 0.012743 0.415415 0 0 0.7478 0 0.012743 -0.332385 0 0.4543324 0.3326292 1
006 3 2 1 0.012588 0.415541 0 0 0.7478 0 0.012588 -0.332259 0 0.4594173 0.3324974 1
006 3 2 1 0.012432 0.415667 0 0 0.7478 0 0.012432 -0.332133 0 0.4645844 0.3323656 1
006 3 2 1 0.012275 0.41579 0 0 0.7478 0 0.012275 -0.33201 0 0.4702005 0.3322368 1
006 3 2 1 0.012116 0.415912 0 0 0.7478 0 0.012116 -0.331888 0 0.4752064 0.3321091 1
006 3 2 1 0.011957 0.416032 0 0 0.7478 0 0.011957 -0.331768 0 0.4804945 0.3319834 1
006 3 2 1 0.011796 0.416151 0 0 0.7478 0 0.011796 -0.331649 0 0.4853735 0.3318587 1
006 3 2 1 0.011634 0.416268 0 0 0.7478 0 0.011634 -0.331532 0 0.4903402 0.3317361 1
006 3 2 1 0.01147 0.416384 0 0 0.7478 0 0.01147 -0.331416 0 0.4953442 0.3316144 1
006 3 2 1 0.011306 0.416498 0 0 0.7478 0 0.011306 -0.331302 0 0.5002909 0.3314948 1
006 3 2 1 0.01114 0.41661 0 0 0.7478 0 0.01114 -0.33119 0 0.5051241 0.3313773 1
006 3 2 1 0.010974 0.416721 0 0 0.7478 0 0.010974 -0.331079 0 0.5104933 0.3312608 1
006 3 2 1 0.010806 0.416829 0 0 0.7478 0 0.010806 -0.330971 0 0.5152836 0.3311473 1
006 3 2 1 0.010637 0.416937 0 0 0.7478 0 0.010637 -0.330863 0 0.520155 0.3310339 1
006 3 2 1 0.010467 0.417042 0 0 0.7478 0 0.010467 -0.330758 0 0.525136 0.3309236 1
006 3 2 1 0.010296 0.417146 0 0 0.7478 0 0.010296 -0.330654 0 0.5299911 0.3308142 1
006 3 2 1 0.010124 0.417248 0 0 0.7478 0 0.010124 -0.330552 0 0.5348597 0.330707 1
006 3 2 1 0.009951 0.417348 0 0 0.7478 0 0.009951 -0.330452 0 0.5434475 0.3306018 1
006 3 2 1 0.009777 0.417447 0 0 0.7478 0 0.009777 -0.330353 0 0.5484457 0.3304976 1
006 3 2 1 0.009602 0.417544 0 0 0.7478 0 0.009602 -0.330256 0 0.5533304 0.3303955 1
006 3 2 1 0.009427 0.417639 0 0 0.7478 0 0.009427 -0.330161 0 0.5583591 0.3302955 1
006 3 2 1 0.00925 0.417733 0 0 0.7478 0 0.00925 -0.330067 0 0.563489 0.3301966 1
006 3 2 1 0.009072 0.417824 0 0 0.7478 0 0.009072 -0.329976 0 0.5688305 0.3301007 1
006 3 2 1 0.008893 0.417914 0 0 0.7478 0 0.008893 -0.329886 0 0.5737171 0.3300059 1
006 3 2 1 0.008714 0.418002 0 0 0.7478 0 0.008714 -0.329798 0 0.5788498 0.3299131 1
006 3 2 1 0.008533 0.418088 0 0 0.7478 0 0.008533 -0.329712 0 0.5837088 0.3298224 1
006 3 2 1 0.008352 0.418173 0 0 0.7478 0 0.008352 -0.329627 0 0.5884085 0.3297328 1
006 3 2 1 0.00817 0.418255 0 0 0.7478 0 0.00817 -0.329545 0 0.5934544 0.3296463 1
006 3 2 1 0.007987 0.418336 0 0 0.7478 0 0.007987 -0.329464 0 0.5983362 0.3295608 1
006 3 2 1 0.007803 0.418415 0 0 0.7478 0 0.007803 -0.329385 0 0.6031199 0.3294774 1
006 3 2 1 0.007618 0.418492 0 0 0.7478 0 0.007618 -0.329308 0 0.6080818 0.3293961 1
006 3 2 1 0.007433 0.418567 0 0 0.7478 0 0.007433 -0.329233 0 0.6129408 0.3293169 1
006 3 2 1 0.007247 0.418641 0 0 0.7478 0 0.007247 -0.329159 0 0.6177778 0.3292388 1
006 3 2 1 0.00706 0.418712 0 0 0.7478 0 0.00706 -0.329088 0 0.6225796 0.3291637 1
006 3 2 1 0.006873 0.418782 0 0 0.7478 0 0.006873 -0.329018 0 0.6276731 0.3290898 1
006 3 2 1 0.006685 0.41885 0 0 0.7478 0 0.006685 -0.32895 0 0.6325569 0.3290179 1
006 3 2 1 0.006496 0.418916 0 0 0.7478 0 0.006496 -0.328884 0 0.6374874 0.3289481 1
006 3 2 1 0.006306 0.41898 0 0 0.7478 0 0.006306 -0.32882 0 0.6424036 0.3288805 1
006 3 2 1 0.006116 0.419042 0 0 0.7478 0 0.006116 -0.328758 0 0.6472778 0.3288149 1
006 3 2 1 0.005926 0.419102 0 0 0.7478 0 0.005926 -0.328698 0 0.6520357 0.3287514 1
006 3 2 1 0.005734 0.41916 0 0 0.7478 0 0.005734 -0.32864 0 0.6569853 0.32869 1
006 3 2 1 0.005542 0.419217 0 0 0.7478 0 0.005542 -0.328583 0 0.6620426 0.3286297 1
006 3 2 1 0.00535 0.419271 0 0 0.7478 0 0.00535 -0.328529 0 0.6667652 0.3285726 1
006 3 2 1 0.005157 0.419324 0 0 0.7478 0 0.005157 -0.328476 0 0.6716938 0.3285165 1
006 3 2 1 0.004964 0.419374 0 0 0.7478 0 0.004964 -0.328426 0 0.6767969 0.3284635 1
006 3 2 1 0.00477 0.419423 0 0 0.7478 0 0.00477 -0.328377 0 0.6819572 0.3284116 1
006 3 2 1 0.004575 0.41947 0 0 0.7478 0 0.004575 -0.32833 0 0.6867838 0.3283619 1
006 3 2 1 0.00438 0.419514 0 0 0.7478 0 0.00438 -0.328286 0 0.6950741 0.3283152 1
006 3 2 1 0.004185 0.419557 0 0 0.7478 0 0.004185 -0.328243 0 0.6999578 0.3282697 1
006 3 2 1 0.003989 0.419598 0 0 0.7478 0 0.003989 -0.328202 0 0.7048616 0.3282262 1
006 3 2 1 0.003793 0.419637 0 0 0.7478 0 0.003793 -0.328163 0 0.709939 0.3281849 1
006 3 2 1 0.003596 0.419674 0 0 0.7478 0 0.003596 -0.328126 0 0.7149506 0.3281457 1
006 3 2 1 0.003399 0.419709 0 0 0.7478 0 0.003399 -0.328091 0 0.7198172 0.3281086 1
006 3 2 1 0.003202 0.419742 0 0 0.7478 0 0.003202 -0.328058 0 0.7250776 0.3280736 1
006 3 2 1 0.003005 0.419773 0 0 0.7478 0 0.003005 -0.328027 0 0.7303953 0.3280407 1
006 3 2 1 0.002807 0.419802 0 0 0.7478 0 0.002807 -0.327998 0 0.7352676 0.32801 1
006 3 2 1 0.002608 0.419829 0 0 0.7478 0 0.002608 -0.327971 0 0.7403164 0.3279814 1
006 3 2 1 0.00241 0.419854 0 0 0.7478 0 0.00241 -0.327946 0 0.745306 0.3279548 1
006 3 2 1 0.002211 0.419877 0 0 0.7478 0 0.002211 -0.327923 0 0.7501259 0.3279305 1
006 3 2 1 0.002013 0.419898 0 0 0.7478 0 0.002013 -0.327902 0 0.7552223 0.3279082 1
006 3 2 1 0.001813 0.419918 0 0 0.7478 0 0.001813 -0.327882 0 0.7606087 0.327887 1
006 3 2 1 0.001614 0.419935 0 0 0.7478 0 0.001614 -0.327865 0 0.7654085 0.3278689 1
006 3 2 1 0.001415 0.41995 0 0 0.7478 0 0.001415 -0.32785 0 0.7703867 0.327853 1
006 3 2 1 0.001215 0.419963 0 0 0.7478 0 0.001215 -0.327837 0 0.7754021 0.3278392 1
006 3 2 1 0.001015 0.419974 0 0 0.7478 0 0.001015 -0.327826 0 0.7804146 0.3278276 1
006 3 2 1 0.000816 0.419983 0 0 0.7478 0 0.000816 -0.327817 0 0.7851944 0.327818 1
006 3 2 1 0.000616 0.419991 0 0 0.7478 0 0.000616 -0.327809 0 0.7902107 0.3278095 1
006 3 2 1 0.000416 0.419996 0 0 0.7478 0 0.000416 -0.327804 0 0.7951736 0.3278043 1
006 3 2 1 0.000216 0.419999 0 0 0.7478 0 0.000216 -0.327801 0 0.8002186 0.327801 1
006 3 2 1 1.6E-05 0.42 0 0 0.7478 0 1.6E-05 -0.3278 0 0.8050861 0.3278 1
006 3 2 1 -0.000184 0.419999 0 0 0.7478 0 -0.000184 -0.327801 0 0.8101149 0.327801 1
006 3 2 1 -0.000384 0.419996 0 0 0.7478 0 -0.000384 -0.327804 0 0.8149538 0.3278042 1
006 3 2 1 -0.000584 0.419991 0 0 0.7478 0 -0.000584 -0.327809 0 0.8198919 0.3278095 1
006 3 2 1 -0.000784 0.419985 0 0 0.7478 0 -0.000784 -0.327815 0 0.8247871 0.3278159 1
006 3 2 1 -0.000984 0.419976 0 0 0.7478 0 -0.000984 -0.327824 0 0.829648 0.3278255 1
006 3 2 1 -0.001183 0.419965 0 0 0.7478 0 -0.001183 -0.327835 0 0.8344345 0.3278371 1
006 3 2 1 -0.001383 0.419952 0 0 0.7478 0 -0.001383 -0.327848 0 0.8397093 0.3278509 1
006 3 2 1 -0.001582 0.419937 0 0 0.7478 0 -0.001582 -0.327863 0 0.8478823 0.3278668 1
006 3 2 1 -0.001782 0.41992 0 0 0.7478 0 -0.001782 -0.32788 0 0.8525925 0.3278848 1
006 3 2 1 -0.001981 0.419902 0 0 0.7478 0 -0.001981 -0.327898 0 0.8575916 0.327904 1
006 3 2 1 -0.00218 0.419881 0 0 0.7478 0 -0.00218 -0.327919 0 0.8624268 0.3279262 1
006 3 2 1 -0.002378 0.419858 0 0 0.7478 0 -0.002378 -0.327942 0 0.8671446 0.3279506 1
006 3 2 1 -0.002577 0.419833 0 0 0.7478 0 -0.002577 -0.327967 0 0.8720751 0.3279771 1
006 3 2 1 -0.002775 0.419807 0 0 0.7478 0 -0.002775 -0.327993 0 0.8773041 0.3280047 1
006 3 2 1 -0.002973 0.419778 0 0 0.7478 0 -0.002973 -0.328022 0 0.8820753 0.3280354 1
006 3 2 1 -0.003171 0.419747 0 0 0.7478 0 -0.003171 -0.328053 0 0.8868914 0.3280683 1
006 3 2 1 -0.003368 0.419714 0 0 0.7478 0 -0.003368 -0.328086 0 0.8919497 0.3281033 1
006 3 2 1 -0.003565 0.41968 0 0 0.7478 0 -0.003565 -0.32812 0 0.8972979 0.3281394 1
006 3 2 1 -0.003762 0.419643 0 0 0.7478 0 -0.003762 -0.328157 0 0.9021273 0.3281785 1
006 3 2 1 -0.003958 0.419604 0 0 0.7478 0 -0.003958 -0.328196 0 0.9072628 0.3282199 1
006 3 2 1 -0.004154 0.419564 0 0 0.7478 0 -0.004154 -0.328236 0 0.912322 0.3282623 1
006 3 2 1 -0.004349 0.419521 0 0 0.7478 0 -0.004349 -0.328279 0 0.9173107 0.3283078 1
006 3 2 1 -0.004544 0.419477 0 0 0.7478 0 -0.004544 -0.328323 0 0.9223604 0.3283544 1
006 3 2 1 -0.004739 0.419431 0 0 0.7478 0 -0.004739 -0.328369 0 0.927454 0.3284032 1
006 3 2 1 -0.004933 0.419382 0 0 0.7478 0 -0.004933 -0.328418 0 0.9324999 0.328455 1
006 3 2 1 -0.005126 0.419332 0 0 0.7478 0 -0.005126 -0.328468 0 0.9374685 0.328508 1
006 3 2 1 -0.005319 0.41928 0 0 0.7478 0 -0.005319 -0.32852 0 0.9425831 0.3285631 1
006 3 2 1 -0.005512 0.419226 0 0 0.7478 0 -0.005512 -0.328574 0 0.9474077 0.3286202 1
006 3 2 1 -0.005704 0.419169 0 0 0.7478 0 -0.005704 -0.328631 0 0.9523354 0.3286805 1
006 3 2 1 -0.005895 0.419111 0 0 0.7478 0 -0.005895 -0.328689 0 0.9575739 0.3287418 1
006 3 2 1 -0.006086 0.419052 0 0 0.7478 0 -0.006086 -0.328748 0 0.9625969 0.3288043 1
006 3 2 1 -0.006276 0.41899 0 0 0.7478 0 -0.006276 -0.32881 0 0.9675894 0.3288699 1
006 3 2 1 -0.006466 0.418926 0 0 0.7478 0 -0.006466 -0.328874 0 0.9726257 0.3289376 1
006 3 2 1 -0.006655 0.41886 0 0 0.7478 0 -0.006655 -0.32894 0 0.9781132 0.3290073 1
006 3 2 1 -0.006843 0.418793 0 0 0.7478 0 -0.006843 -0.329007 0 0.9832277 0.3290782 1
006 3 2 1 -0.007031 0.418724 0 0 0.7478 0 -0.007031 -0.329076 0 0.9880133 0.3291511 1
006 3 2 1 -0.007217 0.418652 0 0 0.7478 0 -0.007217 -0.329148 0 0.9934406 0.3292271 1
006 3 2 1 -0.007404 0.418579 0 0 0.7478 0 -0.007404 -0.329221 0 1.001687 0.3293042 1
006 3 2 1 -0.007589 0.418504 0 0 0.7478 0 -0.007589 -0.329296 0 1.006341 0.3293834 1
006 3 2 1 -0.007774 0.418427 0 0 0.7478 0 -0.007774 -0.329373 0 1.01139 0.3294647 1
006 3 2 1 -0.007958 0.418349 0 0 0.7478 0 -0.007958 -0.329451 0 1.016216 0.3295471 1
006 3 2 1 -0.008141 0.418268 0 0 0.7478 0 -0.008141 -0.329532 0 1.021181 0.3296326 1
006 3 2 1 -0.008323 0.418186 0 0 0.7478 0 -0.008323 -0.329614 0 1.026381 0.329719 1
006 3 2 1 -0.008504 0.418102 0 0 0.7478 0 -0.008504 -0.329698 0 1.031372 0.3298077 1
006 3 2 1 -0.008685 0.418016 0 0 0.7478 0 -0.008685 -0.329784 0 1.036154 0.3298983 1
006 3 2 1 -0.008865 0.417928 0 0 0.7478 0 -0.008865 -0.329872 0 1.04158 0.3299911 1
006 3 2 1 -0.009044 0.417839 0 0 0.7478 0 -0.009044 -0.329961 0 1.046743 0.3300849 1
006 3 2 1 -0.009221 0.417747 0 0 0.7478 0 -0.009221 -0.330053 0 1.051648 0.3301817 1
006 3 2 1 -0.009398 0.417654 0 0 0.7478 0 -0.009398 -0.330146 0 1.056417 0.3302797 1
006 3 2 1 -0.009575 0.417559 0 0 0.7478 0 -0.009575 -0.330241 0 1.061485 0.3303798 1
006 3 2 1 -0.00975 0.417463 0 0 0.7478 0 -0.00975 -0.330337 0 1.066243 0.3304808 1
006 3 2 1 -0.009924 0.417364 0 0 0.7478 0 -0.009924 -0.330436 0 1.071014 0.330585 1
006 3 2 1 -0.010097 0.417264 0 0 0.7478 0 -0.010097 -0.330536 0 1.076092 0.3306901 1
006 3 2 1 -0.010269 0.417162 0 0 0.7478 0 -0.010269 -0.330638 0 1.081508 0.3307974 1
006 3 2 1 -0.01044 0.417059 0 0 0.7478 0 -0.01044 -0.330741 0 1.086285 0.3309057 1
006 3 2 1 -0.01061 0.416954 0 0 0.7478 0 -0.01061 -0.330846 0 1.091368 0.3310161 1
006 3 2 1 -0.010779 0.416847 0 0 0.7478 0 -0.010779 -0.330953 0 1.096174 0.3311285 1
006 3 2 1 -0.010947 0.416738 0 0 0.7478 0 -0.010947 -0.331062 0 1.10127 0.3312429 1
006 3 2 1 -0.011114 0.416628 0 0 0.7478 0 -0.011114 -0.331172 0 1.106154 0.3313584 1
006 3 2 1 -0.01128 0.416516 0 0 0.7478 0 -0.01128 -0.331284 0 1.111421 0.331476 1
006 3 2 1 -0.011444 0.416402 0 0 0.7478 0 -0.011444 -0.331398 0 1.116249 0.3315955 1
006 3 2 1 -0.011608 0.416287 0 0 0.7478 0 -0.011608 -0.331513 0 1.121226 0.3317162 1
006 3 2 1 -0.01177 0.41617 0 0 0.7478 0 -0.01177 -0.33163 0 1.126258 0.3318388 1
006 3 2 1 -0.011931 0.416051 0 0 0.7478 0 -0.011931 -0.331749 0 1.131099 0.3319635 1
006 3 2 1 -0.012091 0.415931 0 0 0.7478 0 -0.012091 -0.331869 0 1.135917 0.3320892 1
006 3 2 1 -0.01225 0.41581 0 0 0.7478 0 -0.01225 -0.33199 0 1.140989 0.3322159 1
006 3 2 1 -0.012407 0.415686 0 0 0.7478 0 -0.012407 -0.332114 0 1.145926 0.3323456 1
006 3 2 1 -0.012563 0.415561 0 0 0.7478 0 -0.012563 -0.332239 0 1.153776 0.3324764 1
006 3 2 1 -0.012718 0.415435 0 0 0.7478 0 -0.012718 -0.332365 0 1.158826 0.3326082 1
006 3 2 1 -0.012872 0.415307 0 0 0.7478 0 -0.012872 -0.332493 0 1.163625 0.332742 1
006 3 2 1 -0.013025 0.415178 0 0 0.7478 0 -0.013025 -0.332622 0 1.168423 0.3328769 1
006 3 2 1 -0.013176 0.415047 0 0 0.7478 0 -0.013176 -0.332753 0 1.173271 0.3330137 1
006 3 2 1 -0.013326 0.414914 0 0 0.7478 0 -0.013326 -0.332886 0 1.178396 0.3331526 1
006 3 2 1 -0.013474 0.41478 0 0 0.7478 0 -0.013474 -0.33302 0 1.183556 0.3332924 1
006 3 2 1 -0.013621 0.414645 0 0 0.7478 0 -0.013621 -0.333155 0 1.188326 0.3334333 1
006 3 2 1 -0.013767 0.414508 0 0 0.7478 0 -0.013767 -0.333292 0 1.193372 0.3335762 1
006 3 2 1 -0.013911 0.414369 0 0 0.7478 0 -0.013911 -0.333431 0 1.198297 0.333721 1
006 3 2 1 -0.014054 0.414229 0 0 0.7478 0 -0.014054 -0.333571 0 1.203255 0.3338669 1
006 3 2 1 -0.014196 0.414088 0 0 0.7478 0 -0.014196 -0.333712 0 1.208197 0.3340138 1
006 3 2 1 -0.014336 0.413946 0 0 0.7478 0 -0.014336 -0.333854 0 1.213136 0.3341616 1
006 3 2 1 -0.014475 0.413801 0 0 0.7478 0 -0.014475 -0.333999 0 1.217952 0.3343125 1
006 3 2 1 -0.014612 0.413656 0 0 0.7478 0 -0.014612 -0.334144 0 1.223077 0.3344633 1
006 3 2 1 -0.014748 0.413509 0 0 0.7478 0 -0.014748 -0.334291 0 1.228029 0.3346162 1
006 3 2 1 -0.014882 0.413361 0 0 0.7478 0 -0.014882 -0.334439 0 1.232965 0.3347699 1
006 3 2 1 -0.015015 0.413212 0 0 0.7478 0 -0.015015 -0.334588 0 1.237819 0.3349247 1
006 3 2 1 -0.015146 0.413061 0 0 0.7478 0 -0.015146 -0.334739 0 1.243091 0.3350815 1
006 3 2 1 -0.015276 0.412909 0 0 0.7478 0 -0.015276 -0.334891 0 1.247955 0.3352392 1
006 3 2 1 -0.015405 0.412755 0 0 0.7478 0 -0.015405 -0.335045 0 1.252763 0.3353989 1
006 3 2 1 -0.015531 0.412601 0 0 0.7478 0 -0.015531 -0.335199 0 1.258125 0.3355586 1
006 3 2 1 -0.015657 0.412445 0 0 0.7478 0 -0.015657 -0.335355 0 1.263038 0.3357203 1
006 3 2 1 -0.01578 0.412287 0 0 0.7478 0 -0.01578 -0.335513 0 1.267845 0.3358839 1
006 3 2 1 -0.015902 0.412129 0 0 0.7478 0 -0.015902 -0.335671 0 1.272682 0.3360474 1
006 3 2 1 -0.016023 0.411969 0 0 0.7478 0 -0.016023 -0.335831 0 1.278378 0.336213 1
006 3 2 1 -0.016142 0.411809 0 0 0.7478 0 -0.016142 -0.335991 0 1.283285 0.3363785 1
006 3 2 1 -0.016259 0.411647 0 0 0.7478 0 -0.016259 -0.336153 0 1.294438 0.336546 1
006 3 2 1 -0.016375 0.411483 0 0 0.7478 0 -0.016375 -0.336317 0 1.299439 0.3367154 1
006 3 2 1 -0.016489 0.411319 0 0 0.7478 0 -0.016489 -0.336481 0 1.30747 0.3368847 1
006 3 2 1 -0.016601 0.411154 0 0 0.7478 0 -0.016601 -0.336646 0 1.312389 0.3370551 1
006 3 2 1 -0.016712 0.410987 0 0 0.7478 0 -0.016712 -0.336813 0 1.317222 0.3372273 1
006 3 2 1 -0.016821 0.410819 0 0 0.7478 0 -0.016821 -0.336981 0 1.32226 0.3374006 1
006 3 2 1 -0.016928 0.410651 0 0 0.7478 0 -0.016928 -0.337149 0 1.327644 0.3375737 1
006 3 2 1 -0.017034 0.410481 0 0 0.7478 0 -0.017034 -0.337319 0 1.332857 0.3377488 1
006 3 2 1 -0.017138 0.41031 0 0 0.7478 0 -0.017138 -0.33749 0 1.338383 0.3379249 1
006 3 2 1 -0.01724 0.410138 0 0 0.7478 0 -0.01724 -0.337662 0 1.343554 0.3381018 1
006 3 2 1 -0.017341 0.409965 0 0 0.7478 0 -0.017341 -0.337835 0 1.348431 0.3382798 1
006 3 2 1 -0.017439 0.409791 0 0 0.7478 0 -0.017439 -0.338009 0 1.353244 0.3384586 1
006 3 2 1 -0.017536 0.409616 0 0 0.7478 0 -0.017536 -0.338184 0 1.358232 0.3386383 1
006 3 2 1 -0.017632 0.409441 0 0 0.7478 0 -0.017632 -0.338359 0 1.363202 0.3388181 1
006 3 2 1 -0.017725 0.409264 0 0 0.7478 0 -0.017725 -0.338536 0 1.368134 0.3389997 1
006 3 2 1 -0.017817 0.409086 0 0 0.7478 0 -0.017817 -0.338714 0 1.373241 0.3391823 1
006 3 2 1 -0.017907 0.408907 0 0 0.7478 0 -0.017907 -0.338893 0 1.37839 0.3393658 1
006 3 2 1 -0.017995 0.408728 0 0 0.7478 0 -0.017995 -0.339072 0 1.383315 0.3395492 1
006 3 2 1 -0.018081 0.408548 0 0 0.7478 0 -0.018081 -0.339252 0 1.38808 0.3397335 1
006 3 2 1 -0.018166 0.408366 0 0 0.7478 0 -0.018166 -0.339434 0 1.393163 0.3399198 1
006 3 2 1 -0.018249 0.408184 0 0 0.7478 0 -0.018249 -0.339616 0 1.398124 0.340106 1
006 3 2 1 -0.01833 0.408001 0 0 0.7478 0 -0.01833 -0.339799 0 1.403082 0.340293 1
006 3 2 1 -0.018409 0.407818 0 0 0.7478 0 -0.018409 -0.339982 0 1.408005 0.34048 1
006 3 2 1 -0.018486 0.407633 0 0 0.7478 0 -0.018486 -0.340167 0 1.412967 0.3406689 1
006 3 2 1 -0.018561 0.407448 0 0 0.7478 0 -0.018561 -0.340352 0 1.417826 0.3408577 1
006 3 2 1 -0.018635 0.407262 0 0 0.7478 0 -0.018635 -0.340538 0 1.422625 0.3410475 1
006 3 2 1 -0.018707 0.407075 0 0 0.7478 0 -0.018707 -0.340725 0 1.427812 0.3412381 1
006 3 2 1 -0.018777 0.406888 0 0 0.7478 0 -0.018777 -0.340912 0 1.432851 0.3414287 1
006 3 2 1 -0.018844 0.4067 0 0 0.7478 0 -0.018844 -0.3411 0 1.437709 0.3416201 1
006 3 2 1 -0.018911 0.406511 0 0 0.7478 0 -0.018911 -0.341289 0 1.444764 0.3418125 1
006 3 2 1 -0.018975 0.406322 0 0 0.7478 0 -0.018975 -0.341478 0 1.451116 0.3420048 1
006 3 2 1 -0.019037 0.406131 0 0 0.7478 0 -0.019037 -0.341669 0 1.459764 0.3421989 1
006 3 2 1 -0.019097 0.405941 0 0 0.7478 0 -0.019097 -0.341859 0 1.464762 0.342392 1
006 3 2 1 -0.019156 0.40575 0 0 0.7478 0 -0.019156 -0.34205 0 1.469621 0.342586 1
006 3 2 1 -0.019212 0.405558 0 0 0.7478 0 -0.019212 -0.342242 0 1.474656 0.3427808 1
006 3 2 1 -0.019267 0.405365 0 0 0.7478 0 -0.019267 -0.342435 0 1.479898 0.3429766 1
006 3 2 1 -0.01932 0.405172 0 0 0.7478 0 -0.01932 -0.342628 0 1.4848 0.3431723 1
006 3 2 1 -0.01937 0.404979 0 0 0.7478 0 -0.01937 -0.342821 0 1.489891 0.3433678 1
006 3 2 1 -0.019419 0.404785 0 0 0.7478 0 -0.019419 -0.343015 0 1.494928 0.3435642 1
006 3 2 1 -0.019466 0.404591 0 0 0.7478 0 -0.019466 -0.343209 0 1.500011 0.3437606 1
006 3 2 1 -0.019511 0.404396 0 0 0.7478 0 -0.019511 -0.343404 0 1.50503 0.3439578 1
006 3 2 1 -0.019554 0.4042 0 0 0.7478 0 -0.019554 -0.3436 0 1.510189 0.3441559 1
006 3 2 1 -0.019595 0.404005 0 0 0.7478 0 -0.019595 -0.343795 0 1.515385 0.344353 1
006 3 2 1 -0.019634 0.403808 0 0 0.7478 0 -0.019634 -0.343992 0 1.520416 0.3445519 1
006 3 2 1 -0.019671 0.403612 0 0 0.7478 0 -0.019671 -0.344188 0 1.525595 0.3447496 1
006 3 2 1 -0.019706 0.403415 0 0 0.7478 0 -0.019706 -0.344385 0 1.530669 0.3449484 1
006 3 2 1 -0.019739 0.403218 0 0 0.7478 0 -0.019739 -0.344582 0 1.535464 0.3451469 1
006 3 2 1 -0.019771 0.40302 0 0 0.7478 0 -0.019771 -0.34478 0 1.540467 0.3453464 1
006 3 2 1 -0.0198 0.402822 0 0 0.7478 0 -0.0198 -0.344978 0 1.545536 0.3455457 1
006 3 2 1 -0.019827 0.402624 0 0 0.7478 0 -0.019827 -0.345176 0 1.550315 0.3457449 1
006 3 2 1 -0.019852 0.402426 0 0 0.7478 0 -0.019852 -0.345374 0 1.555034 0.345944 1
006 3 2 1 -0.019876 0.402227 0 0 0.7478 0 -0.019876 -0.345573 0 1.560226 0.3461441 1
006 3 2 1 -0.019897 0.402028 0 0 0.7478 0 -0.019897 -0.345772 0 1.564981 0.346344 1
006 3 2 1 -0.019916 0.401829 0 0 0.7478 0 -0.019916 -0.345971 0 1.570359 0.3465438 1
006 3 2 1 -0.019933 0.40163 0 0 0.7478 0 -0.019933 -0.34617 0 1.575372 0.3467434 1
006 3 2 1 -0.019949 0.401431 0 0 0.7478 0 -0.019949 -0.346369 0 1.580324 0.346943 1
006 3 2 1 -0.019962 0.401231 0 0 0.7478 0 -0.019962 -0.346569 0 1.58532 0.3471434 1
006 3 2 1 -0.019973 0.401031 0 0 0.7478 0 -0.019973 -0.346769 0 1.5901 0.3473437 1
006 3 2 1 -0.019983 0.400832 0 0 0.7478 0 -0.019983 -0.346968 0 1.595289 0.347543 1
006 3 2 1 -0.01999 0.400632 0 0 0.7478 0 -0.01999 -0.347168 0 1.600359 0.347743 1
006 3 2 1 -0.019995 0.400432 0 0 0.7478 0 -0.019995 -0.347368 0 1.60532 0.3479429 1
006 3 2 1 -0.019999 0.400232 0 0 0.7478 0 -0.019999 -0.347568 0 1.613467 0.3481429 1
006 3 2 1 -0.02 0.400032 0 0 0.7478 0 -0.02 -0.347768 0 1.619077 0.3483426 1
006 3 2 1 -0.019999 0.399832 0 0 0.7478 0 -0.019999 -0.347968 0 1.624137 0.3485422 1
006 3 2 1 -0.019997 0.399632 0 0 0.7478 0 -0.019997 -0.348168 0 1.629135 0.3487418 1
006 3 2 1 -0.019992 0.399432 0 0 0.7478 0 -0.019992 -0.348368 0 1.634004 0.3489412 1
006 3 2 1 -0.019985 0.399232 0 0 0.7478 0 -0.019985 -0.348568 0 1.638925 0.3491404 1
006 3 2 1 -0.019977 0.399032 0 0 0.7478 0 -0.019977 -0.348768 0 1.644046 0.3493397 1
006 3 2 1 -0.019966 0.398833 0 0 0.7478 0 -0.019966 -0.348967 0 1.648808 0.3495377 1
006 3 2 1 -0.019953 0.398633 0 0 0.7478 0 -0.019953 -0.349167 0 1.653676 0.3497366 1
006 3 2 1 -0.019939 0.398433 0 0 0.7478 0 -0.019939 -0.349367 0 1.65901 0.3499355 1
006 3 2 1 -0.019922 0.398234 0 0 0.7478 0 -0.019922 -0.349566 0 1.663763 0.3501332 1
006 3 2 1 -0.019903 0.398035 0 0 0.7478 0 -0.019903 -0.349765 0 1.668616 0.3503308 1
006 3 2 1 -0.019883 0.397836 0 0 0.7478 0 -0.019883 -0.349964 0 1.673334 0.3505284 1
006 3 2 1 -0.01986 0.397637 0 0 0.7478 0 -0.01986 -0.350163 0 1.678411 0.3507257 1
006 3 2 1 -0.019835 0.397439 0 0 0.7478 0 -0.019835 -0.350361 0 1.683308 0.350922 1
006 3 2 1 -0.019809 0.397241 0 0 0.7478 0 -0.019809 -0.350559 0 1.688053 0.3511182 1
006 3 2 1 -0.01978 0.397043 0 0 0.7478 0 -0.01978 -0.350757 0 1.693011 0.3513142 1
006 3 2 1 -0.01975 0.396845 0 0 0.7478 0 -0.01975 -0.350955 0 1.698037 0.3515103 1
006 3 2 1 -0.019717 0.396648 0 0 0.7478 0 -0.019717 -0.351152 0 1.702799 0.3517051 1
006 3 2 1 -0.019683 0.396451 0 0 0.7478 0 -0.019683 -0.351349 0 1.707688 0.3518999 1
006 3 2 1 -0.019646 0.396254 0 0 0.7478 0 -0.019646 -0.351546 0 1.712839 0.3520945 1
006 3 2 1 -0.019608 0.396058 0 0 0.7478 0 -0.019608 -0.351742 0 1.717813 0.3522881 1
006 3 2 1 -0.019567 0.395862 0 0 0.7478 0 -0.019567 -0.351938 0 1.722544 0.3524815 1
006 3 2 1 -0.019525 0.395666 0 0 0.7478 0 -0.019525 -0.352134 0 1.727644 0.3526749 1
006 3 2 1 -0.019481 0.395471 0 0 0.7478 0 -0.019481 -0.352329 0 1.7328 0.3528672 1
006 3 2 1 -0.019434 0.395277 0 0 0.7478 0 -0.019434 -0.352523 0 1.737803 0.3530583 1
006 3 2 1 -0.019386 0.395083 0 0 0.7478 0 -0.019386 -0.352717 0 1.742838 0.3532493 1
006 3 2 1 -0.019336 0.394889 0 0 0.7478 0 -0.019336 -0.352911 0 1.747645 0.3534403 1
006 3 2 1 -0.019284 0.394696 0 0 0.7478 0 -0.019284 -0.353104 0 1.752521 0.3536302 1
006 3 2 1 -0.01923 0.394504 0 0 0.7478 0 -0.01923 -0.353296 0 1.757924 0.353819 1
006 3 2 1 -0.019174 0.394311 0 0 0.7478 0 -0.019174 -0.353489 0 1.765901 0.3540086 1
006 3 2 1 -0.019116 0.39412 0 0 0.7478 0 -0.019116 -0.35368 0 1.771245 0.3541962 1
006 3 2 1 -0.019056 0.393929 0 0 0.7478 0 -0.019056 -0.353871 0 1.776622 0.3543837 1
006 3 2 1 -0.018995 0.393739 0 0 0.7478 0 -0.018995 -0.354061 0 1.781932 0.3545701 1
006 3 2 1 -0.018931 0.393549 0 0 0.7478 0 -0.018931 -0.354251 0 1.78707 0.3547565 1
006 3 2 1 -0.018866 0.39336 0 0 0.7478 0 -0.018866 -0.35444 0 1.792114 0.3549417 1
006 3 2 1 -0.018798 0.393172 0 0 0.7478 0 -0.018798 -0.354628 0 1.797201 0.3551259 1
006 3 2 1 -0.018729 0.392984 0 0 0.7478 0 -0.018729 -0.354816 0 1.802021 0.3553099 1
006 3 2 1 -0.018658 0.392797 0 0 0.7478 0 -0.018658 -0.355003 0 1.806798 0.3554929 1
006 3 2 1 -0.018585 0.392611 0 0 0.7478 0 -0.018585 -0.355189 0 1.811803 0.3556749 1
006 3 2 1 -0.01851 0.392426 0 0 0.7478 0 -0.01851 -0.355374 0 1.816691 0.3558557 1
006 3 2 1 -0.018434 0.392241 0 0 0.7478 0 -0.018434 -0.355559 0 1.821713 0.3560365 1
006 3 2 1 -0.018355 0.392057 0 0 0.7478 0 -0.018355 -0.355743 0 1.826714 0.3562162 1
006 3 2 1 -0.018275 0.391874 0 0 0.7478 0 -0.018275 -0.355926 0 1.831602 0.3563948 1
006 3 2 1 -0.018193 0.391692 0 0 0.7478 0 -0.018193 -0.356108 0 1.836419 0.3565724 1
006 3 2 1 -0.018109 0.39151 0 0 0.7478 0 -0.018109 -0.35629 0 1.841556 0.3567499 1
006 3 2 1 -0.018023 0.391329 0 0 0.7478 0 -0.018023 -0.356471 0 1.846342 0.3569263 1
006 3 2 1 -0.017935 0.39115 0 0 0.7478 0 -0.017935 -0.35665 0 1.851293 0.3571007 1
006 3 2 1 -0.017846 0.390971 0 0 0.7478 0 -0.017846 -0.356829 0 1.856086 0.357275 1
006 3 2 1 -0.017755 0.390793 0 0 0.7478 0 -0.017755 -0.357007 0 1.861198 0.3574482 1
006 3 2 1 -0.017662 0.390616 0 0 0.7478 0 -0.017662 -0.357184 0 1.865974 0.3576204 1
006 3 2 1 -0.017567 0.390439 0 0 0.7478 0 -0.017567 -0.357361 0 1.870748 0.3577925 1
006 3 2 1 -0.01747 0.390264 0 0 0.7478 0 -0.01747 -0.357536 0 1.875648 0.3579625 1
006 3 2 1 -0.017372 0.39009 0 0 0.7478 0 -0.017372 -0.35771 0 1.88055 0.3581316 1
006 3 2 1 -0.017272 0.389917 0 0 0.7478 0 -0.017272 -0.357883 0 1.885504 0.3582995 1
006 3 2 1 -0.017171 0.389745 0 0 0.7478 0 -0.017171 -0.358055 0 1.890445 0.3584665 1
006 3 2 1 -0.017067 0.389573 0 0 0.7478 0 -0.017067 -0.358227 0 1.895507 0.3586333 1
006 3 2 1 -0.016962 0.389403 0 0 0.7478 0 -0.016962 -0.358397 0 1.90042 0.3587981 1
006 3 2 1 -0.016855 0.389234 0 0 0.7478 0 -0.016855 -0.358566 0 1.90544 0.3589619 1
006 3 2 1 -0.016747 0.389066 0 0 0.7478 0 -0.016747 -0.358734 0 1.910563 0.3591247 1
006 3 2 1 -0.016637 0.388899 0 0 0.7478 0 -0.016637 -0.358901 0 1.918803 0.3592864 1
006 3 2 1 -0.016525 0.388733 0 0 0.7478 0 -0.016525 -0.359067 0 1.923768 0.3594471 1
006 3 2 1 -0.016411 0.388569 0 0 0.7478 0 -0.016411 -0.359231 0 1.928728 0.3596056 1
006 3 2 1 -0.016296 0.388405 0 0 0.7478 0 -0.016296 -0.359395 0 1.93359 0.3597642 1
006 3 2 1 -0.016179 0.388243 0 0 0.7478 0 -0.016179 -0.359557 0 1.938457 0.3599208 1
006 3 2 1 -0.016061 0.388082 0 0 0.7478 0 -0.016061 -0.359718 0 1.943443 0.3600764 1
006 3 2 1 -0.015941 0.387922 0 0 0.7478 0 -0.015941 -0.359878 0 1.94849 0.3602309 1
006 3 2 1 -0.015819 0.387763 0 0 0.7478 0 -0.015819 -0.360037 0 1.953256 0.3603843 1
006 3 2 1 -0.015696 0.387605 0 0 0.7478 0 -0.015696 -0.360195 0 1.958473 0.3605368 1
006 3 2 1 -0.015571 0.387449 0 0 0.7478 0 -0.015571 -0.360351 0 1.963458 0.3606873 1
006 3 2 1 -0.015445 0.387294 0 0 0.7478 0 -0.015445 -0.360506 0 1.968307 0.3608367 1
006 3 2 1 -0.015317 0.38714 0 0 0.7478 0 -0.015317 -0.36066 0 1.973188 0.3609851 1
006 3 2 1 -0.015188 0.386987 0 0 0.7478 0 -0.015188 -0.360813 0 1.978362 0.3611325 1
006 3 2 1 -0.015057 0.386836 0 0 0.7478 0 -0.015057 -0.360964 0 1.983253 0.3612779 1
006 3 2 1 -0.014925 0.386686 0 0 0.7478 0 -0.014925 -0.361114 0 1.988172 0.3614223 1
006 3 2 1 -0.014791 0.386538 0 0 0.7478 0 -0.014791 -0.361262 0 1.993523 0.3615647 1
006 3 2 1 -0.014655 0.386391 0 0 0.7478 0 -0.014655 -0.361409 0 1.998706 0.361706 1
006 3 2 1 -0.014519 0.386245 0 0 0.7478 0 -0.014519 -0.361555 0 2.003494 0.3618464 1
006 3 2 1 -0.01438 0.3861 0 0 0.7478 0 -0.01438 -0.3617 0 2.008361 0.3619857 1
006 3 2 1 -0.014241 0.385957 0 0 0.7478 0 -0.014241 -0.361843 0 2.013328 0.3621231 1
006 3 2 1 -0.0141 0.385815 0 0 0.7478 0 -0.0141 -0.361985 0 2.018199 0.3622595 1
006 3 2 1 -0.013957 0.385675 0 0 0.7478 0 -0.013957 -0.362125 0 2.023054 0.3623939 1
006 3 2 1 -0.013813 0.385536 0 0 0.7478 0 -0.013813 -0.362264 0 2.028218 0.3625272 1
006 3 2 1 -0.013668 0.385399 0 0 0.7478 0 -0.013668 -0.362401 0 2.032998 0.3626586 1
006 3 2 1 -0.013521 0.385263 0 0 0.7478 0 -0.013521 -0.362537 0 2.037953 0.362789 1
006 3 2 1 -0.013373 0.385128 0 0 0.7478 0 -0.013373 -0.362672 0 2.043062 0.3629184 1
006 3 2 1 -0.013224 0.384995 0 0 0.7478 0 -0.013224 -0.362805 0 2.048324 0.3630459 1
006 3 2 1 -0.013073 0.384864 0 0 0.7478 0 -0.013073 -0.362936 0 2.053205 0.3631714 1
006 3 2 1 -0.012921 0.384734 0 0 0.7478 0 -0.012921 -0.363066 0 2.058359 0.3632958 1
006 3 2 1 -0.012768 0.384606 0 0 0.7478 0 -0.012768 -0.363194 0 2.063391 0.3634183 1
006 3 2 1 -0.012613 0.384479 0 0 0.7478 0 -0.012613 -0.363321 0 2.071305 0.3635398 1
006 3 2 1 -0.012457 0.384353 0 0 0.7478 0 -0.012457 -0.363447 0 2.0764 0.3636604 1
006 3 2 1 -0.0123 0.384229 0 0 0.7478 0 -0.0123 -0.363571 0 2.081487 0.363779 1
006 3 2 1 -0.012142 0.384107 0 0 0.7478 0 -0.012142 -0.363693 0 2.086468 0.3638956 1
006 3 2 1 -0.011982 0.383987 0 0 0.7478 0 -0.011982 -0.363813 0 2.091461 0.3640102 1
006 3 2 1 -0.011821 0.383868 0 0 0.7478 0 -0.011821 -0.363932 0 2.096269 0.3641239 1
006 3 2 1 -0.01166 0.38375 0 0 0.7478 0 -0.01166 -0.36405 0 2.101562 0.3642367 1
006 3 2 1 -0.011496 0.383634 0 0 0.7478 0 -0.011496 -0.364166 0 2.106308 0.3643474 1
006 3 2 1 -0.011332 0.38352 0 0 0.7478 0 -0.011332 -0.36428 0 2.111359 0.3644562 1
006 3 2 1 -0.011167 0.383408 0 0 0.7478 0 -0.011167 -0.364392 0 2.116115 0.364563 1
006 3 2 1 -0.011 0.383297 0 0 0.7478 0 -0.011 -0.364503 0 2.121389 0.3646689 1
006 3 2 1 -0.010833 0.383188 0 0 0.7478 0 -0.010833 -0.364612 0 2.126578 0.3647729 1
006 3 2 1 -0.010664 0.38308 0 0 0.7478 0 -0.010664 -0.36472 0 2.131469 0.3648759 1
006 3 2 1 -0.010494 0.382975 0 0 0.7478 0 -0.010494 -0.364825 0 2.136394 0.3649759 1
006 3 2 1 -0.010324 0.38287 0 0 0.7478 0 -0.010324 -0.36493 0 2.14171 0.365076 1
006 3 2 1 -0.010152 0.382768 0 0 0.7478 0 -0.010152 -0.365032 0 2.147271 0.3651731 1
006 3 2 1 -0.009979 0.382667 0 0 0.7478 0 -0.009979 -0.365133 0 2.152184 0.3652693 1
006 3 2 1 -0.009805 0.382568 0 0 0.7478 0 -0.009805 -0.365232 0 2.157282 0.3653636 1
006 3 2 1 -0.00963 0.382471 0 0 0.7478 0 -0.00963 -0.365329 0 2.162206 0.3654559 1
006 3 2 1 -0.009455 0.382376 0 0 0.7478 0 -0.009455 -0.365424 0 2.166955 0.3655463 1
006 3 2 1 -0.009278 0.382282 0 0 0.7478 0 -0.009278 -0.365518 0 2.171909 0.3656357 1
006 3 2 1 -0.0091 0.38219 0 0 0.7478 0 -0.0091 -0.36561 0 2.176986 0.3657232 1
006 3 2 1 -0.008922 0.3821 0 0 0.7478 0 -0.008922 -0.3657 0 2.181947 0.3658088 1
006 3 2 1 -0.008742 0.382012 0 0 0.7478 0 -0.008742 -0.365788 0 2.186852 0.3658924 1
006 3 2 1 -0.008562 0.381925 0 0 0.7478 0 -0.008562 -0.365875 0 2.191962 0.3659751 1
006 3 2 1 -0.008381 0.381841 0 0 0.7478 0 -0.008381 -0.365959 0 2.196967 0.366055 1
006 3 2 1 -0.008199 0.381758 0 0 0.7478 0 -0.008199 -0.366042 0 2.201999 0.3661338 1
006 3 2 1 -0.008016 0.381677 0 0 0.7478 0 -0.008016 -0.366123 0 2.206907 0.3662107 1
006 3 2 1 -0.007832 0.381597 0 0 0.7478 0 -0.007832 -0.366203 0 2.2122 0.3662867 1
006 3 2 1 -0.007648 0.38152 0 0 0.7478 0 -0.007648 -0.36628 0 2.217463 0.3663598 1
006 3 2 1 -0.007463 0.381444 0 0 0.7478 0 -0.007463 -0.366356 0 2.225625 0.366432 1
006 3 2 1 -0.007277 0.381371 0 0 0.7478 0 -0.007277 -0.366429 0 2.230379 0.3665012 1
006 3 2 1 -0.00709 0.381299 0 0 0.7478 0 -0.00709 -0.366501 0 2.235381 0.3665695 1
006 3 2 1 -0.006903 0.381229 0 0 0.7478 0 -0.006903 -0.366571 0 2.240335 0.366636 1
006 3 2 1 -0.006715 0.381161 0 0 0.7478 0 -0.006715 -0.366639 0 2.245335 0.3667005 1
006 3 2 1 -0.006526 0.381095 0 0 0.7478 0 -0.006526 -0.366705 0 2.250177 0.3667631 1
006 3 2 1 -0.006337 0.38103 0 0 0.7478 0 -0.006337 -0.36677 0 2.255145 0.3668247 1
006 3 2 1 -0.006147 0.380968 0 0 0.7478 0 -0.006147 -0.366832 0 2.260363 0.3668835 1
006 3 2 1 -0.005956 0.380907 0 0 0.7478 0 -0.005956 -0.366893 0 2.265172 0.3669413 1
006 3 2 1 -0.005765 0.380849 0 0 0.7478 0 -0.005765 -0.366951 0 2.27 0.3669963 1
006 3 2 1 -0.005573 0.380792 0 0 0.7478 0 -0.005573 -0.367008 0 2.275349 0.3670503 1
006 3 2 1 -0.005381 0.380737 0 0 0.7478 0 -0.005381 -0.367063 0 2.28042 0.3671024 1
006 3 2 1 -0.005188 0.380685 0 0 0.7478 0 -0.005188 -0.367115 0 2.28527 0.3671516 1
006 3 2 1 -0.004994 0.380634 0 0 0.7478 0 -0.004994 -0.367166 0 2.290265 0.3671999 1
006 3 2 1 -0.0048 0.380585 0 0 0.7478 0 -0.0048 -0.367215 0 2.295606 0.3672463 1
006 3 2 1 -0.004606 0.380538 0 0 0.7478 0 -0.004606 -0.367262 0 2.30063 0.3672909 1
006 3 2 1 -0.004411 0.380493 0 0 0.7478 0 -0.004411 -0.367307 0 2.305376 0.3673335 1
006 3 2 1 -0.004216 0.380449 0 0 0.7478 0 -0.004216 -0.367351 0 2.310514 0.3673752 1
006 3 2 1 -0.00402 0.380408 0 0 0.7478 0 -0.00402 -0.367392 0 2.315366 0.367414 1
006 3 2 1 -0.003824 0.380369 0 0 0.7478 0 -0.003824 -0.367431 0 2.320506 0.3674509 1
006 3 2 1 -0.003628 0.380332 0 0 0.7478 0 -0.003628 -0.367468 0 2.325624 0.3674859 1
006 3 2 1 -0.003431 0.380296 0 0 0.7478 0 -0.003431 -0.367504 0 2.330626 0.36752 1
006 3 2 1 -0.003234 0.380263 0 0 0.7478 0 -0.003234 -0.367537 0 2.335479 0.3675512 1
006 3 2 1 -0.003036 0.380232 0 0 0.7478 0 -0.003036 -0.367568 0 2.340576 0.3675805 1
006 3 2 1 -0.002838 0.380202 0 0 0.7478 0 -0.002838 -0.367598 0 2.345555 0.3676089 1
006 3 2 1 -0.00264 0.380175 0 0 0.7478 0 -0.00264 -0.367625 0 2.350513 0.3676345 1
006 3 2 1 -0.002442 0.38015 0 0 0.7478 0 -0.002442 -0.36765 0 2.355363 0.3676581 1
006 3 2 1 -0.002243 0.380126 0 0 0.7478 0 -0.002243 -0.367674 0 2.360639 0.3676808 1
006 3 2 1 -0.002044 0.380105 0 0 0.7478 0 -0.002044 -0.367695 0 2.365596 0.3677007 1
006 3 2 1 -0.001845 0.380085 0 0 0.7478 0 -0.001845 -0.367715 0 2.370726 0.3677196 1
006 3 2 1 -0.001646 0.380068 0 0 0.7478 0 -0.001646 -0.367732 0 2.378692 0.3677357 1
006 3 2 1 -0.001447 0.380052 0 0 0.7478 0 -0.001447 -0.367748 0 2.383536 0.3677508 1
006 3 2 1 -0.001247 0.380039 0 0 0.7478 0 -0.001247 -0.367761 0 2.388317 0.3677631 1
006 3 2 1 -0.001047 0.380027 0 0 0.7478 0 -0.001047 -0.367773 0 2.393331 0.3677745 1
006 3 2 1 -0.000848 0.380018 0 0 0.7478 0 -0.000848 -0.367782 0 2.398302 0.367783 1
006 3 2 1 -0.000648 0.38001 0 0 0.7478 0 -0.000648 -0.36779 0 2.403452 0.3677905 1
006 3 2 1 -0.000448 0.380005 0 0 0.7478 0 -0.000448 -0.367795 0 2.40851 0.3677953 1
006 3 2 1 -0.000248 0.380002 0 0 0.7478 0 -0.000248 -0.367798 0 2.413354 0.3677981 1
006 3 2 1 -4.8E-05 0.38 0 0 0.7478 0 -4.8E-05 -0.3678 0 2.418298 0.3678 1
006 3 2 1 0.000152 0.380001 0 0 0.7478 0 0.000152 -0.367799 0 2.423261 0.367799 1
006 3 2 1 0.000352 0.380003 0 0 0.7478 0 0.000352 -0.367797 0 2.428371 0.3677972 1
006 3 2 1 0.000552 0.380008 0 0 0.7478 0 0.000552 -0.367792 0 2.433214 0.3677924 1
006 3 2 1 0.000752 0.380014 0 0 0.7478 0 0.000752 -0.367786 0 2.43821 0.3677868 1
006 3 2 1 0.000952 0.380023 0 0 0.7478 0 0.000952 -0.367777 0 2.445362 0.3677782 1
006 3 2 1 0.001152 0.380033 0 0 0.7478 0 0.001152 -0.367767 0 2.45194 0.3677688 1
006 3 2 1 0.001351 0.380046 0 0 0.7478 0 0.001351 -0.367754 0 2.45708 0.3677565 1
006 3 2 1 0.001551 0.38006 0 0 0.7478 0 0.001551 -0.36774 0 2.462101 0.3677433 1
006 3 2 1 0.00175 0.380077 0 0 0.7478 0 0.00175 -0.367723 0 2.467247 0.3677272 1
006 3 2 1 0.001949 0.380095 0 0 0.7478 0 0.001949 -0.367705 0 2.472143 0.3677101 1
006 3 2 1 0.002148 0.380116 0 0 0.7478 0 0.002148 -0.367684 0 2.477474 0.3676902 1
006 3 2 1 0.002347 0.380138 0 0 0.7478 0 0.002347 -0.367662 0 2.482372 0.3676695 1
006 3 2 1 0.002545 0.380163 0 0 0.7478 0 0.002545 -0.367637 0 2.487596 0.3676458 1
006 3 2 1 0.002744 0.380189 0 0 0.7478 0 0.002744 -0.367611 0 2.492543 0.3676212 1
006 3 2 1 0.002942 0.380217 0 0 0.7478 0 0.002942 -0.367583 0 2.497439 0.3675947 1
006 3 2 1 0.003139 0.380248 0 0 0.7478 0 0.003139 -0.367552 0 2.502486 0.3675654 1
006 3 2 1 0.003337 0.38028 0 0 0.7478 0 0.003337 -0.36752 0 2.507495 0.3675351 1
006 3 2 1 0.003534 0.380315 0 0 0.7478 0 0.003534 -0.367485 0 2.512353 0.367502 1
006 3 2 1 0.00373 0.380351 0 0 0.7478 0 0.00373 -0.367449 0 2.517218 0.3674679 1
006 3 2 1 0.003927 0.380389 0 0 0.7478 0 0.003927 -0.367411 0 2.522201 0.367432 1
006 3 2 1 0.004122 0.380429 0 0 0.7478 0 0.004122 -0.367371 0 2.530642 0.3673941 1
006 3 2 1 0.004318 0.380472 0 0 0.7478 0 0.004318 -0.367328 0 2.535967 0.3673533 1
006 3 2 1 0.004513 0.380516 0 0 0.7478 0 0.004513 -0.367284 0 2.541124 0.3673117 1
006 3 2 1 0.004708 0.380562 0 0 0.7478 0 0.004708 -0.367238 0 2.545938 0.3672682 1
006 3 2 1 0.004902 0.38061 0 0 0.7478 0 0.004902 -0.36719 0 2.550816 0.3672227 1
006 3 2 1 0.005095 0.38066 0 0 0.7478 0 0.005095 -0.36714 0 2.555705 0.3671753 1
006 3 2 1 0.005289 0.380712 0 0 0.7478 0 0.005289 -0.367088 0 2.561098 0.3671261 1
006 3 2 1 0.005481 0.380766 0 0 0.7478 0 0.005481 -0.367034 0 2.565968 0.3670749 1
006 3 2 1 0.005673 0.380822 0 0 0.7478 0 0.005673 -0.366978 0 2.571327 0.3670218 1
006 3 2 1 0.005865 0.380879 0 0 0.7478 0 0.005865 -0.366921 0 2.576432 0.3669679 1
006 3 2 1 0.006056 0.380939 0 0 0.7478 0 0.006056 -0.366861 0 2.58137 0.366911 1
006 3 2 1 0.006246 0.381 0 0 0.7478 0 0.006246 -0.3668 0 2.586188 0.3668531 1
006 3 2 1 0.006436 0.381064 0 0 0.7478 0 0.006436 -0.366736 0 2.591151 0.3667925 1
006 3 2 1 0.006625 0.381129 0 0 0.7478 0 0.006625 -0.366671 0 2.596112 0.3667308 1
006 3 2 1 0.006813 0.381196 0 0 0.7478 0 0.006813 -0.366604 0 2.601103 0.3666673 1
006 3 2 1 0.007001 0.381265 0 0 0.7478 0 0.007001 -0.366535 0 2.605856 0.3666019 1
006 3 2 1 0.007188 0.381336 0 0 0.7478 0 0.007188 -0.366464 0 2.611478 0.3665345 1
006 3 2 1 0.007374 0.381409 0 0 0.7478 0 0.007374 -0.366391 0 2.616417 0.3664652 1
006 3 2 1 0.00756 0.381484 0 0 0.7478 0 0.00756 -0.366316 0 2.621593 0.366394 1
006 3 2 1 0.007744 0.38156 0 0 0.7478 0 0.007744 -0.36624 0 2.626628 0.3663219 1
006 3 2 1 0.007928 0.381639 0 0 0.7478 0 0.007928 -0.366161 0 2.631454 0.3662468 1
006 3 2 1 0.008112 0.381719 0 0 0.7478 0 0.008112 -0.366081 0 2.636306 0.3661709 1
006 3 2 1 0.008294 0.381801 0 0 0.7478 0 0.008294 -0.365999 0 2.641453 0.366093 1
006 3 2 1 0.008476 0.381885 0 0 0.7478 0 0.008476 -0.365915 0 2.646283 0.3660131 1
006 3 2 1 0.008656 0.38197 0 0 0.7478 0 0.008656 -0.36583 0 2.651177 0.3659324 1
006 3 2 1 0.008836 0.382058 0 0 0.7478 0 0.008836 -0.365742 0 2.656054 0.3658487 1
006 3 2 1 0.009015 0.382147 0 0 0.7478 0 0.009015 -0.365653 0 2.661289 0.3657641 1
006 3 2 1 0.009193 0.382238 0 0 0.7478 0 0.009193 -0.365562 0 2.666119 0.3656776 1
006 3 2 1 0.00937 0.382331 0 0 0.7478 0 0.00937 -0.365469 0 2.670966 0.3655891 1
006 3 2 1 0.009547 0.382425 0 0 0.7478 0 0.009547 -0.365375 0 2.676342 0.3654997 1
006 3 2 1 0.009722 0.382522 0 0 0.7478 0 0.009722 -0.365278 0 2.684386 0.3654073 1
006 3 2 1 0.009896 0.38262 0 0 0.7478 0 0.009896 -0.36518 0 2.689933 0.365314 1
006 3 2 1 0.010069 0.38272 0 0 0.7478 0 0.010069 -0.36508 0 2.69492 0.3652188 1
006 3 2 1 0.010242 0.382821 0 0 0.7478 0 0.010242 -0.364979 0 2.699992 0.3651227 1
006 3 2 1 0.010413 0.382925 0 0 0.7478 0 0.010413 -0.364875 0 2.704819 0.3650236 1
006 3 2 1 0.010583 0.38303 0 0 0.7478 0 0.010583 -0.36477 0 2.709777 0.3649235 1
006 3 2 1 0.010752 0.383136 0 0 0.7478 0 0.010752 -0.364664 0 2.714778 0.3648224 1
006 3 2 1 0.01092 0.383245 0 0 0.7478 0 0.01092 -0.364555 0 2.719704 0.3647185 1
006 3 2 1 0.011087 0.383355 0 0 0.7478 0 0.011087 -0.364445 0 2.724691 0.3646136 1
006 3 2 1 0.011253 0.383466 0 0 0.7478 0 0.011253 -0.364334 0 2.735531 0.3645077 1
006 3 2 1 0.011418 0.38358 0 0 0.7478 0 0.011418 -0.36422 0 2.740585 0.3643989 1
006 3 2 1 0.011582 0.383695 0 0 0.7478 0 0.011582 -0.364105 0 2.745522 0.3642891 1
006 3 2 1 0.011744 0.383811 0 0 0.7478 0 0.011744 -0.363989 0 2.750334 0.3641784 1
006 3 2 1 0.011906 0.38393 0 0 0.7478 0 0.011906 -0.36387 0 2.75539 0.3640647 1
006 3 2 1 0.012066 0.384049 0 0 0.7478 0 0.012066 -0.363751 0 2.761102 0.3639511 1
006 3 2 1 0.012225 0.384171 0 0 0.7478 0 0.012225 -0.363629 0 2.766031 0.3638344 1
006 3 2 1 0.012382 0.384294 0 0 0.7478 0 0.012382 -0.363506 0 2.770974 0.3637168 1
006 3 2 1 0.012539 0.384419 0 0 0.7478 0 0.012539 -0.363381 0 2.776018 0.3635973 1
006 3 2 1 0.012694 0.384545 0 0 0.7478 0 0.012694 -0.363255 0 2.781322 0.3634767 1
006 3 2 1 0.012848 0.384672 0 0 0.7478 0 0.012848 -0.363128 0 2.786206 0.3633552 1
006 3 2 1 0.013 0.384802 0 0 0.7478 0 0.013 -0.362998 0 2.79131 0.3632307 1
006 3 2 1 0.013152 0.384932 0 0 0.7478 0 0.013152 -0.362868 0 2.796239 0.3631063 1
006 3 2 1 0.013302 0.385065 0 0 0.7478 0 0.013302 -0.362735 0 2.80123 0.3629788 1
006 3 2 1 0.01345 0.385198 0 0 0.7478 0 0.01345 -0.362602 0 2.806273 0.3628514 1
006 3 2 1 0.013598 0.385334 0 0 0.7478 0 0.013598 -0.362466 0 2.811568 0.362721 1
006 3 2 1 0.013744 0.38547 0 0 0.7478 0 0.013744 -0.36233 0 2.816368 0.3625906 1
006 3 2 1 0.013888 0.385609 0 0 0.7478 0 0.013888 -0.362191 0 2.821282 0.3624572 1
006 3 2 1 0.014032 0.385748 0 0 0.7478 0 0.014032 -0.362052 0 2.826206 0.3623238 1
006 3 2 1 0.014173 0.385889 0 0 0.7478 0 0.014173 -0.361911 0 2.831226 0.3621884 1
006 3 2 1 0.014314 0.386032 0 0 0.7478 0 0.014314 -0.361768 0 2.839414 0.362051 1
006 3 2 1 0.014453 0.386175 0 0 0.7478 0 0.014453 -0.361625 0 2.84442 0.3619137 1
006 3 2 1 0.01459 0.386321 0 0 0.7478 0 0.01459 -0.361479 0 2.849126 0.3617733 1
006 3 2 1 0.014726 0.386467 0 0 0.7478 0 0.014726 -0.361333 0 2.853917 0.3616329 1
006 3 2 1 0.014861 0.386615 0 0 0.7478 0 0.014861 -0.361185 0 2.858991 0.3614906 1
006 3 2 1 0.014994 0.386764 0 0 0.7478 0 0.014994 -0.361036 0 2.863868 0.3613472 1
006 3 2 1 0.015126 0.386915 0 0 0.7478 0 0.015126 -0.360885 0 2.868674 0.3612019 1
006 3 2 1 0.015256 0.387067 0 0 0.7478 0 0.015256 -0.360733 0 2.873647 0.3610554 1
006 3 2 1 0.015384 0.38722 0 0 0.7478 0 0.015384 -0.36058 0 2.878819 0.360908 1
006 3 2 1 0.015511 0.387375 0 0 0.7478 0 0.015511 -0.360425 0 2.88359 0.3607586 1
006 3 2 1 0.015637 0.38753 0 0 0.7478 0 0.015637 -0.36027 0 2.888425 0.3606092 1
006 3 2 1 0.015761 0.387687 0 0 0.7478 0 0.015761 -0.360113 0 2.893438 0.3604577 1
006 3 2 1 0.015883 0.387846 0 0 0.7478 0 0.015883 -0.359954 0 2.898522 0.3603043 1
006 3 2 1 0.016004 0.388005 0 0 0.7478 0 0.016004 -0.359795 0 2.90326 0.3601508 1
006 3 2 1 0.016123 0.388166 0 0 0.7478 0 0.016123 -0.359634 0 2.908191 0.3599952 1
006 3 2 1 0.01624 0.388328 0 0 0.7478 0 0.01624 -0.359472 0 2.913077 0.3598386 1
006 3 2 1 0.016356 0.38849 0 0 0.7478 0 0.016356 -0.35931 0 2.917983 0.3596821 1
006 3 2 1 0.016471 0.388655 0 0 0.7478 0 0.016471 -0.359145 0 2.922703 0.3595225 1
006 3 2 1 0.016583 0.38882 0 0 0.7478 0 0.016583 -0.35898 0 2.92784 0.3593628 1
006 3 2 1 0.016694 0.388986 0 0 0.7478 0 0.016694 -0.358814 0 2.932661 0.3592021 1
006 3 2 1 0.016804 0.389154 0 0 0.7478 0 0.016804 -0.358646 0 2.937587 0.3590394 1
006 3 2 1 0.016911 0.389322 0 0 0.7478 0 0.016911 -0.358478 0 2.94282 0.3588766 1
006 3 2 1 0.017017 0.389492 0 0 0.7478 0 0.017017 -0.358308 0 2.947647 0.3587119 1
006 3 2 1 0.017121 0.389663 0 0 0.7478 0 0.017121 -0.358137 0 2.952513 0.358546 1
006 3 2 1 0.017224 0.389834 0 0 0.7478 0 0.017224 -0.357966 0 2.957643 0.3583801 1
006 3 2 1 0.017325 0.390007 0 0 0.7478 0 0.017325 -0.357793 0 2.962658 0.3582122 1
006 3 2 1 0.017424 0.390181 0 0 0.7478 0 0.017424 -0.357619 0 2.967551 0.3580432 1
006 3 2 1 0.017521 0.390356 0 0 0.7478 0 0.017521 -0.357444 0 2.972466 0.3578731 1
006 3 2 1 0.017617 0.390531 0 0 0.7478 0 0.017617 -0.357269 0 2.977752 0.3577031 1
006 3 2 1 0.01771 0.390708 0 0 0.7478 0 0.01771 -0.357092 0 2.982915 0.3575309 1
006 3 2 1 0.017802 0.390886 0 0 0.7478 0 0.017802 -0.356914 0 2.991084 0.3573577 1
006 3 2 1 0.017893 0.391064 0 0 0.7478 0 0.017893 -0.356736 0 2.996682 0.3571844 1
006 3 2 1 0.017981 0.391243 0 0 0.7478 0 0.017981 -0.356557 0 3.001801 0.3570101 1
006 3 2 1 0.018068 0.391424 0 0 0.7478 0 0.018068 -0.356376 0 3.006839 0.3568337 1
006 3 2 1 0.018153 0.391605 0 0 0.7478 0 0.018153 -0.356195 0 3.011971 0.3566572 1
006 3 2 1 0.018236 0.391787 0 0 0.7478 0 0.018236 -0.356013 0 3.016929 0.3564797 1
006 3 2 1 0.018317 0.391969 0 0 0.7478 0 0.018317 -0.355831 0 3.022074 0.3563021 1
006 3 2 1 0.018396 0.392153 0 0 0.7478 0 0.018396 -0.355647 0 3.027147 0.3561225 1
006 3 2 1 0.018474 0.392337 0 0 0.7478 0 0.018474 -0.355463 0 3.032052 0.3559427 1
006 3 2 1 0.01855 0.392522 0 0 0.7478 0 0.01855 -0.355278 0 3.037092 0.3557619 1
006 3 2 1 0.018623 0.392708 0 0 0.7478 0 0.018623 -0.355092 0 3.042005 0.35558 1
006 3 2 1 0.018695 0.392895 0 0 0.7478 0 0.018695 -0.354905 0 3.047365 0.355397 1
006 3 2 1 0.018766 0.393082 0 0 0.7478 0 0.018766 -0.354718 0 3.052326 0.3552141 1
006 3 2 1 0.018834 0.39327 0 0 0.7478 0 0.018834 -0.35453 0 3.057758 0.3550299 1
006 3 2 1 0.0189 0.393459 0 0 0.7478 0 0.0189 -0.354341 0 3.06289 0.3548447 1
006 3 2 1 0.018965 0.393648 0 0 0.7478 0 0.018965 -0.354152 0 3.067644 0.3546594 1
006 3 2 1 0.019027 0.393838 0 0 0.7478 0 0.019027 -0.353962 0 3.072495 0.354473 1
006 3 2 1 0.019088 0.394029 0 0 0.7478 0 0.019088 -0.353771 0 3.077955 0.3542856 1
006 3 2 1 0.019147 0.39422 0 0 0.7478 0 0.019147 -0.35358 0 3.082879 0.354098 1
006 3 2 1 0.019203 0.394412 0 0 0.7478 0 0.019203 -0.353388 0 3.087637 0.3539093 1
006 3 2 1 0.019258 0.394604 0 0 0.7478 0 0.019258 -0.353196 0 3.092528 0.3537206 1
006 3 2 1 0.019311 0.394797 0 0 0.7478 0 0.019311 -0.353003 0 3.097482 0.3535308 1
006 3 2 1 0.019362 0.39499 0 0 0.7478 0 0.019362 -0.35281 0 3.10239 0.3533409 1
006 3 2 1 0.019412 0.395184 0 0 0.7478 0 0.019412 -0.352616 0 3.107224 0.3531499 1
006 3 2 1 0.019459 0.395378 0 0 0.7478 0 0.019459 -0.352422 0 3.112187 0.3529588 1
006 3 2 1 0.019504 0.395573 0 0 0.7478 0 0.019504 -0.352227 0 3.11735 0.3527666 1
006 3 2 1 0.019547 0.395769 0 0 0.7478 0 0.019547 -0.352031 0 3.122211 0.3525733 1
006 3 2 1 0.019589 0.395964 0 0 0.7478 0 0.019589 -0.351836 0 3.127182 0.3523809 1
006 3 2 1 0.019628 0.39616 0 0 0.7478 0 0.019628 -0.35164 0 3.132045 0.3521874 1
006 3 2 1 0.019665 0.396357 0 0 0.7478 0 0.019665 -0.351443 0 3.137014 0.3519927 1
006 3 2 1 0.019701 0.396554 0 0 0.7478 0 0.019701 -0.351246 0 3.145164 0.3517981 1
006 3 2 1 0.019734 0.396751 0 0 0.7478 0 0.019734 -0.351049 0 3.149919 0.3516032 1
006 3 2 1 0.019766 0.396948 0 0 0.7478 0 0.019766 -0.350852 0 3.154776 0.3514083 1
006 3 2 1 0.019795 0.397146 0 0 0.7478 0 0.019795 -0.350654 0 3.160175 0.3512123 1
006 3 2 1 0.019823 0.397344 0 0 0.7478 0 0.019823 -0.350456 0 3.164968 0.3510162 1
006 3 2 1 0.019848 0.397543 0 0 0.7478 0 0.019848 -0.350257 0 3.170095 0.3508189 1
006 3 2 1 0.019872 0.397741 0 0 0.7478 0 0.019872 -0.350059 0 3.175145 0.3506226 1
006 3 2 1 0.019894 0.39794 0 0 0.7478 0 0.019894 -0.34986 0 3.181146 0.3504252 1
006 3 2 1 0.019913 0.398139 0 0 0.7478 0 0.019913 -0.349661 0 3.185994 0.3502276 1
006 3 2 1 0.019931 0.398338 0 0 0.7478 0 0.019931 -0.349462 0 3.191096 0.3500299 1
006 3 2 1 0.019946 0.398538 0 0 0.7478 0 0.019946 -0.349262 0 3.195961 0.3498311 1
006 3 2 1 0.01996 0.398737 0 0 0.7478 0 0.01996 -0.349063 0 3.201056 0.3496332 1
006 3 2 1 0.019972 0.398937 0 0 0.7478 0 0.019972 -0.348863 0 3.205929 0.3494342 1
006 3 2 1 0.019981 0.399137 0 0 0.7478 0 0.019981 -0.348663 0 3.211164 0.349235 1
006 3 2 1 0.019989 0.399336 0 0 0.7478 0 0.019989 -0.348464 0 3.215899 0.3490368 1
006 3 2 1 0.019995 0.399536 0 0 0.7478 0 0.019995 -0.348264 0 3.220925 0.3488375 1
006 3 2 1 0.019998 0.399736 0 0 0.7478 0 0.019998 -0.348064 0 3.225798 0.348638 1
006 3 2 1 0.02 0.399936 0 0 0.7478 0 0.02 -0.347864 0 3.230905 0.3484384 1
006 3 2 1 0.02 0.4 0 0 0.7478 0 0.02 -0.3478 0 3.235695 0.3483745 1
