43 1 1 6 0 0.8800501 0.03 0 0.8 0 0 0.08005005 0.03 0 0.0854869 0 0 0 0
43 1 1 6 0.00042 0.8800501 0.0299985 0 0.8 0 0.00042 0.08005005 0.0299985 0.005630493 0.08548741 0 1 0 0
43 1 1 6 0.00084 0.8800501 0.029994 0 0.8 0 0.00084 0.08005005 0.029994 0.01042938 0.08548892 0 1 0 0
43 1 1 6 0.00126 0.8800501 0.0299865 0 0.8 0 0.00126 0.08005005 0.0299865 0.0153656 0.08549146 0 1 0 0
43 1 1 6 0.00168 0.8800501 0.029976 0 0.8 0 0.00168 0.08005005 0.029976 0.01976776 0.08549499 0 1 0 0
43 1 1 6 0.0021 0.8800501 0.029964 0 0.8 0 0.0021 0.08005005 0.029964 0.03633881 0.08550007 0 1 0 0
43 1 1 6 0.00252 0.8800501 0.0299475 0 0.8 0 0.00252 0.08005005 0.0299475 0.04141998 0.08550563 0 1 0 0
43 1 1 6 0.0029385 0.8800501 0.029928 0 0.8 0 0.0029385 0.08005005 0.029928 0.04720306 0.08551217 0 1 0 0
43 1 1 6 0.0033585 0.8800501 0.0299055 0 0.8 0 0.0033585 0.08005005 0.0299055 0.0639267 0.08551976 0 1 0 0
43 1 1 6 0.003777 0.8800501 0.0298815 0 0.8 0 0.003777 0.08005005 0.0298815 0.06895447 0.08552883 0 1 0 0
43 1 1 6 0.004197 0.8800501 0.029853 0 0.8 0 0.004197 0.08005005 0.029853 0.07394409 0.08553845 0 1 0 0
43 1 1 6 0.0046155 0.8800501 0.0298215 0 0.8 0 0.0046155 0.08005005 0.0298215 0.07896423 0.08554903 0 1 0 0
43 1 1 6 0.005034 0.8800501 0.0297885 0 0.8 0 0.005034 0.08005005 0.0297885 0.09622192 0.08556113 0 1 0 0
43 1 1 6 0.0054525 0.8800501 0.029751 0 0.8 0 0.0054525 0.08005005 0.029751 0.1020355 0.08557373 0 1 0 0
43 1 1 6 0.005871 0.8800501 0.029712 0 0.8 0 0.005871 0.08005005 0.029712 0.118782 0.08558787 0 1 0 0
43 1 1 6 0.006287999 0.8800501 0.02967 0 0.8 0 0.006287999 0.08005005 0.02967 0.1246338 0.08560291 0 1 0 0
43 1 1 6 0.006706499 0.8800501 0.0296235 0 0.8 0 0.006706499 0.08005005 0.0296235 0.1291046 0.08561857 0 1 0 0
43 1 1 6 0.0071235 0.8800501 0.0295755 0 0.8 0 0.0071235 0.08005005 0.0295755 0.1339569 0.08563565 0 1 0 0
43 1 1 6 0.0075405 0.8800501 0.0295245 0 0.8 0 0.0075405 0.08005005 0.0295245 0.1381302 0.08565375 0 1 0 0
43 1 1 6 0.007956 0.8800501 0.0294705 0 0.8 0 0.007956 0.08005005 0.0294705 0.1432495 0.08567274 0 1 0 0
43 1 1 6 0.008373 0.8800501 0.0294135 0 0.8 0 0.008373 0.08005005 0.0294135 0.1604233 0.08569289 0 1 0 0
43 1 1 6 0.0087885 0.8800501 0.0293535 0 0.8 0 0.0087885 0.08005005 0.0293535 0.1659546 0.08571392 0 1 0 0
43 1 1 6 0.009204 0.8800501 0.0292905 0 0.8 0 0.009204 0.08005005 0.0292905 0.1708908 0.08573598 0 1 0 0
43 1 1 6 0.009618 0.8800501 0.0292245 0 0.8 0 0.009618 0.08005005 0.0292245 0.1756439 0.08575889 0 1 0 0
43 1 1 6 0.010032 0.8800501 0.0291555 0 0.8 0 0.010032 0.08005005 0.0291555 0.1923981 0.08578283 0 1 0 0
43 1 1 6 0.010446 0.8800501 0.0290835 0 0.8 0 0.010446 0.08005005 0.0290835 0.1981506 0.08580781 0 1 0 0
43 1 1 6 0.01086 0.8800501 0.0290085 0 0.8 0 0.01086 0.08005005 0.0290085 0.2030334 0.08583381 0 1 0 0
43 1 1 6 0.0112725 0.8800501 0.028932 0 0.8 0 0.0112725 0.08005005 0.028932 0.2199783 0.08586117 0 1 0 0
43 1 1 6 0.011685 0.8800501 0.028851 0 0.8 0 0.011685 0.08005005 0.028851 0.2254791 0.08588906 0 1 0 0
43 1 1 6 0.012096 0.8800501 0.0287685 0 0.8 0 0.012096 0.08005005 0.0287685 0.2303085 0.08591828 0 1 0 0
43 1 1 6 0.012507 0.8800501 0.0286815 0 0.8 0 0.012507 0.08005005 0.0286815 0.2351608 0.08594804 0 1 0 0
43 1 1 6 0.012918 0.8800501 0.028593 0 0.8 0 0.012918 0.08005005 0.028593 0.252121 0.08597933 0 1 0 0
43 1 1 6 0.0133275 0.8800501 0.0285015 0 0.8 0 0.0133275 0.08005005 0.0285015 0.2577133 0.08601144 0 1 0 0
43 1 1 6 0.013737 0.8800501 0.028407 0 0.8 0 0.013737 0.08005005 0.028407 0.2682648 0.0860446 0 1 0 0
43 1 1 6 0.014145 0.8800501 0.028308 0 0.8 0 0.014145 0.08005005 0.028308 0.2848358 0.08607807 0 1 0 0
43 1 1 6 0.014553 0.8800501 0.0282075 0 0.8 0 0.014553 0.08005005 0.0282075 0.2902145 0.08611309 0 1 0 0
43 1 1 6 0.014961 0.8800501 0.0281055 0 0.8 0 0.014961 0.08005005 0.0281055 0.2949905 0.08614965 0 1 0 0
43 1 1 6 0.0153675 0.8800501 0.027999 0 0.8 0 0.0153675 0.08005005 0.027999 0.2997894 0.08618651 0 1 0 0
43 1 1 6 0.0157725 0.8800501 0.0278895 0 0.8 0 0.0157725 0.08005005 0.0278895 0.3164139 0.08622416 0 1 0 0
43 1 1 6 0.0161775 0.8800501 0.0277785 0 0.8 0 0.0161775 0.08005005 0.0277785 0.3220139 0.08626336 0 1 0 0
43 1 1 6 0.016581 0.8800501 0.027663 0 0.8 0 0.016581 0.08005005 0.027663 0.3272324 0.08630285 0 1 0 0
43 1 1 6 0.0169845 0.8800501 0.027546 0 0.8 0 0.0169845 0.08005005 0.027546 0.331955 0.08634388 0 1 0 0
43 1 1 6 0.0173865 0.8800501 0.027426 0 0.8 0 0.0173865 0.08005005 0.027426 0.3489914 0.08638568 0 1 0 0
43 1 1 6 0.0177885 0.8800501 0.027303 0 0.8 0 0.0177885 0.08005005 0.027303 0.3542175 0.08642855 0 1 0 0
43 1 1 6 0.018189 0.8800501 0.027177 0 0.8 0 0.018189 0.08005005 0.027177 0.3590546 0.08647219 0 1 0 0
43 1 1 6 0.0185895 0.8800501 0.027048 0 0.8 0 0.0185895 0.08005005 0.027048 0.3637009 0.0865169 0 1 0 0
43 1 1 6 0.0189885 0.8800501 0.026916 0 0.8 0 0.0189885 0.08005005 0.026916 0.3806381 0.08656238 0 1 0 0
43 1 1 6 0.019386 0.8800501 0.0267825 0 0.8 0 0.019386 0.08005005 0.0267825 0.3862305 0.08660907 0 1 0 0
43 1 1 6 0.0197835 0.8800501 0.0266445 0 0.8 0 0.0197835 0.08005005 0.0266445 0.4031143 0.08665638 0 1 0 0
43 1 1 6 0.0201795 0.8800501 0.026505 0 0.8 0 0.0201795 0.08005005 0.026505 0.4085541 0.08670489 0 1 0 0
43 1 1 6 0.020574 0.8800501 0.0263625 0 0.8 0 0.020574 0.08005005 0.0263625 0.4184647 0.08675414 0 1 0 0
43 1 1 6 0.0209685 0.8800501 0.026217 0 0.8 0 0.0209685 0.08005005 0.026217 0.423111 0.08680449 0 1 0 0
43 1 1 6 0.0213615 0.8800501 0.0260685 0 0.8 0 0.0213615 0.08005005 0.0260685 0.4397049 0.08685558 0 1 0 0
43 1 1 6 0.021753 0.8800501 0.0259185 0 0.8 0 0.021753 0.08005005 0.0259185 0.4448547 0.08690783 0 1 0 0
43 1 1 6 0.022143 0.8800501 0.025764 0 0.8 0 0.022143 0.08005005 0.025764 0.4502182 0.08696038 0 1 0 0
43 1 1 6 0.022533 0.8800501 0.025608 0 0.8 0 0.022533 0.08005005 0.025608 0.4543457 0.08701446 0 1 0 0
43 1 1 6 0.0229215 0.8800501 0.025449 0 0.8 0 0.0229215 0.08005005 0.025449 0.4709167 0.08706927 0 1 0 0
43 1 1 6 0.02331 0.8800501 0.025287 0 0.8 0 0.02331 0.08005005 0.025287 0.4761963 0.08712519 0 1 0 0
43 1 1 6 0.023697 0.8800501 0.025122 0 0.8 0 0.023697 0.08005005 0.025122 0.4810944 0.08718184 0 1 0 0
43 1 1 6 0.024081 0.8800501 0.0249555 0 0.8 0 0.024081 0.08005005 0.0249555 0.4855728 0.08723923 0 1 0 0
43 1 1 6 0.024465 0.8800501 0.024786 0 0.8 0 0.024465 0.08005005 0.024786 0.5028229 0.08729772 0 1 0 1
43 1 1 6 0.024849 0.8800501 0.024612 0 0.8 0 0.024849 0.08005005 0.024612 0.5082321 0.08735693 0 1 0 1
43 1 1 6 0.02523 0.8800501 0.024438 0 0.8 0 0.02523 0.08005005 0.024438 0.5129166 0.08741727 0 1 0 1
43 1 1 6 0.025611 0.8800501 0.0242595 0 0.8 0 0.025611 0.08005005 0.0242595 0.5177383 0.08747832 0 0 0 1
43 1 1 6 0.0259905 0.8800501 0.0240795 0 0.8 0 0.0259905 0.08005005 0.0240795 0.5343094 0.0875405 0 0 0 1
43 1 1 6 0.026367 0.8800501 0.023895 0 0.8 0 0.026367 0.08005005 0.023895 0.5398407 0.08760251 0 0 0 1
43 1 1 6 0.026745 0.8800501 0.0237105 0 0.8 0 0.026745 0.08005005 0.0237105 0.5564728 0.08766695 0 0 0 1
43 1 1 6 0.02712 0.8800501 0.0235215 0 0.8 0 0.02712 0.08005005 0.0235215 0.5618134 0.08773121 0 0 0 1
43 1 1 6 0.0274935 0.8800501 0.0233295 0 0.8 0 0.0274935 0.08005005 0.0233295 0.5724869 0.08779617 0 0 0 1
43 1 1 6 0.027867 0.8800501 0.023136 0 0.8 0 0.027867 0.08005005 0.023136 0.577034 0.08786271 0 0 0 1
43 1 1 6 0.0282375 0.8800501 0.0229395 0 0.8 0 0.0282375 0.08005005 0.0229395 0.58181 0.08792945 0 0 0 1
43 1 1 6 0.028608 0.8800501 0.0227415 0 0.8 0 0.028608 0.08005005 0.0227415 0.5986404 0.08799775 0 0 0 1
43 1 1 6 0.0289755 0.8800501 0.022539 0 0.8 0 0.0289755 0.08005005 0.022539 0.6037292 0.08806586 0 0 0 1
43 1 1 6 0.029343 0.8800501 0.022335 0 0.8 0 0.029343 0.08005005 0.022335 0.6079254 0.08813555 0 0 0 1
43 1 1 6 0.029709 0.8800501 0.022128 0 0.8 0 0.029709 0.08005005 0.022128 0.6124344 0.08820592 0 0 0 1
43 1 1 6 0.0300735 0.8800501 0.0219195 0 0.8 0 0.0300735 0.08005005 0.0219195 0.6290054 0.08827735 0 0 0 1
43 1 1 6 0.030435 0.8800501 0.021708 0 0.8 0 0.030435 0.08005005 0.021708 0.6341934 0.08834895 0 0 0 1
43 1 1 6 0.0307965 0.8800501 0.0214935 0 0.8 0 0.0307965 0.08005005 0.0214935 0.6383743 0.08842175 0 0 0 1
43 1 1 6 0.0311565 0.8800501 0.021276 0 0.8 0 0.0311565 0.08005005 0.021276 0.6429443 0.08849524 0 0 0 1
43 1 1 6 0.031515 0.8800501 0.021057 0 0.8 0 0.031515 0.08005005 0.021057 0.6596069 0.08856977 0 0 0 1
43 1 1 6 0.0318705 0.8800501 0.020835 0 0.8 0 0.0318705 0.08005005 0.020835 0.6652298 0.08864444 0 0 0 1
43 1 1 6 0.032226 0.8800501 0.0206115 0 0.8 0 0.032226 0.08005005 0.0206115 0.6700897 0.08872068 0 0 0 1
43 1 1 6 0.03258 0.8800501 0.0203835 0 0.8 0 0.03258 0.08005005 0.0203835 0.6748505 0.08879726 0 0 0 1
43 1 1 6 0.032931 0.8800501 0.0201555 0 0.8 0 0.032931 0.08005005 0.0201555 0.691658 0.08887467 0 0 0 1
43 1 1 6 0.033282 0.8800501 0.019923 0 0.8 0 0.033282 0.08005005 0.019923 0.7026367 0.08895296 0 0 0 1
43 1 1 6 0.03363 0.8800501 0.019689 0 0.8 0 0.03363 0.08005005 0.019689 0.7192001 0.0890317 0 0 0 1
43 1 1 6 0.033978 0.8800501 0.019452 0 0.8 0 0.033978 0.08005005 0.019452 0.7246246 0.0891117 0 0 0 1
43 1 1 6 0.034323 0.8800501 0.0192135 0 0.8 0 0.034323 0.08005005 0.0192135 0.7356262 0.08919214 0 0 0 1
43 1 1 6 0.0346665 0.8800501 0.018972 0 0.8 0 0.0346665 0.08005005 0.018972 0.752243 0.08927325 0 0 0 1
43 1 1 6 0.0350085 0.8800501 0.0187275 0 0.8 0 0.0350085 0.08005005 0.0187275 0.7578125 0.08935505 0 0 0 1
43 1 1 6 0.035349 0.8800501 0.0184815 0 0.8 0 0.035349 0.08005005 0.0184815 0.7623825 0.08943785 0 0 0 1
43 1 1 6 0.0356865 0.8800501 0.0182325 0 0.8 0 0.0356865 0.08005005 0.0182325 0.7677383 0.08952073 0 0 0 1
43 1 1 6 0.036024 0.8800501 0.017982 0 0.8 0 0.036024 0.08005005 0.017982 0.7844315 0.0896052 0 0 0 1
43 1 1 6 0.0363585 0.8800501 0.0177285 0 0.8 0 0.0363585 0.08005005 0.0177285 0.7899628 0.08968975 0 0 0 1
43 1 1 6 0.0366915 0.8800501 0.0174735 0 0.8 0 0.0366915 0.08005005 0.0174735 0.7947464 0.08977528 0 0 0 1
43 1 1 6 0.037023 0.8800501 0.0172155 0 0.8 0 0.037023 0.08005005 0.0172155 0.7991943 0.08986148 0 0 0 1
43 1 1 6 0.037353 0.8800501 0.0169545 0 0.8 0 0.037353 0.08005005 0.0169545 0.8157578 0.08994839 0 0 0 1
43 1 1 6 0.0376815 0.8800501 0.016692 0 0.8 0 0.0376815 0.08005005 0.016692 0.8209152 0.09003627 0 0 0 1
43 1 1 6 0.038007 0.8800501 0.0164265 0 0.8 0 0.038007 0.08005005 0.0164265 0.8261719 0.0901242 0 0 0 1
43 1 1 6 0.038331 0.8800501 0.0161595 0 0.8 0 0.038331 0.08005005 0.0161595 0.8312607 0.09021311 0 0 0 1
43 1 1 6 0.0386535 0.8800501 0.015891 0 0.8 0 0.0386535 0.08005005 0.015891 0.8478241 0.09030298 0 0 0 1
43 1 1 6 0.038973 0.8800501 0.0156195 0 0.8 0 0.038973 0.08005005 0.0156195 0.8529282 0.09039289 0 0 0 1
43 1 1 6 0.039291 0.8800501 0.015345 0 0.8 0 0.039291 0.08005005 0.015345 0.8629532 0.09048349 0 0 0 1
43 1 1 6 0.0396075 0.8800501 0.015069 0 0.8 0 0.0396075 0.08005005 0.015069 0.8796463 0.09057505 0 0 0 1
43 1 1 6 0.0399225 0.8800501 0.01479 0 0.8 0 0.0399225 0.08005005 0.01479 0.8851929 0.09066731 0 0 0 1
43 1 1 6 0.0402345 0.8800501 0.0145095 0 0.8 0 0.0402345 0.08005005 0.0145095 0.8949203 0.09075986 0 0 0 1
43 1 1 6 0.0405465 0.8800501 0.0142275 0 0.8 0 0.0405465 0.08005005 0.0142275 0.9120865 0.09085401 0 0 0 1
43 1 1 6 0.040854 0.8800501 0.0139425 0 0.8 0 0.040854 0.08005005 0.0139425 0.9176178 0.09094753 0 0 0 1
43 1 1 6 0.0411615 0.8800501 0.0136545 0 0.8 0 0.0411615 0.08005005 0.0136545 0.9225464 0.09104244 0 0 0 1
43 1 1 6 0.041466 0.8800501 0.0133665 0 0.8 0 0.041466 0.08005005 0.0133665 0.9391174 0.09113783 0 0 0 1
43 1 1 6 0.0417675 0.8800501 0.013074 0 0.8 0 0.0417675 0.08005005 0.013074 0.9451828 0.09123302 0 0 0 1
43 1 1 6 0.042069 0.8800501 0.0127815 0 0.8 0 0.042069 0.08005005 0.0127815 0.9507065 0.09133005 0 0 0 1
43 1 1 6 0.0423675 0.8800501 0.012486 0 0.8 0 0.0423675 0.08005005 0.012486 0.9557724 0.09142711 0 0 0 1
43 1 1 6 0.042663 0.8800501 0.0121875 0 0.8 0 0.042663 0.08005005 0.0121875 0.9725723 0.09152419 0 0 0 1
43 1 1 6 0.042957 0.8800501 0.011889 0 0.8 0 0.042957 0.08005005 0.011889 0.97789 0.0916224 0 0 0 1
43 1 1 6 0.0432495 0.8800501 0.011586 0 0.8 0 0.0432495 0.08005005 0.011586 0.9832077 0.09172112 0 0 0 1
43 1 1 6 0.0435405 0.8800501 0.011283 0 0.8 0 0.0435405 0.08005005 0.011283 0.9877548 0.09182098 0 0 0 1
43 1 1 6 0.0438285 0.8800501 0.010977 0 0.8 0 0.0438285 0.08005005 0.010977 1.004646 0.09192085 0 0 0 1
43 1 1 6 0.0441135 0.8800501 0.0106695 0 0.8 0 0.0441135 0.08005005 0.0106695 1.010109 0.09202092 0 0 0 1
43 1 1 6 0.044397 0.8800501 0.010359 0 0.8 0 0.044397 0.08005005 0.010359 1.027435 0.09212173 0 0 0 1
43 1 1 6 0.044679 0.8800501 0.0100485 0 0.8 0 0.044679 0.08005005 0.0100485 1.033051 0.09222362 0 0 0 1
43 1 1 6 0.044958 0.8800501 0.0097335 0 0.8 0 0.044958 0.08005005 0.0097335 1.037697 0.09232537 0 0 0 1
43 1 1 6 0.0452355 0.8800501 0.009418501 0 0.8 0 0.0452355 0.08005005 0.009418501 1.047272 0.09242819 0 0 0 1
43 1 1 6 0.04551 0.8800501 0.0091005 0 0.8 0 0.04551 0.08005005 0.0091005 1.063835 0.09253102 0 0 0 1
43 1 1 6 0.045783 0.8800501 0.008781 0 0.8 0 0.045783 0.08005005 0.008781 1.069267 0.09263477 0 0 0 1
43 1 1 6 0.046053 0.8800501 0.00846 0 0.8 0 0.046053 0.08005005 0.00846 1.074165 0.09273867 0 0 0 1
43 1 1 6 0.04632 0.8800501 0.008136 0 0.8 0 0.04632 0.08005005 0.008136 1.078278 0.09284259 0 0 0 1
43 1 1 6 0.046587 0.8800501 0.007812 0 0.8 0 0.046587 0.08005005 0.007812 1.094849 0.0929483 0 0 0 1
43 1 1 6 0.0468495 0.8800501 0.007484999 0 0.8 0 0.0468495 0.08005005 0.007484999 1.100487 0.09305327 0 0 0 1
43 1 1 6 0.047112 0.8800501 0.007155 0 0.8 0 0.047112 0.08005005 0.007155 1.105698 0.09315979 0 0 0 1
43 1 1 6 0.04737 0.8800501 0.006825 0 0.8 0 0.04737 0.08005005 0.006825 1.110573 0.09326579 0 0 0 1
43 1 1 6 0.0476265 0.8800501 0.006492 0 0.8 0 0.0476265 0.08005005 0.006492 1.12748 0.09337259 0 0 0 1
43 1 1 6 0.0478815 0.8800501 0.0061575 0 0.8 0 0.0478815 0.08005005 0.0061575 1.133209 0.09348028 0 0 0 1
43 1 1 6 0.0481335 0.8800501 0.0058215 0 0.8 0 0.0481335 0.08005005 0.0058215 1.138176 0.09358811 0 0 0 1
43 1 1 6 0.0483825 0.8800501 0.005484 0 0.8 0 0.0483825 0.08005005 0.005484 1.143326 0.09369606 0 0 0 1
43 1 1 6 0.04863 0.8800501 0.005145 0 0.8 0 0.04863 0.08005005 0.005145 1.159897 0.0938049 0 0 0 1
43 1 1 6 0.0488745 0.8800501 0.004803 0 0.8 0 0.0488745 0.08005005 0.004803 1.16597 0.09391377 0 0 0 1
43 1 1 6 0.0491175 0.8800501 0.004461 0 0.8 0 0.0491175 0.08005005 0.004461 1.171165 0.09402362 0 0 0 1
43 1 1 6 0.0493575 0.8800501 0.004116 0 0.8 0 0.0493575 0.08005005 0.004116 1.187737 0.0941335 0 0 0 1
43 1 1 6 0.0495945 0.8800501 0.0037695 0 0.8 0 0.0495945 0.08005005 0.0037695 1.193314 0.09424348 0 0 0 1
43 1 1 6 0.04983 0.8800501 0.0034215 0 0.8 0 0.04983 0.08005005 0.0034215 1.203323 0.09435437 0 0 0 1
43 1 1 6 0.0500625 0.8800501 0.003072 0 0.8 0 0.0500625 0.08005005 0.003072 1.219887 0.09446535 0 0 0 1
43 1 1 6 0.0502935 0.8800501 0.002721 0 0.8 0 0.0502935 0.08005005 0.002721 1.225121 0.09457722 0 0 0 1
43 1 1 6 0.05052 0.8800501 0.002367 0 0.8 0 0.05052 0.08005005 0.002367 1.229729 0.09468835 0 0 0 1
43 1 1 6 0.0507465 0.8800501 0.002013 0 0.8 0 0.0507465 0.08005005 0.002013 1.2341 0.09480122 0 0 0 1
43 1 1 6 0.0509685 0.8800501 0.0016575 0 0.8 0 0.0509685 0.08005005 0.0016575 1.23838 0.09491336 0 0 0 1
43 1 1 6 0.051189 0.8800501 0.001299 0 0.8 0 0.051189 0.08005005 0.001299 1.254951 0.09502637 0 0 0 1
43 1 1 6 0.0514065 0.8800501 0.0009405 0 0.8 0 0.0514065 0.08005005 0.0009405 1.260277 0.0951395 0 0 0 1
43 1 1 6 0.0516225 0.8800501 0.0005805 0 0.8 0 0.0516225 0.08005005 0.0005805 1.265869 0.0952535 0 0 0 1
43 1 1 6 0.0518355 0.8800501 0.0002175 0 0.8 0 0.0518355 0.08005005 0.0002175 1.28244 0.09536759 0 0 0 1
43 1 1 6 0.0520455 0.8800501 -0.0001455 0 0.8 0 0.0520455 0.08005005 0.0001455 1.287712 0.09548176 0 0 0 1
43 1 1 6 0.0522525 0.8800501 -0.0005115 0 0.8 0 0.0522525 0.08005005 0.0005115 1.292023 0.09559601 0 0 0 1
43 1 1 6 0.052458 0.8800501 -0.0008774999 0 0.8 0 0.052458 0.08005005 0.0008774999 1.296021 0.09571114 0 0 0 1
43 1 1 6 0.0526605 0.8800501 -0.001245 0 0.8 0 0.0526605 0.08005005 0.001245 1.300438 0.09582635 0 0 0 1
43 1 1 6 0.0528615 0.8800501 -0.001614 0 0.8 0 0.0528615 0.08005005 0.001614 1.317001 0.09594245 0 0 0 1
43 1 1 6 0.053058 0.8800501 -0.0019845 0 0.8 0 0.053058 0.08005005 0.0019845 1.322227 0.09605779 0 0 0 1
43 1 1 6 0.053253 0.8800501 -0.002358 0 0.8 0 0.053253 0.08005005 0.002358 1.326958 0.09617408 0 0 0 1
43 1 1 6 0.053445 0.8800501 -0.0027315 0 0.8 0 0.053445 0.08005005 0.0027315 1.343521 0.09629039 0 0 0 1
43 1 1 6 0.0536355 0.8800501 -0.003105 0 0.8 0 0.0536355 0.08005005 0.003105 1.349342 0.09640756 0 0 0 1
43 1 1 6 0.0538215 0.8800501 -0.0034815 0 0.8 0 0.0538215 0.08005005 0.0034815 1.358795 0.09652402 0 0 0 1
43 1 1 6 0.054006 0.8800501 -0.0038595 0 0.8 0 0.054006 0.08005005 0.0038595 1.363449 0.09664137 0 0 0 1
43 1 1 6 0.0541875 0.8800501 -0.0042375 0 0.8 0 0.0541875 0.08005005 0.0042375 1.380455 0.09675873 0 0 0 1
43 1 1 6 0.054366 0.8800501 -0.004617 0 0.8 0 0.054366 0.08005005 0.004617 1.386391 0.09687616 0 0 0 1
43 1 1 6 0.054543 0.8800501 -0.0049995 0 0.8 0 0.054543 0.08005005 0.0049995 1.391197 0.09699456 0 0 0 1
43 1 1 6 0.054717 0.8800501 -0.005382 0 0.8 0 0.054717 0.08005005 0.005382 1.407768 0.09711296 0 0 0 1
43 1 1 6 0.054888 0.8800501 -0.0057645 0 0.8 0 0.054888 0.08005005 0.0057645 1.41304 0.09723134 0 0 0 1
43 1 1 6 0.055056 0.8800501 -0.00615 0 0.8 0 0.055056 0.08005005 0.00615 1.417923 0.09734987 0 0 0 1
43 1 1 6 0.055221 0.8800501 -0.0065355 0 0.8 0 0.055221 0.08005005 0.0065355 1.423248 0.09746837 0 0 0 1
43 1 1 6 0.0553845 0.8800501 -0.0069225 0 0.8 0 0.0553845 0.08005005 0.0069225 1.439941 0.09758778 0 0 0 1
43 1 1 6 0.055545 0.8800501 -0.007311 0 0.8 0 0.055545 0.08005005 0.007311 1.44532 0.09770726 0 0 0 1
43 1 1 6 0.0557025 0.8800501 -0.007701 0 0.8 0 0.0557025 0.08005005 0.007701 1.449883 0.09782681 0 0 0 1
43 1 1 6 0.055857 0.8800501 -0.008091 0 0.8 0 0.055857 0.08005005 0.008091 1.454269 0.09794631 0 0 0 1
43 1 1 6 0.0560085 0.8800501 -0.0084825 0 0.8 0 0.0560085 0.08005005 0.0084825 1.47123 0.09806587 0 0 0 1
43 1 1 6 0.0561585 0.8800501 -0.0088755 0 0.8 0 0.0561585 0.08005005 0.0088755 1.476555 0.09818637 0 0 0 1
43 1 1 6 0.056304 0.8800501 -0.0092685 0 0.8 0 0.056304 0.08005005 0.0092685 1.48156 0.09830593 0 0 0 1
43 1 1 6 0.056448 0.8800501 -0.009663001 0 0.8 0 0.056448 0.08005005 0.009663001 1.498566 0.09842642 0 0 0 1
43 1 1 6 0.056589 0.8800501 -0.010059 0 0.8 0 0.056589 0.08005005 0.010059 1.503693 0.09854699 0 0 0 1
43 1 1 6 0.056727 0.8800501 -0.010455 0 0.8 0 0.056727 0.08005005 0.010455 1.512703 0.09866747 0 0 0 1
43 1 1 6 0.0568635 0.8800501 -0.0108525 0 0.8 0 0.0568635 0.08005005 0.0108525 1.516937 0.09878889 0 0 0 1
43 1 1 6 0.0569955 0.8800501 -0.0112515 0 0.8 0 0.0569955 0.08005005 0.0112515 1.534103 0.09890953 0 0 0 1
43 1 1 6 0.057126 0.8800501 -0.0116505 0 0.8 0 0.057126 0.08005005 0.0116505 1.539238 0.09903093 0 0 0 1
43 1 1 6 0.057252 0.8800501 -0.012051 0 0.8 0 0.057252 0.08005005 0.012051 1.54438 0.09915154 0 0 0 1
43 1 1 6 0.0573765 0.8800501 -0.012453 0 0.8 0 0.0573765 0.08005005 0.012453 1.549568 0.09927312 0 0 0 1
43 1 1 6 0.057498 0.8800501 -0.012855 0 0.8 0 0.057498 0.08005005 0.012855 1.566139 0.09939457 0 0 0 1
43 1 1 6 0.0576165 0.8800501 -0.013257 0 0.8 0 0.0576165 0.08005005 0.013257 1.571609 0.09951593 0 0 0 1
43 1 1 6 0.057732 0.8800501 -0.0136605 0 0.8 0 0.057732 0.08005005 0.0136605 1.5765 0.09963737 0 0 0 1
43 1 1 6 0.057846 0.8800501 -0.0140655 0 0.8 0 0.057846 0.08005005 0.0140655 1.580933 0.09975976 0 0 0 1
43 1 1 6 0.0579555 0.8800501 -0.0144705 0 0.8 0 0.0579555 0.08005005 0.0144705 1.597679 0.09988116 0 0 0 1
43 1 1 6 0.0580635 0.8800501 -0.014877 0 0.8 0 0.0580635 0.08005005 0.014877 1.603302 0.1000035 0 0 0 1
43 1 1 6 0.058167 0.8800501 -0.0152835 0 0.8 0 0.058167 0.08005005 0.0152835 1.607719 0.1001249 0 0 0 1
43 1 1 6 0.058269 0.8800501 -0.0156915 0 0.8 0 0.058269 0.08005005 0.0156915 1.612373 0.1002472 0 0 0 1
43 1 1 6 0.058368 0.8800501 -0.0160995 0 0.8 0 0.058368 0.08005005 0.0160995 1.629242 0.1003695 0 0 0 1
43 1 1 6 0.058464 0.8800501 -0.016509 0 0.8 0 0.058464 0.08005005 0.016509 1.634712 0.1004918 0 0 0 1
43 1 1 6 0.058557 0.8800501 -0.0169185 0 0.8 0 0.058557 0.08005005 0.0169185 1.639931 0.100614 0 0 0 1
43 1 1 6 0.058647 0.8800501 -0.017328 0 0.8 0 0.058647 0.08005005 0.017328 1.656502 0.100736 0 0 0 1
43 1 1 6 0.058734 0.8800501 -0.017739 0 0.8 0 0.058734 0.08005005 0.017739 1.661827 0.1008581 0 0 0 1
43 1 1 6 0.058818 0.8800501 -0.01815 0 0.8 0 0.058818 0.08005005 0.01815 1.672569 0.1009801 0 0 0 1
43 1 1 6 0.0589005 0.8800501 -0.0185625 0 0.8 0 0.0589005 0.08005005 0.0185625 1.689301 0.1011031 0 0 0 1
43 1 1 6 0.0589785 0.8800501 -0.018975 0 0.8 0 0.0589785 0.08005005 0.018975 1.694679 0.1012251 0 0 0 1
43 1 1 6 0.0590535 0.8800501 -0.019389 0 0.8 0 0.0590535 0.08005005 0.019389 1.699478 0.1013472 0 0 0 1
43 1 1 6 0.059127 0.8800501 -0.0198015 0 0.8 0 0.059127 0.08005005 0.0198015 1.703812 0.1014698 0 0 0 1
43 1 1 6 0.0591975 0.8800501 -0.0202155 0 0.8 0 0.0591975 0.08005005 0.0202155 1.72049 0.1015924 0 0 0 1
43 1 1 6 0.0592635 0.8800501 -0.020631 0 0.8 0 0.0592635 0.08005005 0.020631 1.726624 0.1017144 0 0 0 1
43 1 1 6 0.059328 0.8800501 -0.0210465 0 0.8 0 0.059328 0.08005005 0.0210465 1.731628 0.101837 0 0 0 1
43 1 1 6 0.0593895 0.8800501 -0.021462 0 0.8 0 0.0593895 0.08005005 0.021462 1.736488 0.1019595 0 0 0 1
43 1 1 6 0.059448 0.8800501 -0.0218775 0 0.8 0 0.059448 0.08005005 0.0218775 1.753059 0.1020818 0 0 0 1
43 1 1 6 0.0595035 0.8800501 -0.022293 0 0.8 0 0.0595035 0.08005005 0.022293 1.758934 0.102204 0 0 0 1
43 1 1 6 0.059556 0.8800501 -0.02271 0 0.8 0 0.059556 0.08005005 0.02271 1.763992 0.1023263 0 0 0 1
43 1 1 6 0.0596055 0.8800501 -0.023127 0 0.8 0 0.0596055 0.08005005 0.023127 1.769707 0.1024484 0 0 0 1
43 1 1 6 0.059652 0.8800501 -0.023544 0 0.8 0 0.059652 0.08005005 0.023544 1.786278 0.1025704 0 0 0 1
43 1 1 6 0.0596955 0.8800501 -0.0239625 0 0.8 0 0.0596955 0.08005005 0.0239625 1.791565 0.1026926 0 0 0 1
43 1 1 6 0.059736 0.8800501 -0.024381 0 0.8 0 0.059736 0.08005005 0.024381 1.796371 0.1028146 0 0 0 1
43 1 1 6 0.0597735 0.8800501 -0.0247995 0 0.8 0 0.0597735 0.08005005 0.0247995 1.812943 0.1029364 0 0 0 1
43 1 1 6 0.0598095 0.8800501 -0.025218 0 0.8 0 0.0598095 0.08005005 0.025218 1.818428 0.1030589 0 0 0 1
43 1 1 6 0.059841 0.8800501 -0.0256365 0 0.8 0 0.059841 0.08005005 0.0256365 1.828705 0.1031804 0 0 0 0
43 1 1 6 0.0598695 0.8800501 -0.026055 0 0.8 0 0.0598695 0.08005005 0.026055 1.845268 0.1033017 0 0 0 0
43 1 1 6 0.0598965 0.8800501 -0.026475 0 0.8 0 0.0598965 0.08005005 0.026475 1.850983 0.103424 0 0 0 0
43 1 1 6 0.059919 0.8800501 -0.0268935 0 0.8 0 0.059919 0.08005005 0.0268935 1.855888 0.103545 0 0 0 0
43 1 1 6 0.05994 0.8800501 -0.0273135 0 0.8 0 0.05994 0.08005005 0.0273135 1.860649 0.103667 0 0 0 0
43 1 1 6 0.0599565 0.8800501 -0.0277335 0 0.8 0 0.0599565 0.08005005 0.0277335 1.87722 0.103788 0 0 0 0
43 1 1 6 0.0599715 0.8800501 -0.028152 0 0.8 0 0.0599715 0.08005005 0.028152 1.882576 0.1039092 0 0 0 0
43 1 1 6 0.0599835 0.8800501 -0.028572 0 0.8 0 0.0599835 0.08005005 0.028572 1.887581 0.1040307 0 0 0 0
43 1 1 6 0.059991 0.8800501 -0.028992 0 0.8 0 0.059991 0.08005005 0.028992 1.892036 0.1041512 0 0 0 0
43 1 1 6 0.059997 0.8800501 -0.029412 0 0.8 0 0.059997 0.08005005 0.029412 1.908775 0.1042723 0 0 0 0
43 1 1 6 0.06 0.8800501 -0.029832 0 0.8 0 0.06 0.08005005 0.029832 1.914307 0.1043933 0 0 0 0
43 1 1 6 0.06 0.8800501 -0.030252 0 0.8 0 0.06 0.08005005 0.030252 1.918999 0.1045141 0 0 0 0
43 1 1 6 0.0599955 0.8800501 -0.030672 0 0.8 0 0.0599955 0.08005005 0.030672 1.923538 0.1046339 0 0 0 0
43 1 1 6 0.0599895 0.8800501 -0.031092 0 0.8 0 0.0599895 0.08005005 0.031092 1.940102 0.1047543 0 0 0 0
43 1 1 6 0.0599805 0.8800501 -0.031512 0 0.8 0 0.0599805 0.08005005 0.031512 1.945244 0.1048746 0 0 0 0
43 1 1 6 0.0599685 0.8800501 -0.031932 0 0.8 0 0.0599685 0.08005005 0.031932 1.950356 0.1049947 0 0 0 0
43 1 1 6 0.0599535 0.8800501 -0.032352 0 0.8 0 0.0599535 0.08005005 0.032352 1.967033 0.1051146 0 0 0 0
43 1 1 6 0.0599355 0.8800501 -0.0327705 0 0.8 0 0.0599355 0.08005005 0.0327705 1.973373 0.1052339 0 0 0 0
43 1 1 6 0.0599145 0.8800501 -0.0331905 0 0.8 0 0.0599145 0.08005005 0.0331905 1.986382 0.1053535 0 0 0 0
43 1 1 6 0.059892 0.8800501 -0.0336105 0 0.8 0 0.059892 0.08005005 0.0336105 2.002945 0.1054738 0 0 0 0
43 1 1 6 0.059865 0.8800501 -0.034029 0 0.8 0 0.059865 0.08005005 0.034029 2.00843 0.1055926 0 0 0 0
43 1 1 6 0.059835 0.8800501 -0.0344475 0 0.8 0 0.059835 0.08005005 0.0344475 2.013466 0.1057112 0 0 0 0
43 1 1 6 0.059802 0.8800501 -0.0348675 0 0.8 0 0.059802 0.08005005 0.0348675 2.01857 0.1058302 0 0 0 0
43 1 1 6 0.0597675 0.8800501 -0.035286 0 0.8 0 0.0597675 0.08005005 0.035286 2.035141 0.1059494 0 0 0 0
43 1 1 6 0.0597285 0.8800501 -0.035703 0 0.8 0 0.0597285 0.08005005 0.035703 2.040527 0.106067 0 0 0 0
43 1 1 6 0.0596865 0.8800501 -0.0361215 0 0.8 0 0.0596865 0.08005005 0.0361215 2.046211 0.106185 0 0 0 0
43 1 1 6 0.059643 0.8800501 -0.0365385 0 0.8 0 0.059643 0.08005005 0.0365385 2.050781 0.1063031 0 0 0 0
43 1 1 6 0.059595 0.8800501 -0.036957 0 0.8 0 0.059595 0.08005005 0.036957 2.067642 0.1064208 0 0 0 0
43 1 1 6 0.0595455 0.8800501 -0.037374 0 0.8 0 0.0595455 0.08005005 0.037374 2.072952 0.1065387 0 0 0 0
43 1 1 6 0.0594915 0.8800501 -0.0377895 0 0.8 0 0.0594915 0.08005005 0.0377895 2.07782 0.106655 0 0 0 0
43 1 1 6 0.059436 0.8800501 -0.0382065 0 0.8 0 0.059436 0.08005005 0.0382065 2.094391 0.1067726 0 0 0 0
43 1 1 6 0.0593775 0.8800501 -0.038622 0 0.8 0 0.0593775 0.08005005 0.038622 2.099869 0.1068895 0 0 0 0
43 1 1 6 0.059316 0.8800501 -0.0390375 0 0.8 0 0.059316 0.08005005 0.0390375 2.105042 0.1070062 0 0 0 0
43 1 1 6 0.05925 0.8800501 -0.039453 0 0.8 0 0.05925 0.08005005 0.039453 2.109406 0.107122 0 0 0 0
43 1 1 6 0.0591825 0.8800501 -0.039867 0 0.8 0 0.0591825 0.08005005 0.039867 2.126503 0.1072379 0 0 0 0
43 1 1 6 0.059112 0.8800501 -0.040281 0 0.8 0 0.059112 0.08005005 0.040281 2.131981 0.1073536 0 0 0 0
43 1 1 6 0.0590385 0.8800501 -0.040695 0 0.8 0 0.0590385 0.08005005 0.040695 2.140602 0.1074692 0 0 0 0
43 1 1 6 0.0589635 0.8800501 -0.0411075 0 0.8 0 0.0589635 0.08005005 0.0411075 2.144981 0.107585 0 0 0 0
43 1 1 6 0.058884 0.8800501 -0.04152 0 0.8 0 0.058884 0.08005005 0.04152 2.161545 0.1076998 0 0 0 0
43 1 1 6 0.0588015 0.8800501 -0.0419325 0 0.8 0 0.0588015 0.08005005 0.0419325 2.167145 0.1078145 0 0 0 0
43 1 1 6 0.058716 0.8800501 -0.0423435 0 0.8 0 0.058716 0.08005005 0.0423435 2.173042 0.1079285 0 0 0 0
43 1 1 6 0.058629 0.8800501 -0.0427545 0 0.8 0 0.058629 0.08005005 0.0427545 2.189613 0.1080431 0 0 0 0
43 1 1 6 0.0585375 0.8800501 -0.043164 0 0.8 0 0.0585375 0.08005005 0.043164 2.195694 0.1081563 0 0 0 0
43 1 1 6 0.0584445 0.8800501 -0.0435735 0 0.8 0 0.0584445 0.08005005 0.0435735 2.201996 0.1082701 0 0 0 0
43 1 1 6 0.0583485 0.8800501 -0.043983 0 0.8 0 0.0583485 0.08005005 0.043983 2.207245 0.1083839 0 0 0 0
43 1 1 6 0.058248 0.8800501 -0.044391 0 0.8 0 0.058248 0.08005005 0.044391 2.223816 0.1084961 0 0 0 0
43 1 1 6 0.058146 0.8800501 -0.0447975 0 0.8 0 0.058146 0.08005005 0.0447975 2.229263 0.1086084 0 0 0 0
43 1 1 6 0.058041 0.8800501 -0.045204 0 0.8 0 0.058041 0.08005005 0.045204 2.234482 0.1087206 0 0 0 0
43 1 1 6 0.057933 0.8800501 -0.0456105 0 0.8 0 0.057933 0.08005005 0.0456105 2.251053 0.1088327 0 0 0 0
43 1 1 6 0.0578235 0.8800501 -0.0460155 0 0.8 0 0.0578235 0.08005005 0.0460155 2.256531 0.1089449 0 0 0 0
43 1 1 6 0.0577095 0.8800501 -0.0464205 0 0.8 0 0.0577095 0.08005005 0.0464205 2.26123 0.1090562 0 0 0 0
43 1 1 6 0.0575925 0.8800501 -0.046824 0 0.8 0 0.0575925 0.08005005 0.046824 2.278214 0.1091668 0 0 0 0
43 1 1 6 0.057474 0.8800501 -0.047226 0 0.8 0 0.057474 0.08005005 0.047226 2.284004 0.1092775 0 0 0 0
43 1 1 6 0.0573525 0.8800501 -0.047628 0 0.8 0 0.0573525 0.08005005 0.047628 2.293854 0.1093881 0 0 0 0
43 1 1 6 0.0572265 0.8800501 -0.0480285 0 0.8 0 0.0572265 0.08005005 0.0480285 2.298859 0.1094971 0 0 0 0
43 1 1 6 0.057099 0.8800501 -0.048429 0 0.8 0 0.057099 0.08005005 0.048429 2.315422 0.1096069 0 0 0 0
43 1 1 6 0.0569685 0.8800501 -0.048828 0 0.8 0 0.0569685 0.08005005 0.048828 2.320732 0.109716 0 0 0 0
43 1 1 6 0.0568365 0.8800501 -0.049227 0 0.8 0 0.0568365 0.08005005 0.049227 2.326027 0.1098258 0 0 0 0
43 1 1 6 0.0567 0.8800501 -0.0496245 0 0.8 0 0.0567 0.08005005 0.0496245 2.330627 0.109934 0 0 0 0
43 1 1 6 0.0565605 0.8800501 -0.0500205 0 0.8 0 0.0565605 0.08005005 0.0500205 2.347198 0.1100416 0 0 0 0
43 1 1 6 0.0564195 0.8800501 -0.0504165 0 0.8 0 0.0564195 0.08005005 0.0504165 2.352684 0.1101499 0 0 0 0
43 1 1 6 0.0562755 0.8800501 -0.050811 0 0.8 0 0.0562755 0.08005005 0.050811 2.357407 0.1102574 0 0 0 0
43 1 1 6 0.0561285 0.8800501 -0.051204 0 0.8 0 0.0561285 0.08005005 0.051204 2.361946 0.1103643 0 0 0 0
43 1 1 6 0.0559785 0.8800501 -0.051597 0 0.8 0 0.0559785 0.08005005 0.051597 2.378853 0.1104711 0 0 0 0
43 1 1 6 0.0558255 0.8800501 -0.051987 0 0.8 0 0.0558255 0.08005005 0.051987 2.383934 0.1105764 0 0 0 0
43 1 1 6 0.055671 0.8800501 -0.0523785 0 0.8 0 0.055671 0.08005005 0.0523785 2.388306 0.1106832 0 0 0 0
43 1 1 6 0.055512 0.8800501 -0.052767 0 0.8 0 0.055512 0.08005005 0.052767 2.39257 0.1107879 0 0 0 0
43 1 1 6 0.0553515 0.8800501 -0.0531555 0 0.8 0 0.0553515 0.08005005 0.0531555 2.409142 0.1108932 0 0 0 0
43 1 1 6 0.055188 0.8800501 -0.0535425 0 0.8 0 0.055188 0.08005005 0.0535425 2.41452 0.1109979 0 0 0 0
43 1 1 6 0.055023 0.8800501 -0.053928 0 0.8 0 0.055023 0.08005005 0.053928 2.419937 0.1111025 0 0 0 0
43 1 1 6 0.0548535 0.8800501 -0.054312 0 0.8 0 0.0548535 0.08005005 0.054312 2.436516 0.1112057 0 0 0 0
43 1 1 6 0.0546825 0.8800501 -0.054696 0 0.8 0 0.0546825 0.08005005 0.054696 2.442451 0.1113097 0 0 0 0
43 1 1 6 0.0545085 0.8800501 -0.0550785 0 0.8 0 0.0545085 0.08005005 0.0550785 2.453041 0.1114129 0 0 0 0
43 1 1 6 0.0543315 0.8800501 -0.0554595 0 0.8 0 0.0543315 0.08005005 0.0554595 2.469612 0.1115154 0 0 0 0
43 1 1 6 0.0541515 0.8800501 -0.055839 0 0.8 0 0.0541515 0.08005005 0.055839 2.47509 0.1116172 0 0 0 0
43 1 1 6 0.0539685 0.8800501 -0.056217 0 0.8 0 0.0539685 0.08005005 0.056217 2.480103 0.1117182 0 0 0 0
43 1 1 6 0.053784 0.8800501 -0.0565935 0 0.8 0 0.053784 0.08005005 0.0565935 2.484947 0.1118193 0 0 0 0
43 1 1 6 0.0535965 0.8800501 -0.05697 0 0.8 0 0.0535965 0.08005005 0.05697 2.502357 0.1119204 0 0 0 0
43 1 1 6 0.0534075 0.8800501 -0.057345 0 0.8 0 0.0534075 0.08005005 0.057345 2.507942 0.1120215 0 0 0 0
43 1 1 6 0.053214 0.8800501 -0.057717 0 0.8 0 0.053214 0.08005005 0.057717 2.512436 0.1121204 0 0 0 0
43 1 1 6 0.053019 0.8800501 -0.058089 0 0.8 0 0.053019 0.08005005 0.058089 2.516998 0.1122201 0 0 0 0
43 1 1 6 0.052821 0.8800501 -0.0584595 0 0.8 0 0.052821 0.08005005 0.0584595 2.533661 0.1123191 0 0 0 0
43 1 1 6 0.05262 0.8800501 -0.0588285 0 0.8 0 0.05262 0.08005005 0.0588285 2.539192 0.1124174 0 0 0 0
43 1 1 6 0.0524175 0.8800501 -0.059196 0 0.8 0 0.0524175 0.08005005 0.059196 2.543999 0.1125157 0 0 0 0
43 1 1 6 0.052212 0.8800501 -0.059562 0 0.8 0 0.052212 0.08005005 0.059562 2.548302 0.1126132 0 0 0 0
43 1 1 6 0.0520035 0.8800501 -0.059928 0 0.8 0 0.0520035 0.08005005 0.059928 2.564865 0.1127109 0 0 0 0
43 1 1 6 0.051792 0.8800501 -0.060291 0 0.8 0 0.051792 0.08005005 0.060291 2.570129 0.112807 0 0 0 0
43 1 1 6 0.051579 0.8800501 -0.0606525 0 0.8 0 0.051579 0.08005005 0.0606525 2.575142 0.1129032 0 0 0 0
43 1 1 6 0.051363 0.8800501 -0.0610125 0 0.8 0 0.051363 0.08005005 0.0610125 2.591713 0.1129986 0 0 0 0
43 1 1 6 0.0511455 0.8800501 -0.061371 0 0.8 0 0.0511455 0.08005005 0.061371 2.597466 0.1130941 0 0 0 0
43 1 1 6 0.0509235 0.8800501 -0.0617295 0 0.8 0 0.0509235 0.08005005 0.0617295 2.607994 0.113189 0 0 0 0
43 1 1 6 0.0507015 0.8800501 -0.062085 0 0.8 0 0.0507015 0.08005005 0.062085 2.613541 0.1132837 0 0 0 0
43 1 1 6 0.050475 0.8800501 -0.062439 0 0.8 0 0.050475 0.08005005 0.062439 2.630112 0.1133771 0 0 0 0
43 1 1 6 0.050247 0.8800501 -0.0627915 0 0.8 0 0.050247 0.08005005 0.0627915 2.635635 0.1134705 0 0 0 0
43 1 1 6 0.050016 0.8800501 -0.0631425 0 0.8 0 0.050016 0.08005005 0.0631425 2.640038 0.1135631 0 0 0 0
43 1 1 6 0.0497835 0.8800501 -0.063492 0 0.8 0 0.0497835 0.08005005 0.063492 2.644676 0.1136558 0 0 0 0
43 1 1 6 0.0495465 0.8800501 -0.0638385 0 0.8 0 0.0495465 0.08005005 0.0638385 2.661629 0.1137463 0 0 0 0
43 1 1 6 0.0493095 0.8800501 -0.064185 0 0.8 0 0.0493095 0.08005005 0.064185 2.66684 0.1138383 0 0 0 0
43 1 1 6 0.049068 0.8800501 -0.06453 0 0.8 0 0.049068 0.08005005 0.06453 2.671532 0.1139289 0 0 0 0
43 1 1 6 0.048825 0.8800501 -0.064872 0 0.8 0 0.048825 0.08005005 0.064872 2.675667 0.1140187 0 0 0 0
43 1 1 6 0.0485805 0.8800501 -0.0652125 0 0.8 0 0.0485805 0.08005005 0.0652125 2.692238 0.1141085 0 0 0 0
43 1 1 6 0.048333 0.8800501 -0.0655515 0 0.8 0 0.048333 0.08005005 0.0655515 2.697601 0.1141976 0 0 0 0
43 1 1 6 0.0480825 0.8800501 -0.065889 0 0.8 0 0.0480825 0.08005005 0.065889 2.702538 0.114286 0 0 0 0
43 1 1 6 0.0478305 0.8800501 -0.066225 0 0.8 0 0.0478305 0.08005005 0.066225 2.707436 0.1143745 0 0 0 0
43 1 1 6 0.0475755 0.8800501 -0.06655949 0 0.8 0 0.0475755 0.08005005 0.06655949 2.724075 0.1144622 0 0 0 0
43 1 1 6 0.047319 0.8800501 -0.066891 0 0.8 0 0.047319 0.08005005 0.066891 2.729469 0.1145491 0 0 0 0
43 1 1 6 0.0470595 0.8800501 -0.067221 0 0.8 0 0.0470595 0.08005005 0.067221 2.733833 0.1146354 0 0 0 0
43 1 1 6 0.046797 0.8800501 -0.0675495 0 0.8 0 0.046797 0.08005005 0.0675495 2.750397 0.114721 0 0 0 0
43 1 1 6 0.046533 0.8800501 -0.0678765 0 0.8 0 0.046533 0.08005005 0.0678765 2.75618 0.1148066 0 0 0 0
43 1 1 6 0.0462675 0.8800501 -0.068202 0 0.8 0 0.0462675 0.08005005 0.068202 2.765511 0.1148921 0 0 0 0
43 1 1 6 0.045999 0.8800501 -0.0685245 0 0.8 0 0.045999 0.08005005 0.0685245 2.782082 0.1149762 0 0 0 0
43 1 1 6 0.0457275 0.8800501 -0.0688455 0 0.8 0 0.0457275 0.08005005 0.0688455 2.787537 0.1150596 0 0 0 0
43 1 1 6 0.0454545 0.8800501 -0.069165 0 0.8 0 0.0454545 0.08005005 0.069165 2.792007 0.115143 0 0 0 0
43 1 1 6 0.04518 0.8800501 -0.0694815 0 0.8 0 0.04518 0.08005005 0.0694815 2.79657 0.1152255 0 0 0 0
43 1 1 6 0.0449025 0.8800501 -0.069798 0 0.8 0 0.0449025 0.08005005 0.069798 2.813141 0.1153083 0 0 0 0
43 1 1 6 0.044622 0.8800501 -0.07011 0 0.8 0 0.044622 0.08005005 0.07011 2.819633 0.1153887 0 0 0 0
43 1 1 6 0.04434 0.8800501 -0.070422 0 0.8 0 0.04434 0.08005005 0.070422 2.825317 0.1154699 0 0 0 0
43 1 1 6 0.0440565 0.8800501 -0.070731 0 0.8 0 0.0440565 0.08005005 0.070731 2.830605 0.1155502 0 0 0 0
43 1 1 6 0.04377 0.8800501 -0.0710385 0 0.8 0 0.04377 0.08005005 0.0710385 2.84716 0.11563 0 0 0 0
43 1 1 6 0.043482 0.8800501 -0.0713445 0 0.8 0 0.043482 0.08005005 0.0713445 2.852623 0.1157097 0 0 0 0
43 1 1 6 0.043191 0.8800501 -0.0716475 0 0.8 0 0.043191 0.08005005 0.0716475 2.856926 0.1157879 0 0 0 0
43 1 1 6 0.0428985 0.8800501 -0.071949 0 0.8 0 0.0428985 0.08005005 0.071949 2.861588 0.1158661 0 0 0 0
43 1 1 6 0.0426045 0.8800501 -0.07224751 0 0.8 0 0.0426045 0.08005005 0.07224751 2.878334 0.1159433 0 0 0 0
43 1 1 6 0.0423075 0.8800501 -0.072546 0 0.8 0 0.0423075 0.08005005 0.072546 2.883934 0.1160209 0 0 0 0
43 1 1 6 0.042009 0.8800501 -0.07284001 0 0.8 0 0.042009 0.08005005 0.07284001 2.893936 0.1160967 0 0 0 0
43 1 1 6 0.0417075 0.8800501 -0.073134 0 0.8 0 0.0417075 0.08005005 0.073134 2.910576 0.1161728 0 0 0 0
43 1 1 6 0.0414045 0.8800501 -0.073425 0 0.8 0 0.0414045 0.08005005 0.073425 2.916222 0.1162479 0 0 0 0
43 1 1 6 0.0411 0.8800501 -0.073713 0 0.8 0 0.0411 0.08005005 0.073713 2.926392 0.1163221 0 0 0 0
43 1 1 6 0.0407925 0.8800501 -0.07399949 0 0.8 0 0.0407925 0.08005005 0.07399949 2.942963 0.1163957 0 0 0 0
43 1 1 6 0.0404835 0.8800501 -0.0742845 0 0.8 0 0.0404835 0.08005005 0.0742845 2.948242 0.1164694 0 0 0 0
43 1 1 6 0.040173 0.8800501 -0.0745665 0 0.8 0 0.040173 0.08005005 0.0745665 2.953568 0.116542 0 0 0 0
43 1 1 6 0.0398595 0.8800501 -0.074847 0 0.8 0 0.0398595 0.08005005 0.074847 2.970139 0.1166142 0 0 0 0
43 1 1 6 0.0395445 0.8800501 -0.0751245 0 0.8 0 0.0395445 0.08005005 0.0751245 2.975349 0.1166853 0 0 0 0
43 1 1 6 0.039228 0.8800501 -0.0754005 0 0.8 0 0.039228 0.08005005 0.0754005 2.980347 0.1167565 0 0 0 0
43 1 1 6 0.0389085 0.8800501 -0.0756735 0 0.8 0 0.0389085 0.08005005 0.0756735 2.984627 0.1168262 0 0 0 0
43 1 1 6 0.038589 0.8800501 -0.075945 0 0.8 0 0.038589 0.08005005 0.075945 3.001213 0.1168964 0 0 0 0
43 1 1 6 0.0382665 0.8800501 -0.0762135 0 0.8 0 0.0382665 0.08005005 0.0762135 3.00695 0.1169651 0 0 0 0
43 1 1 6 0.037941 0.8800501 -0.0764805 0 0.8 0 0.037941 0.08005005 0.0764805 3.011574 0.1170333 0 0 0 0
43 1 1 6 0.0376155 0.8800501 -0.0767445 0 0.8 0 0.0376155 0.08005005 0.0767445 3.015579 0.117101 0 0 0 0
43 1 1 6 0.037287 0.8800501 -0.077007 0 0.8 0 0.037287 0.08005005 0.077007 3.03231 0.1171683 0 0 0 0
43 1 1 6 0.036957 0.8800501 -0.0772665 0 0.8 0 0.036957 0.08005005 0.0772665 3.037651 0.1172346 0 0 0 0
43 1 1 6 0.0366255 0.8800501 -0.0775245 0 0.8 0 0.0366255 0.08005005 0.0775245 3.042931 0.1173008 0 0 0 0
43 1 1 6 0.036291 0.8800501 -0.0777795 0 0.8 0 0.036291 0.08005005 0.0777795 3.059494 0.1173657 0 0 0 0
43 1 1 6 0.0359565 0.8800501 -0.078033 0 0.8 0 0.0359565 0.08005005 0.078033 3.06488 0.117431 0 0 0 0
43 1 1 6 0.035619 0.8800501 -0.0782835 0 0.8 0 0.035619 0.08005005 0.0782835 3.070015 0.1174948 0 0 0 0
43 1 1 6 0.03528 0.8800501 -0.078531 0 0.8 0 0.03528 0.08005005 0.078531 3.079979 0.1175577 0 0 0 0
43 1 1 6 0.0349395 0.8800501 -0.078777 0 0.8 0 0.0349395 0.08005005 0.078777 3.096764 0.1176206 0 0 0 0
43 1 1 6 0.0345975 0.8800501 -0.07902 0 0.8 0 0.0345975 0.08005005 0.07902 3.101913 0.1176824 0 0 0 0
43 1 1 6 0.034254 0.8800501 -0.0792615 0 0.8 0 0.034254 0.08005005 0.0792615 3.107185 0.1177443 0 0 0 0
43 1 1 6 0.0339075 0.8800501 -0.0795 0 0.8 0 0.0339075 0.08005005 0.0795 3.111984 0.1178048 0 0 0 0
43 1 1 6 0.033561 0.8800501 -0.0797355 0 0.8 0 0.033561 0.08005005 0.0797355 3.128548 0.1178648 0 0 0 0
43 1 1 6 0.0332115 0.8800501 -0.0799695 0 0.8 0 0.0332115 0.08005005 0.0799695 3.133995 0.1179243 0 0 0 0
43 1 1 6 0.0328605 0.8800501 -0.0802005 0 0.8 0 0.0328605 0.08005005 0.0802005 3.139091 0.1179828 0 0 0 0
43 1 1 6 0.0325095 0.8800501 -0.08043 0 0.8 0 0.0325095 0.08005005 0.08043 3.143326 0.1180418 0 0 0 0
43 1 1 6 0.0321555 0.8800501 -0.0806565 0 0.8 0 0.0321555 0.08005005 0.0806565 3.160545 0.1180994 0 0 0 0
43 1 1 6 0.0318 0.8800501 -0.08088 0 0.8 0 0.0318 0.08005005 0.08088 3.166077 0.1181559 0 0 0 0
43 1 1 6 0.031443 0.8800501 -0.081102 0 0.8 0 0.031443 0.08005005 0.081102 3.1707 0.1182126 0 0 0 0
43 1 1 6 0.0310845 0.8800501 -0.081321 0 0.8 0 0.0310845 0.08005005 0.081321 3.17482 0.1182682 0 0 0 0
43 1 1 6 0.0307245 0.8800501 -0.081537 0 0.8 0 0.0307245 0.08005005 0.081537 3.192093 0.1183228 0 0 0 0
43 1 1 6 0.030363 0.8800501 -0.08175 0 0.8 0 0.030363 0.08005005 0.08175 3.197433 0.1183765 0 0 0 0
43 1 1 6 0.03 0.8800501 -0.0819615 0 0.8 0 0.03 0.08005005 0.0819615 3.213997 0.1184301 0 0 0 0
43 1 1 6 0.0296355 0.8800501 -0.08216999 0 0.8 0 0.0296355 0.08005005 0.08216999 3.21965 0.1184828 0 0 0 0
43 1 1 6 0.0292695 0.8800501 -0.082377 0 0.8 0 0.0292695 0.08005005 0.082377 3.226044 0.1185356 0 0 0 0
43 1 1 6 0.028902 0.8800501 -0.0825795 0 0.8 0 0.028902 0.08005005 0.0825795 3.236908 0.1185863 0 0 0 0
43 1 1 6 0.028533 0.8800501 -0.0827805 0 0.8 0 0.028533 0.08005005 0.0827805 3.253464 0.1186371 0 0 0 0
43 1 1 6 0.0281625 0.8800501 -0.08298 0 0.8 0 0.0281625 0.08005005 0.08298 3.258438 0.1186879 0 0 0 0
43 1 1 6 0.027792 0.8800501 -0.083175 0 0.8 0 0.027792 0.08005005 0.083175 3.263222 0.118737 0 0 0 0
43 1 1 6 0.0274185 0.8800501 -0.0833685 0 0.8 0 0.0274185 0.08005005 0.0833685 3.268219 0.1187859 0 0 0 0
43 1 1 6 0.027045 0.8800501 -0.08355901 0 0.8 0 0.027045 0.08005005 0.08355901 3.284828 0.1188341 0 0 0 0
43 1 1 6 0.0266685 0.8800501 -0.083748 0 0.8 0 0.0266685 0.08005005 0.083748 3.290489 0.1188821 0 0 0 0
43 1 1 6 0.026292 0.8800501 -0.0839325 0 0.8 0 0.026292 0.08005005 0.0839325 3.294518 0.1189283 0 0 0 0
43 1 1 6 0.025914 0.8800501 -0.0841155 0 0.8 0 0.025914 0.08005005 0.0841155 3.298981 0.1189746 0 0 0 0
43 1 1 6 0.0255345 0.8800501 -0.0842955 0 0.8 0 0.0255345 0.08005005 0.0842955 3.315659 0.11902 0 0 0 0
43 1 1 6 0.0251535 0.8800501 -0.0844725 0 0.8 0 0.0251535 0.08005005 0.0844725 3.320686 0.1190643 0 0 0 0
43 1 1 6 0.024771 0.8800501 -0.084648 0 0.8 0 0.024771 0.08005005 0.084648 3.32563 0.1191088 0 0 0 0
43 1 1 6 0.0243885 0.8800501 -0.084819 0 0.8 0 0.0243885 0.08005005 0.084819 3.33062 0.1191515 0 1 0 0
43 1 1 6 0.0240045 0.8800501 -0.0849885 0 0.8 0 0.0240045 0.08005005 0.0849885 3.347908 0.1191943 0 1 0 0
43 1 1 6 0.023619 0.8800501 -0.0851565 0 0.8 0 0.023619 0.08005005 0.0851565 3.358582 0.1192371 0 1 0 0
43 1 1 6 0.023232 0.8800501 -0.08532 0 0.8 0 0.023232 0.08005005 0.08532 3.363853 0.119278 0 1 0 0
43 1 1 6 0.0228435 0.8800501 -0.0854805 0 0.8 0 0.0228435 0.08005005 0.0854805 3.380653 0.1193179 0 1 0 0
43 1 1 6 0.022455 0.8800501 -0.0856395 0 0.8 0 0.022455 0.08005005 0.0856395 3.386314 0.1193581 0 1 0 0
43 1 1 6 0.022065 0.8800501 -0.0857955 0 0.8 0 0.022065 0.08005005 0.0857955 3.402885 0.1193974 0 1 0 0
43 1 1 6 0.0216735 0.8800501 -0.0859485 0 0.8 0 0.0216735 0.08005005 0.0859485 3.408257 0.1194357 0 1 0 0
43 1 1 6 0.021282 0.8800501 -0.0860985 0 0.8 0 0.021282 0.08005005 0.0860985 3.413467 0.1194734 0 1 0 0
43 1 1 6 0.020889 0.8800501 -0.086247 0 0.8 0 0.020889 0.08005005 0.086247 3.418495 0.1195111 0 1 0 0
43 1 1 6 0.0204945 0.8800501 -0.086391 0 0.8 0 0.0204945 0.08005005 0.086391 3.423859 0.1195468 0 1 0 0
43 1 1 6 0.0201 0.8800501 -0.0865335 0 0.8 0 0.0201 0.08005005 0.0865335 3.440643 0.1195829 0 1 0 0
43 1 1 6 0.0197025 0.8800501 -0.08667301 0 0.8 0 0.0197025 0.08005005 0.08667301 3.446297 0.1196178 0 1 0 0
43 1 1 6 0.0193065 0.8800501 -0.0868095 0 0.8 0 0.0193065 0.08005005 0.0868095 3.451492 0.1196522 0 1 0 0
43 1 1 6 0.0189075 0.8800501 -0.086943 0 0.8 0 0.0189075 0.08005005 0.086943 3.456413 0.1196854 0 1 0 0
43 1 1 6 0.0185085 0.8800501 -0.0870735 0 0.8 0 0.0185085 0.08005005 0.0870735 3.473969 0.1197179 0 1 0 0
43 1 1 6 0.018108 0.8800501 -0.0872025 0 0.8 0 0.018108 0.08005005 0.0872025 3.47963 0.1197505 0 1 0 0
43 1 1 6 0.0177075 0.8800501 -0.087327 0 0.8 0 0.0177075 0.08005005 0.087327 3.484459 0.1197813 0 1 0 0
43 1 1 6 0.0173055 0.8800501 -0.08745 0 0.8 0 0.0173055 0.08005005 0.08745 3.50103 0.1198123 0 1 0 0
43 1 1 6 0.0169035 0.8800501 -0.08757 0 0.8 0 0.0169035 0.08005005 0.08757 3.506569 0.1198426 0 1 0 0
43 1 1 6 0.0165 0.8800501 -0.087687 0 0.8 0 0.0165 0.08005005 0.087687 3.517288 0.1198719 0 1 0 0
43 1 1 6 0.0160965 0.8800501 -0.087801 0 0.8 0 0.0160965 0.08005005 0.087801 3.533859 0.1199005 0 1 0 0
43 1 1 6 0.0156915 0.8800501 -0.087912 0 0.8 0 0.0156915 0.08005005 0.087912 3.539444 0.1199281 0 1 0 0
43 1 1 6 0.015285 0.8800501 -0.08802 0 0.8 0 0.015285 0.08005005 0.08802 3.549377 0.1199548 0 1 0 0
43 1 1 6 0.0148785 0.8800501 -0.0881265 0 0.8 0 0.0148785 0.08005005 0.0881265 3.565948 0.1199819 0 1 0 0
43 1 1 6 0.014472 0.8800501 -0.0882285 0 0.8 0 0.014472 0.08005005 0.0882285 3.57132 0.1200072 0 1 0 0
43 1 1 6 0.014064 0.8800501 -0.088329 0 0.8 0 0.014064 0.08005005 0.088329 3.576241 0.1200326 0 1 0 0
43 1 1 6 0.0136545 0.8800501 -0.088425 0 0.8 0 0.0136545 0.08005005 0.088425 3.580833 0.120056 0 1 0 0
43 1 1 6 0.013245 0.8800501 -0.0885195 0 0.8 0 0.013245 0.08005005 0.0885195 3.597404 0.1200797 0 1 0 0
43 1 1 6 0.0128355 0.8800501 -0.088611 0 0.8 0 0.0128355 0.08005005 0.088611 3.603035 0.1201027 0 1 0 0
43 1 1 6 0.0124245 0.8800501 -0.0886995 0 0.8 0 0.0124245 0.08005005 0.0886995 3.608109 0.1201249 0 1 0 0
43 1 1 6 0.0120135 0.8800501 -0.088785 0 0.8 0 0.0120135 0.08005005 0.088785 3.612846 0.1201462 0 1 0 0
43 1 1 6 0.0116025 0.8800501 -0.0888675 0 0.8 0 0.0116025 0.08005005 0.0888675 3.629417 0.1201668 0 1 0 0
43 1 1 6 0.01119 0.8800501 -0.088947 0 0.8 0 0.01119 0.08005005 0.088947 3.635391 0.1201865 0 1 0 0
43 1 1 6 0.0107775 0.8800501 -0.0890235 0 0.8 0 0.0107775 0.08005005 0.0890235 3.640999 0.1202054 0 1 0 0
43 1 1 6 0.0103635 0.8800501 -0.0890985 0 0.8 0 0.0103635 0.08005005 0.0890985 3.65757 0.1202246 0 1 0 0
43 1 1 6 0.0099495 0.8800501 -0.089169 0 0.8 0 0.0099495 0.08005005 0.089169 3.668297 0.1202419 0 1 0 0
43 1 1 6 0.009535501 0.8800501 -0.089238 0 0.8 0 0.009535501 0.08005005 0.089238 3.67308 0.1202595 0 1 0 0
43 1 1 6 0.009120001 0.8800501 -0.0893025 0 0.8 0 0.009120001 0.08005005 0.0893025 3.690353 0.1202752 0 1 0 0
43 1 1 6 0.0087045 0.8800501 -0.0893655 0 0.8 0 0.0087045 0.08005005 0.0893655 3.695709 0.1202912 0 1 0 0
43 1 1 6 0.008289 0.8800501 -0.089424 0 0.8 0 0.008289 0.08005005 0.089424 3.704521 0.1203053 0 1 0 0
43 1 1 6 0.0078735 0.8800501 -0.089481 0 0.8 0 0.0078735 0.08005005 0.089481 3.722015 0.1203198 0 1 0 0
43 1 1 6 0.0074565 0.8800501 -0.089535 0 0.8 0 0.0074565 0.08005005 0.089535 3.727425 0.1203334 0 1 0 0
43 1 1 6 0.0070395 0.8800501 -0.089586 0 0.8 0 0.0070395 0.08005005 0.089586 3.732155 0.1203462 0 1 0 0
43 1 1 6 0.0066225 0.8800501 -0.089634 0 0.8 0 0.0066225 0.08005005 0.089634 3.736664 0.1203583 0 1 0 0
43 1 1 6 0.006204 0.8800501 -0.089679 0 0.8 0 0.006204 0.08005005 0.089679 3.753227 0.1203695 0 1 0 0
43 1 1 6 0.005787 0.8800501 -0.08972099 0 0.8 0 0.005787 0.08005005 0.08972099 3.758736 0.1203801 0 1 0 0
43 1 1 6 0.0053685 0.8800501 -0.08976001 0 0.8 0 0.0053685 0.08005005 0.08976001 3.763107 0.1203897 0 1 0 0
43 1 1 6 0.00495 0.8800501 -0.089796 0 0.8 0 0.00495 0.08005005 0.089796 3.767754 0.1203986 0 1 0 0
43 1 1 6 0.0045315 0.8800501 -0.089829 0 0.8 0 0.0045315 0.08005005 0.089829 3.784851 0.1204068 0 1 0 0
43 1 1 6 0.004113 0.8800501 -0.08985899 0 0.8 0 0.004113 0.08005005 0.08985899 3.790649 0.1204141 0 1 0 0
43 1 1 6 0.003693 0.8800501 -0.08988599 0 0.8 0 0.003693 0.08005005 0.08988599 3.795166 0.1204207 0 1 0 0
43 1 1 6 0.0032745 0.8800501 -0.08991 0 0.8 0 0.0032745 0.08005005 0.08991 3.80027 0.1204265 0 1 0 0
43 1 1 6 0.0028545 0.8800501 -0.0899325 0 0.8 0 0.0028545 0.08005005 0.0899325 3.816895 0.1204326 0 1 0 0
43 1 1 6 0.0024345 0.8800501 -0.0899505 0 0.8 0 0.0024345 0.08005005 0.0899505 3.822449 0.1204368 0 1 0 0
43 1 1 6 0.0020145 0.8800501 -0.0899655 0 0.8 0 0.0020145 0.08005005 0.0899655 3.827553 0.1204403 0 1 0 0
43 1 1 6 0.001596 0.8800501 -0.089979 0 0.8 0 0.001596 0.08005005 0.089979 3.844124 0.1204441 0 1 0 0
43 1 1 6 0.001176 0.8800501 -0.089988 0 0.8 0 0.001176 0.08005005 0.089988 3.850441 0.120446 0 1 0 0
43 1 1 6 0.000756 0.8800501 -0.0899955 0 0.8 0 0.000756 0.08005005 0.0899955 3.86142 0.1204482 0 1 0 0
43 1 1 6 0.000336 0.8800501 -0.0899985 0 0.8 0 0.000336 0.08005005 0.0899985 3.878632 0.1204486 0 1 0 0
43 1 1 6 -8.4E-05 0.8800501 -0.09 0 0.8 0 8.4E-05 0.08005005 0.09 3.883995 0.1204492 0 1 0 0
43 1 1 6 -0.000504 0.8800501 -0.0899985 0 0.8 0 0.000504 0.08005005 0.0899985 3.888969 0.1204491 0 1 0 0
43 1 1 6 -0.0009239999 0.8800501 -0.0899925 0 0.8 0 0.0009239999 0.08005005 0.0899925 3.893524 0.1204471 0 1 0 0
43 1 1 6 -0.001344 0.8800501 -0.089985 0 0.8 0 0.001344 0.08005005 0.089985 3.910095 0.1204455 0 1 0 0
43 1 1 6 -0.001764 0.8800501 -0.0899745 0 0.8 0 0.001764 0.08005005 0.0899745 3.915504 0.1204431 0 1 0 0
43 1 1 6 -0.002184 0.8800501 -0.0899595 0 0.8 0 0.002184 0.08005005 0.0899595 3.920158 0.1204387 0 1 0 0
43 1 1 6 -0.002604 0.8800501 -0.089943 0 0.8 0 0.002604 0.08005005 0.089943 3.924606 0.1204348 0 1 0 0
43 1 1 6 -0.0030225 0.8800501 -0.0899235 0 0.8 0 0.0030225 0.08005005 0.0899235 3.94149 0.12043 0 1 0 0
43 1 1 6 -0.0034425 0.8800501 -0.089901 0 0.8 0 0.0034425 0.08005005 0.089901 3.947273 0.1204245 0 1 0 0
43 1 1 6 -0.0038625 0.8800501 -0.0898755 0 0.8 0 0.0038625 0.08005005 0.0898755 3.952415 0.1204182 0 1 0 0
43 1 1 6 -0.004281 0.8800501 -0.089847 0 0.8 0 0.004281 0.08005005 0.089847 3.956985 0.120411 0 1 0 0
43 1 1 6 -0.0046995 0.8800501 -0.0898155 0 0.8 0 0.0046995 0.08005005 0.0898155 3.974075 0.1204032 0 1 0 0
43 1 1 6 -0.005118 0.8800501 -0.089781 0 0.8 0 0.005118 0.08005005 0.089781 3.979843 0.1203945 0 1 0 0
43 1 1 6 -0.0055365 0.8800501 -0.0897435 0 0.8 0 0.0055365 0.08005005 0.0897435 3.984978 0.1203851 0 1 0 0
43 1 1 6 -0.005955 0.8800501 -0.0897045 0 0.8 0 0.005955 0.08005005 0.0897045 4.001564 0.120376 0 1 0 0
43 1 1 6 -0.006372 0.8800501 -0.089661 0 0.8 0 0.006372 0.08005005 0.089661 4.007095 0.1203649 0 1 0 0
43 1 1 6 -0.0067905 0.8800501 -0.0896145 0 0.8 0 0.0067905 0.08005005 0.0896145 4.017265 0.1203531 0 1 0 0
43 1 1 6 -0.0072075 0.8800501 -0.089565 0 0.8 0 0.0072075 0.08005005 0.089565 4.034134 0.1203405 0 1 0 0
43 1 1 6 -0.007624499 0.8800501 -0.089514 0 0.8 0 0.007624499 0.08005005 0.089514 4.040253 0.1203283 0 1 0 0
43 1 1 6 -0.00804 0.8800501 -0.0894585 0 0.8 0 0.00804 0.08005005 0.0894585 4.045502 0.1203141 0 1 0 0
43 1 1 6 -0.0084555 0.8800501 -0.0894015 0 0.8 0 0.0084555 0.08005005 0.0894015 4.050446 0.1203002 0 1 0 0
43 1 1 6 -0.0088725 0.8800501 -0.08934 0 0.8 0 0.0088725 0.08005005 0.08934 4.067017 0.1202845 0 1 0 0
43 1 1 6 -0.0092865 0.8800501 -0.089277 0 0.8 0 0.0092865 0.08005005 0.089277 4.073532 0.120269 0 1 0 0
43 1 1 6 -0.009702 0.8800501 -0.089211 0 0.8 0 0.009702 0.08005005 0.089211 4.078568 0.1202528 0 1 0 0
43 1 1 6 -0.010116 0.8800501 -0.0891405 0 0.8 0 0.010116 0.08005005 0.0891405 4.095139 0.1202347 0 1 0 0
43 1 1 6 -0.01053 0.8800501 -0.0890685 0 0.8 0 0.01053 0.08005005 0.0890685 4.100334 0.1202168 0 1 0 0
43 1 1 6 -0.0109425 0.8800501 -0.0889935 0 0.8 0 0.0109425 0.08005005 0.0889935 4.105286 0.1201981 0 1 0 0
43 1 1 6 -0.011355 0.8800501 -0.0889155 0 0.8 0 0.011355 0.08005005 0.0889155 4.109985 0.1201787 0 1 0 0
43 1 1 6 -0.0117675 0.8800501 -0.0888345 0 0.8 0 0.0117675 0.08005005 0.0888345 4.126556 0.1201584 0 1 0 0
43 1 1 6 -0.0121785 0.8800501 -0.0887505 0 0.8 0 0.0121785 0.08005005 0.0887505 4.137726 0.1201373 0 1 0 0
43 1 1 6 -0.0125895 0.8800501 -0.0886635 0 0.8 0 0.0125895 0.08005005 0.0886635 4.142532 0.1201155 0 1 0 0
43 1 1 6 -0.0130005 0.8800501 -0.08857501 0 0.8 0 0.0130005 0.08005005 0.08857501 4.159103 0.1200939 0 1 0 0
43 1 1 6 -0.01341 0.8800501 -0.088482 0 0.8 0 0.01341 0.08005005 0.088482 4.164711 0.1200704 0 1 0 0
43 1 1 6 -0.0138195 0.8800501 -0.0883875 0 0.8 0 0.0138195 0.08005005 0.0883875 4.174522 0.1200472 0 1 0 0
43 1 1 6 -0.0142275 0.8800501 -0.0882885 0 0.8 0 0.0142275 0.08005005 0.0882885 4.191093 0.120022 0 1 0 0
43 1 1 6 -0.0146355 0.8800501 -0.088188 0 0.8 0 0.0146355 0.08005005 0.088188 4.196297 0.1199972 0 1 0 0
43 1 1 6 -0.015042 0.8800501 -0.0880845 0 0.8 0 0.015042 0.08005005 0.0880845 4.201279 0.1199715 0 1 0 0
43 1 1 6 -0.0154485 0.8800501 -0.0879765 0 0.8 0 0.0154485 0.08005005 0.0879765 4.20639 0.1199439 0 1 0 0
43 1 1 6 -0.0158535 0.8800501 -0.087867 0 0.8 0 0.0158535 0.08005005 0.087867 4.223473 0.1199164 0 1 0 0
43 1 1 6 -0.0162585 0.8800501 -0.0877545 0 0.8 0 0.0162585 0.08005005 0.0877545 4.229103 0.1198883 0 1 0 0
43 1 1 6 -0.016662 0.8800501 -0.08764049 0 0.8 0 0.016662 0.08005005 0.08764049 4.233231 0.1198603 0 1 0 0
43 1 1 6 -0.0170655 0.8800501 -0.087522 0 0.8 0 0.0170655 0.08005005 0.087522 4.237656 0.1198305 0 1 0 0
43 1 1 6 -0.0174675 0.8800501 -0.0874005 0 0.8 0 0.0174675 0.08005005 0.0874005 4.254448 0.1197997 0 1 0 0
43 1 1 6 -0.0178695 0.8800501 -0.0872775 0 0.8 0 0.0178695 0.08005005 0.0872775 4.25943 0.1197693 0 1 0 0
43 1 1 6 -0.01827 0.8800501 -0.0871515 0 0.8 0 0.01827 0.08005005 0.0871515 4.26387 0.119738 0 1 0 0
43 1 1 6 -0.018669 0.8800501 -0.087021 0 0.8 0 0.018669 0.08005005 0.087021 4.268234 0.1197046 0 1 0 0
43 1 1 6 -0.019068 0.8800501 -0.086889 0 0.8 0 0.019068 0.08005005 0.086889 4.286491 0.1196716 0 1 0 0
43 1 1 6 -0.0194655 0.8800501 -0.086754 0 0.8 0 0.0194655 0.08005005 0.086754 4.292564 0.1196377 0 1 0 0
43 1 1 6 -0.019863 0.8800501 -0.0866175 0 0.8 0 0.019863 0.08005005 0.0866175 4.297203 0.1196041 0 1 0 0
43 1 1 6 -0.020259 0.8800501 -0.0864765 0 0.8 0 0.020259 0.08005005 0.0864765 4.313774 0.1195685 0 1 0 0
43 1 1 6 -0.0206535 0.8800501 -0.086334 0 0.8 0 0.0206535 0.08005005 0.086334 4.318947 0.119533 0 1 0 0
43 1 1 6 -0.0210465 0.8800501 -0.086187 0 0.8 0 0.0210465 0.08005005 0.086187 4.32933 0.1194955 0 1 0 0
43 1 1 6 -0.0214395 0.8800501 -0.0860385 0 0.8 0 0.0214395 0.08005005 0.0860385 4.346046 0.1194583 0 1 0 0
43 1 1 6 -0.021831 0.8800501 -0.085887 0 0.8 0 0.021831 0.08005005 0.085887 4.351402 0.1194202 0 1 0 0
43 1 1 6 -0.0222225 0.8800501 -0.0857325 0 0.8 0 0.0222225 0.08005005 0.0857325 4.355728 0.1193814 0 1 0 0
43 1 1 6 -0.0226125 0.8800501 -0.0855765 0 0.8 0 0.0226125 0.08005005 0.0855765 4.363266 0.1193427 0 1 0 0
43 1 1 6 -0.023001 0.8800501 -0.085416 0 0.8 0 0.023001 0.08005005 0.085416 4.380394 0.1193019 0 1 0 0
43 1 1 6 -0.023388 0.8800501 -0.085254 0 0.8 0 0.023388 0.08005005 0.085254 4.38588 0.1192613 0 1 0 0
43 1 1 6 -0.0237735 0.8800501 -0.085089 0 0.8 0 0.0237735 0.08005005 0.085089 4.390663 0.1192197 0 1 0 0
43 1 1 6 -0.024159 0.8800501 -0.084921 0 0.8 0 0.024159 0.08005005 0.084921 4.407234 0.1191774 0 1 0 0
43 1 1 6 -0.024543 0.8800501 -0.0847515 0 0.8 0 0.024543 0.08005005 0.0847515 4.412392 0.1191352 0 1 0 0
43 1 1 6 -0.0249255 0.8800501 -0.0845775 0 0.8 0 0.0249255 0.08005005 0.0845775 4.416718 0.1190909 0 1 0 0
43 1 1 6 -0.0253065 0.8800501 -0.08440199 0 0.8 0 0.0253065 0.08005005 0.08440199 4.421516 0.1190467 0 1 0 0
43 1 1 6 -0.0256875 0.8800501 -0.08422349 0 0.8 0 0.0256875 0.08005005 0.08422349 4.426231 0.1190019 0 0 0 0
43 1 1 6 -0.0260655 0.8800501 -0.084042 0 0.8 0 0.0260655 0.08005005 0.084042 4.442802 0.1189558 0 0 0 0
43 1 1 6 -0.0264435 0.8800501 -0.083859 0 0.8 0 0.0264435 0.08005005 0.083859 4.448349 0.1189101 0 0 0 0
43 1 1 6 -0.02682 0.8800501 -0.0836715 0 0.8 0 0.02682 0.08005005 0.0836715 4.453308 0.1188623 0 0 0 0
43 1 1 6 -0.027195 0.8800501 -0.0834825 0 0.8 0 0.027195 0.08005005 0.0834825 4.46991 0.1188146 0 0 0 0
43 1 1 6 -0.0275685 0.8800501 -0.083292 0 0.8 0 0.0275685 0.08005005 0.083292 4.476463 0.118767 0 0 0 0
43 1 1 6 -0.0279405 0.8800501 -0.083097 0 0.8 0 0.0279405 0.08005005 0.083097 4.487335 0.1187173 0 0 0 0
43 1 1 6 -0.0283125 0.8800501 -0.08290049 0 0.8 0 0.0283125 0.08005005 0.08290049 4.50399 0.118668 0 0 0 0
43 1 1 6 -0.0286815 0.8800501 -0.082701 0 0.8 0 0.0286815 0.08005005 0.082701 4.509453 0.1186174 0 0 0 0
43 1 1 6 -0.0290505 0.8800501 -0.08249851 0 0.8 0 0.0290505 0.08005005 0.08249851 4.514496 0.1185662 0 0 0 0
43 1 1 6 -0.0294165 0.8800501 -0.08229449 0 0.8 0 0.0294165 0.08005005 0.08229449 4.518875 0.1185147 0 0 0 0
43 1 1 6 -0.0297825 0.8800501 -0.0820875 0 0.8 0 0.0297825 0.08005005 0.0820875 4.535522 0.1184625 0 0 0 0
43 1 1 6 -0.0301455 0.8800501 -0.0818775 0 0.8 0 0.0301455 0.08005005 0.0818775 4.540771 0.118409 0 0 0 0
43 1 1 6 -0.0305085 0.8800501 -0.0816645 0 0.8 0 0.0305085 0.08005005 0.0816645 4.545723 0.1183548 0 0 0 0
43 1 1 6 -0.0308685 0.8800501 -0.08145 0 0.8 0 0.0308685 0.08005005 0.08145 4.550476 0.1183004 0 0 0 0
43 1 1 6 -0.0312285 0.8800501 -0.0812325 0 0.8 0 0.0312285 0.08005005 0.0812325 4.567528 0.1182453 0 0 0 0
43 1 1 6 -0.031587 0.8800501 -0.0810135 0 0.8 0 0.031587 0.08005005 0.0810135 4.572815 0.1181903 0 0 0 0
43 1 1 6 -0.0319425 0.8800501 -0.08079 0 0.8 0 0.0319425 0.08005005 0.08079 4.577614 0.1181328 0 0 0 0
43 1 1 6 -0.032298 0.8800501 -0.080565 0 0.8 0 0.032298 0.08005005 0.080565 4.582054 0.1180758 0 0 0 0
43 1 1 6 -0.0326505 0.8800501 -0.0803385 0 0.8 0 0.0326505 0.08005005 0.0803385 4.598625 0.1180184 0 0 0 0
43 1 1 6 -0.0330015 0.8800501 -0.080109 0 0.8 0 0.0330015 0.08005005 0.080109 4.603958 0.11796 0 0 0 0
43 1 1 6 -0.0333525 0.8800501 -0.0798765 0 0.8 0 0.0333525 0.08005005 0.0798765 4.608772 0.117901 0 0 0 0
43 1 1 6 -0.0337005 0.8800501 -0.079641 0 0.8 0 0.0337005 0.08005005 0.079641 4.613411 0.1178407 0 0 0 0
43 1 1 6 -0.034047 0.8800501 -0.079404 0 0.8 0 0.034047 0.08005005 0.079404 4.629982 0.1177803 0 0 0 0
43 1 1 6 -0.034392 0.8800501 -0.0791655 0 0.8 0 0.034392 0.08005005 0.0791655 4.635262 0.11772 0 0 0 0
43 1 1 6 -0.0347355 0.8800501 -0.0789225 0 0.8 0 0.0347355 0.08005005 0.0789225 4.652588 0.1176577 0 0 0 0
43 1 1 6 -0.0350775 0.8800501 -0.078678 0 0.8 0 0.0350775 0.08005005 0.078678 4.659058 0.1175954 0 0 0 0
43 1 1 6 -0.0354165 0.8800501 -0.078432 0 0.8 0 0.0354165 0.08005005 0.078432 4.663628 0.1175326 0 0 0 0
43 1 1 6 -0.0357555 0.8800501 -0.078183 0 0.8 0 0.0357555 0.08005005 0.078183 4.667702 0.1174693 0 0 0 0
43 1 1 6 -0.0360915 0.8800501 -0.077931 0 0.8 0 0.0360915 0.08005005 0.077931 4.67234 0.1174046 0 0 0 0
43 1 1 6 -0.036426 0.8800501 -0.0776775 0 0.8 0 0.036426 0.08005005 0.0776775 4.689407 0.1173399 0 0 0 0
43 1 1 6 -0.036759 0.8800501 -0.077421 0 0.8 0 0.036759 0.08005005 0.077421 4.695198 0.1172742 0 0 0 0
43 1 1 6 -0.0370905 0.8800501 -0.077163 0 0.8 0 0.0370905 0.08005005 0.077163 4.700356 0.1172086 0 0 0 0
43 1 1 6 -0.037419 0.8800501 -0.076902 0 0.8 0 0.037419 0.08005005 0.076902 4.70549 0.1171414 0 0 0 0
43 1 1 6 -0.037746 0.8800501 -0.0766395 0 0.8 0 0.037746 0.08005005 0.0766395 4.722176 0.1170743 0 0 0 0
43 1 1 6 -0.0380715 0.8800501 -0.076374 0 0.8 0 0.0380715 0.08005005 0.076374 4.727135 0.1170061 0 0 0 0
43 1 1 6 -0.0383955 0.8800501 -0.07610551 0 0.8 0 0.0383955 0.08005005 0.07610551 4.731499 0.116937 0 0 0 0
43 1 1 6 -0.038718 0.8800501 -0.0758355 0 0.8 0 0.038718 0.08005005 0.0758355 4.735825 0.1168679 0 0 0 0
43 1 1 6 -0.0390375 0.8800501 -0.075564 0 0.8 0 0.0390375 0.08005005 0.075564 4.752808 0.1167984 0 0 0 0
43 1 1 6 -0.0393555 0.8800501 -0.0752895 0 0.8 0 0.0393555 0.08005005 0.0752895 4.75824 0.1167278 0 0 0 0
43 1 1 6 -0.039672 0.8800501 -0.0750135 0 0.8 0 0.039672 0.08005005 0.0750135 4.762779 0.1166572 0 0 0 0
43 1 1 6 -0.0399855 0.8800501 -0.0747345 0 0.8 0 0.0399855 0.08005005 0.0747345 4.76712 0.1165852 0 0 0 0
43 1 1 6 -0.0402975 0.8800501 -0.0744525 0 0.8 0 0.0402975 0.08005005 0.0744525 4.784248 0.1165121 0 0 0 0
43 1 1 6 -0.040608 0.8800501 -0.0741705 0 0.8 0 0.040608 0.08005005 0.0741705 4.790421 0.11644 0 0 0 0
43 1 1 6 -0.0409155 0.8800501 -0.073884 0 0.8 0 0.0409155 0.08005005 0.073884 4.80043 0.1163655 0 0 0 0
43 1 1 6 -0.041223 0.8800501 -0.07359751 0 0.8 0 0.041223 0.08005005 0.07359751 4.817169 0.1162925 0 0 0 0
43 1 1 6 -0.041526 0.8800501 -0.07330801 0 0.8 0 0.041526 0.08005005 0.07330801 4.822342 0.1162174 0 0 0 0
43 1 1 6 -0.041829 0.8800501 -0.0730155 0 0.8 0 0.041829 0.08005005 0.0730155 4.827675 0.1161419 0 0 0 0
43 1 1 6 -0.042129 0.8800501 -0.0727215 0 0.8 0 0.042129 0.08005005 0.0727215 4.844612 0.1160658 0 0 0 0
43 1 1 6 -0.0424275 0.8800501 -0.07242601 0 0.8 0 0.0424275 0.08005005 0.07242601 4.850143 0.1159898 0 0 0 0
43 1 1 6 -0.042723 0.8800501 -0.0721275 0 0.8 0 0.042723 0.08005005 0.0721275 4.854973 0.1159122 0 0 0 0
43 1 1 6 -0.043017 0.8800501 -0.0718275 0 0.8 0 0.043017 0.08005005 0.0718275 4.85981 0.1158346 0 0 0 0
43 1 1 6 -0.043308 0.8800501 -0.071526 0 0.8 0 0.043308 0.08005005 0.071526 4.876602 0.1157565 0 0 0 0
43 1 1 6 -0.0435975 0.8800501 -0.0712215 0 0.8 0 0.0435975 0.08005005 0.0712215 4.882294 0.1156774 0 0 0 0
43 1 1 6 -0.0438855 0.8800501 -0.0709155 0 0.8 0 0.0438855 0.08005005 0.0709155 4.888252 0.1155982 0 0 0 0
43 1 1 6 -0.0441705 0.8800501 -0.0706065 0 0.8 0 0.0441705 0.08005005 0.0706065 4.904823 0.1155176 0 0 0 0
43 1 1 6 -0.044454 0.8800501 -0.0702975 0 0.8 0 0.044454 0.08005005 0.0702975 4.91037 0.1154379 0 0 0 0
43 1 1 6 -0.0447345 0.8800501 -0.0699855 0 0.8 0 0.0447345 0.08005005 0.0699855 4.915237 0.1153567 0 0 0 0
43 1 1 6 -0.0450135 0.8800501 -0.0696705 0 0.8 0 0.0450135 0.08005005 0.0696705 4.919746 0.1152745 0 0 0 0
43 1 1 6 -0.045291 0.8800501 -0.069354 0 0.8 0 0.045291 0.08005005 0.069354 4.924026 0.1151923 0 0 0 0
43 1 1 6 -0.045564 0.8800501 -0.069036 0 0.8 0 0.045564 0.08005005 0.069036 4.940598 0.1151089 0 0 0 0
43 1 1 6 -0.045837 0.8800501 -0.0687165 0 0.8 0 0.045837 0.08005005 0.0687165 4.945946 0.1150261 0 0 0 0
43 1 1 6 -0.046107 0.8800501 -0.0683955 0 0.8 0 0.046107 0.08005005 0.0683955 4.954964 0.1149426 0 0 0 0
43 1 1 6 -0.046374 0.8800501 -0.0680715 0 0.8 0 0.046374 0.08005005 0.0680715 4.971535 0.1148577 0 0 0 0
43 1 1 6 -0.0466395 0.8800501 -0.067746 0 0.8 0 0.0466395 0.08005005 0.067746 4.976875 0.1147727 0 0 0 0
43 1 1 6 -0.0469035 0.8800501 -0.067419 0 0.8 0 0.0469035 0.08005005 0.067419 4.982086 0.1146877 0 0 0 0
43 1 1 6 -0.047163 0.8800501 -0.067089 0 0.8 0 0.047163 0.08005005 0.067089 4.986771 0.1146006 0 0 0 0
43 1 1 6 -0.0474225 0.8800501 -0.0667575 0 0.8 0 0.0474225 0.08005005 0.0667575 5.003479 0.1145141 0 0 0 0
43 1 1 6 -0.0476775 0.8800501 -0.0664245 0 0.8 0 0.0476775 0.08005005 0.0664245 5.0093 0.1144263 0 0 0 0
43 1 1 6 -0.0479325 0.8800501 -0.06609 0 0.8 0 0.0479325 0.08005005 0.06609 5.01429 0.1143391 0 0 0 0
43 1 1 6 -0.048183 0.8800501 -0.065754 0 0.8 0 0.048183 0.08005005 0.065754 5.019005 0.1142506 0 0 0 0
43 1 1 6 -0.048432 0.8800501 -0.0654165 0 0.8 0 0.048432 0.08005005 0.0654165 5.035568 0.1141621 0 0 0 0
43 1 1 6 -0.0486795 0.8800501 -0.065076 0 0.8 0 0.0486795 0.08005005 0.065076 5.040802 0.1140727 0 0 0 0
43 1 1 6 -0.048924 0.8800501 -0.064734 0 0.8 0 0.048924 0.08005005 0.064734 5.046013 0.1139827 0 0 0 0
43 1 1 6 -0.0491655 0.8800501 -0.0643905 0 0.8 0 0.0491655 0.08005005 0.0643905 5.062805 0.113892 0 0 0 0
43 1 1 6 -0.0494055 0.8800501 -0.0640455 0 0.8 0 0.0494055 0.08005005 0.0640455 5.068077 0.1138013 0 0 0 0
43 1 1 6 -0.0496425 0.8800501 -0.063699 0 0.8 0 0.0496425 0.08005005 0.063699 5.073479 0.1137099 0 0 0 0
43 1 1 6 -0.0498765 0.8800501 -0.063351 0 0.8 0 0.0498765 0.08005005 0.063351 5.079292 0.1136179 0 0 0 0
43 1 1 6 -0.050109 0.8800501 -0.0630015 0 0.8 0 0.050109 0.08005005 0.0630015 5.096107 0.1135258 0 0 0 0
43 1 1 6 -0.0503385 0.8800501 -0.062649 0 0.8 0 0.0503385 0.08005005 0.062649 5.101624 0.1134322 0 0 0 0
43 1 1 6 -0.0505665 0.8800501 -0.0622965 0 0.8 0 0.0505665 0.08005005 0.0622965 5.112587 0.1133395 0 0 0 0
43 1 1 6 -0.0507915 0.8800501 -0.0619425 0 0.8 0 0.0507915 0.08005005 0.0619425 5.129181 0.113246 0 0 0 0
43 1 1 6 -0.0510135 0.8800501 -0.0615855 0 0.8 0 0.0510135 0.08005005 0.0615855 5.135185 0.1131511 0 0 0 0
43 1 1 6 -0.0512325 0.8800501 -0.061227 0 0.8 0 0.0512325 0.08005005 0.061227 5.14006 0.1130554 0 0 0 0
43 1 1 6 -0.05145 0.8800501 -0.0608685 0 0.8 0 0.05145 0.08005005 0.0608685 5.144913 0.1129606 0 0 0 0
43 1 1 6 -0.051666 0.8800501 -0.060507 0 0.8 0 0.051666 0.08005005 0.060507 5.161552 0.1128649 0 0 0 0
43 1 1 6 -0.0518775 0.8800501 -0.0601455 0 0.8 0 0.0518775 0.08005005 0.0601455 5.166985 0.1127686 0 0 0 0
43 1 1 6 -0.0520875 0.8800501 -0.059781 0 0.8 0 0.0520875 0.08005005 0.059781 5.171928 0.1126716 0 0 0 0
43 1 1 6 -0.0522945 0.8800501 -0.059415 0 0.8 0 0.0522945 0.08005005 0.059415 5.188499 0.1125738 0 0 0 0
43 1 1 6 -0.0524985 0.8800501 -0.059049 0 0.8 0 0.0524985 0.08005005 0.059049 5.194016 0.1124762 0 0 0 0
43 1 1 6 -0.052701 0.8800501 -0.05868 0 0.8 0 0.052701 0.08005005 0.05868 5.198181 0.1123777 0 0 0 0
43 1 1 6 -0.0529005 0.8800501 -0.058311 0 0.8 0 0.0529005 0.08005005 0.058311 5.202751 0.1122793 0 0 0 0
43 1 1 6 -0.053097 0.8800501 -0.0579405 0 0.8 0 0.053097 0.08005005 0.0579405 5.219658 0.1121802 0 0 0 0
43 1 1 6 -0.053292 0.8800501 -0.057567 0 0.8 0 0.053292 0.08005005 0.057567 5.225304 0.1120804 0 0 0 0
43 1 1 6 -0.053484 0.8800501 -0.0571935 0 0.8 0 0.053484 0.08005005 0.0571935 5.229927 0.1119806 0 0 0 0
43 1 1 6 -0.053673 0.8800501 -0.0568185 0 0.8 0 0.053673 0.08005005 0.0568185 5.234253 0.11188 0 0 0 0
43 1 1 6 -0.053859 0.8800501 -0.056442 0 0.8 0 0.053859 0.08005005 0.056442 5.238876 0.1117788 0 0 0 0
43 1 1 6 -0.0540435 0.8800501 -0.0560655 0 0.8 0 0.0540435 0.08005005 0.0560655 5.255486 0.1116783 0 0 0 0
43 1 1 6 -0.0542235 0.8800501 -0.055686 0 0.8 0 0.0542235 0.08005005 0.055686 5.260925 0.1115757 0 0 0 0
43 1 1 6 -0.054402 0.8800501 -0.0553065 0 0.8 0 0.054402 0.08005005 0.0553065 5.277657 0.1114738 0 0 0 0
43 1 1 6 -0.0545775 0.8800501 -0.054924 0 0.8 0 0.0545775 0.08005005 0.054924 5.282722 0.1113704 0 0 0 0
43 1 1 6 -0.0547515 0.8800501 -0.0545415 0 0.8 0 0.0547515 0.08005005 0.0545415 5.287987 0.1112678 0 0 0 0
43 1 1 6 -0.0549225 0.8800501 -0.0541575 0 0.8 0 0.0549225 0.08005005 0.0541575 5.2929 0.1111644 0 0 0 0
43 1 1 6 -0.055089 0.8800501 -0.0537735 0 0.8 0 0.055089 0.08005005 0.0537735 5.297249 0.1110603 0 0 0 0
43 1 1 6 -0.055254 0.8800501 -0.0533865 0 0.8 0 0.055254 0.08005005 0.0533865 5.31382 0.1109556 0 0 0 0
43 1 1 6 -0.0554175 0.8800501 -0.0529995 0 0.8 0 0.0554175 0.08005005 0.0529995 5.31958 0.1108515 0 0 0 0
43 1 1 6 -0.0555765 0.8800501 -0.052611 0 0.8 0 0.0555765 0.08005005 0.052611 5.325058 0.110746 0 0 0 0
43 1 1 6 -0.055734 0.8800501 -0.052221 0 0.8 0 0.055734 0.08005005 0.052221 5.329903 0.1106405 0 0 0 0
43 1 1 6 -0.055887 0.8800501 -0.051831 0 0.8 0 0.055887 0.08005005 0.051831 5.346497 0.1105342 0 0 0 0
43 1 1 6 -0.0560385 0.8800501 -0.0514395 0 0.8 0 0.0560385 0.08005005 0.0514395 5.351852 0.110428 0 0 0 0
43 1 1 6 -0.0561885 0.8800501 -0.0510465 0 0.8 0 0.0561885 0.08005005 0.0510465 5.356552 0.1103218 0 0 0 0
43 1 1 6 -0.056334 0.8800501 -0.050652 0 0.8 0 0.056334 0.08005005 0.050652 5.373116 0.1102141 0 0 0 0
43 1 1 6 -0.0564765 0.8800501 -0.0502575 0 0.8 0 0.0564765 0.08005005 0.0502575 5.378929 0.1101064 0 0 0 0
43 1 1 6 -0.0566175 0.8800501 -0.0498615 0 0.8 0 0.0566175 0.08005005 0.0498615 5.383766 0.1099987 0 0 0 0
43 1 1 6 -0.0567555 0.8800501 -0.049464 0 0.8 0 0.0567555 0.08005005 0.049464 5.388374 0.1098903 0 0 0 0
43 1 1 6 -0.0568905 0.8800501 -0.0490665 0 0.8 0 0.0568905 0.08005005 0.0490665 5.393379 0.1097819 0 0 0 0
43 1 1 6 -0.0570225 0.8800501 -0.0486675 0 0.8 0 0.0570225 0.08005005 0.0486675 5.410301 0.1096727 0 0 0 0
43 1 1 6 -0.0571515 0.8800501 -0.0482685 0 0.8 0 0.0571515 0.08005005 0.0482685 5.415939 0.1095635 0 0 0 0
43 1 1 6 -0.0572775 0.8800501 -0.047868 0 0.8 0 0.0572775 0.08005005 0.047868 5.426094 0.1094535 0 0 0 0
43 1 1 6 -0.057402 0.8800501 -0.047466 0 0.8 0 0.057402 0.08005005 0.047466 5.442787 0.1093436 0 0 0 0
43 1 1 6 -0.057522 0.8800501 -0.047064 0 0.8 0 0.057522 0.08005005 0.047064 5.448227 0.1092328 0 0 0 0
43 1 1 6 -0.0576405 0.8800501 -0.046662 0 0.8 0 0.0576405 0.08005005 0.046662 5.452919 0.1091228 0 0 0 0
43 1 1 6 -0.057756 0.8800501 -0.046257 0 0.8 0 0.057756 0.08005005 0.046257 5.457245 0.1090114 0 0 0 0
43 1 1 6 -0.0578685 0.8800501 -0.0458535 0 0.8 0 0.0578685 0.08005005 0.0458535 5.473816 0.1089005 0 0 0 0
43 1 1 6 -0.057978 0.8800501 -0.045447 0 0.8 0 0.057978 0.08005005 0.045447 5.479424 0.1087883 0 0 0 0
43 1 1 6 -0.0580845 0.8800501 -0.0450405 0 0.8 0 0.0580845 0.08005005 0.0450405 5.483894 0.108676 0 0 0 0
43 1 1 6 -0.058188 0.8800501 -0.044634 0 0.8 0 0.058188 0.08005005 0.044634 5.488213 0.1085636 0 0 0 0
43 1 1 6 -0.0582885 0.8800501 -0.044226 0 0.8 0 0.0582885 0.08005005 0.044226 5.504784 0.1084504 0 0 0 0
43 1 1 6 -0.0583875 0.8800501 -0.043818 0 0.8 0 0.0583875 0.08005005 0.043818 5.510063 0.108338 0 0 0 0
43 1 1 6 -0.058482 0.8800501 -0.0434085 0 0.8 0 0.058482 0.08005005 0.0434085 5.526634 0.1082241 0 0 0 0
43 1 1 6 -0.058575 0.8800501 -0.042999 0 0.8 0 0.058575 0.08005005 0.042999 5.531784 0.1081109 0 0 0 0
43 1 1 6 -0.058665 0.8800501 -0.0425895 0 0.8 0 0.058665 0.08005005 0.0425895 5.537003 0.1079975 0 0 0 0
43 1 1 6 -0.0587505 0.8800501 -0.0421785 0 0.8 0 0.0587505 0.08005005 0.0421785 5.54232 0.1078826 0 0 0 0
43 1 1 6 -0.0588345 0.8800501 -0.041766 0 0.8 0 0.0588345 0.08005005 0.041766 5.546837 0.1077678 0 0 0 0
43 1 1 6 -0.0589155 0.8800501 -0.041355 0 0.8 0 0.0589155 0.08005005 0.041355 5.551208 0.1076535 0 0 0 0
43 1 1 6 -0.0589935 0.8800501 -0.0409425 0 0.8 0 0.0589935 0.08005005 0.0409425 5.568184 0.1075385 0 0 0 0
43 1 1 6 -0.0590685 0.8800501 -0.0405285 0 0.8 0 0.0590685 0.08005005 0.0405285 5.574036 0.1074228 0 0 0 0
43 1 1 6 -0.059142 0.8800501 -0.0401145 0 0.8 0 0.059142 0.08005005 0.0401145 5.590607 0.1073078 0 0 0 0
43 1 1 6 -0.059211 0.8800501 -0.0397005 0 0.8 0 0.059211 0.08005005 0.0397005 5.595818 0.1071918 0 0 0 0
43 1 1 6 -0.059277 0.8800501 -0.0392865 0 0.8 0 0.059277 0.08005005 0.0392865 5.6008 0.1070757 0 0 0 0
43 1 1 6 -0.05934 0.8800501 -0.038871 0 0.8 0 0.05934 0.08005005 0.038871 5.605568 0.1069589 0 0 0 0
43 1 1 6 -0.0594015 0.8800501 -0.0384555 0 0.8 0 0.0594015 0.08005005 0.0384555 5.609993 0.1068428 0 0 0 0
43 1 1 6 -0.0594585 0.8800501 -0.0380385 0 0.8 0 0.0594585 0.08005005 0.0380385 5.626945 0.1067251 0 0 0 0
43 1 1 6 -0.059514 0.8800501 -0.037623 0 0.8 0 0.059514 0.08005005 0.037623 5.632813 0.1066087 0 0 0 0
43 1 1 6 -0.059565 0.8800501 -0.037206 0 0.8 0 0.059565 0.08005005 0.037206 5.637756 0.1064908 0 0 0 0
43 1 1 6 -0.0596145 0.8800501 -0.036789 0 0.8 0 0.0596145 0.08005005 0.036789 5.642593 0.1063735 0 0 0 0
43 1 1 6 -0.059661 0.8800501 -0.036372 0 0.8 0 0.059661 0.08005005 0.036372 5.659157 0.1062561 0 0 0 0
43 1 1 6 -0.0597045 0.8800501 -0.0359535 0 0.8 0 0.0597045 0.08005005 0.0359535 5.664513 0.1061381 0 0 0 0
43 1 1 6 -0.0597435 0.8800501 -0.035535 0 0.8 0 0.0597435 0.08005005 0.035535 5.675026 0.106019 0 0 0 0
43 1 1 6 -0.059781 0.8800501 -0.0351165 0 0.8 0 0.059781 0.08005005 0.0351165 5.691597 0.1059006 0 0 0 0
43 1 1 6 -0.0598155 0.8800501 -0.034698 0 0.8 0 0.0598155 0.08005005 0.034698 5.696808 0.1057821 0 0 0 0
43 1 1 6 -0.059847 0.8800501 -0.0342795 0 0.8 0 0.059847 0.08005005 0.0342795 5.701469 0.1056634 0 0 0 0
43 1 1 6 -0.0598755 0.8800501 -0.033861 0 0.8 0 0.0598755 0.08005005 0.033861 5.706177 0.1055446 0 0 0 0
43 1 1 6 -0.059901 0.8800501 -0.033441 0 0.8 0 0.059901 0.08005005 0.033441 5.722748 0.105425 0 0 0 0
43 1 1 6 -0.0599235 0.8800501 -0.0330225 0 0.8 0 0.0599235 0.08005005 0.0330225 5.728821 0.1053059 0 0 0 0
43 1 1 6 -0.059943 0.8800501 -0.0326025 0 0.8 0 0.059943 0.08005005 0.0326025 5.738434 0.105186 0 0 0 0
43 1 1 6 -0.059961 0.8800501 -0.0321825 0 0.8 0 0.059961 0.08005005 0.0321825 5.755272 0.1050669 0 0 0 0
43 1 1 6 -0.0599745 0.8800501 -0.0317625 0 0.8 0 0.0599745 0.08005005 0.0317625 5.760651 0.1049467 0 0 0 0
43 1 1 6 -0.059985 0.8800501 -0.0313425 0 0.8 0 0.059985 0.08005005 0.0313425 5.76564 0.1048263 0 0 0 0
43 1 1 6 -0.0599925 0.8800501 -0.030924 0 0.8 0 0.0599925 0.08005005 0.030924 5.769966 0.1047063 0 0 0 0
43 1 1 6 -0.0599985 0.8800501 -0.030504 0 0.8 0 0.0599985 0.08005005 0.030504 5.787071 0.1045864 0 0 0 0
43 1 1 6 -0.06 0.8800501 -0.030084 0 0.8 0 0.06 0.08005005 0.030084 5.792717 0.1044656 0 0 0 0
43 1 1 6 -0.0599985 0.8800501 -0.029664 0 0.8 0 0.0599985 0.08005005 0.029664 5.797707 0.1043445 0 0 0 0
43 1 1 6 -0.0599955 0.8800501 -0.029244 0 0.8 0 0.0599955 0.08005005 0.029244 5.81427 0.1042242 0 0 0 0
43 1 1 6 -0.059988 0.8800501 -0.028824 0 0.8 0 0.059988 0.08005005 0.028824 5.824944 0.1041028 0 0 0 0
43 1 1 6 -0.059979 0.8800501 -0.028404 0 0.8 0 0.059979 0.08005005 0.028404 5.830276 0.1039821 0 0 0 0
43 1 1 6 -0.0599655 0.8800501 -0.027984 0 0.8 0 0.0599655 0.08005005 0.027984 5.846848 0.1038604 0 0 0 0
43 1 1 6 -0.0599505 0.8800501 -0.027564 0 0.8 0 0.0599505 0.08005005 0.027564 5.85231 0.1037393 0 0 0 0
43 1 1 6 -0.0599325 0.8800501 -0.027144 0 0.8 0 0.0599325 0.08005005 0.027144 5.856728 0.1036181 0 0 0 0
43 1 1 6 -0.05991 0.8800501 -0.0267255 0 0.8 0 0.05991 0.08005005 0.0267255 5.861084 0.1034962 0 0 0 0
43 1 1 6 -0.059886 0.8800501 -0.0263055 0 0.8 0 0.059886 0.08005005 0.0263055 5.878128 0.1033747 0 0 0 0
43 1 1 6 -0.059859 0.8800501 -0.025887 0 0.8 0 0.059859 0.08005005 0.025887 5.883614 0.1032533 0 0 0 0
43 1 1 6 -0.059829 0.8800501 -0.025467 0 0.8 0 0.059829 0.08005005 0.025467 5.893524 0.1031314 0 0 0 0
43 1 1 6 -0.059796 0.8800501 -0.0250485 0 0.8 0 0.059796 0.08005005 0.0250485 5.910614 0.1030097 0 0 0 0
43 1 1 6 -0.05976 0.8800501 -0.02463 0 0.8 0 0.05976 0.08005005 0.02463 5.91613 0.1028878 0 0 0 0
43 1 1 6 -0.0597195 0.8800501 -0.024213 0 0.8 0 0.0597195 0.08005005 0.024213 5.920647 0.1027653 0 0 0 1
43 1 1 6 -0.0596775 0.8800501 -0.0237945 0 0.8 0 0.0596775 0.08005005 0.0237945 5.925835 0.102643 0 0 0 1
43 1 1 6 -0.059634 0.8800501 -0.0233775 0 0.8 0 0.059634 0.08005005 0.0233775 5.942474 0.1025219 0 0 0 1
43 1 1 6 -0.059586 0.8800501 -0.022959 0 0.8 0 0.059586 0.08005005 0.022959 5.948471 0.1023993 0 0 0 1
43 1 1 6 -0.059535 0.8800501 -0.022542 0 0.8 0 0.059535 0.08005005 0.022542 5.953987 0.1022769 0 0 0 1
43 1 1 6 -0.059481 0.8800501 -0.0221265 0 0.8 0 0.059481 0.08005005 0.0221265 5.970543 0.1021547 0 0 0 1
43 1 1 6 -0.059424 0.8800501 -0.0217095 0 0.8 0 0.059424 0.08005005 0.0217095 5.981125 0.102032 0 0 0 1
43 1 1 6 -0.0593655 0.8800501 -0.021294 0 0.8 0 0.0593655 0.08005005 0.021294 5.986168 0.1019103 0 0 0 1
43 1 1 6 -0.0593025 0.8800501 -0.0208785 0 0.8 0 0.0593025 0.08005005 0.0208785 6.002975 0.1017876 0 0 0 1
43 1 1 6 -0.059238 0.8800501 -0.0204645 0 0.8 0 0.059238 0.08005005 0.0204645 6.008705 0.1016659 0 0 0 1
43 1 1 6 -0.059169 0.8800501 -0.020049 0 0.8 0 0.059169 0.08005005 0.020049 6.013229 0.1015428 0 0 0 1
43 1 1 6 -0.0590985 0.8800501 -0.019635 0 0.8 0 0.0590985 0.08005005 0.019635 6.017654 0.1014208 0 0 0 1
43 1 1 6 -0.0590235 0.8800501 -0.0192225 0 0.8 0 0.0590235 0.08005005 0.0192225 6.034225 0.101298 0 0 0 1
43 1 1 6 -0.058947 0.8800501 -0.01881 0 0.8 0 0.058947 0.08005005 0.01881 6.039963 0.101176 0 0 0 1
43 1 1 6 -0.0588675 0.8800501 -0.0183975 0 0.8 0 0.0588675 0.08005005 0.0183975 6.049484 0.1010538 0 0 0 1
43 1 1 6 -0.058785 0.8800501 -0.017985 0 0.8 0 0.058785 0.08005005 0.017985 6.066048 0.1009314 0 0 0 1
43 1 1 6 -0.0586995 0.8800501 -0.017574 0 0.8 0 0.0586995 0.08005005 0.017574 6.071678 0.1008092 0 0 0 1
43 1 1 6 -0.058611 0.8800501 -0.017163 0 0.8 0 0.058611 0.08005005 0.017163 6.07692 0.1006868 0 0 0 1
43 1 1 6 -0.0585195 0.8800501 -0.0167535 0 0.8 0 0.0585195 0.08005005 0.0167535 6.081696 0.1005645 0 0 0 1
43 1 1 6 -0.058425 0.8800501 -0.016344 0 0.8 0 0.058425 0.08005005 0.016344 6.098267 0.1004421 0 0 0 1
43 1 1 6 -0.058329 0.8800501 -0.015936 0 0.8 0 0.058329 0.08005005 0.015936 6.103798 0.1003207 0 0 0 1
43 1 1 6 -0.0582285 0.8800501 -0.015528 0 0.8 0 0.0582285 0.08005005 0.015528 6.108551 0.1001982 0 0 0 1
43 1 1 6 -0.058125 0.8800501 -0.01512 0 0.8 0 0.058125 0.08005005 0.01512 6.11306 0.1000757 0 0 0 1
43 1 1 6 -0.05802 0.8800501 -0.0147135 0 0.8 0 0.05802 0.08005005 0.0147135 6.1325 0.09995408 0 0 0 1
43 1 1 6 -0.057912 0.8800501 -0.0143085 0 0.8 0 0.057912 0.08005005 0.0143085 6.138268 0.09983258 0 0 0 1
43 1 1 6 -0.057801 0.8800501 -0.0139035 0 0.8 0 0.057801 0.08005005 0.0139035 6.143692 0.09971095 0 0 0 1
43 1 1 6 -0.057687 0.8800501 -0.0134985 0 0.8 0 0.057687 0.08005005 0.0134985 6.160263 0.09958921 0 0 0 1
43 1 1 6 -0.05757 0.8800501 -0.013095 0 0.8 0 0.05757 0.08005005 0.013095 6.165749 0.09946755 0 0 0 1
43 1 1 6 -0.05745 0.8800501 -0.012693 0 0.8 0 0.05745 0.08005005 0.012693 6.170013 0.09934599 0 0 0 1
43 1 1 6 -0.057327 0.8800501 -0.012291 0 0.8 0 0.057327 0.08005005 0.012291 6.174583 0.09922431 0 0 0 1
43 1 1 6 -0.057201 0.8800501 -0.0118905 0 0.8 0 0.057201 0.08005005 0.0118905 6.191154 0.09910272 0 0 0 1
43 1 1 6 -0.0570735 0.8800501 -0.01149 0 0.8 0 0.0570735 0.08005005 0.01149 6.197708 0.09898189 0 0 0 1
43 1 1 6 -0.056943 0.8800501 -0.011091 0 0.8 0 0.056943 0.08005005 0.011091 6.214279 0.09886115 0 0 0 1
43 1 1 6 -0.0568095 0.8800501 -0.0106935 0 0.8 0 0.0568095 0.08005005 0.0106935 6.219749 0.09874047 0 0 0 1
43 1 1 6 -0.056673 0.8800501 -0.010296 0 0.8 0 0.056673 0.08005005 0.010296 6.224945 0.09861971 0 0 0 1
43 1 1 6 -0.0565335 0.8800501 -0.0099 0 0.8 0 0.0565335 0.08005005 0.0099 6.229607 0.09849902 0 0 0 1
43 1 1 6 -0.056391 0.8800501 -0.009504 0 0.8 0 0.056391 0.08005005 0.009504 6.234047 0.09837826 0 0 0 1
43 1 1 6 -0.0562455 0.8800501 -0.0091095 0 0.8 0 0.0562455 0.08005005 0.0091095 6.23851 0.09825757 0 0 0 1
43 1 1 6 -0.0560985 0.8800501 -0.008716499 0 0.8 0 0.0560985 0.08005005 0.008716499 6.255081 0.09813781 0 0 0 1
43 1 1 6 -0.0559485 0.8800501 -0.008324999 0 0.8 0 0.0559485 0.08005005 0.008324999 6.260437 0.09801812 0 0 0 1
43 1 1 6 -0.0557955 0.8800501 -0.0079335 0 0.8 0 0.0557955 0.08005005 0.0079335 6.265457 0.09789836 0 0 0 1
43 1 1 6 -0.0556395 0.8800501 -0.0075435 0 0.8 0 0.0556395 0.08005005 0.0075435 6.269989 0.09777867 0 0 0 1
43 1 1 6 -0.0554805 0.8800501 -0.007155 0 0.8 0 0.0554805 0.08005005 0.007155 6.286606 0.09765905 0 0 0 1
43 1 1 6 -0.05532 0.8800501 -0.0067665 0 0.8 0 0.05532 0.08005005 0.0067665 6.297623 0.09754024 0 0 0 1
43 1 1 6 -0.055155 0.8800501 -0.006380999 0 0.8 0 0.055155 0.08005005 0.006380999 6.314194 0.09742074 0 0 0 1
43 1 1 6 -0.0549885 0.8800501 -0.0059955 0 0.8 0 0.0549885 0.08005005 0.0059955 6.319786 0.09730206 0 0 0 1
43 1 1 6 -0.054819 0.8800501 -0.00561 0 0.8 0 0.054819 0.08005005 0.00561 6.325134 0.09718336 0 0 0 1
43 1 1 6 -0.0546465 0.8800501 -0.0052275 0 0.8 0 0.0546465 0.08005005 0.0052275 6.330315 0.09706481 0 0 0 1
43 1 1 6 -0.0544725 0.8800501 -0.004845 0 0.8 0 0.0544725 0.08005005 0.004845 6.346985 0.09694709 0 0 0 1
43 1 1 6 -0.0542955 0.8800501 -0.004464 0 0.8 0 0.0542955 0.08005005 0.004464 6.352898 0.09682944 0 0 0 1
43 1 1 6 -0.0541155 0.8800501 -0.004086 0 0.8 0 0.0541155 0.08005005 0.004086 6.36953 0.09671191 0 0 0 1
43 1 1 6 -0.0539325 0.8800501 -0.0037065 0 0.8 0 0.0539325 0.08005005 0.0037065 6.374992 0.09659433 0 0 0 1
43 1 1 6 -0.0537465 0.8800501 -0.00333 0 0.8 0 0.0537465 0.08005005 0.00333 6.380318 0.09647687 0 0 0 1
43 1 1 6 -0.053559 0.8800501 -0.002955 0 0.8 0 0.053559 0.08005005 0.002955 6.385193 0.09636031 0 0 0 1
43 1 1 6 -0.0533685 0.8800501 -0.00258 0 0.8 0 0.0533685 0.08005005 0.00258 6.389702 0.09624378 0 0 0 1
43 1 1 6 -0.053175 0.8800501 -0.002208 0 0.8 0 0.053175 0.08005005 0.002208 6.394272 0.09612735 0 0 0 1
43 1 1 6 -0.0529785 0.8800501 -0.001836 0 0.8 0 0.0529785 0.08005005 0.001836 6.410843 0.09601095 0 0 0 1
43 1 1 6 -0.0527805 0.8800501 -0.0014655 0 0.8 0 0.0527805 0.08005005 0.0014655 6.416283 0.09589546 0 0 0 1
43 1 1 6 -0.0525795 0.8800501 -0.0010965 0 0.8 0 0.0525795 0.08005005 0.0010965 6.421013 0.09578004 0 0 0 1
43 1 1 6 -0.0523755 0.8800501 -0.000729 0 0.8 0 0.0523755 0.08005005 0.000729 6.426018 0.0956647 0 0 0 1
43 1 1 6 -0.05217 0.8800501 -0.0003645 0 0.8 0 0.05217 0.08005005 0.0003645 6.44265 0.09555026 0 0 0 1
43 1 1 6 -0.0519615 0.8800501 0 0 0.8 0 0.0519615 0.08005005 0 6.44809 0.09543589 0 0 0 1
43 1 1 6 -0.05175 0.8800501 0.000363 0 0.8 0 0.05175 0.08005005 0.000363 6.464653 0.09532159 0 0 0 1
43 1 1 6 -0.0515355 0.8800501 0.0007245 0 0.8 0 0.0515355 0.08005005 0.0007245 6.469902 0.09520737 0 0 0 1
43 1 1 6 -0.0513195 0.8800501 0.0010845 0 0.8 0 0.0513195 0.08005005 0.0010845 6.474152 0.09509405 0 0 0 1
43 1 1 6 -0.0511005 0.8800501 0.001443 0 0.8 0 0.0511005 0.08005005 0.001443 6.478615 0.09498081 0 0 0 1
43 1 1 6 -0.05088 0.8800501 0.0018 0 0.8 0 0.05088 0.08005005 0.0018 6.483284 0.09486846 0 0 0 1
43 1 1 6 -0.050655 0.8800501 0.0021555 0 0.8 0 0.050655 0.08005005 0.0021555 6.488464 0.0947554 0 0 0 1
43 1 1 6 -0.05043 0.8800501 0.0025095 0 0.8 0 0.05043 0.08005005 0.0025095 6.505028 0.09464403 0 0 0 1
43 1 1 6 -0.0502005 0.8800501 0.002862 0 0.8 0 0.0502005 0.08005005 0.002862 6.510857 0.09453196 0 0 0 1
43 1 1 6 -0.0499695 0.8800501 0.003213 0 0.8 0 0.0499695 0.08005005 0.003213 6.527863 0.09442078 0 0 0 1
43 1 1 6 -0.0497355 0.8800501 0.003561 0 0.8 0 0.0497355 0.08005005 0.003561 6.533569 0.09430966 0 0 0 1
43 1 1 6 -0.0495 0.8800501 0.003909 0 0.8 0 0.0495 0.08005005 0.003909 6.537659 0.09419947 0 0 0 1
43 1 1 6 -0.0492615 0.8800501 0.004254 0 0.8 0 0.0492615 0.08005005 0.004254 6.542389 0.09408934 0 0 0 1
43 1 1 6 -0.04902 0.8800501 0.004599 0 0.8 0 0.04902 0.08005005 0.004599 6.547005 0.09397937 0 0 0 1
43 1 1 6 -0.048777 0.8800501 0.004941 0 0.8 0 0.048777 0.08005005 0.004941 6.563576 0.09387023 0 0 0 1
43 1 1 6 -0.048531 0.8800501 0.0052815 0 0.8 0 0.048531 0.08005005 0.0052815 6.569168 0.09376121 0 0 0 1
43 1 1 6 -0.048282 0.8800501 0.0056205 0 0.8 0 0.048282 0.08005005 0.0056205 6.574478 0.09365229 0 0 0 1
43 1 1 6 -0.0480315 0.8800501 0.005958 0 0.8 0 0.0480315 0.08005005 0.005958 6.579552 0.09354429 0 0 0 1
43 1 1 6 -0.0477795 0.8800501 0.0062925 0 0.8 0 0.0477795 0.08005005 0.0062925 6.596581 0.09343708 0 0 0 1
43 1 1 6 -0.0475245 0.8800501 0.0066255 0 0.8 0 0.0475245 0.08005005 0.0066255 6.601761 0.09332999 0 0 0 1
43 1 1 6 -0.0472665 0.8800501 0.0069585 0 0.8 0 0.0472665 0.08005005 0.0069585 6.606873 0.09322314 0 0 0 1
43 1 1 6 -0.047007 0.8800501 0.0072885 0 0.8 0 0.047007 0.08005005 0.0072885 6.623817 0.09311708 0 0 0 1
43 1 1 6 -0.0467445 0.8800501 0.0076155 0 0.8 0 0.0467445 0.08005005 0.0076155 6.629211 0.09301104 0 0 0 1
43 1 1 6 -0.0464805 0.8800501 0.0079425 0 0.8 0 0.0464805 0.08005005 0.0079425 6.633232 0.09290604 0 0 0 1
43 1 1 6 -0.0462135 0.8800501 0.008266499 0 0.8 0 0.0462135 0.08005005 0.008266499 6.637985 0.09280104 0 0 0 1
43 1 1 6 -0.0459435 0.8800501 0.008589 0 0.8 0 0.0459435 0.08005005 0.008589 6.642357 0.0926962 0 0 0 1
43 1 1 6 -0.0456735 0.8800501 0.00891 0 0.8 0 0.0456735 0.08005005 0.00891 6.658928 0.09259301 0 0 0 1
43 1 1 6 -0.045399 0.8800501 0.009227999 0 0.8 0 0.045399 0.08005005 0.009227999 6.665001 0.09248912 0 0 0 1
43 1 1 6 -0.045123 0.8800501 0.009546001 0 0.8 0 0.045123 0.08005005 0.009546001 6.674393 0.09238627 0 0 0 1
43 1 1 6 -0.0448455 0.8800501 0.009861 0 0.8 0 0.0448455 0.08005005 0.009861 6.691376 0.09228417 0 0 0 1
43 1 1 6 -0.044565 0.8800501 0.010173 0 0.8 0 0.044565 0.08005005 0.010173 6.696815 0.0921821 0 0 0 1
43 1 1 6 -0.044283 0.8800501 0.010485 0 0.8 0 0.044283 0.08005005 0.010485 6.701874 0.09208111 0 0 0 1
43 1 1 6 -0.0439995 0.8800501 0.010794 0 0.8 0 0.0439995 0.08005005 0.010794 6.707169 0.09198085 0 0 0 1
43 1 1 6 -0.043713 0.8800501 0.0111 0 0.8 0 0.043713 0.08005005 0.0111 6.72374 0.09188061 0 0 0 1
43 1 1 6 -0.0434235 0.8800501 0.011406 0 0.8 0 0.0434235 0.08005005 0.011406 6.729584 0.09178076 0 0 0 1
43 1 1 6 -0.0431325 0.8800501 0.0117075 0 0.8 0 0.0431325 0.08005005 0.0117075 6.734581 0.09168145 0 0 0 1
43 1 1 6 -0.04284 0.8800501 0.012009 0 0.8 0 0.04284 0.08005005 0.012009 6.751144 0.09158325 0 0 0 1
43 1 1 6 -0.0425445 0.8800501 0.0123075 0 0.8 0 0.0425445 0.08005005 0.0123075 6.757736 0.09148508 0 0 0 1
43 1 1 6 -0.0422475 0.8800501 0.0126045 0 0.8 0 0.0422475 0.08005005 0.0126045 6.768684 0.09138783 0 0 0 1
43 1 1 6 -0.0419475 0.8800501 0.0129 0 0.8 0 0.0419475 0.08005005 0.0129 6.785248 0.09129082 0 0 0 1
43 1 1 6 -0.041646 0.8800501 0.0131925 0 0.8 0 0.041646 0.08005005 0.0131925 6.790787 0.09119453 0 0 0 1
43 1 1 6 -0.041343 0.8800501 0.013482 0 0.8 0 0.041343 0.08005005 0.013482 6.795685 0.09109895 0 0 0 1
43 1 1 6 -0.0410385 0.8800501 0.0137715 0 0.8 0 0.0410385 0.08005005 0.0137715 6.800461 0.09100452 0 0 0 1
43 1 1 6 -0.040731 0.8800501 0.0140565 0 0.8 0 0.040731 0.08005005 0.0140565 6.817169 0.09090991 0 0 0 1
43 1 1 6 -0.0404205 0.8800501 0.0143415 0 0.8 0 0.0404205 0.08005005 0.0143415 6.822334 0.09081578 0 0 0 1
43 1 1 6 -0.04011 0.8800501 0.0146235 0 0.8 0 0.04011 0.08005005 0.0146235 6.838905 0.09072304 0 0 0 1
43 1 1 6 -0.0397965 0.8800501 0.0149025 0 0.8 0 0.0397965 0.08005005 0.0149025 6.844582 0.09063033 0 0 0 1
43 1 1 6 -0.0394815 0.8800501 0.01518 0 0.8 0 0.0394815 0.08005005 0.01518 6.848961 0.09053857 0 0 0 1
43 1 1 6 -0.0391635 0.8800501 0.015456 0 0.8 0 0.0391635 0.08005005 0.015456 6.853188 0.09044711 0 0 0 1
43 1 1 6 -0.0388455 0.8800501 0.015729 0 0.8 0 0.0388455 0.08005005 0.015729 6.857475 0.09035699 0 0 0 1
43 1 1 6 -0.038523 0.8800501 0.015999 0 0.8 0 0.038523 0.08005005 0.015999 6.861931 0.09026627 0 0 0 1
43 1 1 6 -0.0382005 0.8800501 0.0162675 0 0.8 0 0.0382005 0.08005005 0.0162675 6.878502 0.09017716 0 0 0 1
43 1 1 6 -0.0378765 0.8800501 0.0165345 0 0.8 0 0.0378765 0.08005005 0.0165345 6.883842 0.09008901 0 0 0 1
43 1 1 6 -0.0375495 0.8800501 0.0167985 0 0.8 0 0.0375495 0.08005005 0.0167985 6.887932 0.09000092 0 0 0 1
43 1 1 6 -0.037221 0.8800501 0.0170595 0 0.8 0 0.037221 0.08005005 0.0170595 6.892067 0.08991351 0 0 0 1
43 1 1 6 -0.036891 0.8800501 0.017319 0 0.8 0 0.036891 0.08005005 0.017319 6.908638 0.08982708 0 0 0 1
43 1 1 6 -0.036558 0.8800501 0.0175755 0 0.8 0 0.036558 0.08005005 0.0175755 6.914253 0.08974072 0 0 0 1
43 1 1 6 -0.036225 0.8800501 0.0178305 0 0.8 0 0.036225 0.08005005 0.0178305 6.925438 0.08965594 0 0 0 1
43 1 1 6 -0.035889 0.8800501 0.0180825 0 0.8 0 0.035889 0.08005005 0.0180825 6.9422 0.08957125 0 0 0 1
43 1 1 6 -0.0355515 0.8800501 0.018333 0 0.8 0 0.0355515 0.08005005 0.018333 6.947495 0.08948754 0 0 0 1
43 1 1 6 -0.0352125 0.8800501 0.0185805 0 0.8 0 0.0352125 0.08005005 0.0185805 6.951614 0.08940451 0 0 0 1
43 1 1 6 -0.0348705 0.8800501 0.0188265 0 0.8 0 0.0348705 0.08005005 0.0188265 6.9562 0.08932189 0 0 0 1
43 1 1 6 -0.0345285 0.8800501 0.0190695 0 0.8 0 0.0345285 0.08005005 0.0190695 6.973015 0.08924054 0 0 0 1
43 1 1 6 -0.0341835 0.8800501 0.0193095 0 0.8 0 0.0341835 0.08005005 0.0193095 6.979568 0.08915929 0 0 0 1
43 1 1 6 -0.0338385 0.8800501 0.019548 0 0.8 0 0.0338385 0.08005005 0.019548 6.99614 0.08907963 0 0 0 1
43 1 1 6 -0.0334905 0.8800501 0.0197835 0 0.8 0 0.0334905 0.08005005 0.0197835 7.00132 0.08900006 0 0 0 1
43 1 1 6 -0.033141 0.8800501 0.020016 0 0.8 0 0.033141 0.08005005 0.020016 7.00647 0.08892118 0 0 0 1
43 1 1 6 -0.03279 0.8800501 0.020247 0 0.8 0 0.03279 0.08005005 0.020247 7.010849 0.08884332 0 0 0 1
43 1 1 6 -0.0324375 0.8800501 0.020475 0 0.8 0 0.0324375 0.08005005 0.020475 7.014999 0.08876614 0 0 0 1
43 1 1 6 -0.0320835 0.8800501 0.0207015 0 0.8 0 0.0320835 0.08005005 0.0207015 7.019371 0.08868999 0 0 0 1
43 1 1 6 -0.031728 0.8800501 0.020925 0 0.8 0 0.031728 0.08005005 0.020925 7.036011 0.08861452 0 0 0 1
43 1 1 6 -0.031371 0.8800501 0.0211455 0 0.8 0 0.031371 0.08005005 0.0211455 7.041405 0.08853972 0 0 0 1
43 1 1 6 -0.0310125 0.8800501 0.0213645 0 0.8 0 0.0310125 0.08005005 0.0213645 7.046562 0.08846597 0 0 0 1
43 1 1 6 -0.030651 0.8800501 0.0215805 0 0.8 0 0.030651 0.08005005 0.0215805 7.051102 0.08839238 0 0 0 1
43 1 1 6 -0.0302895 0.8800501 0.0217935 0 0.8 0 0.0302895 0.08005005 0.0217935 7.067886 0.08831999 0 0 0 1
43 1 1 6 -0.0299265 0.8800501 0.0220035 0 0.8 0 0.0299265 0.08005005 0.0220035 7.07309 0.08824829 0 0 0 1
43 1 1 6 -0.029562 0.8800501 0.022212 0 0.8 0 0.029562 0.08005005 0.022212 7.07756 0.08817764 0 0 0 1
43 1 1 6 -0.029196 0.8800501 0.0224175 0 0.8 0 0.029196 0.08005005 0.0224175 7.094124 0.08810767 0 0 0 1
43 1 1 6 -0.0288285 0.8800501 0.0226215 0 0.8 0 0.0288285 0.08005005 0.0226215 7.099464 0.08803877 0 0 0 1
43 1 1 6 -0.0284595 0.8800501 0.022821 0 0.8 0 0.0284595 0.08005005 0.022821 7.1045 0.08797017 0 0 0 1
43 1 1 6 -0.028089 0.8800501 0.023019 0 0.8 0 0.028089 0.08005005 0.023019 7.108978 0.08790266 0 0 0 1
43 1 1 6 -0.027717 0.8800501 0.023214 0 0.8 0 0.027717 0.08005005 0.023214 7.113495 0.08783583 0 0 0 1
43 1 1 6 -0.0273435 0.8800501 0.0234075 0 0.8 0 0.0273435 0.08005005 0.0234075 7.130547 0.08777009 0 0 0 1
43 1 1 6 -0.0269685 0.8800501 0.023598 0 0.8 0 0.0269685 0.08005005 0.023598 7.13623 0.08770505 0 0 0 1
43 1 1 6 -0.0265935 0.8800501 0.0237855 0 0.8 0 0.0265935 0.08005005 0.0237855 7.152794 0.08764117 0 0 0 1
43 1 1 6 -0.0262155 0.8800501 0.02397 0 0.8 0 0.0262155 0.08005005 0.02397 7.158424 0.08757753 0 0 0 1
43 1 1 6 -0.0258375 0.8800501 0.0241515 0 0.8 0 0.0258375 0.08005005 0.0241515 7.163338 0.08751504 0 0 0 1
43 1 1 6 -0.025458 0.8800501 0.0243315 0 0.8 0 0.025458 0.08005005 0.0243315 7.167694 0.08745366 0 0 0 1
43 1 1 6 -0.025077 0.8800501 0.0245085 0 0.8 0 0.025077 0.08005005 0.0245085 7.172203 0.08739299 0 0 0 1
43 1 1 6 -0.0246945 0.8800501 0.0246825 0 0.8 0 0.0246945 0.08005005 0.0246825 7.189194 0.08733301 0 0 0 1
43 1 1 6 -0.024312 0.8800501 0.0248535 0 0.8 0 0.024312 0.08005005 0.0248535 7.194885 0.08727417 0 1 0 1
43 1 1 6 -0.0239265 0.8800501 0.025023 0 0.8 0 0.0239265 0.08005005 0.025023 7.199471 0.08721604 0 1 0 1
43 1 1 6 -0.023541 0.8800501 0.0251895 0 0.8 0 0.023541 0.08005005 0.0251895 7.204514 0.08715905 0 1 0 0
43 1 1 6 -0.023154 0.8800501 0.025353 0 0.8 0 0.023154 0.08005005 0.025353 7.221085 0.08710277 0 1 0 0
43 1 1 6 -0.0227655 0.8800501 0.0255135 0 0.8 0 0.0227655 0.08005005 0.0255135 7.226135 0.08704721 0 1 0 0
43 1 1 6 -0.022377 0.8800501 0.025671 0 0.8 0 0.022377 0.08005005 0.025671 7.231308 0.08699276 0 1 0 0
43 1 1 6 -0.021987 0.8800501 0.025827 0 0.8 0 0.021987 0.08005005 0.025827 7.23613 0.08693948 0 1 0 0
43 1 1 6 -0.0215955 0.8800501 0.0259785 0 0.8 0 0.0215955 0.08005005 0.0259785 7.252701 0.08688647 0 1 0 0
43 1 1 6 -0.0212025 0.8800501 0.0261285 0 0.8 0 0.0212025 0.08005005 0.0261285 7.258202 0.08683465 0 1 0 0
43 1 1 6 -0.0208095 0.8800501 0.0262755 0 0.8 0 0.0208095 0.08005005 0.0262755 7.263756 0.08678392 0 1 0 0
43 1 1 6 -0.020415 0.8800501 0.0264195 0 0.8 0 0.020415 0.08005005 0.0264195 7.268616 0.08673392 0 1 0 0
43 1 1 6 -0.020019 0.8800501 0.026562 0 0.8 0 0.020019 0.08005005 0.026562 7.285187 0.08668513 0 1 0 0
43 1 1 6 -0.019623 0.8800501 0.0267 0 0.8 0 0.019623 0.08005005 0.0267 7.290672 0.08663696 0 1 0 0
43 1 1 6 -0.0192255 0.8800501 0.0268365 0 0.8 0 0.0192255 0.08005005 0.0268365 7.300385 0.08659 0 1 0 0
43 1 1 6 -0.018828 0.8800501 0.02697 0 0.8 0 0.018828 0.08005005 0.02697 7.316956 0.08654413 0 1 0 0
43 1 1 6 -0.018429 0.8800501 0.0271005 0 0.8 0 0.018429 0.08005005 0.0271005 7.322166 0.08649899 0 1 0 0
43 1 1 6 -0.0180285 0.8800501 0.027228 0 0.8 0 0.0180285 0.08005005 0.027228 7.326904 0.08645462 0 1 0 0
43 1 1 6 -0.0176265 0.8800501 0.0273525 0 0.8 0 0.0176265 0.08005005 0.0273525 7.331322 0.08641101 0 1 0 0
43 1 1 6 -0.017226 0.8800501 0.027474 0 0.8 0 0.017226 0.08005005 0.027474 7.347885 0.08636878 0 1 0 0
43 1 1 6 -0.0168225 0.8800501 0.027594 0 0.8 0 0.0168225 0.08005005 0.027594 7.353394 0.08632749 0 1 0 0
43 1 1 6 -0.016419 0.8800501 0.0277095 0 0.8 0 0.016419 0.08005005 0.0277095 7.358543 0.08628679 0 1 0 0
43 1 1 6 -0.016014 0.8800501 0.0278235 0 0.8 0 0.016014 0.08005005 0.0278235 7.363441 0.08624735 0 1 0 0
43 1 1 6 -0.015609 0.8800501 0.0279345 0 0.8 0 0.015609 0.08005005 0.0279345 7.380241 0.08620898 0 1 0 0
43 1 1 6 -0.015204 0.8800501 0.0280425 0 0.8 0 0.015204 0.08005005 0.0280425 7.385597 0.08617166 0 1 0 0
43 1 1 6 -0.0147975 0.8800501 0.0281475 0 0.8 0 0.0147975 0.08005005 0.0281475 7.390068 0.08613512 0 1 0 0
43 1 1 6 -0.0143895 0.8800501 0.0282495 0 0.8 0 0.0143895 0.08005005 0.0282495 7.395042 0.08609938 0 1 0 0
43 1 1 6 -0.0139815 0.8800501 0.0283485 0 0.8 0 0.0139815 0.08005005 0.0283485 7.411606 0.08606469 0 1 0 0
43 1 1 6 -0.013572 0.8800501 0.0284445 0 0.8 0 0.013572 0.08005005 0.0284445 7.416367 0.0860308 0 1 0 0
43 1 1 6 -0.0131625 0.8800501 0.028539 0 0.8 0 0.0131625 0.08005005 0.028539 7.420708 0.08599847 0 1 0 0
43 1 1 6 -0.012753 0.8800501 0.028629 0 0.8 0 0.012753 0.08005005 0.028629 7.425163 0.08596668 0 1 0 0
43 1 1 6 -0.012342 0.8800501 0.0287175 0 0.8 0 0.012342 0.08005005 0.0287175 7.441727 0.0859362 0 1 0 0
43 1 1 6 -0.011931 0.8800501 0.0288015 0 0.8 0 0.011931 0.08005005 0.0288015 7.447426 0.08590626 0 1 0 0
43 1 1 6 -0.0115185 0.8800501 0.028884 0 0.8 0 0.0115185 0.08005005 0.028884 7.456772 0.08587766 0 1 0 0
43 1 1 6 -0.011106 0.8800501 0.0289635 0 0.8 0 0.011106 0.08005005 0.0289635 7.473648 0.08585009 0 1 0 0
43 1 1 6 -0.0106935 0.8800501 0.02904 0 0.8 0 0.0106935 0.08005005 0.02904 7.479584 0.08582356 0 1 0 0
43 1 1 6 -0.0102795 0.8800501 0.0291135 0 0.8 0 0.0102795 0.08005005 0.0291135 7.48465 0.08579787 0 1 0 0
43 1 1 6 -0.0098655 0.8800501 0.029184 0 0.8 0 0.0098655 0.08005005 0.029184 7.501602 0.08577321 0 1 0 0
43 1 1 6 -0.009451499 0.8800501 0.0292515 0 0.8 0 0.009451499 0.08005005 0.0292515 7.507545 0.08574959 0 1 0 0
43 1 1 6 -0.009036 0.8800501 0.029316 0 0.8 0 0.009036 0.08005005 0.029316 7.512314 0.08572682 0 1 0 0
43 1 1 6 -0.008620501 0.8800501 0.0293775 0 0.8 0 0.008620501 0.08005005 0.0293775 7.516914 0.08570508 0 1 0 0
43 1 1 6 -0.008205 0.8800501 0.029436 0 0.8 0 0.008205 0.08005005 0.029436 7.533958 0.08568437 0 1 0 0
43 1 1 6 -0.0077895 0.8800501 0.029493 0 0.8 0 0.0077895 0.08005005 0.029493 7.539314 0.08566518 0 1 0 0
43 1 1 6 -0.0073725 0.8800501 0.0295455 0 0.8 0 0.0073725 0.08005005 0.0295455 7.543953 0.08564637 0 1 0 0
43 1 1 6 -0.0069555 0.8800501 0.029595 0 0.8 0 0.0069555 0.08005005 0.029595 7.560516 0.08562858 0 1 0 0
43 1 1 6 -0.0065385 0.8800501 0.029643 0 0.8 0 0.0065385 0.08005005 0.029643 7.565926 0.08561233 0 1 0 0
43 1 1 6 -0.00612 0.8800501 0.0296865 0 0.8 0 0.00612 0.08005005 0.0296865 7.57103 0.08559646 0 1 0 0
43 1 1 6 -0.005703 0.8800501 0.0297285 0 0.8 0 0.005703 0.08005005 0.0297285 7.575821 0.08558223 0 1 0 0
43 1 1 6 -0.0052845 0.8800501 0.0297675 0 0.8 0 0.0052845 0.08005005 0.0297675 7.580231 0.08556892 0 1 0 0
43 1 1 6 -0.004866 0.8800501 0.029802 0 0.8 0 0.004866 0.08005005 0.029802 7.596802 0.0855561 0 1 0 0
43 1 1 6 -0.0044475 0.8800501 0.029835 0 0.8 0 0.0044475 0.08005005 0.029835 7.602715 0.08554483 0 1 0 0
43 1 1 6 -0.0040275 0.8800501 0.029865 0 0.8 0 0.0040275 0.08005005 0.029865 7.619278 0.0855345 0 1 0 0
43 1 1 6 -0.003609 0.8800501 0.029892 0 0.8 0 0.003609 0.08005005 0.029892 7.62458 0.08552524 0 1 0 0
43 1 1 6 -0.003189 0.8800501 0.0299145 0 0.8 0 0.003189 0.08005005 0.0299145 7.629692 0.08551642 0 1 0 0
43 1 1 6 -0.0027705 0.8800501 0.0299355 0 0.8 0 0.0027705 0.08005005 0.0299355 7.633842 0.08550918 0 1 0 0
43 1 1 6 -0.0023505 0.8800501 0.0299535 0 0.8 0 0.0023505 0.08005005 0.0299535 7.638046 0.08550291 0 1 0 0
43 1 1 6 -0.0019305 0.8800501 0.0299685 0 0.8 0 0.0019305 0.08005005 0.0299685 7.642532 0.08549765 0 1 0 0
43 1 1 6 -0.0015105 0.8800501 0.0299805 0 0.8 0 0.0015105 0.08005005 0.0299805 7.659096 0.08549341 0 1 0 0
43 1 1 6 -0.0010905 0.8800501 0.0299895 0 0.8 0 0.0010905 0.08005005 0.0299895 7.664574 0.08549017 0 1 0 0
43 1 1 6 -0.0006705 0.8800501 0.0299955 0 0.8 0 0.0006705 0.08005005 0.0299955 7.669693 0.08548795 0 1 0 0
43 1 1 6 -0.0002505 0.8800501 0.03 0 0.8 0 0.0002505 0.08005005 0.03 7.674324 0.08548727 0 1 0 0
43 1 1 6 0 0.8800501 0.03 0 0.8 0 0 0.08005005 0.03 7.690895 0.0854869 0 1 0 0
