43 1 3 17 0 0.91005 0 0 0.8 0 0 0.11005 0 0 0.11005 0 0 0 0
43 1 3 17 0 0.91005 0.00063 0 0.8 0 0 0.11005 0.00063 0.005355835 0.1100518 0 1 0 1
43 1 3 17 0 0.9100471 0.00126 0 0.8 0 0 0.110047 0.00126 0.01033783 0.1100543 0 1 0 1
43 1 3 17 0 0.910044 0.00189 0 0.8 0 0 0.110044 0.00189 0.0154953 0.1100602 0 1 0 1
43 1 3 17 0 0.910038 0.00252 0 0.8 0 0 0.110038 0.00252 0.03205872 0.1100668 0 1 0 1
43 1 3 17 0 0.910032 0.00315 0 0.8 0 0 0.110032 0.00315 0.03849792 0.1100771 0 1 0 1
43 1 3 17 0 0.910023 0.0037785 0 0.8 0 0 0.110023 0.0037785 0.04361725 0.1100878 0 1 0 1
43 1 3 17 0 0.910014 0.0044085 0 0.8 0 0 0.110014 0.0044085 0.06097412 0.1101023 0 1 0 1
43 1 3 17 0 0.9100035 0.005037 0 0.8 0 0 0.1100035 0.005037 0.06674957 0.1101188 0 1 0 1
43 1 3 17 0 0.90999 0.005667 0 0.8 0 0 0.10999 0.005667 0.07170105 0.1101359 0 1 0 1
43 1 3 17 0 0.9099765 0.0062955 0 0.8 0 0 0.1099765 0.0062955 0.07640076 0.1101565 0 1 0 1
43 1 3 17 0 0.9099615 0.0069225 0 0.8 0 0 0.1099615 0.0069225 0.09576416 0.1101791 0 1 0 1
43 1 3 17 0 0.9099435 0.007551 0 0.8 0 0 0.1099435 0.007551 0.1017609 0.1102025 0 1 0 1
43 1 3 17 0 0.9099256 0.008178 0 0.8 0 0 0.1099256 0.008178 0.106514 0.1102294 0 1 0 1
43 1 3 17 0 0.909906 0.0088065 0 0.8 0 0 0.109906 0.0088065 0.123497 0.1102583 0 1 0 1
43 1 3 17 0 0.909885 0.009432 0 0.8 0 0 0.109885 0.009432 0.1291046 0.1102891 0 1 0 1
43 1 3 17 0 0.9098625 0.010059 0 0.8 0 0 0.1098625 0.010059 0.13974 0.110322 0 1 0 1
43 1 3 17 0 0.9098386 0.0106845 0 0.8 0 0 0.1098385 0.0106845 0.156311 0.110357 0 1 0 1
43 1 3 17 0 0.9098116 0.01131 0 0.8 0 0 0.1098115 0.01131 0.1613846 0.1103924 0 1 0 1
43 1 3 17 0 0.9097846 0.011934 0 0.8 0 0 0.1097845 0.011934 0.1662216 0.1104313 0 1 0 1
43 1 3 17 0 0.9097561 0.0125595 0 0.8 0 0 0.1097561 0.0125595 0.1702652 0.1104723 0 1 0 1
43 1 3 17 0 0.909726 0.013182 0 0.8 0 0 0.109726 0.013182 0.1873016 0.110515 0 1 0 1
43 1 3 17 0 0.9096946 0.013806 0 0.8 0 0 0.1096945 0.013806 0.1932449 0.1105599 0 1 0 1
43 1 3 17 0 0.9096615 0.014427 0 0.8 0 0 0.1096615 0.014427 0.1986923 0.1106065 0 1 0 1
43 1 3 17 0 0.909627 0.0150495 0 0.8 0 0 0.109627 0.0150495 0.2030869 0.1106552 0 1 0 1
43 1 3 17 0 0.9095925 0.015669 0 0.8 0 0 0.1095925 0.015669 0.2196579 0.110707 0 1 0 1
43 1 3 17 0 0.9095551 0.01629 0 0.8 0 0 0.1095551 0.01629 0.2260284 0.1107595 0 1 0 1
43 1 3 17 0 0.9095161 0.0169095 0 0.8 0 0 0.1095161 0.0169095 0.2309799 0.1108138 0 1 0 1
43 1 3 17 0 0.9094756 0.0175275 0 0.8 0 0 0.1094756 0.0175275 0.2517548 0.1108698 0 1 0 1
43 1 3 17 0 0.9094335 0.0181455 0 0.8 0 0 0.1094335 0.0181455 0.257637 0.1109277 0 1 0 1
43 1 3 17 0 0.9093915 0.018762 0 0.8 0 0 0.1093915 0.018762 0.2625427 0.1109888 0 1 0 1
43 1 3 17 0 0.9093466 0.019377 0 0.8 0 0 0.1093466 0.019377 0.2791138 0.1110502 0 1 0 1
43 1 3 17 0 0.9093001 0.019992 0 0.8 0 0 0.1093001 0.019992 0.2846069 0.1111134 0 1 0 1
43 1 3 17 0 0.9092536 0.0206055 0 0.8 0 0 0.1092536 0.0206055 0.2938385 0.1111797 0 1 0 1
43 1 3 17 0 0.909204 0.021219 0 0.8 0 0 0.109204 0.021219 0.3104095 0.1112464 0 1 0 1
43 1 3 17 0 0.9091545 0.0218295 0 0.8 0 0 0.1091545 0.0218295 0.3165054 0.1113159 0 1 0 1
43 1 3 17 0 0.909102 0.02244 0 0.8 0 0 0.109102 0.02244 0.3212204 0.1113858 0 1 0 1
43 1 3 17 0 0.9090495 0.0230505 0 0.8 0 0 0.1090495 0.0230505 0.325943 0.111459 0 1 0 1
43 1 3 17 0 0.9089955 0.023658 0 0.8 0 0 0.1089955 0.023658 0.3434296 0.1115335 0 1 0 1
43 1 3 17 0 0.9089385 0.0242655 0 0.8 0 0 0.1089385 0.0242655 0.3493195 0.1116083 0 1 0 1
43 1 3 17 0 0.9088815 0.0248715 0 0.8 0 0 0.1088815 0.0248715 0.3538437 0.1116861 0 1 0 1
43 1 3 17 0 0.9088231 0.0254775 0 0.8 0 0 0.1088231 0.0254775 0.3583603 0.1117657 0 1 0 1
43 1 3 17 0 0.908763 0.0260805 0 0.8 0 0 0.108763 0.0260805 0.3749466 0.1118462 0 1 0 0
43 1 3 17 0 0.9087015 0.0266835 0 0.8 0 0 0.1087015 0.0266835 0.3802567 0.1119287 0 1 0 0
43 1 3 17 0 0.9086385 0.0272835 0 0.8 0 0 0.1086385 0.0272835 0.3848877 0.1120121 0 1 0 0
43 1 3 17 0 0.9085741 0.0278835 0 0.8 0 0 0.1085741 0.0278835 0.3896637 0.1120974 0 1 0 0
43 1 3 17 0 0.908508 0.028482 0 0.8 0 0 0.108508 0.028482 0.4062347 0.1121838 0 1 0 0
43 1 3 17 0 0.9084405 0.029079 0 0.8 0 0 0.1084405 0.029079 0.4114151 0.1122716 0 1 0 0
43 1 3 17 0 0.908373 0.0296745 0 0.8 0 0 0.108373 0.0296745 0.4163055 0.1123623 0 1 0 0
43 1 3 17 0 0.9083025 0.0302685 0 0.8 0 0 0.1083025 0.0302685 0.4203644 0.1124528 0 1 0 0
43 1 3 17 0 0.9082305 0.030861 0 0.8 0 0 0.1082305 0.030861 0.4370651 0.1125444 0 1 0 0
43 1 3 17 0 0.9081585 0.031452 0 0.8 0 0 0.1081585 0.031452 0.4417114 0.1126388 0 1 0 0
43 1 3 17 0 0.908085 0.0320415 0 0.8 0 0 0.108085 0.0320415 0.4515381 0.1127343 0 1 0 0
43 1 3 17 0 0.9080086 0.0326295 0 0.8 0 0 0.1080086 0.0326295 0.4682617 0.1128297 0 1 0 0
43 1 3 17 0 0.907932 0.033216 0 0.8 0 0 0.107932 0.033216 0.4736633 0.1129275 0 1 0 0
43 1 3 17 0 0.907854 0.033801 0 0.8 0 0 0.1078539 0.033801 0.4789505 0.1130265 0 1 0 0
43 1 3 17 0 0.9077745 0.034383 0 0.8 0 0 0.1077745 0.034383 0.4844742 0.1131262 0 1 0 0
43 1 3 17 0 0.9076935 0.034965 0 0.8 0 0 0.1076935 0.034965 0.501709 0.1132274 0 1 0 0
43 1 3 17 0 0.9076111 0.035544 0 0.8 0 0 0.1076111 0.035544 0.5074387 0.1133292 0 1 0 0
43 1 3 17 0 0.907527 0.036123 0 0.8 0 0 0.107527 0.036123 0.5144882 0.1134325 0 1 0 0
43 1 3 17 0 0.907443 0.036699 0 0.8 0 0 0.107443 0.036699 0.5310516 0.1135378 0 1 0 0
43 1 3 17 0 0.907356 0.0372735 0 0.8 0 0 0.107356 0.0372735 0.5361328 0.1136425 0 1 0 0
43 1 3 17 0 0.907269 0.037845 0 0.8 0 0 0.107269 0.037845 0.541069 0.1137492 0 1 0 0
43 1 3 17 0 0.9071805 0.0384165 0 0.8 0 0 0.1071805 0.0384165 0.5456848 0.1138573 0 1 0 0
43 1 3 17 0 0.907089 0.038985 0 0.8 0 0 0.107089 0.038985 0.5622559 0.1139644 0 1 0 0
43 1 3 17 0 0.9069976 0.039552 0 0.8 0 0 0.1069975 0.039552 0.5675354 0.1140738 0 1 0 0
43 1 3 17 0 0.9069046 0.040116 0 0.8 0 0 0.1069046 0.040116 0.5722733 0.1141835 0 1 0 0
43 1 3 17 0 0.90681 0.04068 0 0.8 0 0 0.10681 0.04068 0.576683 0.1142946 0 1 0 0
43 1 3 17 0 0.9067156 0.041241 0 0.8 0 0 0.1067156 0.041241 0.5932617 0.1144073 0 1 0 0
43 1 3 17 0 0.906618 0.041799 0 0.8 0 0 0.106618 0.041799 0.5991287 0.1145188 0 1 0 0
43 1 3 17 0 0.9065206 0.042357 0 0.8 0 0 0.1065206 0.042357 0.608551 0.1146331 0 1 0 0
43 1 3 17 0 0.90642 0.0429105 0 0.8 0 0 0.10642 0.0429105 0.6251221 0.1147455 0 1 0 0
43 1 3 17 0 0.9063195 0.043464 0 0.8 0 0 0.1063195 0.043464 0.6308594 0.1148606 0 1 0 0
43 1 3 17 0 0.9062176 0.0440145 0 0.8 0 0 0.1062176 0.0440145 0.6356125 0.1149759 0 1 0 0
43 1 3 17 0 0.906114 0.0445635 0 0.8 0 0 0.106114 0.0445635 0.6400757 0.1150917 0 1 0 0
43 1 3 17 0 0.9060091 0.0451095 0 0.8 0 0 0.1060091 0.0451095 0.6566467 0.1152076 0 1 0 0
43 1 3 17 0 0.9059041 0.0456525 0 0.8 0 0 0.105904 0.0456525 0.6630859 0.1153248 0 1 0 0
43 1 3 17 0 0.9057961 0.0461955 0 0.8 0 0 0.105796 0.0461955 0.6687241 0.1154419 0 1 0 0
43 1 3 17 0 0.905688 0.046734 0 0.8 0 0 0.105688 0.046734 0.6859207 0.1155596 0 1 0 0
43 1 3 17 0 0.9055785 0.0472725 0 0.8 0 0 0.1055785 0.0472725 0.6913147 0.1156785 0 1 0 0
43 1 3 17 0 0.9054675 0.0478065 0 0.8 0 0 0.1054675 0.0478065 0.6959839 0.1157966 0 1 0 0
43 1 3 17 0 0.9053551 0.048339 0 0.8 0 0 0.1053551 0.048339 0.7007675 0.1159153 0 1 0 0
43 1 3 17 0 0.9052425 0.04887 0 0.8 0 0 0.1052425 0.04887 0.7173538 0.1160356 0 1 0 0
43 1 3 17 0 0.905127 0.049398 0 0.8 0 0 0.105127 0.049398 0.7226791 0.1161544 0 1 0 0
43 1 3 17 0 0.9050115 0.049923 0 0.8 0 0 0.1050115 0.049923 0.7273254 0.1162744 0 1 0 0
43 1 3 17 0 0.9048945 0.0504465 0 0.8 0 0 0.1048945 0.0504465 0.7320404 0.1163946 0 1 0 0
43 1 3 17 0 0.9047761 0.050967 0 0.8 0 0 0.1047761 0.050967 0.7486115 0.1165146 0 1 0 0
43 1 3 17 0 0.904656 0.0514845 0 0.8 0 0 0.104656 0.0514845 0.7537613 0.1166342 0 1 0 0
43 1 3 17 0 0.904536 0.0520005 0 0.8 0 0 0.104536 0.0520005 0.7645187 0.1167554 0 1 0 0
43 1 3 17 0 0.9044145 0.052512 0 0.8 0 0 0.1044145 0.052512 0.7812119 0.1168756 0 1 0 0
43 1 3 17 0 0.9042916 0.0530235 0 0.8 0 0 0.1042916 0.0530235 0.7864075 0.1169967 0 1 0 0
43 1 3 17 0 0.9041671 0.0535305 0 0.8 0 0 0.104167 0.0535305 0.791214 0.1171166 0 1 0 0
43 1 3 17 0 0.9040411 0.054036 0 0.8 0 0 0.104041 0.054036 0.7959824 0.1172366 0 1 0 0
43 1 3 17 0 0.903915 0.0545385 0 0.8 0 0 0.103915 0.0545385 0.8135529 0.1173574 0 1 0 0
43 1 3 17 0 0.9037861 0.055038 0 0.8 0 0 0.1037861 0.055038 0.8195419 0.1174765 0 1 0 0
43 1 3 17 0 0.9036571 0.055536 0 0.8 0 0 0.1036571 0.055536 0.8239136 0.1175969 0 1 0 0
43 1 3 17 0 0.903528 0.0560295 0 0.8 0 0 0.103528 0.0560295 0.8284073 0.1177173 0 1 0 0
43 1 3 17 0 0.9033961 0.0565215 0 0.8 0 0 0.1033961 0.0565215 0.8451004 0.1178364 0 1 0 0
43 1 3 17 0 0.903264 0.0570105 0 0.8 0 0 0.103264 0.0570105 0.8506927 0.1179562 0 1 0 0
43 1 3 17 0 0.9031305 0.0574965 0 0.8 0 0 0.1031305 0.0574965 0.8552399 0.1180752 0 1 0 0
43 1 3 17 0 0.9029955 0.0579795 0 0.8 0 0 0.1029955 0.0579795 0.8597412 0.1181935 0 1 0 0
43 1 3 17 0 0.902859 0.0584595 0 0.8 0 0 0.102859 0.0584595 0.8763046 0.1183109 0 1 0 0
43 1 3 17 0 0.9027226 0.058938 0 0.8 0 0 0.1027226 0.058938 0.8820038 0.1184298 0 1 0 0
43 1 3 17 0 0.9025846 0.059412 0 0.8 0 0 0.1025845 0.059412 0.8870239 0.1185469 0 1 0 0
43 1 3 17 0 0.9024451 0.0598845 0 0.8 0 0 0.1024451 0.0598845 0.903595 0.118664 0 1 0 0
43 1 3 17 0 0.9023056 0.0603525 0 0.8 0 0 0.1023056 0.0603525 0.9093246 0.1187807 0 1 0 0
43 1 3 17 0 0.902163 0.060819 0 0.8 0 0 0.102163 0.060819 0.9191437 0.1188959 0 1 0 0
43 1 3 17 0 0.9020206 0.061281 0 0.8 0 0 0.1020206 0.061281 0.9359665 0.1190107 0 1 0 0
43 1 3 17 0 0.901878 0.0617415 0 0.8 0 0 0.101878 0.0617415 0.9414749 0.1191266 0 1 0 0
43 1 3 17 0 0.9017326 0.062199 0 0.8 0 0 0.1017326 0.062199 0.9464111 0.1192402 0 1 0 0
43 1 3 17 0 0.901587 0.062652 0 0.8 0 0 0.101587 0.062652 0.9511108 0.1193532 0 1 0 0
43 1 3 17 0 0.90144 0.0631035 0 0.8 0 0 0.10144 0.0631035 0.9684448 0.119466 0 1 0 0
43 1 3 17 0 0.901293 0.0635505 0 0.8 0 0 0.101293 0.0635505 0.9740143 0.1195782 0 1 0 0
43 1 3 17 0 0.9011445 0.0639945 0 0.8 0 0 0.1011445 0.0639945 0.9785004 0.1196892 0 1 0 0
43 1 3 17 0 0.9009945 0.064437 0 0.8 0 0 0.1009945 0.064437 0.9831619 0.1197999 0 1 0 0
43 1 3 17 0 0.900843 0.064875 0 0.8 0 0 0.100843 0.064875 0.9998474 0.1199086 0 1 0 0
43 1 3 17 0 0.9006915 0.06531 0 0.8 0 0 0.1006915 0.06531 1.005577 0.1200174 0 1 0 0
43 1 3 17 0 0.9005386 0.065742 0 0.8 0 0 0.1005386 0.065742 1.010452 0.120125 0 1 0 0
43 1 3 17 0 0.9003841 0.06617101 0 0.8 0 0 0.1003841 0.06617101 1.015686 0.1202313 0 1 0 0
43 1 3 17 0 0.9002296 0.0665955 0 0.8 0 0 0.1002296 0.0665955 1.032249 0.1203367 0 1 0 0
43 1 3 17 0 0.9000735 0.0670185 0 0.8 0 0 0.1000735 0.0670185 1.038033 0.1204416 0 1 0 0
43 1 3 17 0 0.8999175 0.067437 0 0.8 0 0 0.09991747 0.067437 1.042381 0.1205456 0 1 0 0
43 1 3 17 0 0.8997586 0.0678525 0 0.8 0 0 0.09975857 0.0678525 1.047173 0.1206471 0 1 0 0
43 1 3 17 0 0.899601 0.06826501 0 0.8 0 0 0.09960097 0.06826501 1.063751 0.1207496 0 1 0 0
43 1 3 17 0 0.8994405 0.068673 0 0.8 0 0 0.09944052 0.068673 1.070297 0.1208487 0 1 0 0
43 1 3 17 0 0.8992801 0.0690795 0 0.8 0 0 0.09928006 0.0690795 1.086868 0.1209484 0 1 0 0
43 1 3 17 0 0.8991181 0.0694815 0 0.8 0 0 0.09911805 0.0694815 1.092087 0.1210457 0 1 0 0
43 1 3 17 0 0.8989561 0.0698805 0 0.8 0 0 0.09895605 0.0698805 1.096565 0.1211428 0 1 0 0
43 1 3 17 0 0.8987925 0.070275 0 0.8 0 0 0.09879249 0.070275 1.101067 0.1212375 0 1 0 0
43 1 3 17 0 0.8986275 0.0706665 0 0.8 0 0 0.09862751 0.0706665 1.105331 0.1213307 0 1 0 0
43 1 3 17 0 0.8984625 0.071055 0 0.8 0 0 0.09846252 0.071055 1.10981 0.1214236 0 1 0 0
43 1 3 17 0 0.898296 0.0714405 0 0.8 0 0 0.09829599 0.0714405 1.126381 0.1215148 0 1 0 0
43 1 3 17 0 0.8981296 0.0718215 0 0.8 0 0 0.09812957 0.0718215 1.131851 0.1216049 0 1 0 0
43 1 3 17 0 0.8979616 0.0721995 0 0.8 0 0 0.09796154 0.0721995 1.137077 0.1216932 0 1 0 0
43 1 3 17 0 0.897792 0.0725745 0 0.8 0 0 0.09779203 0.0725745 1.153664 0.1217799 0 1 0 0
43 1 3 17 0 0.8976225 0.072945 0 0.8 0 0 0.09762251 0.072945 1.159004 0.1218652 0 1 0 0
43 1 3 17 0 0.8974515 0.0733125 0 0.8 0 0 0.09745151 0.0733125 1.164101 0.1219488 0 1 0 0
43 1 3 17 0 0.8972806 0.0736755 0 0.8 0 0 0.09728056 0.0736755 1.169472 0.1220311 0 1 0 0
43 1 3 17 0 0.8971081 0.0740355 0 0.8 0 0 0.09710807 0.0740355 1.186035 0.1221116 0 1 0 0
43 1 3 17 0 0.896934 0.0743925 0 0.8 0 0 0.09693402 0.0743925 1.191658 0.1221902 0 1 0 0
43 1 3 17 0 0.89676 0.074745 0 0.8 0 0 0.09675997 0.074745 1.196777 0.1222674 0 1 0 0
43 1 3 17 0 0.8965861 0.0750945 0 0.8 0 0 0.09658605 0.0750945 1.201736 0.122344 0 1 0 0
43 1 3 17 0 0.8964105 0.0754395 0 0.8 0 0 0.09641051 0.0754395 1.218399 0.1224177 0 1 0 0
43 1 3 17 0 0.8962335 0.0757815 0 0.8 0 0 0.09623349 0.0757815 1.223633 0.1224897 0 1 0 0
43 1 3 17 0 0.8960565 0.07611901 0 0.8 0 0 0.09605652 0.07611901 1.232864 0.12256 0 1 0 0
43 1 3 17 0 0.895878 0.0764535 0 0.8 0 0 0.09587801 0.0764535 1.249649 0.1226284 0 1 0 0
43 1 3 17 0 0.8956996 0.0767835 0 0.8 0 0 0.09569955 0.0767835 1.254745 0.1226952 0 1 0 0
43 1 3 17 0 0.895521 0.0771105 0 0.8 0 0 0.09552103 0.0771105 1.259636 0.1227611 0 1 0 0
43 1 3 17 0 0.8953395 0.077433 0 0.8 0 0 0.09533948 0.077433 1.263626 0.122823 0 1 0 0
43 1 3 17 0 0.8951595 0.0777525 0 0.8 0 0 0.09515953 0.0777525 1.280197 0.1228853 0 1 0 0
43 1 3 17 0 0.8949765 0.0780675 0 0.8 0 0 0.09497648 0.0780675 1.285843 0.1229433 0 1 0 0
43 1 3 17 0 0.8947951 0.0783795 0 0.8 0 0 0.09479505 0.0783795 1.29097 0.1230018 0 1 0 0
43 1 3 17 0 0.894612 0.078687 0 0.8 0 0 0.094612 0.078687 1.295219 0.1230572 0 1 0 0
43 1 3 17 0 0.8944275 0.0789915 0 0.8 0 0 0.09442753 0.0789915 1.31179 0.1231106 0 1 0 0
43 1 3 17 0 0.894243 0.0792915 0 0.8 0 0 0.09424299 0.0792915 1.317513 0.123162 0 1 0 0
43 1 3 17 0 0.894057 0.079587 0 0.8 0 0 0.09405702 0.079587 1.321999 0.1232104 0 1 0 0
43 1 3 17 0 0.893871 0.0798795 0 0.8 0 0 0.093871 0.0798795 1.326332 0.1232579 0 1 0 0
43 1 3 17 0 0.893685 0.0801675 0 0.8 0 0 0.09368503 0.0801675 1.343132 0.1233033 0 1 0 0
43 1 3 17 0 0.8934976 0.0804525 0 0.8 0 0 0.09349757 0.0804525 1.348526 0.1233467 0 1 0 0
43 1 3 17 0 0.8933085 0.080733 0 0.8 0 0 0.09330851 0.080733 1.353355 0.1233868 0 1 0 0
43 1 3 17 0 0.8931211 0.081009 0 0.8 0 0 0.09312105 0.081009 1.357788 0.123426 0 1 0 0
43 1 3 17 0 0.8929305 0.081282 0 0.8 0 0 0.0929305 0.081282 1.374855 0.1234619 0 1 0 0
43 1 3 17 0 0.8927416 0.08155049 0 0.8 0 0 0.09274155 0.08155049 1.380249 0.1234969 0 1 0 0
43 1 3 17 0 0.892551 0.0818145 0 0.8 0 0 0.09255099 0.0818145 1.389229 0.1235285 0 1 0 0
43 1 3 17 0 0.892359 0.0820755 0 0.8 0 0 0.09235901 0.0820755 1.406189 0.123558 0 1 0 0
43 1 3 17 0 0.892167 0.082332 0 0.8 0 0 0.09216696 0.082332 1.411606 0.1235852 0 1 0 0
43 1 3 17 0 0.891975 0.08258399 0 0.8 0 0 0.09197503 0.08258399 1.417137 0.1236104 0 1 0 0
43 1 3 17 0 0.8917816 0.082833 0 0.8 0 0 0.09178156 0.082833 1.422043 0.1236332 0 1 0 0
43 1 3 17 0 0.891588 0.083076 0 0.8 0 0 0.09158796 0.083076 1.438614 0.1236526 0 1 0 0
43 1 3 17 0 0.8913945 0.0833175 0 0.8 0 0 0.09139448 0.0833175 1.443924 0.123672 0 1 0 0
43 1 3 17 0 0.8911995 0.083553 0 0.8 0 0 0.09119952 0.083553 1.448868 0.1236869 0 1 0 0
43 1 3 17 0 0.8910046 0.0837855 0 0.8 0 0 0.09100455 0.0837855 1.453674 0.1237006 0 1 0 0
43 1 3 17 0 0.8908095 0.0840135 0 0.8 0 0 0.09080952 0.0840135 1.470581 0.1237119 0 1 0 0
43 1 3 17 0 0.890613 0.08423699 0 0.8 0 0 0.09061301 0.08423699 1.476349 0.1237198 0 1 0 0
43 1 3 17 0 0.8904151 0.0844575 0 0.8 0 0 0.09041506 0.0844575 1.482323 0.1237253 0 1 0 0
43 1 3 17 0 0.8902186 0.084672 0 0.8 0 0 0.09021854 0.084672 1.498886 0.1237285 0 1 0 0
43 1 3 17 0 0.8900205 0.0848835 0 0.8 0 0 0.09002048 0.0848835 1.504471 0.1237291 0 1 0 0
43 1 3 17 0 0.8898226 0.085092 0 0.8 0 0 0.08982259 0.085092 1.509102 0.1237285 0 1 0 0
43 1 3 17 0 0.889623 0.0852945 0 0.8 0 0 0.08962303 0.0852945 1.513817 0.1237232 0 1 0 0
43 1 3 17 0 0.8894235 0.085494 0 0.8 0 0 0.08942354 0.085494 1.530685 0.1237166 0 1 0 0
43 1 3 17 0 0.889224 0.0856875 0 0.8 0 0 0.08922398 0.0856875 1.536011 0.1237064 0 1 0 0
43 1 3 17 0 0.8890245 0.085878 0 0.8 0 0 0.08902448 0.085878 1.546036 0.1236947 0 1 0 0
43 1 3 17 0 0.8888235 0.0860655 0 0.8 0 0 0.0888235 0.0860655 1.562637 0.1236806 0 1 0 0
43 1 3 17 0 0.8886225 0.086247 0 0.8 0 0 0.08862251 0.086247 1.568207 0.1236628 0 1 0 0
43 1 3 17 0 0.8884215 0.0864255 0 0.8 0 0 0.08842152 0.0864255 1.572441 0.1236436 0 1 0 0
43 1 3 17 0 0.8882191 0.0865995 0 0.8 0 0 0.08821905 0.0865995 1.577202 0.1236207 0 1 0 0
43 1 3 17 0 0.8880166 0.0867675 0 0.8 0 0 0.08801657 0.0867675 1.593773 0.1235942 0 1 0 0
43 1 3 17 0 0.887814 0.086934 0 0.8 0 0 0.08781403 0.086934 1.599434 0.1235671 0 1 0 0
43 1 3 17 0 0.8876115 0.0870945 0 0.8 0 0 0.0876115 0.0870945 1.604424 0.1235363 0 1 0 0
43 1 3 17 0 0.8874075 0.0872505 0 0.8 0 0 0.08740753 0.0872505 1.609016 0.1235019 0 1 0 0
43 1 3 17 0 0.887205 0.08740351 0 0.8 0 0 0.08720499 0.08740351 1.626259 0.1234669 0 1 0 0
43 1 3 17 0 0.8869995 0.087552 0 0.8 0 0 0.08699954 0.087552 1.631561 0.1234272 0 1 0 0
43 1 3 17 0 0.8867955 0.087696 0 0.8 0 0 0.08679551 0.087696 1.637085 0.1233858 0 1 0 0
43 1 3 17 0 0.8865915 0.0878355 0 0.8 0 0 0.08659148 0.0878355 1.653969 0.1233416 0 1 0 0
43 1 3 17 0 0.886386 0.0879705 0 0.8 0 0 0.08638602 0.0879705 1.659622 0.1232938 0 1 0 0
43 1 3 17 0 0.8861805 0.088101 0 0.8 0 0 0.08618051 0.088101 1.664871 0.1232431 0 1 0 0
43 1 3 17 0 0.885975 0.088227 0 0.8 0 0 0.08597499 0.088227 1.670525 0.1231897 0 1 0 0
43 1 3 17 0 0.8857681 0.08835 0 0.8 0 0 0.08576804 0.08835 1.687088 0.1231336 0 1 0 0
43 1 3 17 0 0.8855625 0.088467 0 0.8 0 0 0.08556253 0.088467 1.69313 0.1230746 0 1 0 0
43 1 3 17 0 0.8853555 0.088581 0 0.8 0 0 0.08535552 0.088581 1.703239 0.1230128 0 1 0 0
43 1 3 17 0 0.8851485 0.0886905 0 0.8 0 0 0.08514851 0.0886905 1.719803 0.1229483 0 1 0 0
43 1 3 17 0 0.8849416 0.0887955 0 0.8 0 0 0.08494157 0.0887955 1.725639 0.1228809 0 1 0 0
43 1 3 17 0 0.8847345 0.088896 0 0.8 0 0 0.0847345 0.088896 1.730621 0.1228106 0 1 0 0
43 1 3 17 0 0.8845276 0.088992 0 0.8 0 0 0.08452755 0.088992 1.747612 0.1227375 0 1 0 0
43 1 3 17 0 0.8843191 0.0890835 0 0.8 0 0 0.08431906 0.0890835 1.753044 0.1226604 0 1 0 0
43 1 3 17 0 0.8841121 0.089172 0 0.8 0 0 0.08411205 0.089172 1.75843 0.1225825 0 1 0 0
43 1 3 17 0 0.8839036 0.0892545 0 0.8 0 0 0.08390355 0.0892545 1.763161 0.1224997 0 1 0 0
43 1 3 17 0 0.8836951 0.089334 0 0.8 0 0 0.08369505 0.089334 1.779724 0.122415 0 1 0 0
43 1 3 17 0 0.8834866 0.0894075 0 0.8 0 0 0.08348656 0.0894075 1.785011 0.1223262 0 1 0 0
43 1 3 17 0 0.8832781 0.089478 0 0.8 0 0 0.08327806 0.089478 1.78965 0.1222356 0 1 0 0
43 1 3 17 0 0.8830696 0.0895425 0 0.8 0 0 0.08306956 0.0895425 1.806213 0.122141 0 1 0 0
43 1 3 17 0 0.8828596 0.089604 0 0.8 0 0 0.08285958 0.089604 1.811523 0.1220434 0 1 0 0
43 1 3 17 0 0.8826511 0.089661 0 0.8 0 0 0.08265108 0.089661 1.81694 0.1219438 0 1 0 0
43 1 3 17 0 0.882441 0.0897135 0 0.8 0 0 0.08244103 0.0897135 1.821686 0.1218402 0 1 0 0
43 1 3 17 0 0.8822325 0.0897615 0 0.8 0 0 0.08223253 0.0897615 1.825935 0.1217346 0 1 0 0
43 1 3 17 0 0.8820225 0.089805 0 0.8 0 0 0.08202249 0.089805 1.842613 0.1216249 0 1 0 0
43 1 3 17 0 0.8818125 0.089844 0 0.8 0 0 0.0818125 0.089844 1.847992 0.1215123 0 1 0 0
43 1 3 17 0 0.8816025 0.08988 0 0.8 0 0 0.08160251 0.08988 1.858398 0.1213976 0 1 0 0
43 1 3 17 0 0.881394 0.08991 0 0.8 0 0 0.08139402 0.08991 1.875092 0.1212798 0 1 0 0
43 1 3 17 0 0.8811841 0.0899355 0 0.8 0 0 0.08118409 0.0899355 1.880035 0.121158 0 1 0 0
43 1 3 17 0 0.8809741 0.089958 0 0.8 0 0 0.08097404 0.089958 1.884323 0.121034 0 1 0 0
43 1 3 17 0 0.880764 0.0899745 0 0.8 0 0 0.080764 0.0899745 1.888718 0.1209059 0 1 0 0
43 1 3 17 0 0.880554 0.089988 0 0.8 0 0 0.08055401 0.089988 1.905289 0.1207758 0 1 0 0
43 1 3 17 0 0.880344 0.0899955 0 0.8 0 0 0.08034402 0.0899955 1.910629 0.1206414 0 1 0 0
43 1 3 17 0 0.8801341 0.09 0 0.8 0 0 0.08013409 0.09 1.915352 0.1205051 0 1 0 0
43 1 3 17 0 0.8799241 0.0899985 0 0.8 0 0 0.07992405 0.0899985 1.920509 0.1203644 0 1 0 0
43 1 3 17 0 0.879714 0.089994 0 0.8 0 0 0.079714 0.089994 1.938011 0.1202216 0 1 0 0
43 1 3 17 0 0.879504 0.089985 0 0.8 0 0 0.07950401 0.089985 1.943192 0.1200758 0 1 0 0
43 1 3 17 0 0.879294 0.0899715 0 0.8 0 0 0.07929403 0.0899715 1.953323 0.1199267 0 1 0 0
43 1 3 17 0 0.879084 0.0899535 0 0.8 0 0 0.07908398 0.0899535 1.970665 0.1197744 0 1 0 0
43 1 3 17 0 0.8788741 0.089931 0 0.8 0 0 0.07887405 0.089931 1.976128 0.119619 0 1 0 0
43 1 3 17 0 0.878664 0.089904 0 0.8 0 0 0.078664 0.089904 1.981133 0.1194603 0 1 0 0
43 1 3 17 0 0.878454 0.08987249 0 0.8 0 0 0.07845402 0.08987249 1.997696 0.1192984 0 1 0 0
43 1 3 17 0 0.8782455 0.0898365 0 0.8 0 0 0.07824552 0.0898365 2.003197 0.1191342 0 1 0 0
43 1 3 17 0 0.8780355 0.0897975 0 0.8 0 0 0.07803553 0.0897975 2.013573 0.118967 0 1 0 0
43 1 3 17 0 0.8778255 0.0897525 0 0.8 0 0 0.07782549 0.0897525 2.030388 0.1187953 0 1 0 0
43 1 3 17 0 0.877617 0.089703 0 0.8 0 0 0.07761699 0.089703 2.037987 0.1186214 0 1 0 0
43 1 3 17 0 0.8774071 0.0896505 0 0.8 0 0 0.07740706 0.0896505 2.04631 0.1184444 0 1 0 0
43 1 3 17 0 0.8771986 0.089592 0 0.8 0 0 0.07719857 0.089592 2.062874 0.1182639 0 1 0 0
43 1 3 17 0 0.8769885 0.0895305 0 0.8 0 0 0.07698852 0.0895305 2.070961 0.1180802 0 1 0 0
43 1 3 17 0 0.87678 0.0894645 0 0.8 0 0 0.07678002 0.0894645 2.087532 0.1178943 0 1 0 0
43 1 3 17 0 0.8765715 0.0893925 0 0.8 0 0 0.07657152 0.0893925 2.097038 0.1177039 0 1 0 0
43 1 3 17 0 0.876363 0.0893175 0 0.8 0 0 0.07636303 0.0893175 2.105652 0.1175114 0 1 0 0
43 1 3 17 0 0.8761545 0.089238 0 0.8 0 0 0.07615453 0.089238 2.124207 0.1173155 0 1 0 0
43 1 3 17 0 0.8759475 0.08915401 0 0.8 0 0 0.07594746 0.08915401 2.132042 0.1171173 0 1 0 0
43 1 3 17 0 0.875739 0.0890655 0 0.8 0 0 0.07573897 0.0890655 2.140015 0.1169147 0 1 0 0
43 1 3 17 0 0.8755305 0.0889725 0 0.8 0 0 0.07553047 0.0889725 2.156586 0.1167089 0 1 0 0
43 1 3 17 0 0.8753235 0.0888765 0 0.8 0 0 0.07532352 0.0888765 2.164726 0.1165018 0 1 0 0
43 1 3 17 0 0.8751166 0.0887745 0 0.8 0 0 0.07511657 0.0887745 2.183311 0.1162902 0 1 0 0
43 1 3 17 0 0.8749095 0.0886695 0 0.8 0 0 0.07490951 0.0886695 2.192688 0.1160763 0 1 0 0
43 1 3 17 0 0.8747025 0.0885585 0 0.8 0 0 0.0747025 0.0885585 2.198776 0.115858 0 1 0 0
43 1 3 17 0 0.8744955 0.0884445 0 0.8 0 0 0.07449549 0.0884445 2.20356 0.1156374 0 1 0 0
43 1 3 17 0 0.87429 0.088326 0 0.8 0 0 0.07428998 0.088326 2.220177 0.1154144 0 1 0 0
43 1 3 17 0 0.8740845 0.088203 0 0.8 0 0 0.07408452 0.088203 2.225227 0.115188 0 1 0 0
43 1 3 17 0 0.8738791 0.0880755 0 0.8 0 0 0.07387906 0.0880755 2.22998 0.1149583 0 1 0 0
43 1 3 17 0 0.8736736 0.08794349 0 0.8 0 0 0.07367355 0.08794349 2.234802 0.1147251 0 1 0 0
43 1 3 17 0 0.873468 0.087807 0 0.8 0 0 0.07346803 0.087807 2.251373 0.1144885 0 1 0 0
43 1 3 17 0 0.8732625 0.087666 0 0.8 0 0 0.07326251 0.087666 2.256287 0.1142485 0 1 0 0
43 1 3 17 0 0.8730585 0.087522 0 0.8 0 0 0.07305849 0.087522 2.26107 0.1140072 0 1 0 0
43 1 3 17 0 0.8728546 0.0873735 0 0.8 0 0 0.07285458 0.0873735 2.265526 0.1137626 0 1 0 0
43 1 3 17 0 0.8726505 0.0872205 0 0.8 0 0 0.07265049 0.0872205 2.282097 0.1135144 0 1 0 0
43 1 3 17 0 0.872448 0.087063 0 0.8 0 0 0.07244802 0.087063 2.28743 0.1132638 0 1 0 0
43 1 3 17 0 0.872244 0.086901 0 0.8 0 0 0.07224399 0.086901 2.292221 0.1130088 0 1 0 0
43 1 3 17 0 0.8720415 0.0867345 0 0.8 0 0 0.07204145 0.0867345 2.29686 0.1127512 0 1 0 0
43 1 3 17 0 0.8718405 0.0865635 0 0.8 0 0 0.07184047 0.0865635 2.313766 0.1124913 0 1 0 0
43 1 3 17 0 0.871638 0.0863895 0 0.8 0 0 0.07163799 0.0863895 2.319504 0.1122281 0 1 0 0
43 1 3 17 0 0.871437 0.086211 0 0.8 0 0 0.071437 0.086211 2.336075 0.1119624 0 1 0 0
43 1 3 17 0 0.871236 0.08602799 0 0.8 0 0 0.07123601 0.08602799 2.341003 0.1116933 0 1 0 0
43 1 3 17 0 0.871035 0.0858405 0 0.8 0 0 0.07103503 0.0858405 2.345718 0.1114207 0 1 0 0
43 1 3 17 0 0.8708355 0.08565 0 0.8 0 0 0.07083553 0.08565 2.350136 0.1111467 0 1 0 0
43 1 3 17 0 0.870636 0.0854535 0 0.8 0 0 0.07063597 0.0854535 2.354691 0.1108681 0 1 0 0
43 1 3 17 0 0.8704365 0.085254 0 0.8 0 0 0.07043654 0.085254 2.359344 0.1105873 0 1 0 0
43 1 3 17 0 0.8702385 0.08505 0 0.8 0 0 0.07023853 0.08505 2.375916 0.1103039 0 1 0 0
43 1 3 17 0 0.870039 0.0848415 0 0.8 0 0 0.07003903 0.0848415 2.380997 0.1100161 0 1 0 0
43 1 3 17 0 0.8698425 0.08463 0 0.8 0 0 0.06984252 0.08463 2.385529 0.1097279 0 1 0 0
43 1 3 17 0 0.8696445 0.0844125 0 0.8 0 0 0.06964451 0.0844125 2.389801 0.1094341 0 1 0 0
43 1 3 17 0 0.8694481 0.084192 0 0.8 0 0 0.06944805 0.084192 2.406837 0.109139 0 1 0 0
43 1 3 17 0 0.8692515 0.0839685 0 0.8 0 0 0.06925154 0.0839685 2.412231 0.1088416 0 1 0 0
43 1 3 17 0 0.8690566 0.083739 0 0.8 0 0 0.06905657 0.083739 2.417122 0.1085405 0 1 0 0
43 1 3 17 0 0.8688616 0.08350649 0 0.8 0 0 0.06886154 0.08350649 2.433693 0.108237 0 1 0 0
43 1 3 17 0 0.8686665 0.0832695 0 0.8 0 0 0.06866652 0.0832695 2.439133 0.1079301 0 1 0 0
43 1 3 17 0 0.868473 0.083028 0 0.8 0 0 0.06847298 0.083028 2.44416 0.1076206 0 1 0 0
43 1 3 17 0 0.8682795 0.0827835 0 0.8 0 0 0.0682795 0.0827835 2.449211 0.1073089 0 1 0 0
43 1 3 17 0 0.868086 0.082533 0 0.8 0 0 0.06808603 0.082533 2.466309 0.1069925 0 1 0 0
43 1 3 17 0 0.867894 0.082281 0 0.8 0 0 0.06789398 0.082281 2.471954 0.1066759 0 1 0 0
43 1 3 17 0 0.867702 0.082023 0 0.8 0 0 0.067702 0.082023 2.482208 0.1063548 0 1 0 0
43 1 3 17 0 0.8675115 0.081762 0 0.8 0 0 0.0675115 0.081762 2.498772 0.1060322 0 1 0 0
43 1 3 17 0 0.8673211 0.0814965 0 0.8 0 0 0.06732106 0.0814965 2.504936 0.1057062 0 1 0 0
43 1 3 17 0 0.8671305 0.0812265 0 0.8 0 0 0.06713051 0.0812265 2.509735 0.1053767 0 1 0 0
43 1 3 17 0 0.8669416 0.0809535 0 0.8 0 0 0.06694156 0.0809535 2.513931 0.1050459 0 1 0 0
43 1 3 17 0 0.8667525 0.080676 0 0.8 0 0 0.06675249 0.080676 2.530502 0.1047116 0 1 0 0
43 1 3 17 0 0.866565 0.0803955 0 0.8 0 0 0.06656504 0.0803955 2.536781 0.104376 0 1 0 0
43 1 3 17 0 0.8663776 0.0801105 0 0.8 0 0 0.06637758 0.0801105 2.541901 0.1040369 0 1 0 0
43 1 3 17 0 0.8661915 0.079821 0 0.8 0 0 0.06619149 0.079821 2.546532 0.1036953 0 1 0 0
43 1 3 17 0 0.8660055 0.0795285 0 0.8 0 0 0.06600553 0.0795285 2.563095 0.1033514 0 1 0 0
43 1 3 17 0 0.8658196 0.0792315 0 0.8 0 0 0.06581956 0.0792315 2.568703 0.1030041 0 1 0 0
43 1 3 17 0 0.865635 0.07893001 0 0.8 0 0 0.06563503 0.07893001 2.573471 0.1026543 0 1 0 0
43 1 3 17 0 0.8654521 0.0786255 0 0.8 0 0 0.06545204 0.0786255 2.590706 0.1023032 0 1 0 0
43 1 3 17 0 0.865269 0.078318 0 0.8 0 0 0.06526899 0.078318 2.595627 0.1019497 0 1 0 0
43 1 3 17 0 0.8650861 0.0780045 0 0.8 0 0 0.06508607 0.0780045 2.600555 0.1015918 0 1 0 0
43 1 3 17 0 0.8649045 0.0776895 0 0.8 0 0 0.06490451 0.0776895 2.605164 0.1012337 0 1 0 0
43 1 3 17 0 0.864723 0.0773685 0 0.8 0 0 0.06472296 0.0773685 2.609718 0.1008709 0 1 0 0
43 1 3 17 0 0.864543 0.0770445 0 0.8 0 0 0.06454301 0.0770445 2.626289 0.100507 0 1 0 0
43 1 3 17 0 0.8643646 0.0767175 0 0.8 0 0 0.06436455 0.0767175 2.632042 0.1001417 0 1 0 0
43 1 3 17 0 0.864186 0.076386 0 0.8 0 0 0.06418604 0.076386 2.649269 0.09977308 0 1 0 0
43 1 3 17 0 0.8640076 0.0760515 0 0.8 0 0 0.06400758 0.0760515 2.654488 0.09940222 0 1 0 0
43 1 3 17 0 0.8638306 0.0757125 0 0.8 0 0 0.06383055 0.0757125 2.659523 0.0990289 0 1 0 0
43 1 3 17 0 0.863655 0.0753705 0 0.8 0 0 0.06365502 0.0753705 2.664032 0.09865431 0 1 0 0
43 1 3 17 0 0.8634795 0.075024 0 0.8 0 0 0.06347948 0.075024 2.668449 0.09827637 0 1 0 0
43 1 3 17 0 0.863304 0.0746745 0 0.8 0 0 0.06330401 0.0746745 2.68502 0.09789626 0 1 0 0
43 1 3 17 0 0.86313 0.0743205 0 0.8 0 0 0.06313002 0.0743205 2.691193 0.09751378 0 1 0 0
43 1 3 17 0 0.8629576 0.0739635 0 0.8 0 0 0.06295758 0.0739635 2.696007 0.0971301 0 1 0 0
43 1 3 17 0 0.862785 0.0736035 0 0.8 0 0 0.06278497 0.0736035 2.701057 0.09674413 0 1 0 0
43 1 3 17 0 0.862614 0.073239 0 0.8 0 0 0.06261402 0.073239 2.717636 0.09635594 0 1 0 0
43 1 3 17 0 0.862443 0.07287 0 0.8 0 0 0.06244302 0.07287 2.723793 0.09596441 0 1 0 0
43 1 3 17 0 0.8622735 0.0724995 0 0.8 0 0 0.0622735 0.0724995 2.734848 0.09557284 0 1 0 0
43 1 3 17 0 0.8621055 0.0721245 0 0.8 0 0 0.06210548 0.0721245 2.751503 0.09517895 0 1 0 0
43 1 3 17 0 0.8619375 0.071745 0 0.8 0 0 0.06193751 0.071745 2.756371 0.09478185 0 1 0 0
43 1 3 17 0 0.861771 0.0713625 0 0.8 0 0 0.06177104 0.0713625 2.760582 0.09438362 0 1 0 0
43 1 3 17 0 0.8616046 0.070977 0 0.8 0 0 0.06160456 0.070977 2.764984 0.09398328 0 1 0 0
43 1 3 17 0 0.8614395 0.0705885 0 0.8 0 0 0.06143951 0.0705885 2.781555 0.09358178 0 1 0 0
43 1 3 17 0 0.8612746 0.0701955 0 0.8 0 0 0.06127459 0.0701955 2.787262 0.09317715 0 1 0 0
43 1 3 17 0 0.861111 0.0697995 0 0.8 0 0 0.06111103 0.0697995 2.797432 0.09277137 0 1 0 0
43 1 3 17 0 0.860949 0.0694005 0 0.8 0 0 0.06094903 0.0694005 2.814491 0.09236456 0 1 0 0
43 1 3 17 0 0.860787 0.068997 0 0.8 0 0 0.06078702 0.068997 2.820236 0.0919546 0 1 0 0
43 1 3 17 0 0.8606266 0.068592 0 0.8 0 0 0.06062657 0.068592 2.824646 0.09154476 0 1 0 0
43 1 3 17 0 0.8604675 0.0681825 0 0.8 0 0 0.06046748 0.0681825 2.84169 0.0911327 0 1 0 0
43 1 3 17 0 0.8603085 0.0677685 0 0.8 0 0 0.06030852 0.0677685 2.847061 0.09071762 0 1 0 0
43 1 3 17 0 0.860151 0.067353 0 0.8 0 0 0.06015098 0.067353 2.852669 0.09030265 0 1 0 0
43 1 3 17 0 0.8599951 0.066933 0 0.8 0 0 0.05999506 0.066933 2.85778 0.08988567 0 1 0 0
43 1 3 17 0 0.8598391 0.06651 0 0.8 0 0 0.05983907 0.06651 2.874664 0.08946672 0 1 0 0
43 1 3 17 0 0.8596846 0.066084 0 0.8 0 0 0.05968457 0.066084 2.879959 0.08904686 0 1 0 0
43 1 3 17 0 0.8595301 0.065655 0 0.8 0 0 0.05953008 0.065655 2.89653 0.0886251 0 1 0 0
43 1 3 17 0 0.8593785 0.06522299 0 0.8 0 0 0.0593785 0.06522299 2.901962 0.08820343 0 1 0 0
43 1 3 17 0 0.8592255 0.0647865 0 0.8 0 0 0.0592255 0.0647865 2.907631 0.08777785 0 1 0 0
43 1 3 17 0 0.8590755 0.0643485 0 0.8 0 0 0.05907553 0.0643485 2.913322 0.08735359 0 1 0 0
43 1 3 17 0 0.8589255 0.063906 0 0.8 0 0 0.05892545 0.063906 2.9198 0.08692632 0 1 0 0
43 1 3 17 0 0.858777 0.0634605 0 0.8 0 0 0.05877703 0.0634605 2.936371 0.08649841 0 1 0 0
43 1 3 17 0 0.85863 0.063012 0 0.8 0 0 0.05862999 0.063012 2.941383 0.08606967 0 1 0 0
43 1 3 17 0 0.858483 0.0625605 0 0.8 0 0 0.058483 0.0625605 2.951485 0.08563923 0 1 0 0
43 1 3 17 0 0.8583375 0.062106 0 0.8 0 0 0.05833751 0.062106 2.968056 0.0852081 0 1 0 0
43 1 3 17 0 0.8581935 0.06165 0 0.8 0 0 0.0581935 0.06165 2.973785 0.08477739 0 1 0 0
43 1 3 17 0 0.8580496 0.0611895 0 0.8 0 0 0.05804956 0.0611895 2.978241 0.08434398 0 1 0 0
43 1 3 17 0 0.8579086 0.060726 0 0.8 0 0 0.05790859 0.060726 2.982819 0.08391098 0 1 0 0
43 1 3 17 0 0.8577675 0.0602595 0 0.8 0 0 0.05776745 0.0602595 2.999397 0.08347626 0 1 0 0
43 1 3 17 0 0.8576265 0.05979 0 0.8 0 0 0.05762649 0.05979 3.00499 0.08304009 0 1 0 0
43 1 3 17 0 0.8574885 0.0593175 0 0.8 0 0 0.0574885 0.0593175 3.009819 0.08260444 0 1 0 0
43 1 3 17 0 0.8573505 0.058842 0 0.8 0 0 0.05735046 0.058842 3.014496 0.08216725 0 1 0 0
43 1 3 17 0 0.8572125 0.0583635 0 0.8 0 0 0.05721253 0.0583635 3.031067 0.08172864 0 1 0 0
43 1 3 17 0 0.8570775 0.057882 0 0.8 0 0 0.05707753 0.057882 3.036163 0.08129065 0 1 0 0
43 1 3 17 0 0.8569425 0.057399 0 0.8 0 0 0.05694252 0.057399 3.052727 0.08085231 0 1 0 0
43 1 3 17 0 0.856809 0.0569115 0 0.8 0 0 0.05680901 0.0569115 3.057739 0.08041257 0 1 0 0
43 1 3 17 0 0.856677 0.0564225 0 0.8 0 0 0.05667698 0.0564225 3.062416 0.07997362 0 1 0 0
43 1 3 17 0 0.8565465 0.0559305 0 0.8 0 0 0.05654651 0.0559305 3.067039 0.07953445 0 1 0 0
43 1 3 17 0 0.856416 0.0554355 0 0.8 0 0 0.05641598 0.0554355 3.071663 0.07909398 0 1 0 0
43 1 3 17 0 0.856287 0.0549375 0 0.8 0 0 0.05628699 0.0549375 3.077118 0.07865339 0 1 0 0
43 1 3 17 0 0.8561595 0.054438 0 0.8 0 0 0.0561595 0.054438 3.093689 0.07821371 0 1 0 0
43 1 3 17 0 0.8560336 0.053934 0 0.8 0 0 0.05603355 0.053934 3.10051 0.07777297 0 1 0 0
43 1 3 17 0 0.855909 0.0534285 0 0.8 0 0 0.05590898 0.0534285 3.117081 0.07733317 0 1 0 0
43 1 3 17 0 0.8557845 0.05292 0 0.8 0 0 0.05578452 0.05292 3.123177 0.07689239 0 1 0 0
43 1 3 17 0 0.8556615 0.05241 0 0.8 0 0 0.0556615 0.05241 3.127579 0.07645267 0 1 0 0
43 1 3 17 0 0.85554 0.051897 0 0.8 0 0 0.05554003 0.051897 3.13195 0.07601311 0 1 0 0
43 1 3 17 0 0.85542 0.051381 0 0.8 0 0 0.05541998 0.051381 3.136383 0.07557368 0 1 0 0
43 1 3 17 0 0.8553001 0.050862 0 0.8 0 0 0.05530006 0.050862 3.140793 0.07513348 0 1 0 0
43 1 3 17 0 0.8551816 0.0503415 0 0.8 0 0 0.05518156 0.0503415 3.157364 0.07469452 0 1 0 0
43 1 3 17 0 0.8550645 0.049818 0 0.8 0 0 0.0550645 0.049818 3.16243 0.07425585 0 1 0 0
43 1 3 17 0 0.854949 0.0492915 0 0.8 0 0 0.05494899 0.0492915 3.167305 0.07381763 0 1 0 0
43 1 3 17 0 0.854835 0.0487635 0 0.8 0 0 0.05483502 0.0487635 3.171341 0.07338092 0 1 0 0
43 1 3 17 0 0.8547226 0.0482325 0 0.8 0 0 0.05472255 0.0482325 3.187904 0.07294472 0 1 0 0
43 1 3 17 0 0.85461 0.0477 0 0.8 0 0 0.05460995 0.0477 3.199234 0.07250888 0 1 0 0
43 1 3 17 0 0.854499 0.0471645 0 0.8 0 0 0.05449903 0.0471645 3.215805 0.07207381 0 1 0 0
43 1 3 17 0 0.8543895 0.046626 0 0.8 0 0 0.05438954 0.046626 3.221092 0.07163941 0 1 0 0
43 1 3 17 0 0.8542815 0.046086 0 0.8 0 0 0.05428153 0.046086 3.226036 0.07120677 0 1 0 0
43 1 3 17 0 0.854175 0.0455445 0 0.8 0 0 0.05417502 0.0455445 3.230644 0.07077595 0 1 0 0
43 1 3 17 0 0.8540685 0.045 0 0.8 0 0 0.05406851 0.045 3.23481 0.07034489 0 1 0 0
43 1 3 17 0 0.853965 0.0444525 0 0.8 0 0 0.05396503 0.0444525 3.251381 0.06991602 0 1 0 0
43 1 3 17 0 0.8538616 0.0439035 0 0.8 0 0 0.05386156 0.0439035 3.256882 0.06948802 0 1 0 0
43 1 3 17 0 0.8537595 0.043353 0 0.8 0 0 0.05375952 0.043353 3.266106 0.06906206 0 1 0 0
43 1 3 17 0 0.853659 0.0427995 0 0.8 0 0 0.05365902 0.0427995 3.282791 0.06863737 0 1 0 0
43 1 3 17 0 0.85356 0.0422445 0 0.8 0 0 0.05355996 0.0422445 3.288132 0.06821486 0 1 0 0
43 1 3 17 0 0.8534626 0.0416865 0 0.8 0 0 0.05346256 0.0416865 3.293518 0.06779388 0 1 0 0
43 1 3 17 0 0.853365 0.0411285 0 0.8 0 0 0.05336499 0.0411285 3.310089 0.06737489 0 1 0 0
43 1 3 17 0 0.8532705 0.040566 0 0.8 0 0 0.05327052 0.040566 3.315704 0.06695782 0 1 0 0
43 1 3 17 0 0.853176 0.0400035 0 0.8 0 0 0.05317599 0.0400035 3.321609 0.06654296 0 1 0 0
43 1 3 17 0 0.853083 0.039438 0 0.8 0 0 0.053083 0.039438 3.326515 0.06612988 0 1 0 0
43 1 3 17 0 0.8529931 0.038871 0 0.8 0 0 0.05299306 0.038871 3.343086 0.06572077 0 1 0 0
43 1 3 17 0 0.8529015 0.038301 0 0.8 0 0 0.05290151 0.038301 3.353683 0.06531107 0 1 0 0
43 1 3 17 0 0.852813 0.037731 0 0.8 0 0 0.05281299 0.037731 3.358688 0.0649064 0 1 0 0
43 1 3 17 0 0.852726 0.037158 0 0.8 0 0 0.05272597 0.037158 3.375381 0.06450383 0 1 0 0
43 1 3 17 0 0.8526405 0.0365835 0 0.8 0 0 0.0526405 0.0365835 3.380768 0.06410441 0 1 0 0
43 1 3 17 0 0.852555 0.036006 0 0.8 0 0 0.05255502 0.036006 3.385445 0.06370606 0 1 0 0
43 1 3 17 0 0.8524725 0.0354285 0 0.8 0 0 0.05247253 0.0354285 3.389938 0.06331307 0 1 0 0
43 1 3 17 0 0.8523901 0.034848 0 0.8 0 0 0.05239004 0.034848 3.406509 0.06292138 0 1 0 0
43 1 3 17 0 0.852309 0.034266 0 0.8 0 0 0.05230898 0.034266 3.411758 0.0625331 0 1 0 0
43 1 3 17 0 0.8522295 0.0336825 0 0.8 0 0 0.05222952 0.0336825 3.421463 0.06214848 0 1 0 0
43 1 3 17 0 0.852153 0.0330975 0 0.8 0 0 0.05215299 0.0330975 3.438034 0.06176876 0 1 0 0
43 1 3 17 0 0.8520765 0.032511 0 0.8 0 0 0.05207652 0.032511 3.443153 0.0613916 0 1 0 0
43 1 3 17 0 0.852 0.031923 0 0.8 0 0 0.05199999 0.031923 3.447426 0.06101702 0 1 0 0
43 1 3 17 0 0.8519266 0.0313335 0 0.8 0 0 0.05192655 0.0313335 3.451691 0.0606478 0 1 0 0
43 1 3 17 0 0.8518546 0.0307425 0 0.8 0 0 0.05185455 0.0307425 3.468803 0.06028263 0 1 0 0
43 1 3 17 0 0.851784 0.0301485 0 0.8 0 0 0.05178398 0.0301485 3.474335 0.05992088 0 1 0 0
43 1 3 17 0 0.8517135 0.0295545 0 0.8 0 0 0.05171353 0.0295545 3.479202 0.05956306 0 1 0 0
43 1 3 17 0 0.8516461 0.028959 0 0.8 0 0 0.05164605 0.028959 3.483299 0.05921097 0 1 0 0
43 1 3 17 0 0.8515786 0.028362 0 0.8 0 0 0.05157858 0.028362 3.499863 0.05886215 0 1 0 0
43 1 3 17 0 0.8515125 0.0277635 0 0.8 0 0 0.05151248 0.0277635 3.511261 0.05851793 0 1 0 0
43 1 3 17 0 0.8514495 0.0271635 0 0.8 0 0 0.05144954 0.0271635 3.52803 0.05817999 0 1 0 0
43 1 3 17 0 0.8513865 0.026562 0 0.8 0 0 0.05138654 0.026562 3.533714 0.05784562 0 1 0 0
43 1 3 17 0 0.851325 0.025959 0 0.8 0 0 0.05132502 0.025959 3.539337 0.05751633 0 1 0 0
43 1 3 17 0 0.851265 0.025356 0 0.8 0 0 0.051265 0.025356 3.544136 0.05719289 0 1 0 0
43 1 3 17 0 0.8512065 0.02475 0 0.8 0 0 0.05120653 0.02475 3.560707 0.05687417 0 1 0 0
43 1 3 17 0 0.8511495 0.024144 0 0.8 0 0 0.05114949 0.024144 3.566223 0.0565615 0 1 0 1
43 1 3 17 0 0.8510941 0.0235365 0 0.8 0 0 0.05109406 0.0235365 3.575699 0.05625451 0 1 0 1
43 1 3 17 0 0.8510401 0.0229275 0 0.8 0 0 0.05104005 0.0229275 3.593124 0.05595317 0 1 0 1
43 1 3 17 0 0.8509875 0.0223185 0 0.8 0 0 0.05098748 0.0223185 3.598633 0.05565823 0 1 0 1
43 1 3 17 0 0.850935 0.0217065 0 0.8 0 0 0.05093497 0.0217065 3.603752 0.05536735 0 1 0 1
43 1 3 17 0 0.8508856 0.0210945 0 0.8 0 0 0.05088556 0.0210945 3.608101 0.05508464 0 1 0 1
43 1 3 17 0 0.8508376 0.0204825 0 0.8 0 0 0.05083758 0.0204825 3.625092 0.05480868 0 1 0 1
43 1 3 17 0 0.8507895 0.019869 0 0.8 0 0 0.05078954 0.019869 3.630569 0.05453764 0 1 0 1
43 1 3 17 0 0.8507446 0.019254 0 0.8 0 0 0.05074459 0.019254 3.635155 0.05427458 0 1 0 1
43 1 3 17 0 0.850701 0.0186375 0 0.8 0 0 0.05070102 0.0186375 3.6399 0.05401805 0 1 0 1
43 1 3 17 0 0.8506575 0.018021 0 0.8 0 0 0.05065745 0.018021 3.657036 0.05376741 0 1 0 1
43 1 3 17 0 0.8506156 0.017403 0 0.8 0 0 0.05061555 0.017403 3.662201 0.05352381 0 1 0 1
43 1 3 17 0 0.8505765 0.016785 0 0.8 0 0 0.05057651 0.016785 3.67881 0.05328902 0 1 0 1
43 1 3 17 0 0.8505375 0.0161655 0 0.8 0 0 0.05053753 0.0161655 3.684105 0.05306001 0 1 0 1
43 1 3 17 0 0.8505015 0.0155445 0 0.8 0 0 0.05050153 0.0155445 3.689445 0.05283972 0 1 0 1
43 1 3 17 0 0.8504655 0.0149235 0 0.8 0 0 0.05046552 0.0149235 3.693687 0.05262585 0 1 0 1
43 1 3 17 0 0.850431 0.0143025 0 0.8 0 0 0.05043101 0.0143025 3.698296 0.05241993 0 1 0 1
43 1 3 17 0 0.8503981 0.01368 0 0.8 0 0 0.05039805 0.01368 3.702591 0.0522217 0 1 0 1
43 1 3 17 0 0.850368 0.0130575 0 0.8 0 0 0.05036801 0.0130575 3.719162 0.05203302 0 1 0 1
43 1 3 17 0 0.850338 0.0124335 0 0.8 0 0 0.05033803 0.0124335 3.725266 0.05185084 0 1 0 1
43 1 3 17 0 0.8503095 0.0118095 0 0.8 0 0 0.05030948 0.0118095 3.74202 0.05167696 0 1 0 1
43 1 3 17 0 0.8502825 0.011184 0 0.8 0 0 0.05028254 0.011184 3.747398 0.05151131 0 1 0 1
43 1 3 17 0 0.850257 0.0105585 0 0.8 0 0 0.05025703 0.0105585 3.752052 0.05135417 0 1 0 1
43 1 3 17 0 0.8502331 0.009933 0 0.8 0 0 0.05023307 0.009933 3.757004 0.05120572 0 1 0 1
43 1 3 17 0 0.8502105 0.009306001 0 0.8 0 0 0.05021054 0.009306001 3.761223 0.05106564 0 1 0 1
43 1 3 17 0 0.8501896 0.0086805 0 0.8 0 0 0.05018955 0.0086805 3.765945 0.05093469 0 1 0 1
43 1 3 17 0 0.85017 0.008052 0 0.8 0 0 0.05017 0.008052 3.782959 0.05081205 0 1 0 1
43 1 3 17 0 0.8501521 0.007425 0 0.8 0 0 0.05015206 0.007425 3.788361 0.05069872 0 1 0 1
43 1 3 17 0 0.8501356 0.0067965 0 0.8 0 0 0.05013555 0.0067965 3.793083 0.05059413 0 1 0 1
43 1 3 17 0 0.8501205 0.006168 0 0.8 0 0 0.05012053 0.006168 3.797302 0.05049863 0 1 0 1
43 1 3 17 0 0.850107 0.0055395 0 0.8 0 0 0.050107 0.0055395 3.813866 0.05041228 0 1 0 1
43 1 3 17 0 0.850095 0.004911 0 0.8 0 0 0.05009502 0.004911 3.819183 0.05033517 0 1 0 1
43 1 3 17 0 0.8500845 0.004281 0 0.8 0 0 0.05008453 0.004281 3.835747 0.05026716 0 1 0 1
43 1 3 17 0 0.8500741 0.0036525 0 0.8 0 0 0.05007404 0.0036525 3.841103 0.05020707 0 1 0 1
43 1 3 17 0 0.8500665 0.0030225 0 0.8 0 0 0.05006653 0.0030225 3.845589 0.05015768 0 1 0 1
43 1 3 17 0 0.8500605 0.0023925 0 0.8 0 0 0.05006051 0.0023925 3.84993 0.05011765 0 1 0 1
43 1 3 17 0 0.8500561 0.0017625 0 0.8 0 0 0.05005604 0.0017625 3.854233 0.05008706 0 1 0 1
43 1 3 17 0 0.850053 0.001134 0 0.8 0 0 0.050053 0.001134 3.85894 0.05006585 0 1 0 1
43 1 3 17 0 0.8500501 0.000504 0 0.8 0 0 0.05005008 0.000504 3.875748 0.05005262 0 1 0 1
43 1 3 17 0 0.8500501 -0.000126 0 0.8 0 0 0.05005008 0.000126 3.881256 0.05005024 0 1 0 1
43 1 3 17 0 0.8500515 -0.000756 0 0.8 0 0 0.05005151 0.000756 3.890823 0.05005722 0 1 0 1
43 1 3 17 0 0.850053 -0.001386 0 0.8 0 0 0.050053 0.001386 3.907394 0.05007219 0 1 0 1
43 1 3 17 0 0.8500576 -0.002016 0 0.8 0 0 0.05005759 0.002016 3.912529 0.05009817 0 1 0 1
43 1 3 17 0 0.8500636 -0.002646 0 0.8 0 0 0.05006355 0.002646 3.917458 0.05013343 0 1 0 1
43 1 3 17 0 0.8500695 -0.003276 0 0.8 0 0 0.05006951 0.003276 3.922356 0.05017657 0 1 0 1
43 1 3 17 0 0.8500785 -0.003906 0 0.8 0 0 0.05007845 0.003906 3.938927 0.05023055 0 1 0 1
43 1 3 17 0 0.8500875 -0.0045345 0 0.8 0 0 0.05008751 0.0045345 3.945717 0.05029235 0 1 0 1
43 1 3 17 0 0.8500995 -0.0051645 0 0.8 0 0 0.05009949 0.0051645 3.950874 0.05036498 0 1 0 1
43 1 3 17 0 0.8501116 -0.005793 0 0.8 0 0 0.05011159 0.005793 3.968109 0.05044532 0 1 0 1
43 1 3 17 0 0.8501265 -0.0064215 0 0.8 0 0 0.05012649 0.0064215 3.973633 0.05053613 0 1 0 1
43 1 3 17 0 0.8501415 -0.00705 0 0.8 0 0 0.05014151 0.00705 3.984711 0.05063471 0 1 0 1
43 1 3 17 0 0.8501595 -0.007677 0 0.8 0 0 0.05015951 0.007677 4.001282 0.0507436 0 1 0 1
43 1 3 17 0 0.8501775 -0.0083055 0 0.8 0 0 0.05017751 0.0083055 4.007042 0.05086024 0 1 0 1
43 1 3 17 0 0.8501986 -0.0089325 0 0.8 0 0 0.05019855 0.0089325 4.011642 0.0509871 0 1 0 1
43 1 3 17 0 0.8502195 -0.009558 0 0.8 0 0 0.05021948 0.009558 4.015961 0.05112095 0 1 0 1
43 1 3 17 0 0.850242 -0.010185 0 0.8 0 0 0.05024201 0.010185 4.032539 0.05126396 0 1 0 1
43 1 3 17 0 0.8502675 -0.0108105 0 0.8 0 0 0.05026752 0.0108105 4.038124 0.05141683 0 1 0 1
43 1 3 17 0 0.850293 -0.011436 0 0.8 0 0 0.05029303 0.011436 4.054878 0.05157685 0 1 0 1
43 1 3 17 0 0.8503201 -0.01206 0 0.8 0 0 0.05032009 0.01206 4.060043 0.05174509 0 1 0 1
43 1 3 17 0 0.85035 -0.012684 0 0.8 0 0 0.05035001 0.012684 4.06469 0.05192309 0 1 0 1
43 1 3 17 0 0.8503801 -0.013308 0 0.8 0 0 0.05038005 0.013308 4.069298 0.05210808 0 1 0 1
43 1 3 17 0 0.8504115 -0.0139305 0 0.8 0 0 0.05041152 0.0139305 4.073769 0.05230086 0 1 0 1
43 1 3 17 0 0.8504446 -0.014553 0 0.8 0 0 0.05044454 0.014553 4.078644 0.05250183 0 1 0 1
43 1 3 17 0 0.850479 -0.015174 0 0.8 0 0 0.05047899 0.015174 4.095215 0.05271033 0 1 0 1
43 1 3 17 0 0.8505151 -0.015795 0 0.8 0 0 0.05051506 0.015795 4.100296 0.05292686 0 1 0 1
43 1 3 17 0 0.8505526 -0.0164145 0 0.8 0 0 0.05055255 0.0164145 4.105247 0.05315069 0 1 0 1
43 1 3 17 0 0.8505915 -0.017034 0 0.8 0 0 0.05059153 0.017034 4.109871 0.05338221 0 1 0 1
43 1 3 17 0 0.850632 -0.017652 0 0.8 0 0 0.050632 0.017652 4.126442 0.05362082 0 1 0 1
43 1 3 17 0 0.850674 -0.0182685 0 0.8 0 0 0.05067402 0.0182685 4.138191 0.05386645 0 1 0 1
43 1 3 17 0 0.8507175 -0.018885 0 0.8 0 0 0.05071753 0.018885 4.154762 0.05411942 0 1 0 1
43 1 3 17 0 0.8507625 -0.0195015 0 0.8 0 0 0.05076253 0.0195015 4.160095 0.05437962 0 1 0 1
43 1 3 17 0 0.850809 -0.020115 0 0.8 0 0 0.05080903 0.020115 4.164551 0.05464586 0 1 0 1
43 1 3 17 0 0.850857 -0.0207285 0 0.8 0 0 0.05085701 0.0207285 4.16877 0.05491909 0 1 0 1
43 1 3 17 0 0.8509051 -0.021342 0 0.8 0 0 0.05090505 0.021342 4.185776 0.05519787 0 1 0 1
43 1 3 17 0 0.850956 -0.0219525 0 0.8 0 0 0.05095601 0.0219525 4.191559 0.05548358 0 1 0 1
43 1 3 17 0 0.8510085 -0.022563 0 0.8 0 0 0.05100852 0.022563 4.201622 0.05577597 0 1 0 1
43 1 3 17 0 0.8510611 -0.023172 0 0.8 0 0 0.05106109 0.023172 4.218262 0.05607296 0 1 0 1
43 1 3 17 0 0.8511165 -0.023781 0 0.8 0 0 0.05111653 0.023781 4.223686 0.05637761 0 1 0 1
43 1 3 17 0 0.851172 -0.0243885 0 0.8 0 0 0.05117202 0.0243885 4.228447 0.05668663 0 1 0 1
43 1 3 17 0 0.8512305 -0.024993 0 0.8 0 0 0.05123049 0.024993 4.232895 0.05700187 0 1 0 1
43 1 3 17 0 0.851289 -0.025599 0 0.8 0 0 0.05128902 0.025599 4.249466 0.05732253 0 1 0 1
43 1 3 17 0 0.8513491 -0.026202 0 0.8 0 0 0.05134904 0.026202 4.254745 0.0576478 0 1 0 0
43 1 3 17 0 0.851412 -0.0268035 0 0.8 0 0 0.05141199 0.0268035 4.259575 0.05797948 0 1 0 0
43 1 3 17 0 0.851475 -0.027405 0 0.8 0 0 0.05147499 0.027405 4.26413 0.05831559 0 1 0 0
43 1 3 17 0 0.8515395 -0.0280035 0 0.8 0 0 0.05153948 0.0280035 4.280693 0.0586559 0 1 0 0
43 1 3 17 0 0.8516055 -0.028602 0 0.8 0 0 0.05160552 0.028602 4.291695 0.05900173 0 1 0 0
43 1 3 17 0 0.8516731 -0.029199 0 0.8 0 0 0.05167305 0.029199 4.296829 0.05935222 0 1 0 0
43 1 3 17 0 0.851742 -0.0297945 0 0.8 0 0 0.05174202 0.0297945 4.314064 0.05970719 0 1 0 0
43 1 3 17 0 0.8518111 -0.030387 0 0.8 0 0 0.05181104 0.030387 4.319466 0.06006458 0 1 0 0
43 1 3 17 0 0.851883 -0.0309795 0 0.8 0 0 0.05188298 0.0309795 4.32415 0.06042825 0 1 0 0
43 1 3 17 0 0.8519566 -0.0315705 0 0.8 0 0 0.05195659 0.0315705 4.328407 0.06079625 0 1 0 0
43 1 3 17 0 0.85203 -0.03216 0 0.8 0 0 0.05203003 0.03216 4.345039 0.0611669 0 1 0 0
43 1 3 17 0 0.8521065 -0.032748 0 0.8 0 0 0.0521065 0.032748 4.350967 0.06154282 0 1 0 0
43 1 3 17 0 0.852183 -0.033333 0 0.8 0 0 0.05218303 0.033333 4.367538 0.06192058 0 1 0 0
43 1 3 17 0 0.8522625 -0.033918 0 0.8 0 0 0.05226249 0.033918 4.373718 0.06230408 0 1 0 0
43 1 3 17 0 0.852342 -0.0345 0 0.8 0 0 0.052342 0.0345 4.379623 0.06268919 0 1 0 0
43 1 3 17 0 0.852423 -0.035082 0 0.8 0 0 0.052423 0.035082 4.385536 0.06307866 0 1 0 0
43 1 3 17 0 0.8525056 -0.035661 0 0.8 0 0 0.05250555 0.035661 4.402107 0.06347078 0 1 0 0
43 1 3 17 0 0.8525895 -0.0362385 0 0.8 0 0 0.05258948 0.0362385 4.407707 0.06386612 0 1 0 0
43 1 3 17 0 0.8526751 -0.0368145 0 0.8 0 0 0.05267507 0.0368145 4.412888 0.06426484 0 1 0 0
43 1 3 17 0 0.8527606 -0.0373875 0 0.8 0 0 0.05276054 0.0373875 4.418053 0.06466451 0 1 0 0
43 1 3 17 0 0.852849 -0.0379605 0 0.8 0 0 0.05284899 0.0379605 4.434624 0.06506932 0 1 0 0
43 1 3 17 0 0.8529391 -0.0385305 0 0.8 0 0 0.05293906 0.0385305 4.440674 0.06547628 0 1 0 0
43 1 3 17 0 0.853029 -0.039099 0 0.8 0 0 0.053029 0.039099 4.450356 0.0658848 0 1 0 0
43 1 3 17 0 0.8531206 -0.039666 0 0.8 0 0 0.05312055 0.039666 4.466919 0.06629619 0 1 0 0
43 1 3 17 0 0.8532135 -0.04023 0 0.8 0 0 0.05321354 0.04023 4.472321 0.06670932 0 1 0 0
43 1 3 17 0 0.8533081 -0.0407925 0 0.8 0 0 0.05330807 0.0407925 4.477592 0.0671251 0 1 0 0
43 1 3 17 0 0.853404 -0.0413535 0 0.8 0 0 0.05340403 0.0413535 4.482193 0.06754334 0 1 0 0
43 1 3 17 0 0.8535016 -0.0419115 0 0.8 0 0 0.05350155 0.0419115 4.498764 0.06796315 0 1 0 0
43 1 3 17 0 0.8536005 -0.042468 0 0.8 0 0 0.05360049 0.042468 4.504303 0.06838526 0 1 0 0
43 1 3 17 0 0.8536996 -0.043023 0 0.8 0 0 0.05369955 0.043023 4.513878 0.06880858 0 1 0 0
43 1 3 17 0 0.8538001 -0.043575 0 0.8 0 0 0.05380005 0.043575 4.53096 0.06923313 0 1 0 0
43 1 3 17 0 0.8539035 -0.0441255 0 0.8 0 0 0.05390352 0.0441255 4.536148 0.06966096 0 1 0 0
43 1 3 17 0 0.854007 -0.044673 0 0.8 0 0 0.05400699 0.044673 4.541214 0.07008875 0 1 0 0
43 1 3 17 0 0.854112 -0.045219 0 0.8 0 0 0.05411202 0.045219 4.545631 0.07051857 0 1 0 0
43 1 3 17 0 0.8542171 -0.045762 0 0.8 0 0 0.05421704 0.045762 4.562675 0.07094821 0 1 0 0
43 1 3 17 0 0.8543251 -0.0463035 0 0.8 0 0 0.05432504 0.0463035 4.568291 0.07138084 0 1 0 0
43 1 3 17 0 0.8544331 -0.0468435 0 0.8 0 0 0.05443305 0.0468435 4.573547 0.07181413 0 1 0 0
43 1 3 17 0 0.854544 -0.047379 0 0.8 0 0 0.05454403 0.047379 4.578667 0.07224832 0 1 0 0
43 1 3 17 0 0.854655 -0.0479145 0 0.8 0 0 0.05465502 0.0479145 4.595238 0.07268404 0 1 0 0
43 1 3 17 0 0.8547676 -0.0484455 0 0.8 0 0 0.05476755 0.0484455 4.605759 0.07311943 0 1 0 0
43 1 3 17 0 0.8548815 -0.0489765 0 0.8 0 0 0.05488151 0.0489765 4.622322 0.07355731 0 1 0 0
43 1 3 17 0 0.8549955 -0.049503 0 0.8 0 0 0.05499548 0.049503 4.627625 0.07399358 0 1 0 0
43 1 3 17 0 0.8551126 -0.050028 0 0.8 0 0 0.05511254 0.050028 4.632423 0.07443247 0 1 0 0
43 1 3 17 0 0.8552295 -0.05055 0 0.8 0 0 0.05522949 0.05055 4.637001 0.07487054 0 1 0 0
43 1 3 17 0 0.8553481 -0.0510705 0 0.8 0 0 0.05534804 0.0510705 4.654175 0.07531004 0 1 0 0
43 1 3 17 0 0.855468 -0.051588 0 0.8 0 0 0.05546802 0.051588 4.660675 0.07574974 0 1 0 0
43 1 3 17 0 0.855588 -0.0521025 0 0.8 0 0 0.05558801 0.0521025 4.67083 0.07618856 0 1 0 0
43 1 3 17 0 0.855711 -0.0526155 0 0.8 0 0 0.05571103 0.0526155 4.687721 0.07662969 0 1 0 0
43 1 3 17 0 0.8558341 -0.0531255 0 0.8 0 0 0.05583405 0.0531255 4.693047 0.07706984 0 1 0 0
43 1 3 17 0 0.8559585 -0.0536325 0 0.8 0 0 0.05595851 0.0536325 4.697838 0.07751 0 1 0 0
43 1 3 17 0 0.8560845 -0.0541365 0 0.8 0 0 0.05608445 0.0541365 4.702591 0.07795016 0 1 0 0
43 1 3 17 0 0.856212 -0.054639 0 0.8 0 0 0.05621201 0.054639 4.719162 0.07839139 0 1 0 0
43 1 3 17 0 0.8563396 -0.0551385 0 0.8 0 0 0.05633956 0.0551385 4.725151 0.07883146 0 1 0 0
43 1 3 17 0 0.8564685 -0.055635 0 0.8 0 0 0.05646849 0.055635 4.729813 0.07927132 0 1 0 0
43 1 3 17 0 0.856599 -0.0561285 0 0.8 0 0 0.05659902 0.0561285 4.734543 0.07971109 0 1 0 0
43 1 3 17 0 0.856731 -0.0566205 0 0.8 0 0 0.05673099 0.0566205 4.751373 0.08015164 0 1 0 0
43 1 3 17 0 0.856863 -0.057108 0 0.8 0 0 0.05686301 0.057108 4.757042 0.08058986 0 1 0 0
43 1 3 17 0 0.8569965 -0.057594 0 0.8 0 0 0.05699652 0.057594 4.773796 0.08102884 0 1 0 0
43 1 3 17 0 0.8571315 -0.058077 0 0.8 0 0 0.05713153 0.058077 4.779167 0.08146748 0 1 0 0
43 1 3 17 0 0.8572681 -0.058557 0 0.8 0 0 0.05726808 0.058557 4.783829 0.08190577 0 1 0 0
43 1 3 17 0 0.8574045 -0.0590325 0 0.8 0 0 0.05740446 0.0590325 4.789078 0.08234141 0 1 0 0
43 1 3 17 0 0.8575441 -0.059508 0 0.8 0 0 0.05754405 0.059508 4.793976 0.08277994 0 1 0 0
43 1 3 17 0 0.8576835 -0.059979 0 0.8 0 0 0.05768353 0.059979 4.811241 0.0832158 0 1 0 0
43 1 3 17 0 0.857823 -0.060447 0 0.8 0 0 0.057823 0.060447 4.816513 0.0836501 0 1 0 0
43 1 3 17 0 0.8579655 -0.060912 0 0.8 0 0 0.05796552 0.060912 4.825859 0.08408491 0 1 0 0
43 1 3 17 0 0.858108 -0.061374 0 0.8 0 0 0.05810803 0.061374 4.84243 0.08451811 0 1 0 0
43 1 3 17 0 0.858252 -0.061833 0 0.8 0 0 0.05825198 0.061833 4.847595 0.08495065 0 1 0 0
43 1 3 17 0 0.8583961 -0.0622905 0 0.8 0 0 0.05839604 0.0622905 4.852676 0.08538269 0 1 0 0
43 1 3 17 0 0.8585415 -0.0627435 0 0.8 0 0 0.05854148 0.0627435 4.8573 0.08581288 0 1 0 0
43 1 3 17 0 0.8586886 -0.0631935 0 0.8 0 0 0.05868858 0.0631935 4.874031 0.0862425 0 1 0 0
43 1 3 17 0 0.8588371 -0.0636405 0 0.8 0 0 0.05883706 0.0636405 4.879875 0.08667129 0 1 0 0
43 1 3 17 0 0.8589855 -0.0640845 0 0.8 0 0 0.05898553 0.0640845 4.884911 0.08709832 0 1 0 0
43 1 3 17 0 0.8591355 -0.0645255 0 0.8 0 0 0.0591355 0.0645255 4.889908 0.08752456 0 1 0 0
43 1 3 17 0 0.859287 -0.064962 0 0.8 0 0 0.05928701 0.064962 4.906479 0.08794891 0 1 0 0
43 1 3 17 0 0.8594385 -0.065397 0 0.8 0 0 0.05943853 0.065397 4.91188 0.08837254 0 1 0 0
43 1 3 17 0 0.859593 -0.0658275 0 0.8 0 0 0.05959302 0.0658275 4.916786 0.0887952 0 1 0 0
43 1 3 17 0 0.8597461 -0.0662565 0 0.8 0 0 0.05974609 0.0662565 4.933495 0.08921614 0 1 0 0
43 1 3 17 0 0.859902 -0.066681 0 0.8 0 0 0.05990201 0.066681 4.939125 0.08963597 0 1 0 0
43 1 3 17 0 0.860058 -0.0671025 0 0.8 0 0 0.060058 0.0671025 4.94426 0.09005392 0 1 0 0
43 1 3 17 0 0.860214 -0.06752101 0 0.8 0 0 0.06021398 0.06752101 4.948524 0.09046994 0 1 0 0
43 1 3 17 0 0.860373 -0.067935 0 0.8 0 0 0.06037301 0.067935 4.965126 0.0908849 0 1 0 0
43 1 3 17 0 0.860532 -0.0683475 0 0.8 0 0 0.06053203 0.0683475 4.970474 0.091299 0 1 0 0
43 1 3 17 0 0.860691 -0.0687555 0 0.8 0 0 0.060691 0.0687555 4.980934 0.09170996 0 1 0 0
43 1 3 17 0 0.860853 -0.06916051 0 0.8 0 0 0.060853 0.06916051 4.997505 0.09212092 0 1 0 0
43 1 3 17 0 0.861015 -0.069561 0 0.8 0 0 0.06101501 0.069561 5.003952 0.09252872 0 1 0 0
43 1 3 17 0 0.861177 -0.06996 0 0.8 0 0 0.06117702 0.06996 5.00943 0.09293561 0 1 0 0
43 1 3 17 0 0.8613405 -0.0703545 0 0.8 0 0 0.06134051 0.0703545 5.014702 0.09334031 0 1 0 0
43 1 3 17 0 0.8615055 -0.070746 0 0.8 0 0 0.0615055 0.070746 5.031273 0.09374393 0 1 0 0
43 1 3 17 0 0.8616706 -0.071133 0 0.8 0 0 0.06167054 0.071133 5.036377 0.09414435 0 1 0 0
43 1 3 17 0 0.861837 -0.07151701 0 0.8 0 0 0.06183702 0.07151701 5.041328 0.09454364 0 1 0 0
43 1 3 17 0 0.862005 -0.071898 0 0.8 0 0 0.06200498 0.071898 5.046074 0.09494177 0 1 0 0
43 1 3 17 0 0.862173 -0.07227451 0 0.8 0 0 0.06217301 0.07227451 5.062645 0.09533671 0 1 0 0
43 1 3 17 0 0.8623425 -0.07264949 0 0.8 0 0 0.06234252 0.07264949 5.0681 0.0957316 0 1 0 0
43 1 3 17 0 0.8625121 -0.07301851 0 0.8 0 0 0.06251204 0.07301851 5.077942 0.09612209 0 1 0 0
43 1 3 17 0 0.862683 -0.073386 0 0.8 0 0 0.06268299 0.073386 5.094948 0.0965125 0 1 0 0
43 1 3 17 0 0.862854 -0.07374901 0 0.8 0 0 0.06285399 0.07374901 5.100746 0.09689964 0 1 0 0
43 1 3 17 0 0.8630265 -0.0741075 0 0.8 0 0 0.06302649 0.0741075 5.105644 0.09728442 0 1 0 0
43 1 3 17 0 0.8632005 -0.074463 0 0.8 0 0 0.06320053 0.074463 5.122215 0.09766804 0 1 0 0
43 1 3 17 0 0.8633746 -0.0748155 0 0.8 0 0 0.06337458 0.0748155 5.127663 0.09804945 0 1 0 0
43 1 3 17 0 0.8635501 -0.0751635 0 0.8 0 0 0.06355006 0.0751635 5.137535 0.09842846 0 1 0 0
43 1 3 17 0 0.8637255 -0.0755085 0 0.8 0 0 0.06372553 0.0755085 5.154106 0.09880524 0 1 0 0
43 1 3 17 0 0.8639011 -0.075849 0 0.8 0 0 0.06390107 0.075849 5.159424 0.09917871 0 1 0 0
43 1 3 17 0 0.8640795 -0.0761865 0 0.8 0 0 0.06407952 0.0761865 5.164497 0.09955184 0 1 0 0
43 1 3 17 0 0.864258 -0.0765195 0 0.8 0 0 0.06425798 0.0765195 5.16951 0.09992158 0 1 0 0
43 1 3 17 0 0.8644365 -0.07684951 0 0.8 0 0 0.0644365 0.07684951 5.18663 0.1002891 0 1 0 0
43 1 3 17 0 0.8646165 -0.0771765 0 0.8 0 0 0.0646165 0.0771765 5.192619 0.1006554 0 1 0 0
43 1 3 17 0 0.8647965 -0.0774975 0 0.8 0 0 0.06479651 0.0774975 5.197395 0.1010171 0 1 0 0
43 1 3 17 0 0.8649781 -0.077817 0 0.8 0 0 0.06497806 0.077817 5.202187 0.1013787 0 1 0 0
43 1 3 17 0 0.8651596 -0.0781305 0 0.8 0 0 0.06515956 0.0781305 5.219101 0.1017357 0 1 0 0
43 1 3 17 0 0.8653425 -0.0784425 0 0.8 0 0 0.06534249 0.0784425 5.225479 0.1020924 0 1 0 0
43 1 3 17 0 0.8655255 -0.0787485 0 0.8 0 0 0.06552547 0.0787485 5.230194 0.1024447 0 1 0 0
43 1 3 17 0 0.86571 -0.0790515 0 0.8 0 0 0.06571001 0.0790515 5.246758 0.1027956 0 1 0 0
43 1 3 17 0 0.8658945 -0.0793515 0 0.8 0 0 0.06589448 0.0793515 5.252007 0.1031443 0 1 0 0
43 1 3 17 0 0.8660805 -0.079647 0 0.8 0 0 0.06608051 0.079647 5.257362 0.1034905 0 1 0 0
43 1 3 17 0 0.8662665 -0.07993799 0 0.8 0 0 0.06626648 0.07993799 5.262276 0.1038332 0 1 0 0
43 1 3 17 0 0.8664526 -0.080226 0 0.8 0 0 0.06645256 0.080226 5.279167 0.1041737 0 1 0 0
43 1 3 17 0 0.8666401 -0.0805095 0 0.8 0 0 0.06664008 0.0805095 5.284599 0.1045116 0 1 0 0
43 1 3 17 0 0.866829 -0.0807885 0 0.8 0 0 0.06682903 0.0807885 5.29435 0.104847 0 1 0 0
43 1 3 17 0 0.8670181 -0.0810645 0 0.8 0 0 0.06701809 0.0810645 5.311119 0.1051802 0 1 0 0
43 1 3 17 0 0.867207 -0.081336 0 0.8 0 0 0.06720698 0.081336 5.316521 0.1055098 0 1 0 0
43 1 3 17 0 0.8673975 -0.08160301 0 0.8 0 0 0.06739753 0.08160301 5.32164 0.105837 0 1 0 0
43 1 3 17 0 0.867588 -0.08186699 0 0.8 0 0 0.06758803 0.08186699 5.326118 0.1061619 0 1 0 0
43 1 3 17 0 0.8677785 -0.0821265 0 0.8 0 0 0.06777853 0.0821265 5.34288 0.1064833 0 1 0 0
43 1 3 17 0 0.8679705 -0.082383 0 0.8 0 0 0.06797051 0.082383 5.348648 0.1068033 0 1 0 0
43 1 3 17 0 0.868164 -0.082635 0 0.8 0 0 0.06816399 0.082635 5.353569 0.1071208 0 1 0 0
43 1 3 17 0 0.868356 -0.0828825 0 0.8 0 0 0.06835604 0.0828825 5.35849 0.107434 0 1 0 0
43 1 3 17 0 0.868551 -0.0831255 0 0.8 0 0 0.068551 0.0831255 5.375252 0.1077455 0 1 0 0
43 1 3 17 0 0.8687445 -0.0833655 0 0.8 0 0 0.06874448 0.0833655 5.380554 0.1080537 0 1 0 0
43 1 3 17 0 0.8689395 -0.0835995 0 0.8 0 0 0.06893951 0.0835995 5.384911 0.1083584 0 1 0 0
43 1 3 17 0 0.8691345 -0.083832 0 0.8 0 0 0.06913453 0.083832 5.389328 0.1086618 0 1 0 0
43 1 3 17 0 0.869331 -0.0840585 0 0.8 0 0 0.06933099 0.0840585 5.405899 0.1089615 0 1 0 0
43 1 3 17 0 0.8695276 -0.084282 0 0.8 0 0 0.06952757 0.084282 5.411224 0.109259 0 1 0 0
43 1 3 17 0 0.869724 -0.084501 0 0.8 0 0 0.06972402 0.084501 5.415794 0.109553 0 1 0 0
43 1 3 17 0 0.869922 -0.0847155 0 0.8 0 0 0.06992203 0.0847155 5.420578 0.1098445 0 1 0 0
43 1 3 17 0 0.87012 -0.0849255 0 0.8 0 0 0.07012004 0.0849255 5.43766 0.1101325 0 1 0 0
43 1 3 17 0 0.870318 -0.08513249 0 0.8 0 0 0.07031798 0.08513249 5.443588 0.1104181 0 1 0 0
43 1 3 17 0 0.8705161 -0.085335 0 0.8 0 0 0.07051605 0.085335 5.452919 0.1107004 0 1 0 0
43 1 3 17 0 0.8707155 -0.085533 0 0.8 0 0 0.07071549 0.085533 5.469521 0.1109801 0 1 0 0
43 1 3 17 0 0.8709151 -0.0857265 0 0.8 0 0 0.07091504 0.0857265 5.474861 0.1112564 0 1 0 0
43 1 3 17 0 0.871116 -0.085917 0 0.8 0 0 0.07111603 0.085917 5.480003 0.1115313 0 1 0 0
43 1 3 17 0 0.871317 -0.0861015 0 0.8 0 0 0.07131702 0.0861015 5.484444 0.1118015 0 1 0 0
43 1 3 17 0 0.871518 -0.086283 0 0.8 0 0 0.071518 0.086283 5.501175 0.1120695 0 1 0 0
43 1 3 17 0 0.871719 -0.08646 0 0.8 0 0 0.07171899 0.08646 5.50679 0.1123341 0 1 0 0
43 1 3 17 0 0.8719215 -0.08663251 0 0.8 0 0 0.07192153 0.08663251 5.511665 0.1125962 0 1 0 0
43 1 3 17 0 0.872124 -0.086802 0 0.8 0 0 0.072124 0.086802 5.528229 0.1128559 0 1 0 0
43 1 3 17 0 0.8723265 -0.0869655 0 0.8 0 0 0.07232648 0.0869655 5.533432 0.1131111 0 1 0 0
43 1 3 17 0 0.872529 -0.087126 0 0.8 0 0 0.07252902 0.087126 5.538361 0.113364 0 1 0 0
43 1 3 17 0 0.8727331 -0.087282 0 0.8 0 0 0.07273304 0.087282 5.543053 0.1136145 0 1 0 0
43 1 3 17 0 0.872937 -0.0874335 0 0.8 0 0 0.07293695 0.0874335 5.559624 0.1138614 0 1 0 0
43 1 3 17 0 0.8731411 -0.0875805 0 0.8 0 0 0.07314104 0.0875805 5.564873 0.114105 0 1 0 0
43 1 3 17 0 0.873345 -0.087723 0 0.8 0 0 0.07334501 0.087723 5.569733 0.1143452 0 1 0 0
43 1 3 17 0 0.8735505 -0.0878625 0 0.8 0 0 0.07355052 0.0878625 5.574028 0.114584 0 1 0 0
43 1 3 17 0 0.8737561 -0.08799601 0 0.8 0 0 0.07375604 0.08799601 5.578506 0.1148183 0 1 0 0
43 1 3 17 0 0.8739615 -0.0881265 0 0.8 0 0 0.0739615 0.0881265 5.595078 0.1150503 0 1 0 0
43 1 3 17 0 0.8741671 -0.0882525 0 0.8 0 0 0.07416707 0.0882525 5.600792 0.115279 0 1 0 0
43 1 3 17 0 0.8743725 -0.088374 0 0.8 0 0 0.07437247 0.088374 5.617409 0.1155042 0 1 0 0
43 1 3 17 0 0.8745795 -0.088491 0 0.8 0 0 0.07457948 0.088491 5.623894 0.1157271 0 1 0 0
43 1 3 17 0 0.8747851 -0.0886035 0 0.8 0 0 0.07478505 0.0886035 5.630798 0.1159456 0 1 0 0
43 1 3 17 0 0.874992 -0.0887115 0 0.8 0 0 0.074992 0.0887115 5.635918 0.1161617 0 1 0 0
43 1 3 17 0 0.875199 -0.0888165 0 0.8 0 0 0.07519895 0.0888165 5.652481 0.1163755 0 1 0 0
43 1 3 17 0 0.8754076 -0.0889155 0 0.8 0 0 0.07540756 0.0889155 5.658524 0.1165859 0 1 0 0
43 1 3 17 0 0.8756145 -0.0890115 0 0.8 0 0 0.07561451 0.0890115 5.663063 0.116793 0 1 0 0
43 1 3 17 0 0.875823 -0.0891015 0 0.8 0 0 0.07582301 0.0891015 5.667656 0.1169966 0 1 0 0
43 1 3 17 0 0.87603 -0.0891885 0 0.8 0 0 0.07603002 0.0891885 5.671692 0.1171971 0 1 0 0
43 1 3 17 0 0.8762385 -0.089271 0 0.8 0 0 0.07623851 0.089271 5.688255 0.1173952 0 1 0 0
43 1 3 17 0 0.876447 -0.089349 0 0.8 0 0 0.07644701 0.089349 5.693535 0.1175899 0 1 0 0
43 1 3 17 0 0.8766555 -0.0894225 0 0.8 0 0 0.07665551 0.0894225 5.698471 0.1177814 0 1 0 0
43 1 3 17 0 0.876864 -0.0894915 0 0.8 0 0 0.076864 0.0894915 5.715034 0.1179695 0 1 0 0
43 1 3 17 0 0.8770725 -0.08955599 0 0.8 0 0 0.0770725 0.08955599 5.720375 0.1181543 0 1 0 0
43 1 3 17 0 0.8772825 -0.089616 0 0.8 0 0 0.07728249 0.089616 5.725212 0.1183368 0 1 0 0
43 1 3 17 0 0.877491 -0.0896715 0 0.8 0 0 0.07749099 0.0896715 5.72966 0.1185151 0 1 0 0
43 1 3 17 0 0.877701 -0.089724 0 0.8 0 0 0.07770103 0.089724 5.733757 0.1186922 0 1 0 0
43 1 3 17 0 0.8779095 -0.0897705 0 0.8 0 0 0.07790953 0.0897705 5.750366 0.1188639 0 1 0 0
43 1 3 17 0 0.8781196 -0.089814 0 0.8 0 0 0.07811958 0.089814 5.755707 0.1190345 0 1 0 0
43 1 3 17 0 0.8783296 -0.0898515 0 0.8 0 0 0.07832956 0.0898515 5.76593 0.1192007 0 1 0 0
43 1 3 17 0 0.8785395 -0.08988599 0 0.8 0 0 0.07853949 0.08988599 5.782562 0.1193648 0 1 0 0
43 1 3 17 0 0.878748 -0.089916 0 0.8 0 0 0.07874799 0.089916 5.787773 0.1195246 0 1 0 0
43 1 3 17 0 0.878958 -0.08994 0 0.8 0 0 0.07895797 0.08994 5.792633 0.1196811 0 1 0 0
43 1 3 17 0 0.879168 -0.089961 0 0.8 0 0 0.07916802 0.089961 5.79731 0.1198355 0 1 0 0
43 1 3 17 0 0.8793781 -0.0899775 0 0.8 0 0 0.07937807 0.0899775 5.813881 0.1199868 0 1 0 0
43 1 3 17 0 0.8795881 -0.0899895 0 0.8 0 0 0.07958806 0.0899895 5.819321 0.1201348 0 1 0 0
43 1 3 17 0 0.879798 -0.08999699 0 0.8 0 0 0.07979798 0.08999699 5.823837 0.1202796 0 1 0 0
43 1 3 17 0 0.880008 -0.09 0 0.8 0 0 0.08000797 0.09 5.840408 0.1204212 0 1 0 0
43 1 3 17 0 0.880218 -0.0899985 0 0.8 0 0 0.08021802 0.0899985 5.846588 0.1205598 0 1 0 0
43 1 3 17 0 0.8804281 -0.0899925 0 0.8 0 0 0.08042806 0.0899925 5.851547 0.1206952 0 1 0 0
43 1 3 17 0 0.8806381 -0.089982 0 0.8 0 0 0.08063805 0.089982 5.856392 0.1208274 0 1 0 0
43 1 3 17 0 0.880848 -0.0899685 0 0.8 0 0 0.08084798 0.0899685 5.872955 0.1209575 0 1 0 0
43 1 3 17 0 0.881058 -0.089949 0 0.8 0 0 0.08105797 0.089949 5.878128 0.1210835 0 1 0 0
43 1 3 17 0 0.881268 -0.0899265 0 0.8 0 0 0.08126801 0.0899265 5.882484 0.1212075 0 1 0 0
43 1 3 17 0 0.8814781 -0.08989801 0 0.8 0 0 0.08147806 0.08989801 5.886917 0.1213273 0 1 0 0
43 1 3 17 0 0.8816881 -0.0898665 0 0.8 0 0 0.08168805 0.0898665 5.903488 0.1214452 0 1 0 0
43 1 3 17 0 0.8818966 -0.089829 0 0.8 0 0 0.08189654 0.089829 5.909195 0.1215578 0 1 0 0
43 1 3 17 0 0.8821065 -0.0897885 0 0.8 0 0 0.08210653 0.0897885 5.919067 0.1216695 0 1 0 0
43 1 3 17 0 0.8823165 -0.0897435 0 0.8 0 0 0.08231646 0.0897435 5.935638 0.1217781 0 1 0 0
43 1 3 17 0 0.882525 -0.0896925 0 0.8 0 0 0.08252496 0.0896925 5.941444 0.1218816 0 1 0 0
43 1 3 17 0 0.882735 -0.0896385 0 0.8 0 0 0.082735 0.0896385 5.945869 0.1219842 0 1 0 0
43 1 3 17 0 0.8829435 -0.08958 0 0.8 0 0 0.0829435 0.08958 5.950493 0.1220828 0 1 0 0
43 1 3 17 0 0.8831536 -0.089517 0 0.8 0 0 0.08315355 0.089517 5.967064 0.1221794 0 1 0 0
43 1 3 17 0 0.8833621 -0.0894495 0 0.8 0 0 0.08336204 0.0894495 5.972725 0.122272 0 1 0 0
43 1 3 17 0 0.8835706 -0.089379 0 0.8 0 0 0.08357054 0.089379 5.977982 0.1223627 0 1 0 0
43 1 3 17 0 0.883779 -0.0893025 0 0.8 0 0 0.08377904 0.0893025 5.982231 0.1224494 0 1 0 0
43 1 3 17 0 0.8839875 -0.0892215 0 0.8 0 0 0.08398753 0.0892215 5.998802 0.1225332 0 1 0 0
43 1 3 17 0 0.8841945 -0.0891375 0 0.8 0 0 0.08419448 0.0891375 6.004135 0.122614 0 1 0 0
43 1 3 17 0 0.884403 -0.0890475 0 0.8 0 0 0.08440298 0.0890475 6.008934 0.122692 0 1 0 0
43 1 3 17 0 0.8846101 -0.0889545 0 0.8 0 0 0.08461004 0.0889545 6.025497 0.1227671 0 1 0 0
43 1 3 17 0 0.8848186 -0.0888555 0 0.8 0 0 0.08481854 0.0888555 6.03096 0.1228393 0 1 0 0
43 1 3 17 0 0.8850255 -0.0887535 0 0.8 0 0 0.08502549 0.0887535 6.035789 0.1229086 0 1 0 0
43 1 3 17 0 0.8852325 -0.088647 0 0.8 0 0 0.0852325 0.088647 6.041245 0.1229751 0 1 0 0
43 1 3 17 0 0.8854396 -0.08853599 0 0.8 0 0 0.08543956 0.08853599 6.046318 0.1230388 0 1 0 0
43 1 3 17 0 0.885645 -0.0884205 0 0.8 0 0 0.08564502 0.0884205 6.063019 0.1230986 0 1 0 0
43 1 3 17 0 0.885852 -0.0883005 0 0.8 0 0 0.08585197 0.0883005 6.06884 0.1231566 0 1 0 0
43 1 3 17 0 0.8860576 -0.0881775 0 0.8 0 0 0.08605754 0.0881775 6.085411 0.1232119 0 1 0 0
43 1 3 17 0 0.886263 -0.0880485 0 0.8 0 0 0.086263 0.0880485 6.090599 0.1232633 0 1 0 0
43 1 3 17 0 0.8864685 -0.0879165 0 0.8 0 0 0.08646852 0.0879165 6.095665 0.1233131 0 1 0 0
43 1 3 17 0 0.886674 -0.08777849 0 0.8 0 0 0.08667403 0.08777849 6.100655 0.123359 0 1 0 0
43 1 3 17 0 0.886878 -0.0876375 0 0.8 0 0 0.086878 0.0876375 6.105598 0.1234023 0 1 0 0
43 1 3 17 0 0.8870821 -0.087492 0 0.8 0 0 0.08708209 0.087492 6.122169 0.1234429 0 1 0 0
43 1 3 17 0 0.887286 -0.087342 0 0.8 0 0 0.087286 0.087342 6.127892 0.1234806 0 1 0 0
43 1 3 17 0 0.88749 -0.087189 0 0.8 0 0 0.08749002 0.087189 6.132256 0.1235169 0 1 0 0
43 1 3 17 0 0.8876926 -0.08703 0 0.8 0 0 0.08769256 0.08703 6.137161 0.1235484 0 1 0 0
43 1 3 17 0 0.8878965 -0.086868 0 0.8 0 0 0.08789653 0.086868 6.154167 0.1235793 0 1 0 0
43 1 3 17 0 0.8880991 -0.0867 0 0.8 0 0 0.08809906 0.0867 6.160027 0.1236056 0 1 0 0
43 1 3 17 0 0.8883001 -0.086529 0 0.8 0 0 0.08830005 0.086529 6.164986 0.1236292 0 1 0 0
43 1 3 17 0 0.8885026 -0.0863535 0 0.8 0 0 0.08850259 0.0863535 6.181671 0.1236513 0 1 0 0
43 1 3 17 0 0.8887036 -0.086175 0 0.8 0 0 0.08870357 0.086175 6.187813 0.1236707 0 1 0 0
43 1 3 17 0 0.8889046 -0.0859905 0 0.8 0 0 0.08890456 0.0859905 6.193329 0.1236866 0 1 0 0
43 1 3 17 0 0.8891056 -0.085803 0 0.8 0 0 0.08910555 0.085803 6.197601 0.1237011 0 1 0 0
43 1 3 17 0 0.889305 -0.085611 0 0.8 0 0 0.08930498 0.085611 6.20182 0.1237119 0 1 0 0
43 1 3 17 0 0.8895046 -0.0854145 0 0.8 0 0 0.08950454 0.0854145 6.218857 0.1237202 0 1 0 0
43 1 3 17 0 0.889704 -0.0852135 0 0.8 0 0 0.08970398 0.0852135 6.224289 0.1237261 0 1 0 0
43 1 3 17 0 0.8899021 -0.085008 0 0.8 0 0 0.08990204 0.085008 6.234985 0.1237285 0 1 0 0
43 1 3 17 0 0.8901 -0.0847995 0 0.8 0 0 0.09009999 0.0847995 6.251549 0.1237294 0 1 0 0
43 1 3 17 0 0.890298 -0.0845865 0 0.8 0 0 0.090298 0.0845865 6.256981 0.1237279 0 1 0 0
43 1 3 17 0 0.8904946 -0.084369 0 0.8 0 0 0.09049457 0.084369 6.261826 0.1237231 0 1 0 0
43 1 3 17 0 0.890691 -0.084147 0 0.8 0 0 0.09069103 0.084147 6.278397 0.1237157 0 1 0 0
43 1 3 17 0 0.8908875 -0.083922 0 0.8 0 0 0.09088749 0.083922 6.284126 0.1237071 0 1 0 0
43 1 3 17 0 0.8910825 -0.0836925 0 0.8 0 0 0.09108251 0.0836925 6.288734 0.123695 0 1 0 0
43 1 3 17 0 0.8912775 -0.0834585 0 0.8 0 0 0.09127748 0.0834585 6.293098 0.1236806 0 1 0 0
43 1 3 17 0 0.8914726 -0.0832215 0 0.8 0 0 0.09147257 0.0832215 6.309769 0.1236651 0 1 0 0
43 1 3 17 0 0.8916661 -0.0829785 0 0.8 0 0 0.09166604 0.0829785 6.314651 0.123645 0 1 0 0
43 1 3 17 0 0.8918595 -0.0827325 0 0.8 0 0 0.09185952 0.0827325 6.31913 0.1236238 0 1 0 0
43 1 3 17 0 0.892053 -0.0824835 0 0.8 0 0 0.092053 0.0824835 6.323402 0.1236013 0 1 0 0
43 1 3 17 0 0.8922451 -0.0822285 0 0.8 0 0 0.09224504 0.0822285 6.340004 0.1235746 0 1 0 0
43 1 3 17 0 0.892437 -0.0819705 0 0.8 0 0 0.09243697 0.0819705 6.345467 0.1235466 0 1 0 0
43 1 3 17 0 0.8926275 -0.081708 0 0.8 0 0 0.09262753 0.081708 6.350143 0.1235154 0 1 0 0
43 1 3 17 0 0.8928181 -0.0814425 0 0.8 0 0 0.09281808 0.0814425 6.354614 0.1234831 0 1 0 0
43 1 3 17 0 0.893007 -0.0811725 0 0.8 0 0 0.09300703 0.0811725 6.358963 0.1234475 0 1 0 0
43 1 3 17 0 0.8931961 -0.080898 0 0.8 0 0 0.09319609 0.080898 6.375534 0.1234099 0 1 0 0
43 1 3 17 0 0.893385 -0.0806205 0 0.8 0 0 0.09338498 0.0806205 6.381012 0.1233711 0 1 0 0
43 1 3 17 0 0.8935726 -0.0803385 0 0.8 0 0 0.09357256 0.0803385 6.390472 0.1233292 0 1 0 0
43 1 3 17 0 0.8937601 -0.080052 0 0.8 0 0 0.09376007 0.080052 6.407043 0.1232853 0 1 0 0
43 1 3 17 0 0.8939461 -0.0797625 0 0.8 0 0 0.09394604 0.0797625 6.412216 0.1232393 0 1 0 0
43 1 3 17 0 0.8941321 -0.0794685 0 0.8 0 0 0.09413207 0.0794685 6.417122 0.1231913 0 1 0 0
43 1 3 17 0 0.8943166 -0.0791715 0 0.8 0 0 0.09431654 0.0791715 6.434273 0.1231411 0 1 0 0
43 1 3 17 0 0.8945011 -0.07887 0 0.8 0 0 0.09450108 0.07887 6.440094 0.1230891 0 1 0 0
43 1 3 17 0 0.8946855 -0.078564 0 0.8 0 0 0.09468549 0.078564 6.445396 0.1230351 0 1 0 0
43 1 3 17 0 0.8948685 -0.078255 0 0.8 0 0 0.09486848 0.078255 6.45005 0.1229792 0 1 0 0
43 1 3 17 0 0.89505 -0.0779415 0 0.8 0 0 0.09505004 0.0779415 6.466621 0.1229202 0 1 0 0
43 1 3 17 0 0.8952315 -0.077625 0 0.8 0 0 0.09523147 0.077625 6.471947 0.1228604 0 1 0 0
43 1 3 17 0 0.895413 -0.07730401 0 0.8 0 0 0.09541303 0.07730401 6.477226 0.1227988 0 1 0 0
43 1 3 17 0 0.895593 -0.07698 0 0.8 0 0 0.09559304 0.07698 6.494057 0.1227353 0 1 0 0
43 1 3 17 0 0.8957715 -0.0766515 0 0.8 0 0 0.09577149 0.0766515 6.499374 0.1226688 0 1 0 0
43 1 3 17 0 0.89595 -0.07632 0 0.8 0 0 0.09594995 0.07632 6.504013 0.1226015 0 1 0 0
43 1 3 17 0 0.8961285 -0.075984 0 0.8 0 0 0.09612852 0.075984 6.508774 0.1225327 0 1 0 0
43 1 3 17 0 0.8963056 -0.0756435 0 0.8 0 0 0.09630555 0.0756435 6.513786 0.122461 0 1 0 0
43 1 3 17 0 0.896481 -0.0753015 0 0.8 0 0 0.09648103 0.0753015 6.530357 0.1223883 0 1 0 0
43 1 3 17 0 0.8966566 -0.0749535 0 0.8 0 0 0.09665656 0.0749535 6.535851 0.1223132 0 1 0 0
43 1 3 17 0 0.8968306 -0.074604 0 0.8 0 0 0.09683055 0.074604 6.544685 0.1222371 0 1 0 0
43 1 3 17 0 0.8970045 -0.0742485 0 0.8 0 0 0.09700453 0.0742485 6.561272 0.1221586 0 1 0 0
43 1 3 17 0 0.897177 -0.0738915 0 0.8 0 0 0.09717697 0.0738915 6.566704 0.1220791 0 1 0 0
43 1 3 17 0 0.8973496 -0.07353 0 0.8 0 0 0.09734958 0.07353 6.57132 0.1219984 0 1 0 0
43 1 3 17 0 0.8975205 -0.073164 0 0.8 0 0 0.09752053 0.073164 6.576088 0.1219148 0 1 0 0
43 1 3 17 0 0.8976901 -0.0727965 0 0.8 0 0 0.09769005 0.0727965 6.592651 0.1218305 0 1 0 0
43 1 3 17 0 0.8978596 -0.0724245 0 0.8 0 0 0.09785956 0.0724245 6.597969 0.1217448 0 1 0 0
43 1 3 17 0 0.8980291 -0.072048 0 0.8 0 0 0.09802908 0.072048 6.603142 0.1216578 0 1 0 0
43 1 3 17 0 0.8981971 -0.07166851 0 0.8 0 0 0.09819704 0.07166851 6.607864 0.1215691 0 1 0 0
43 1 3 17 0 0.8983635 -0.071286 0 0.8 0 0 0.09836352 0.071286 6.624519 0.1214787 0 1 0 0
43 1 3 17 0 0.8985286 -0.07089899 0 0.8 0 0 0.09852856 0.07089899 6.630318 0.1213859 0 1 0 0
43 1 3 17 0 0.8986936 -0.0705105 0 0.8 0 0 0.09869355 0.0705105 6.634758 0.1212936 0 1 0 0
43 1 3 17 0 0.8988585 -0.070116 0 0.8 0 0 0.09885854 0.070116 6.651329 0.1211993 0 1 0 0
43 1 3 17 0 0.8990205 -0.06972 0 0.8 0 0 0.09902048 0.06972 6.656776 0.121103 0 1 0 0
43 1 3 17 0 0.899184 -0.0693195 0 0.8 0 0 0.09918398 0.0693195 6.662994 0.1210068 0 1 0 0
43 1 3 17 0 0.8993445 -0.068916 0 0.8 0 0 0.09934449 0.068916 6.668129 0.120908 0 1 0 0
43 1 3 17 0 0.899505 -0.0685095 0 0.8 0 0 0.09950501 0.0685095 6.6847 0.1208089 0 1 0 0
43 1 3 17 0 0.899664 -0.0680985 0 0.8 0 0 0.09966403 0.0680985 6.690704 0.1207076 0 1 0 0
43 1 3 17 0 0.899823 -0.06768601 0 0.8 0 0 0.099823 0.06768601 6.701042 0.1206069 0 1 0 0
43 1 3 17 0 0.8999805 -0.067269 0 0.8 0 0 0.09998053 0.067269 6.717613 0.120504 0 1 0 0
43 1 3 17 0 0.9001366 -0.066849 0 0.8 0 0 0.1001366 0.066849 6.723099 0.1203998 0 1 0 0
43 1 3 17 0 0.9002926 -0.0664245 0 0.8 0 0 0.1002926 0.0664245 6.728119 0.1202947 0 1 0 0
43 1 3 17 0 0.9004471 -0.0659985 0 0.8 0 0 0.1004471 0.0659985 6.732353 0.1201891 0 1 0 0
43 1 3 17 0 0.9006001 -0.065568 0 0.8 0 0 0.1006001 0.065568 6.749001 0.1200814 0 1 0 0
43 1 3 17 0 0.900753 -0.065136 0 0.8 0 0 0.100753 0.065136 6.754143 0.1199744 0 1 0 0
43 1 3 17 0 0.9009045 -0.0646995 0 0.8 0 0 0.1009045 0.0646995 6.759415 0.1198655 0 1 0 0
43 1 3 17 0 0.9010545 -0.06426 0 0.8 0 0 0.1010545 0.06426 6.76432 0.1197554 0 1 0 0
43 1 3 17 0 0.9012045 -0.063816 0 0.8 0 0 0.1012045 0.063816 6.780891 0.1196446 0 1 0 0
43 1 3 17 0 0.901353 -0.0633705 0 0.8 0 0 0.101353 0.0633705 6.785889 0.1195335 0 1 0 0
43 1 3 17 0 0.9015 -0.062922 0 0.8 0 0 0.1015 0.062922 6.790535 0.1194212 0 1 0 0
43 1 3 17 0 0.9016455 -0.0624705 0 0.8 0 0 0.1016455 0.0624705 6.807098 0.1193079 0 1 0 0
43 1 3 17 0 0.901791 -0.0620145 0 0.8 0 0 0.101791 0.0620145 6.812225 0.119194 0 1 0 0
43 1 3 17 0 0.9019351 -0.061557 0 0.8 0 0 0.1019351 0.061557 6.817162 0.1190799 0 1 0 0
43 1 3 17 0 0.902079 -0.0610965 0 0.8 0 0 0.102079 0.0610965 6.822189 0.118966 0 1 0 0
43 1 3 17 0 0.90222 -0.0606315 0 0.8 0 0 0.10222 0.0606315 6.827232 0.1188491 0 1 0 0
43 1 3 17 0 0.902361 -0.060165 0 0.8 0 0 0.102361 0.060165 6.843803 0.1187333 0 1 0 0
43 1 3 17 0 0.902502 -0.059694 0 0.8 0 0 0.102502 0.059694 6.848892 0.1186172 0 1 0 0
43 1 3 17 0 0.90264 -0.0592215 0 0.8 0 0 0.10264 0.0592215 6.858521 0.1184996 0 1 0 0
43 1 3 17 0 0.902778 -0.058746 0 0.8 0 0 0.102778 0.058746 6.875092 0.1183825 0 1 0 0
43 1 3 17 0 0.9029145 -0.0582675 0 0.8 0 0 0.1029145 0.0582675 6.881462 0.1182645 0 1 0 0
43 1 3 17 0 0.9030495 -0.057786 0 0.8 0 0 0.1030495 0.057786 6.886375 0.1181458 0 1 0 0
43 1 3 17 0 0.9031845 -0.0573015 0 0.8 0 0 0.1031845 0.0573015 6.890892 0.1180276 0 1 0 0
43 1 3 17 0 0.9033165 -0.056814 0 0.8 0 0 0.1033165 0.056814 6.907463 0.1179073 0 1 0 0
43 1 3 17 0 0.9034486 -0.0563235 0 0.8 0 0 0.1034486 0.0563235 6.913589 0.1177877 0 1 0 0
43 1 3 17 0 0.9035805 -0.0558315 0 0.8 0 0 0.1035805 0.0558315 6.91861 0.1176694 0 1 0 0
43 1 3 17 0 0.9037095 -0.0553365 0 0.8 0 0 0.1037095 0.0553365 6.935181 0.1175491 0 1 0 0
43 1 3 17 0 0.9038385 -0.054837 0 0.8 0 0 0.1038385 0.054837 6.940536 0.1174288 0 1 0 0
43 1 3 17 0 0.9039661 -0.054336 0 0.8 0 0 0.1039661 0.054336 6.94548 0.1173087 0 1 0 0
43 1 3 17 0 0.904092 -0.0538335 0 0.8 0 0 0.104092 0.0538335 6.950813 0.1171887 0 1 0 0
43 1 3 17 0 0.9042165 -0.0533265 0 0.8 0 0 0.1042165 0.0533265 6.967384 0.1170675 0 1 0 0
43 1 3 17 0 0.904341 -0.052818 0 0.8 0 0 0.104341 0.052818 6.972809 0.1169478 0 1 0 0
43 1 3 17 0 0.9044625 -0.0523065 0 0.8 0 0 0.1044625 0.0523065 6.978416 0.1168263 0 1 0 0
43 1 3 17 0 0.9045841 -0.0517935 0 0.8 0 0 0.104584 0.0517935 6.983078 0.1167064 0 1 0 0
43 1 3 17 0 0.9047055 -0.051276 0 0.8 0 0 0.1047055 0.051276 6.999992 0.1165868 0 1 0 0
43 1 3 17 0 0.9048241 -0.050757 0 0.8 0 0 0.1048241 0.050757 7.005821 0.1164661 0 1 0 0
43 1 3 17 0 0.904941 -0.0502365 0 0.8 0 0 0.104941 0.0502365 7.015579 0.1163457 0 1 0 0
43 1 3 17 0 0.905058 -0.0497115 0 0.8 0 0 0.105058 0.0497115 7.03215 0.1162257 0 1 0 0
43 1 3 17 0 0.9051735 -0.049185 0 0.8 0 0 0.1051735 0.049185 7.037132 0.1161061 0 1 0 0
43 1 3 17 0 0.9052876 -0.048657 0 0.8 0 0 0.1052876 0.048657 7.042488 0.115987 0 1 0 0
43 1 3 17 0 0.9054 -0.048126 0 0.8 0 0 0.1054 0.048126 7.059067 0.1158675 0 1 0 0
43 1 3 17 0 0.9055125 -0.047592 0 0.8 0 0 0.1055125 0.047592 7.065269 0.1157492 0 1 0 0
43 1 3 17 0 0.9056236 -0.0470565 0 0.8 0 0 0.1056235 0.0470565 7.070854 0.1156315 0 1 0 0
43 1 3 17 0 0.9057316 -0.046518 0 0.8 0 0 0.1057315 0.046518 7.075699 0.1155123 0 1 0 0
43 1 3 17 0 0.9058396 -0.045978 0 0.8 0 0 0.1058396 0.045978 7.092262 0.1153949 0 1 0 0
43 1 3 17 0 0.905946 -0.045435 0 0.8 0 0 0.105946 0.045435 7.097916 0.1152775 0 1 0 0
43 1 3 17 0 0.9060525 -0.0448905 0 0.8 0 0 0.1060525 0.0448905 7.102608 0.115162 0 1 0 0
43 1 3 17 0 0.9061561 -0.044343 0 0.8 0 0 0.1061561 0.044343 7.107506 0.1150452 0 1 0 0
43 1 3 17 0 0.9062595 -0.043794 0 0.8 0 0 0.1062595 0.043794 7.124069 0.1149304 0 1 0 0
43 1 3 17 0 0.90636 -0.043242 0 0.8 0 0 0.10636 0.043242 7.129967 0.1148143 0 1 0 0
43 1 3 17 0 0.9064605 -0.0426885 0 0.8 0 0 0.1064605 0.0426885 7.134346 0.1147003 0 1 0 0
43 1 3 17 0 0.9065596 -0.042132 0 0.8 0 0 0.1065596 0.042132 7.138977 0.1145864 0 1 0 0
43 1 3 17 0 0.906657 -0.0415755 0 0.8 0 0 0.106657 0.0415755 7.15554 0.1144737 0 1 0 0
43 1 3 17 0 0.9067531 -0.0410145 0 0.8 0 0 0.1067531 0.0410145 7.161163 0.1143608 0 1 0 0
43 1 3 17 0 0.906849 -0.0404535 0 0.8 0 0 0.106849 0.0404535 7.171349 0.1142506 0 1 0 0
43 1 3 17 0 0.906942 -0.0398895 0 0.8 0 0 0.106942 0.0398895 7.187927 0.1141392 0 1 0 0
43 1 3 17 0 0.907035 -0.039324 0 0.8 0 0 0.107035 0.039324 7.193565 0.1140301 0 1 0 0
43 1 3 17 0 0.9071265 -0.038757 0 0.8 0 0 0.1071265 0.038757 7.1987 0.1139219 0 1 0 0
43 1 3 17 0 0.907215 -0.038187 0 0.8 0 0 0.107215 0.038187 7.203621 0.1138126 0 1 0 0
43 1 3 17 0 0.9073035 -0.0376155 0 0.8 0 0 0.1073035 0.0376155 7.220535 0.1137056 0 1 0 0
43 1 3 17 0 0.9073905 -0.0370425 0 0.8 0 0 0.1073905 0.0370425 7.225815 0.1135996 0 1 0 0
43 1 3 17 0 0.9074775 -0.0364665 0 0.8 0 0 0.1074775 0.0364665 7.230667 0.1134954 0 1 0 0
43 1 3 17 0 0.9075615 -0.0358905 0 0.8 0 0 0.1075615 0.0358905 7.234909 0.1133914 0 1 0 0
43 1 3 17 0 0.907644 -0.0353115 0 0.8 0 0 0.107644 0.0353115 7.251534 0.1132879 0 1 0 0
43 1 3 17 0 0.9077265 -0.034731 0 0.8 0 0 0.1077265 0.034731 7.25679 0.1131868 0 1 0 0
43 1 3 17 0 0.907806 -0.034149 0 0.8 0 0 0.107806 0.034149 7.26226 0.1130853 0 1 0 0
43 1 3 17 0 0.9078856 -0.0335655 0 0.8 0 0 0.1078855 0.0335655 7.278824 0.1129864 0 1 0 0
43 1 3 17 0 0.9079635 -0.0329805 0 0.8 0 0 0.1079635 0.0329805 7.284935 0.1128886 0 1 0 0
43 1 3 17 0 0.90804 -0.0323925 0 0.8 0 0 0.10804 0.0323925 7.289314 0.1127915 0 1 0 0
43 1 3 17 0 0.908115 -0.0318045 0 0.8 0 0 0.108115 0.0318045 7.293747 0.112696 0 1 0 0
43 1 3 17 0 0.9081886 -0.031215 0 0.8 0 0 0.1081886 0.031215 7.31031 0.1126017 0 1 0 0
43 1 3 17 0 0.9082605 -0.0306225 0 0.8 0 0 0.1082605 0.0306225 7.315796 0.1125081 0 1 0 0
43 1 3 17 0 0.908331 -0.03003 0 0.8 0 0 0.108331 0.03003 7.325676 0.1124162 0 1 0 0
43 1 3 17 0 0.9084 -0.0294345 0 0.8 0 0 0.1084 0.0294345 7.34285 0.1123252 0 1 0 0
43 1 3 17 0 0.9084675 -0.028839 0 0.8 0 0 0.1084675 0.028839 7.348557 0.1122359 0 1 0 0
43 1 3 17 0 0.908535 -0.028242 0 0.8 0 0 0.108535 0.028242 7.352943 0.1121493 0 1 0 0
43 1 3 17 0 0.9085996 -0.027642 0 0.8 0 0 0.1085995 0.027642 7.357712 0.1120622 0 1 0 0
43 1 3 17 0 0.908664 -0.027042 0 0.8 0 0 0.108664 0.027042 7.374413 0.1119783 0 1 0 0
43 1 3 17 0 0.9087255 -0.0264405 0 0.8 0 0 0.1087255 0.0264405 7.379745 0.1118943 0 1 0 0
43 1 3 17 0 0.908787 -0.0258375 0 0.8 0 0 0.108787 0.0258375 7.384689 0.1118132 0 1 0 0
43 1 3 17 0 0.908847 -0.0252345 0 0.8 0 0 0.108847 0.0252345 7.388924 0.1117339 0 1 0 0
43 1 3 17 0 0.9089055 -0.0246285 0 0.8 0 0 0.1089055 0.0246285 7.406296 0.1116556 0 1 0 0
43 1 3 17 0 0.9089611 -0.0240225 0 0.8 0 0 0.108961 0.0240225 7.412338 0.1115777 0 1 0 1
43 1 3 17 0 0.9090165 -0.0234135 0 0.8 0 0 0.1090165 0.0234135 7.422325 0.1115025 0 1 0 1
43 1 3 17 0 0.9090706 -0.022806 0 0.8 0 0 0.1090705 0.022806 7.438896 0.1114293 0 1 0 1
43 1 3 17 0 0.9091231 -0.0221955 0 0.8 0 0 0.1091231 0.0221955 7.444275 0.1113574 0 1 0 1
43 1 3 17 0 0.909174 -0.0215835 0 0.8 0 0 0.109174 0.0215835 7.44899 0.111287 0 1 0 1
43 1 3 17 0 0.9092236 -0.0209715 0 0.8 0 0 0.1092235 0.0209715 7.465607 0.1112186 0 1 0 1
43 1 3 17 0 0.909273 -0.0203595 0 0.8 0 0 0.109273 0.0203595 7.47187 0.1111535 0 1 0 1
43 1 3 17 0 0.9093195 -0.0197445 0 0.8 0 0 0.1093195 0.0197445 7.482475 0.1110883 0 1 0 1
43 1 3 17 0 0.9093645 -0.0191295 0 0.8 0 0 0.1093645 0.0191295 7.499046 0.1110249 0 1 0 1
43 1 3 17 0 0.9094081 -0.018513 0 0.8 0 0 0.1094081 0.018513 7.504066 0.1109633 0 1 0 1
43 1 3 17 0 0.9094515 -0.0178965 0 0.8 0 0 0.1094515 0.0178965 7.508926 0.110905 0 1 0 1
43 1 3 17 0 0.909492 -0.0172785 0 0.8 0 0 0.109492 0.0172785 7.513908 0.1108469 0 1 0 1
43 1 3 17 0 0.909531 -0.0166605 0 0.8 0 0 0.109531 0.0166605 7.531334 0.1107908 0 1 0 1
43 1 3 17 0 0.9095701 -0.016041 0 0.8 0 0 0.1095701 0.016041 7.536888 0.1107381 0 1 0 1
43 1 3 17 0 0.909606 -0.01542 0 0.8 0 0 0.109606 0.01542 7.541435 0.1106853 0 1 0 1
43 1 3 17 0 0.909642 -0.014799 0 0.8 0 0 0.109642 0.014799 7.545715 0.1106363 0 1 0 1
43 1 3 17 0 0.909675 -0.014178 0 0.8 0 0 0.109675 0.014178 7.562958 0.1105876 0 1 0 1
43 1 3 17 0 0.909708 -0.0135555 0 0.8 0 0 0.109708 0.0135555 7.568367 0.1105423 0 1 0 1
43 1 3 17 0 0.9097381 -0.0129315 0 0.8 0 0 0.1097381 0.0129315 7.573334 0.1104973 0 1 0 1
43 1 3 17 0 0.909768 -0.0123075 0 0.8 0 0 0.109768 0.0123075 7.589905 0.1104558 0 1 0 1
43 1 3 17 0 0.9097965 -0.0116835 0 0.8 0 0 0.1097965 0.0116835 7.595192 0.1104164 0 1 0 1
43 1 3 17 0 0.909822 -0.011058 0 0.8 0 0 0.109822 0.011058 7.60022 0.1103773 0 1 0 1
43 1 3 17 0 0.9098475 -0.0104325 0 0.8 0 0 0.1098475 0.0104325 7.605133 0.1103418 0 1 0 1
43 1 3 17 0 0.9098716 -0.009807 0 0.8 0 0 0.1098716 0.009807 7.609528 0.1103084 0 1 0 1
43 1 3 17 0 0.909894 -0.00918 0 0.8 0 0 0.109894 0.00918 7.626495 0.1102767 0 1 0 1
43 1 3 17 0 0.9099135 -0.008553 0 0.8 0 0 0.1099135 0.008553 7.632355 0.1102458 0 1 0 1
43 1 3 17 0 0.9099331 -0.007926 0 0.8 0 0 0.1099331 0.007926 7.648933 0.1102184 0 1 0 1
43 1 3 17 0 0.909951 -0.007298999 0 0.8 0 0 0.109951 0.007298999 7.653885 0.110193 0 1 0 1
43 1 3 17 0 0.9099675 -0.0066705 0 0.8 0 0 0.1099675 0.0066705 7.659241 0.1101697 0 1 0 1
43 1 3 17 0 0.9099825 -0.006042 0 0.8 0 0 0.1099825 0.006042 7.663834 0.1101483 0 1 0 1
43 1 3 17 0 0.909996 -0.0054135 0 0.8 0 0 0.109996 0.0054135 7.667885 0.1101292 0 1 0 1
43 1 3 17 0 0.9100081 -0.004785 0 0.8 0 0 0.1100081 0.004785 7.672073 0.1101121 0 1 0 1
43 1 3 17 0 0.9100186 -0.004155 0 0.8 0 0 0.1100186 0.004155 7.688644 0.110097 0 1 0 1
43 1 3 17 0 0.9100276 -0.0035265 0 0.8 0 0 0.1100276 0.0035265 7.693848 0.110084 0 1 0 1
43 1 3 17 0 0.9100351 -0.0028965 0 0.8 0 0 0.1100351 0.0028965 7.699081 0.1100732 0 1 0 1
43 1 3 17 0 0.9100411 -0.0022665 0 0.8 0 0 0.1100411 0.0022665 7.715652 0.1100644 0 1 0 1
43 1 3 17 0 0.9100455 -0.0016365 0 0.8 0 0 0.1100455 0.0016365 7.721207 0.1100577 0 1 0 1
43 1 3 17 0 0.9100486 -0.0010065 0 0.8 0 0 0.1100486 0.0010065 7.725761 0.1100532 0 1 0 1
43 1 3 17 0 0.91005 -0.0003765 0 0.8 0 0 0.11005 0.0003765 7.730141 0.1100507 0 1 0 1
43 1 3 17 0 0.91005 0 0 0.8 0 0 0.11005 0 7.746712 0.11005 0 1 0 1
