324 1 2 3 0 0.8800501 0.03 0 0.8 0 0 0.08005005 0.03 0 0.0854869 0 0 0 0
324 1 2 3 0.00021 0.8800501 0.03 0 0.8 0 0.00021 0.08005005 0.03 0.005460739 0.08548716 0 1 0 0
324 1 2 3 0.00042 0.8800501 0.029997 0 0.8 0 0.00042 0.08005005 0.029997 0.01107216 0.08548688 0 1 0 0
324 1 2 3 0.00063 0.8800501 0.029994 0 0.8 0 0.00063 0.08005005 0.029994 0.01609135 0.08548712 0 1 0 0
324 1 2 3 0.00084 0.8800501 0.029988 0 0.8 0 0.00084 0.08005005 0.029988 0.0328846 0.08548682 0 1 0 0
324 1 2 3 0.00105 0.8800501 0.029982 0 0.8 0 0.00105 0.08005005 0.029982 0.03819084 0.08548704 0 1 0 0
324 1 2 3 0.00126 0.8800501 0.029973 0 0.8 0 0.00126 0.08005005 0.029973 0.04314518 0.08548672 0 1 0 0
324 1 2 3 0.00147 0.8800501 0.029964 0 0.8 0 0.00147 0.08005005 0.029964 0.04713917 0.08548692 0 1 0 0
324 1 2 3 0.0016785 0.8800501 0.0299535 0 0.8 0 0.0016785 0.08005005 0.0299535 0.06400585 0.08548708 0 1 0 0
324 1 2 3 0.0018885 0.8800501 0.02994 0 0.8 0 0.0018885 0.08005005 0.02994 0.07515812 0.08548672 0 1 0 0
324 1 2 3 0.0020985 0.8800501 0.0299265 0 0.8 0 0.0020985 0.08005005 0.0299265 0.0917263 0.0854869 0 1 0 0
324 1 2 3 0.002307 0.8800501 0.0299115 0 0.8 0 0.002307 0.08005005 0.0299115 0.09712601 0.08548702 0 1 0 0
324 1 2 3 0.002517 0.8800501 0.0298935 0 0.8 0 0.002517 0.08005005 0.0298935 0.102109 0.08548665 0 1 0 0
324 1 2 3 0.0027255 0.8800501 0.0298755 0 0.8 0 0.0027255 0.08005005 0.0298755 0.1069622 0.08548675 0 1 0 0
324 1 2 3 0.0029355 0.8800501 0.029856 0 0.8 0 0.0029355 0.08005005 0.029856 0.1239605 0.08548689 0 1 0 0
324 1 2 3 0.003144 0.8800501 0.029835 0 0.8 0 0.003144 0.08005005 0.029835 0.1292391 0.08548697 0 1 0 0
324 1 2 3 0.0033525 0.8800501 0.0298125 0 0.8 0 0.0033525 0.08005005 0.0298125 0.1404696 0.08548705 0 1 0 0
324 1 2 3 0.003561 0.8800501 0.0297885 0 0.8 0 0.003561 0.08005005 0.0297885 0.1571503 0.08548711 0 1 0 0
324 1 2 3 0.0037695 0.8800501 0.0297615 0 0.8 0 0.0037695 0.08005005 0.0297615 0.1627436 0.08548664 0 1 0 0
324 1 2 3 0.003978 0.8800501 0.0297345 0 0.8 0 0.003978 0.08005005 0.0297345 0.1676102 0.0854867 0 1 0 0
324 1 2 3 0.0041865 0.8800501 0.029706 0 0.8 0 0.0041865 0.08005005 0.029706 0.1720533 0.08548675 0 1 0 0
324 1 2 3 0.0043935 0.8800501 0.029676 0 0.8 0 0.0043935 0.08005005 0.029676 0.1886234 0.08548672 0 1 0 0
324 1 2 3 0.004602 0.8800501 0.0296445 0 0.8 0 0.004602 0.08005005 0.0296445 0.1947336 0.08548675 0 1 0 0
324 1 2 3 0.004809 0.8800501 0.0296115 0 0.8 0 0.004809 0.08005005 0.0296115 0.1996298 0.08548672 0 1 0 0
324 1 2 3 0.005016 0.8800501 0.029577 0 0.8 0 0.005016 0.08005005 0.029577 0.2037373 0.08548667 0 1 0 0
324 1 2 3 0.005223 0.8800501 0.0295425 0 0.8 0 0.005223 0.08005005 0.0295425 0.2203074 0.08548713 0 1 0 0
324 1 2 3 0.00543 0.8800501 0.029505 0 0.8 0 0.00543 0.08005005 0.029505 0.2305384 0.08548708 0 1 0 0
324 1 2 3 0.005637 0.8800501 0.029466 0 0.8 0 0.005637 0.08005005 0.029466 0.2472391 0.08548702 0 1 0 0
324 1 2 3 0.0058425 0.8800501 0.0294255 0 0.8 0 0.0058425 0.08005005 0.0294255 0.2527676 0.08548687 0 1 0 0
324 1 2 3 0.006048 0.8800501 0.0293835 0 0.8 0 0.006048 0.08005005 0.0293835 0.2570744 0.08548672 0 1 0 0
324 1 2 3 0.0062535 0.8800501 0.0293415 0 0.8 0 0.0062535 0.08005005 0.0293415 0.2614603 0.08548708 0 1 0 0
324 1 2 3 0.006459001 0.8800501 0.0292965 0 0.8 0 0.006459001 0.08005005 0.0292965 0.266017 0.08548693 0 1 0 0
324 1 2 3 0.0066645 0.8800501 0.02925 0 0.8 0 0.0066645 0.08005005 0.02925 0.2826872 0.08548678 0 1 0 0
324 1 2 3 0.0068685 0.8800501 0.0292035 0 0.8 0 0.0068685 0.08005005 0.0292035 0.2884169 0.08548702 0 1 0 0
324 1 2 3 0.0070725 0.8800501 0.029154 0 0.8 0 0.0070725 0.08005005 0.029154 0.304985 0.08548676 0 1 0 0
324 1 2 3 0.0072765 0.8800501 0.0291045 0 0.8 0 0.0072765 0.08005005 0.0291045 0.3109264 0.08548702 0 1 0 0
324 1 2 3 0.0074805 0.8800501 0.029052 0 0.8 0 0.0074805 0.08005005 0.029052 0.3161716 0.08548677 0 1 0 0
324 1 2 3 0.007683 0.8800501 0.0289995 0 0.8 0 0.007683 0.08005005 0.0289995 0.3206749 0.0854869 0 1 0 0
324 1 2 3 0.007885501 0.8800501 0.0289455 0 0.8 0 0.007885501 0.08005005 0.0289455 0.3252687 0.08548704 0 1 0 0
324 1 2 3 0.008088 0.8800501 0.0288885 0 0.8 0 0.008088 0.08005005 0.0288885 0.3421583 0.08548667 0 1 0 0
324 1 2 3 0.008290499 0.8800501 0.0288315 0 0.8 0 0.008290499 0.08005005 0.0288315 0.3481398 0.08548683 0 1 0 0
324 1 2 3 0.008493 0.8800501 0.028773 0 0.8 0 0.008493 0.08005005 0.028773 0.3529587 0.085487 0 1 0 0
324 1 2 3 0.008694 0.8800501 0.028713 0 0.8 0 0.008694 0.08005005 0.028713 0.3571939 0.08548703 0 1 0 0
324 1 2 3 0.008895 0.8800501 0.0286515 0 0.8 0 0.008895 0.08005005 0.0286515 0.3738422 0.08548708 0 1 0 0
324 1 2 3 0.0090945 0.8800501 0.0285885 0 0.8 0 0.0090945 0.08005005 0.0285885 0.3856258 0.08548698 0 1 0 0
324 1 2 3 0.009294 0.8800501 0.028524 0 0.8 0 0.009294 0.08005005 0.028524 0.390646 0.08548689 0 1 0 0
324 1 2 3 0.0094935 0.8800501 0.028458 0 0.8 0 0.0094935 0.08005005 0.028458 0.4072256 0.08548681 0 1 0 0
324 1 2 3 0.009693 0.8800501 0.0283905 0 0.8 0 0.009693 0.08005005 0.0283905 0.4130468 0.08548675 0 1 0 0
324 1 2 3 0.009891 0.8800501 0.028323 0 0.8 0 0.009891 0.08005005 0.028323 0.4180231 0.08548705 0 1 0 0
324 1 2 3 0.010089 0.8800501 0.0282525 0 0.8 0 0.010089 0.08005005 0.0282525 0.4223185 0.08548686 0 1 0 0
324 1 2 3 0.010287 0.8800501 0.0281805 0 0.8 0 0.010287 0.08005005 0.0281805 0.4393816 0.08548669 0 1 0 0
324 1 2 3 0.0104835 0.8800501 0.0281085 0 0.8 0 0.0104835 0.08005005 0.0281085 0.4451017 0.08548685 0 1 0 0
324 1 2 3 0.01068 0.8800501 0.028035 0 0.8 0 0.01068 0.08005005 0.028035 0.4616699 0.08548704 0 1 0 0
324 1 2 3 0.0108765 0.8800501 0.0279585 0 0.8 0 0.0108765 0.08005005 0.0279585 0.467082 0.08548676 0 1 0 0
324 1 2 3 0.0110715 0.8800501 0.027882 0 0.8 0 0.0110715 0.08005005 0.027882 0.4717913 0.08548681 0 1 0 0
324 1 2 3 0.0112665 0.8800501 0.027804 0 0.8 0 0.0112665 0.08005005 0.027804 0.4763708 0.08548688 0 1 0 0
324 1 2 3 0.0114615 0.8800501 0.0277245 0 0.8 0 0.0114615 0.08005005 0.0277245 0.4812651 0.08548699 0 1 0 0
324 1 2 3 0.011655 0.8800501 0.0276435 0 0.8 0 0.011655 0.08005005 0.0276435 0.4979563 0.08548692 0 1 0 0
324 1 2 3 0.0118485 0.8800501 0.027561 0 0.8 0 0.0118485 0.08005005 0.027561 0.503437 0.08548688 0 1 0 0
324 1 2 3 0.0120405 0.8800501 0.027477 0 0.8 0 0.0120405 0.08005005 0.027477 0.5082788 0.08548667 0 1 0 0
324 1 2 3 0.0122325 0.8800501 0.027393 0 0.8 0 0.0122325 0.08005005 0.027393 0.5131903 0.08548696 0 1 0 0
324 1 2 3 0.0124245 0.8800501 0.027306 0 0.8 0 0.0124245 0.08005005 0.027306 0.5297585 0.08548682 0 1 0 0
324 1 2 3 0.012615 0.8800501 0.027219 0 0.8 0 0.012615 0.08005005 0.027219 0.5401888 0.08548698 0 1 0 0
324 1 2 3 0.0128055 0.8800501 0.0271305 0 0.8 0 0.0128055 0.08005005 0.0271305 0.545351 0.08548716 0 1 0 0
324 1 2 3 0.0129945 0.8800501 0.027039 0 0.8 0 0.0129945 0.08005005 0.027039 0.5619287 0.0854867 0 1 0 0
324 1 2 3 0.0131835 0.8800501 0.0269475 0 0.8 0 0.0131835 0.08005005 0.0269475 0.5671005 0.08548674 0 1 0 0
324 1 2 3 0.0133725 0.8800501 0.0268545 0 0.8 0 0.0133725 0.08005005 0.0268545 0.5723543 0.08548684 0 1 0 0
324 1 2 3 0.01356 0.8800501 0.02676 0 0.8 0 0.01356 0.08005005 0.02676 0.5776358 0.08548674 0 1 0 0
324 1 2 3 0.0137475 0.8800501 0.0266655 0 0.8 0 0.0137475 0.08005005 0.0266655 0.5942049 0.08548715 0 1 0 0
324 1 2 3 0.0139335 0.8800501 0.026568 0 0.8 0 0.0139335 0.08005005 0.026568 0.6002121 0.08548691 0 1 0 0
324 1 2 3 0.0141195 0.8800501 0.0264705 0 0.8 0 0.0141195 0.08005005 0.0264705 0.6168261 0.08548718 0 1 0 0
324 1 2 3 0.014304 0.8800501 0.02637 0 0.8 0 0.014304 0.08005005 0.02637 0.6236982 0.08548679 0 1 0 0
324 1 2 3 0.0144885 0.8800501 0.0262695 0 0.8 0 0.0144885 0.08005005 0.0262695 0.6286058 0.08548692 0 1 0 0
324 1 2 3 0.0146715 0.8800501 0.0261675 0 0.8 0 0.0146715 0.08005005 0.0261675 0.6334238 0.08548685 0 1 0 0
324 1 2 3 0.0148545 0.8800501 0.026064 0 0.8 0 0.0148545 0.08005005 0.026064 0.6376562 0.08548684 0 1 0 0
324 1 2 3 0.015036 0.8800501 0.025959 0 0.8 0 0.015036 0.08005005 0.025959 0.6545153 0.08548661 0 1 0 0
324 1 2 3 0.0152175 0.8800501 0.025854 0 0.8 0 0.0152175 0.08005005 0.025854 0.6599312 0.08548691 0 1 0 0
324 1 2 3 0.015399 0.8800501 0.025746 0 0.8 0 0.015399 0.08005005 0.025746 0.6647835 0.08548682 0 1 0 0
324 1 2 3 0.0155775 0.8800501 0.025638 0 0.8 0 0.0155775 0.08005005 0.025638 0.6694689 0.0854867 0 1 0 0
324 1 2 3 0.0157575 0.8800501 0.0255285 0 0.8 0 0.0157575 0.08005005 0.0255285 0.6906662 0.08548692 0 1 0 0
324 1 2 3 0.015936 0.8800501 0.0254175 0 0.8 0 0.015936 0.08005005 0.0254175 0.6964321 0.08548693 0 1 0 0
324 1 2 3 0.016113 0.8800501 0.025305 0 0.8 0 0.016113 0.08005005 0.025305 0.7017698 0.08548674 0 1 0 0
324 1 2 3 0.01629 0.8800501 0.0251925 0 0.8 0 0.01629 0.08005005 0.0251925 0.718339 0.08548706 0 1 0 0
324 1 2 3 0.0164655 0.8800501 0.025077 0 0.8 0 0.0164655 0.08005005 0.025077 0.7237167 0.08548672 0 1 0 0
324 1 2 3 0.016641 0.8800501 0.0249615 0 0.8 0 0.016641 0.08005005 0.0249615 0.7285738 0.0854869 0 1 0 0
324 1 2 3 0.016815 0.8800501 0.0248445 0 0.8 0 0.016815 0.08005005 0.0248445 0.7331095 0.08548687 0 1 0 1
324 1 2 3 0.016989 0.8800501 0.024726 0 0.8 0 0.016989 0.08005005 0.024726 0.7499905 0.08548691 0 1 0 1
324 1 2 3 0.0171615 0.8800501 0.024606 0 0.8 0 0.0171615 0.08005005 0.024606 0.7554789 0.08548674 0 1 0 1
324 1 2 3 0.017334 0.8800501 0.024486 0 0.8 0 0.017334 0.08005005 0.024486 0.7646637 0.08548709 0 1 0 1
324 1 2 3 0.0175035 0.8800501 0.0243645 0 0.8 0 0.0175035 0.08005005 0.0243645 0.7813387 0.08548691 0 1 0 1
324 1 2 3 0.0176745 0.8800501 0.0242415 0 0.8 0 0.0176745 0.08005005 0.0242415 0.7864685 0.08548713 0 1 0 1
324 1 2 3 0.017844 0.8800501 0.024117 0 0.8 0 0.017844 0.08005005 0.024117 0.7907095 0.08548713 0 1 0 1
324 1 2 3 0.018012 0.8800501 0.023991 0 0.8 0 0.018012 0.08005005 0.023991 0.795805 0.0854869 0 1 0 1
324 1 2 3 0.01818 0.8800501 0.023865 0 0.8 0 0.01818 0.08005005 0.023865 0.8129826 0.0854872 0 1 0 1
324 1 2 3 0.0183465 0.8800501 0.023736 0 0.8 0 0.0183465 0.08005005 0.023736 0.8185577 0.08548686 0 1 0 1
324 1 2 3 0.0185115 0.8800501 0.023607 0 0.8 0 0.0185115 0.08005005 0.023607 0.8230352 0.0854867 0 1 0 1
324 1 2 3 0.0186765 0.8800501 0.023478 0 0.8 0 0.0186765 0.08005005 0.023478 0.8278923 0.08548707 0 1 0 1
324 1 2 3 0.01884 0.8800501 0.023346 0 0.8 0 0.01884 0.08005005 0.023346 0.8444614 0.08548679 0 1 0 1
324 1 2 3 0.0190035 0.8800501 0.023214 0 0.8 0 0.0190035 0.08005005 0.023214 0.8497324 0.08548704 0 1 0 1
324 1 2 3 0.0191655 0.8800501 0.0230805 0 0.8 0 0.0191655 0.08005005 0.0230805 0.8546734 0.08548705 0 1 0 1
324 1 2 3 0.019326 0.8800501 0.0229455 0 0.8 0 0.019326 0.08005005 0.0229455 0.8591089 0.08548684 0 1 0 1
324 1 2 3 0.0194865 0.8800501 0.022809 0 0.8 0 0.0194865 0.08005005 0.022809 0.8762894 0.08548675 0 1 0 1
324 1 2 3 0.0196455 0.8800501 0.0226725 0 0.8 0 0.0196455 0.08005005 0.0226725 0.8816633 0.08548684 0 1 0 1
324 1 2 3 0.0198045 0.8800501 0.0225345 0 0.8 0 0.0198045 0.08005005 0.0225345 0.8866959 0.08548703 0 1 0 1
324 1 2 3 0.019962 0.8800501 0.022395 0 0.8 0 0.019962 0.08005005 0.022395 0.9034348 0.08548701 0 1 0 1
324 1 2 3 0.020118 0.8800501 0.0222555 0 0.8 0 0.020118 0.08005005 0.0222555 0.9087515 0.08548714 0 1 0 1
324 1 2 3 0.0202725 0.8800501 0.022113 0 0.8 0 0.0202725 0.08005005 0.022113 0.9188118 0.08548667 0 1 0 1
324 1 2 3 0.020427 0.8800501 0.0219705 0 0.8 0 0.020427 0.08005005 0.0219705 0.9357262 0.0854867 0 1 0 1
324 1 2 3 0.02058 0.8800501 0.021828 0 0.8 0 0.02058 0.08005005 0.021828 0.9409447 0.08548689 0 1 0 1
324 1 2 3 0.020733 0.8800501 0.0216825 0 0.8 0 0.020733 0.08005005 0.0216825 0.9456215 0.08548684 0 1 0 1
324 1 2 3 0.0208845 0.8800501 0.021537 0 0.8 0 0.0208845 0.08005005 0.021537 0.9499998 0.08548693 0 1 0 1
324 1 2 3 0.0210345 0.8800501 0.02139 0 0.8 0 0.0210345 0.08005005 0.02139 0.9665689 0.0854868 0 1 0 1
324 1 2 3 0.021183 0.8800501 0.021243 0 0.8 0 0.021183 0.08005005 0.021243 0.9719648 0.08548681 0 1 0 1
324 1 2 3 0.0213315 0.8800501 0.0210945 0 0.8 0 0.0213315 0.08005005 0.0210945 0.9765358 0.08548697 0 1 0 1
324 1 2 3 0.0214785 0.8800501 0.0209445 0 0.8 0 0.0214785 0.08005005 0.0209445 0.9813251 0.08548689 0 1 0 1
324 1 2 3 0.0216255 0.8800501 0.020793 0 0.8 0 0.0216255 0.08005005 0.020793 0.9978943 0.08548697 0 1 0 1
324 1 2 3 0.0217695 0.8800501 0.0206415 0 0.8 0 0.0217695 0.08005005 0.0206415 1.003023 0.0854868 0 1 0 1
324 1 2 3 0.0219135 0.8800501 0.0204885 0 0.8 0 0.0219135 0.08005005 0.0204885 1.008096 0.08548678 0 1 0 1
324 1 2 3 0.0220575 0.8800501 0.020334 0 0.8 0 0.0220575 0.08005005 0.020334 1.013439 0.08548693 0 1 0 1
324 1 2 3 0.0221985 0.8800501 0.0201795 0 0.8 0 0.0221985 0.08005005 0.0201795 1.030008 0.08548682 0 1 0 1
324 1 2 3 0.0223395 0.8800501 0.0200235 0 0.8 0 0.0223395 0.08005005 0.0200235 1.035337 0.08548687 0 1 0 1
324 1 2 3 0.022479 0.8800501 0.0198675 0 0.8 0 0.022479 0.08005005 0.0198675 1.0404 0.08548704 0 1 0 1
324 1 2 3 0.022617 0.8800501 0.0197085 0 0.8 0 0.022617 0.08005005 0.0197085 1.045861 0.08548664 0 1 0 1
324 1 2 3 0.022755 0.8800501 0.019551 0 0.8 0 0.022755 0.08005005 0.019551 1.06243 0.08548709 0 1 0 1
324 1 2 3 0.0228915 0.8800501 0.0193905 0 0.8 0 0.0228915 0.08005005 0.0193905 1.06761 0.08548698 0 1 0 1
324 1 2 3 0.0230265 0.8800501 0.01923 0 0.8 0 0.0230265 0.08005005 0.01923 1.07791 0.08548698 0 1 0 1
324 1 2 3 0.02316 0.8800501 0.019068 0 0.8 0 0.02316 0.08005005 0.019068 1.095409 0.08548675 0 1 0 1
324 1 2 3 0.0232935 0.8800501 0.018906 0 0.8 0 0.0232935 0.08005005 0.018906 1.101051 0.08548705 0 1 0 1
324 1 2 3 0.0234255 0.8800501 0.0187425 0 0.8 0 0.0234255 0.08005005 0.0187425 1.105968 0.08548711 0 1 0 1
324 1 2 3 0.023556 0.8800501 0.0185775 0 0.8 0 0.023556 0.08005005 0.0185775 1.110337 0.08548696 0 1 0 1
324 1 2 3 0.023685 0.8800501 0.0184125 0 0.8 0 0.023685 0.08005005 0.0184125 1.126905 0.0854869 0 1 0 1
324 1 2 3 0.023814 0.8800501 0.018246 0 0.8 0 0.023814 0.08005005 0.018246 1.132491 0.08548704 0 1 0 1
324 1 2 3 0.02394 0.8800501 0.0180795 0 0.8 0 0.02394 0.08005005 0.0180795 1.13722 0.08548686 0 1 0 1
324 1 2 3 0.024066 0.8800501 0.0179115 0 0.8 0 0.024066 0.08005005 0.0179115 1.153789 0.08548687 0 1 0 1
324 1 2 3 0.024192 0.8800501 0.017742 0 0.8 0 0.024192 0.08005005 0.017742 1.159207 0.08548709 0 1 0 1
324 1 2 3 0.024315 0.8800501 0.0175725 0 0.8 0 0.024315 0.08005005 0.0175725 1.164429 0.08548697 0 1 0 1
324 1 2 3 0.024438 0.8800501 0.0174015 0 0.8 0 0.024438 0.08005005 0.0174015 1.169704 0.08548707 0 1 0 1
324 1 2 3 0.024558 0.8800501 0.0172305 0 0.8 0 0.024558 0.08005005 0.0172305 1.186925 0.08548681 0 1 0 1
324 1 2 3 0.024678 0.8800501 0.017058 0 0.8 0 0.024678 0.08005005 0.017058 1.192038 0.08548678 0 1 0 1
324 1 2 3 0.024798 0.8800501 0.016884 0 0.8 0 0.024798 0.08005005 0.016884 1.197034 0.08548696 0 1 0 1
324 1 2 3 0.024915 0.8800501 0.01671 0 0.8 0 0.024915 0.08005005 0.01671 1.201867 0.08548679 0 1 0 1
324 1 2 3 0.025032 0.8800501 0.016536 0 0.8 0 0.025032 0.08005005 0.016536 1.218537 0.08548714 0 1 0 1
324 1 2 3 0.025146 0.8800501 0.0163605 0 0.8 0 0.025146 0.08005005 0.0163605 1.22479 0.08548683 0 0 0 1
324 1 2 3 0.02526 0.8800501 0.0161835 0 0.8 0 0.02526 0.08005005 0.0161835 1.234882 0.08548675 0 0 0 1
324 1 2 3 0.0253725 0.8800501 0.0160065 0 0.8 0 0.0253725 0.08005005 0.0160065 1.251468 0.08548674 0 0 0 1
324 1 2 3 0.025485 0.8800501 0.015828 0 0.8 0 0.025485 0.08005005 0.015828 1.25706 0.08548697 0 0 0 1
324 1 2 3 0.0255945 0.8800501 0.0156495 0 0.8 0 0.0255945 0.08005005 0.0156495 1.262397 0.08548681 0 0 0 1
324 1 2 3 0.025704 0.8800501 0.015471 0 0.8 0 0.025704 0.08005005 0.015471 1.279341 0.08548718 0 0 0 1
324 1 2 3 0.0258105 0.8800501 0.0152895 0 0.8 0 0.0258105 0.08005005 0.0152895 1.285124 0.08548661 0 0 0 1
324 1 2 3 0.025917 0.8800501 0.0151095 0 0.8 0 0.025917 0.08005005 0.0151095 1.290169 0.08548684 0 0 0 1
324 1 2 3 0.026022 0.8800501 0.0149265 0 0.8 0 0.026022 0.08005005 0.0149265 1.294949 0.08548658 0 0 0 1
324 1 2 3 0.026127 0.8800501 0.014745 0 0.8 0 0.026127 0.08005005 0.014745 1.311505 0.08548711 0 0 0 1
324 1 2 3 0.026229 0.8800501 0.014562 0 0.8 0 0.026229 0.08005005 0.014562 1.316525 0.08548698 0 0 0 1
324 1 2 3 0.026331 0.8800501 0.0143775 0 0.8 0 0.026331 0.08005005 0.0143775 1.321177 0.0854871 0 0 0 1
324 1 2 3 0.02643 0.8800501 0.014193 0 0.8 0 0.02643 0.08005005 0.014193 1.325427 0.08548682 0 0 0 1
324 1 2 3 0.026529 0.8800501 0.014007 0 0.8 0 0.026529 0.08005005 0.014007 1.341995 0.08548681 0 0 0 1
324 1 2 3 0.0266265 0.8800501 0.013821 0 0.8 0 0.0266265 0.08005005 0.013821 1.347407 0.08548684 0 0 0 1
324 1 2 3 0.0267225 0.8800501 0.013635 0 0.8 0 0.0267225 0.08005005 0.013635 1.353133 0.08548693 0 0 0 1
324 1 2 3 0.026817 0.8800501 0.0134475 0 0.8 0 0.026817 0.08005005 0.0134475 1.35753 0.08548683 0 0 0 1
324 1 2 3 0.0269115 0.8800501 0.0132585 0 0.8 0 0.0269115 0.08005005 0.0132585 1.3741 0.085487 0 0 0 1
324 1 2 3 0.027003 0.8800501 0.013071 0 0.8 0 0.027003 0.08005005 0.013071 1.380066 0.08548698 0 0 0 1
324 1 2 3 0.0270945 0.8800501 0.0128805 0 0.8 0 0.0270945 0.08005005 0.0128805 1.390489 0.08548702 0 0 0 1
324 1 2 3 0.027183 0.8800501 0.0126915 0 0.8 0 0.027183 0.08005005 0.0126915 1.407059 0.08548684 0 0 0 1
324 1 2 3 0.0272715 0.8800501 0.012501 0 0.8 0 0.0272715 0.08005005 0.012501 1.413052 0.08548696 0 0 0 1
324 1 2 3 0.0273585 0.8800501 0.012309 0 0.8 0 0.0273585 0.08005005 0.012309 1.417965 0.0854869 0 0 0 1
324 1 2 3 0.027444 0.8800501 0.012117 0 0.8 0 0.027444 0.08005005 0.012117 1.422509 0.08548687 0 0 0 1
324 1 2 3 0.027528 0.8800501 0.011925 0 0.8 0 0.027528 0.08005005 0.011925 1.439078 0.08548688 0 0 0 1
324 1 2 3 0.0276105 0.8800501 0.0117315 0 0.8 0 0.0276105 0.08005005 0.0117315 1.445334 0.08548672 0 0 0 1
324 1 2 3 0.0276915 0.8800501 0.011538 0 0.8 0 0.0276915 0.08005005 0.011538 1.461904 0.08548658 0 0 0 1
324 1 2 3 0.0277725 0.8800501 0.0113445 0 0.8 0 0.0277725 0.08005005 0.0113445 1.467346 0.08548696 0 0 0 1
324 1 2 3 0.0278505 0.8800501 0.0111495 0 0.8 0 0.0278505 0.08005005 0.0111495 1.471869 0.08548668 0 0 0 1
324 1 2 3 0.0279285 0.8800501 0.0109545 0 0.8 0 0.0279285 0.08005005 0.0109545 1.475948 0.08548692 0 0 0 1
324 1 2 3 0.028005 0.8800501 0.0107595 0 0.8 0 0.028005 0.08005005 0.0107595 1.480507 0.08548718 0 0 0 1
324 1 2 3 0.0280785 0.8800501 0.010563 0 0.8 0 0.0280785 0.08005005 0.010563 1.485012 0.08548678 0 0 0 1
324 1 2 3 0.028152 0.8800501 0.010365 0 0.8 0 0.028152 0.08005005 0.010365 1.502024 0.08548672 0 0 0 1
324 1 2 3 0.028224 0.8800501 0.0101685 0 0.8 0 0.028224 0.08005005 0.0101685 1.507605 0.08548686 0 0 0 1
324 1 2 3 0.0282945 0.8800501 0.0099705 0 0.8 0 0.0282945 0.08005005 0.0099705 1.512936 0.08548684 0 0 0 1
324 1 2 3 0.0283635 0.8800501 0.0097725 0 0.8 0 0.0283635 0.08005005 0.0097725 1.529512 0.08548684 0 0 0 1
324 1 2 3 0.028431 0.8800501 0.009573 0 0.8 0 0.028431 0.08005005 0.009573 1.535011 0.0854867 0 0 0 1
324 1 2 3 0.0284985 0.8800501 0.0093735 0 0.8 0 0.0284985 0.08005005 0.0093735 1.544979 0.08548706 0 0 0 1
324 1 2 3 0.028563 0.8800501 0.009174 0 0.8 0 0.028563 0.08005005 0.009174 1.561766 0.08548695 0 0 0 1
324 1 2 3 0.028626 0.8800501 0.0089745 0 0.8 0 0.028626 0.08005005 0.0089745 1.567398 0.08548684 0 0 0 1
324 1 2 3 0.028689 0.8800501 0.0087735 0 0.8 0 0.028689 0.08005005 0.0087735 1.572638 0.0854871 0 0 0 1
324 1 2 3 0.028749 0.8800501 0.0085725 0 0.8 0 0.028749 0.08005005 0.0085725 1.577446 0.08548686 0 0 0 1
324 1 2 3 0.028809 0.8800501 0.0083715 0 0.8 0 0.028809 0.08005005 0.0083715 1.594332 0.08548714 0 0 0 1
324 1 2 3 0.028866 0.8800501 0.008169 0 0.8 0 0.028866 0.08005005 0.008169 1.599997 0.08548678 0 0 0 1
324 1 2 3 0.028923 0.8800501 0.0079665 0 0.8 0 0.028923 0.08005005 0.0079665 1.617201 0.08548693 0 0 0 1
324 1 2 3 0.0289785 0.8800501 0.007764 0 0.8 0 0.0289785 0.08005005 0.007764 1.622963 0.0854871 0 0 0 1
324 1 2 3 0.029031 0.8800501 0.0075615 0 0.8 0 0.029031 0.08005005 0.0075615 1.627687 0.08548675 0 0 0 1
324 1 2 3 0.0290835 0.8800501 0.0073575 0 0.8 0 0.0290835 0.08005005 0.0073575 1.632355 0.0854868 0 0 0 1
324 1 2 3 0.0291345 0.8800501 0.007155 0 0.8 0 0.0291345 0.08005005 0.007155 1.636715 0.08548698 0 0 0 1
324 1 2 3 0.029184 0.8800501 0.0069495 0 0.8 0 0.029184 0.08005005 0.0069495 1.641455 0.08548691 0 0 0 1
324 1 2 3 0.029232 0.8800501 0.0067455 0 0.8 0 0.029232 0.08005005 0.0067455 1.658459 0.08548697 0 0 0 1
324 1 2 3 0.0292785 0.8800501 0.0065415 0 0.8 0 0.0292785 0.08005005 0.0065415 1.663988 0.08548703 0 0 0 1
324 1 2 3 0.0293235 0.8800501 0.006336 0 0.8 0 0.0293235 0.08005005 0.006336 1.669121 0.08548698 0 0 0 1
324 1 2 3 0.029367 0.8800501 0.0061305 0 0.8 0 0.029367 0.08005005 0.0061305 1.68569 0.08548693 0 0 0 1
324 1 2 3 0.029409 0.8800501 0.005925 0 0.8 0 0.029409 0.08005005 0.005925 1.690796 0.08548687 0 0 0 1
324 1 2 3 0.0294495 0.8800501 0.005718 0 0.8 0 0.0294495 0.08005005 0.005718 1.701151 0.08548672 0 0 0 1
324 1 2 3 0.0294885 0.8800501 0.0055125 0 0.8 0 0.0294885 0.08005005 0.0055125 1.71772 0.08548667 0 0 0 1
324 1 2 3 0.0295275 0.8800501 0.0053055 0 0.8 0 0.0295275 0.08005005 0.0053055 1.723215 0.08548703 0 0 0 1
324 1 2 3 0.0295635 0.8800501 0.0050985 0 0.8 0 0.0295635 0.08005005 0.0050985 1.728107 0.08548687 0 0 0 1
324 1 2 3 0.029598 0.8800501 0.0048915 0 0.8 0 0.029598 0.08005005 0.0048915 1.733244 0.08548672 0 0 0 1
324 1 2 3 0.0296325 0.8800501 0.0046845 0 0.8 0 0.0296325 0.08005005 0.0046845 1.749943 0.08548708 0 0 0 1
324 1 2 3 0.029664 0.8800501 0.0044775 0 0.8 0 0.029664 0.08005005 0.0044775 1.755201 0.08548691 0 0 0 1
324 1 2 3 0.029694 0.8800501 0.004269 0 0.8 0 0.029694 0.08005005 0.004269 1.760456 0.08548666 0 0 0 1
324 1 2 3 0.029724 0.8800501 0.004062 0 0.8 0 0.029724 0.08005005 0.004062 1.777023 0.085487 0 0 0 1
324 1 2 3 0.029751 0.8800501 0.0038535 0 0.8 0 0.029751 0.08005005 0.0038535 1.782206 0.08548674 0 0 0 1
324 1 2 3 0.029778 0.8800501 0.003645 0 0.8 0 0.029778 0.08005005 0.003645 1.786812 0.08548699 0 0 0 1
324 1 2 3 0.029802 0.8800501 0.0034365 0 0.8 0 0.029802 0.08005005 0.0034365 1.791243 0.08548672 0 0 0 1
324 1 2 3 0.029826 0.8800501 0.003228 0 0.8 0 0.029826 0.08005005 0.003228 1.795746 0.08548696 0 0 0 1
324 1 2 3 0.029847 0.8800501 0.0030195 0 0.8 0 0.029847 0.08005005 0.0030195 1.812654 0.08548667 0 0 0 1
324 1 2 3 0.029868 0.8800501 0.0028095 0 0.8 0 0.029868 0.08005005 0.0028095 1.817772 0.08548685 0 0 0 1
324 1 2 3 0.0298875 0.8800501 0.002601 0 0.8 0 0.0298875 0.08005005 0.002601 1.822466 0.08548707 0 0 0 1
324 1 2 3 0.029904 0.8800501 0.002391 0 0.8 0 0.029904 0.08005005 0.002391 1.8276 0.0854867 0 0 0 1
324 1 2 3 0.0299205 0.8800501 0.0021825 0 0.8 0 0.0299205 0.08005005 0.0021825 1.844172 0.0854869 0 0 0 1
324 1 2 3 0.0299355 0.8800501 0.0019725 0 0.8 0 0.0299355 0.08005005 0.0019725 1.850494 0.08548705 0 0 0 1
324 1 2 3 0.0299475 0.8800501 0.0017625 0 0.8 0 0.0299475 0.08005005 0.0017625 1.867064 0.08548667 0 0 0 1
324 1 2 3 0.0299595 0.8800501 0.0015525 0 0.8 0 0.0299595 0.08005005 0.0015525 1.872568 0.0854868 0 0 0 1
324 1 2 3 0.02997 0.8800501 0.001344 0 0.8 0 0.02997 0.08005005 0.001344 1.877417 0.08548695 0 0 0 1
324 1 2 3 0.029979 0.8800501 0.001134 0 0.8 0 0.029979 0.08005005 0.001134 1.882767 0.08548706 0 0 0 1
324 1 2 3 0.0299865 0.8800501 0.0009239999 0 0.8 0 0.0299865 0.08005005 0.0009239999 1.887215 0.08548716 0 0 0 1
324 1 2 3 0.029991 0.8800501 0.000714 0 0.8 0 0.029991 0.08005005 0.000714 1.891537 0.08548672 0 0 0 1
324 1 2 3 0.0299955 0.8800501 0.000504 0 0.8 0 0.0299955 0.08005005 0.000504 1.908182 0.08548681 0 0 0 1
324 1 2 3 0.0299985 0.8800501 0.000294 0 0.8 0 0.0299985 0.08005005 0.000294 1.914001 0.08548688 0 0 0 1
324 1 2 3 0.03 0.8800501 8.4E-05 0 0.8 0 0.03 0.08005005 8.4E-05 1.918266 0.08548695 0 0 0 1
324 1 2 3 0.03 0.8800501 -0.000126 0 0.8 0 0.03 0.08005005 0.000126 1.935255 0.08548699 0 0 0 1
324 1 2 3 0.0299985 0.8800501 -0.000336 0 0.8 0 0.0299985 0.08005005 0.000336 1.940516 0.08548704 0 0 0 1
324 1 2 3 0.0299955 0.8800501 -0.000546 0 0.8 0 0.0299955 0.08005005 0.000546 1.945747 0.08548707 0 0 0 1
324 1 2 3 0.029991 0.8800501 -0.000756 0 0.8 0 0.029991 0.08005005 0.000756 1.95088 0.08548709 0 0 0 1
324 1 2 3 0.029985 0.8800501 -0.000966 0 0.8 0 0.029985 0.08005005 0.000966 1.967449 0.0854871 0 0 0 1
324 1 2 3 0.0299775 0.8800501 -0.001176 0 0.8 0 0.0299775 0.08005005 0.001176 1.972723 0.0854871 0 0 0 1
324 1 2 3 0.0299685 0.8800501 -0.001386 0 0.8 0 0.0299685 0.08005005 0.001386 1.97764 0.08548709 0 0 0 1
324 1 2 3 0.029958 0.8800501 -0.001596 0 0.8 0 0.029958 0.08005005 0.001596 1.982761 0.08548708 0 0 0 1
324 1 2 3 0.029946 0.8800501 -0.0018045 0 0.8 0 0.029946 0.08005005 0.0018045 1.999331 0.08548702 0 0 0 1
324 1 2 3 0.0299325 0.8800501 -0.0020145 0 0.8 0 0.0299325 0.08005005 0.0020145 2.004938 0.08548698 0 0 0 1
324 1 2 3 0.0299175 0.8800501 -0.0022245 0 0.8 0 0.0299175 0.08005005 0.0022245 2.014641 0.08548693 0 0 0 1
324 1 2 3 0.029901 0.8800501 -0.002433 0 0.8 0 0.029901 0.08005005 0.002433 2.031261 0.08548684 0 0 0 1
324 1 2 3 0.029883 0.8800501 -0.002643 0 0.8 0 0.029883 0.08005005 0.002643 2.0366 0.08548678 0 0 0 1
324 1 2 3 0.0298635 0.8800501 -0.0028515 0 0.8 0 0.0298635 0.08005005 0.0028515 2.041389 0.08548667 0 0 0 1
324 1 2 3 0.029844 0.8800501 -0.0030615 0 0.8 0 0.029844 0.08005005 0.0030615 2.04575 0.08548712 0 0 0 1
324 1 2 3 0.0298215 0.8800501 -0.00327 0 0.8 0 0.0298215 0.08005005 0.00327 2.062321 0.08548699 0 0 0 1
324 1 2 3 0.0297975 0.8800501 -0.0034785 0 0.8 0 0.0297975 0.08005005 0.0034785 2.068878 0.08548685 0 0 0 1
324 1 2 3 0.029772 0.8800501 -0.003687 0 0.8 0 0.029772 0.08005005 0.003687 2.07472 0.0854867 0 0 0 1
324 1 2 3 0.0297465 0.8800501 -0.0038955 0 0.8 0 0.0297465 0.08005005 0.0038955 2.091288 0.08548708 0 0 0 1
324 1 2 3 0.029718 0.8800501 -0.0041025 0 0.8 0 0.029718 0.08005005 0.0041025 2.097239 0.08548684 0 0 0 1
324 1 2 3 0.029688 0.8800501 -0.004311 0 0.8 0 0.029688 0.08005005 0.004311 2.102238 0.08548668 0 0 0 1
324 1 2 3 0.029658 0.8800501 -0.0045195 0 0.8 0 0.029658 0.08005005 0.0045195 2.107082 0.08548704 0 0 0 1
324 1 2 3 0.029625 0.8800501 -0.0047265 0 0.8 0 0.029625 0.08005005 0.0047265 2.123993 0.08548679 0 0 0 1
324 1 2 3 0.029592 0.8800501 -0.0049335 0 0.8 0 0.029592 0.08005005 0.0049335 2.129253 0.08548705 0 0 0 1
324 1 2 3 0.029556 0.8800501 -0.0051405 0 0.8 0 0.029556 0.08005005 0.0051405 2.134552 0.0854868 0 0 0 1
324 1 2 3 0.02952 0.8800501 -0.0053475 0 0.8 0 0.02952 0.08005005 0.0053475 2.139797 0.08548706 0 0 0 1
324 1 2 3 0.029481 0.8800501 -0.0055545 0 0.8 0 0.029481 0.08005005 0.0055545 2.15638 0.0854868 0 0 0 1
324 1 2 3 0.029442 0.8800501 -0.00576 0 0.8 0 0.029442 0.08005005 0.00576 2.161493 0.08548696 0 0 0 1
324 1 2 3 0.0294015 0.8800501 -0.0059655 0 0.8 0 0.0294015 0.08005005 0.0059655 2.171799 0.08548711 0 0 0 1
324 1 2 3 0.029358 0.8800501 -0.006171 0 0.8 0 0.029358 0.08005005 0.006171 2.188366 0.08548675 0 0 0 1
324 1 2 3 0.0293145 0.8800501 -0.0063765 0 0.8 0 0.0293145 0.08005005 0.0063765 2.193806 0.0854869 0 0 0 1
324 1 2 3 0.0292695 0.8800501 -0.006582 0 0.8 0 0.0292695 0.08005005 0.006582 2.198969 0.08548706 0 0 0 1
324 1 2 3 0.0292215 0.8800501 -0.0067875 0 0.8 0 0.0292215 0.08005005 0.0067875 2.203354 0.0854867 0 0 0 1
324 1 2 3 0.0291735 0.8800501 -0.0069915 0 0.8 0 0.0291735 0.08005005 0.0069915 2.220648 0.08548675 0 0 0 1
324 1 2 3 0.029124 0.8800501 -0.0071955 0 0.8 0 0.029124 0.08005005 0.0071955 2.226267 0.0854868 0 0 0 1
324 1 2 3 0.029073 0.8800501 -0.0073995 0 0.8 0 0.029073 0.08005005 0.0073995 2.230642 0.08548686 0 0 0 1
324 1 2 3 0.0290205 0.8800501 -0.007602 0 0.8 0 0.0290205 0.08005005 0.007602 2.247341 0.08548678 0 0 0 1
324 1 2 3 0.0289665 0.8800501 -0.007806 0 0.8 0 0.0289665 0.08005005 0.007806 2.252821 0.08548686 0 0 0 1
324 1 2 3 0.028911 0.8800501 -0.0080085 0 0.8 0 0.028911 0.08005005 0.0080085 2.257175 0.0854868 0 0 0 1
324 1 2 3 0.028854 0.8800501 -0.0082095 0 0.8 0 0.028854 0.08005005 0.0082095 2.261765 0.08548661 0 0 0 1
324 1 2 3 0.028797 0.8800501 -0.008412 0 0.8 0 0.028797 0.08005005 0.008412 2.278337 0.08548708 0 0 0 1
324 1 2 3 0.028737 0.8800501 -0.008613 0 0.8 0 0.028737 0.08005005 0.008613 2.283979 0.0854869 0 0 0 1
324 1 2 3 0.0286755 0.8800501 -0.008814 0 0.8 0 0.0286755 0.08005005 0.008814 2.28898 0.08548673 0 0 0 1
324 1 2 3 0.028614 0.8800501 -0.009015 0 0.8 0 0.028614 0.08005005 0.009015 2.293493 0.08548709 0 0 0 1
324 1 2 3 0.0285495 0.8800501 -0.0092145 0 0.8 0 0.0285495 0.08005005 0.0092145 2.297853 0.08548679 0 0 0 1
324 1 2 3 0.028485 0.8800501 -0.009414 0 0.8 0 0.028485 0.08005005 0.009414 2.314421 0.08548701 0 0 0 1
324 1 2 3 0.0284175 0.8800501 -0.0096135 0 0.8 0 0.0284175 0.08005005 0.0096135 2.319878 0.08548675 0 0 0 1
324 1 2 3 0.02835 0.8800501 -0.0098115 0 0.8 0 0.02835 0.08005005 0.0098115 2.336447 0.08548684 0 0 0 1
324 1 2 3 0.028281 0.8800501 -0.010011 0 0.8 0 0.028281 0.08005005 0.010011 2.341515 0.08548711 0 0 0 1
324 1 2 3 0.0282105 0.8800501 -0.0102075 0 0.8 0 0.0282105 0.08005005 0.0102075 2.346437 0.08548705 0 0 0 1
324 1 2 3 0.028137 0.8800501 -0.0104055 0 0.8 0 0.028137 0.08005005 0.0104055 2.351044 0.0854867 0 0 0 1
324 1 2 3 0.0280635 0.8800501 -0.010602 0 0.8 0 0.0280635 0.08005005 0.010602 2.355572 0.08548669 0 0 0 1
324 1 2 3 0.02799 0.8800501 -0.0107985 0 0.8 0 0.02799 0.08005005 0.0107985 2.359671 0.08548718 0 0 0 1
324 1 2 3 0.0279135 0.8800501 -0.0109935 0 0.8 0 0.0279135 0.08005005 0.0109935 2.376474 0.08548702 0 0 0 1
324 1 2 3 0.0278355 0.8800501 -0.0111885 0 0.8 0 0.0278355 0.08005005 0.0111885 2.382326 0.08548689 0 0 0 1
324 1 2 3 0.027756 0.8800501 -0.0113835 0 0.8 0 0.027756 0.08005005 0.0113835 2.399124 0.08548678 0 0 0 1
324 1 2 3 0.0276765 0.8800501 -0.011577 0 0.8 0 0.0276765 0.08005005 0.011577 2.404369 0.08548699 0 0 0 1
324 1 2 3 0.027594 0.8800501 -0.0117705 0 0.8 0 0.027594 0.08005005 0.0117705 2.409353 0.08548675 0 0 0 1
324 1 2 3 0.0275115 0.8800501 -0.011964 0 0.8 0 0.0275115 0.08005005 0.011964 2.414322 0.08548702 0 0 0 1
324 1 2 3 0.0274275 0.8800501 -0.012156 0 0.8 0 0.0274275 0.08005005 0.012156 2.419043 0.08548711 0 0 0 1
324 1 2 3 0.0273405 0.8800501 -0.012348 0 0.8 0 0.0273405 0.08005005 0.012348 2.43561 0.08548676 0 0 0 1
324 1 2 3 0.0272535 0.8800501 -0.0125385 0 0.8 0 0.0272535 0.08005005 0.0125385 2.440979 0.08548671 0 0 0 1
324 1 2 3 0.027165 0.8800501 -0.012729 0 0.8 0 0.027165 0.08005005 0.012729 2.445818 0.0854867 0 0 0 1
324 1 2 3 0.027075 0.8800501 -0.0129195 0 0.8 0 0.027075 0.08005005 0.0129195 2.45105 0.08548672 0 0 0 1
324 1 2 3 0.026985 0.8800501 -0.0131085 0 0.8 0 0.026985 0.08005005 0.0131085 2.468159 0.08548704 0 0 0 1
324 1 2 3 0.026892 0.8800501 -0.0132975 0 0.8 0 0.026892 0.08005005 0.0132975 2.474422 0.08548692 0 0 0 1
324 1 2 3 0.026799 0.8800501 -0.013485 0 0.8 0 0.026799 0.08005005 0.013485 2.49124 0.08548709 0 0 0 1
324 1 2 3 0.026703 0.8800501 -0.0136725 0 0.8 0 0.026703 0.08005005 0.0136725 2.496748 0.08548683 0 0 0 1
324 1 2 3 0.026607 0.8800501 -0.0138585 0 0.8 0 0.026607 0.08005005 0.0138585 2.501722 0.08548684 0 0 0 1
324 1 2 3 0.0265095 0.8800501 -0.0140445 0 0.8 0 0.0265095 0.08005005 0.0140445 2.506466 0.08548691 0 0 0 1
324 1 2 3 0.0264105 0.8800501 -0.0142305 0 0.8 0 0.0264105 0.08005005 0.0142305 2.511719 0.08548703 0 0 0 1
324 1 2 3 0.02631 0.8800501 -0.014415 0 0.8 0 0.02631 0.08005005 0.014415 2.528286 0.08548695 0 0 0 1
324 1 2 3 0.026208 0.8800501 -0.014598 0 0.8 0 0.026208 0.08005005 0.014598 2.534081 0.08548667 0 0 0 1
324 1 2 3 0.026106 0.8800501 -0.014781 0 0.8 0 0.026106 0.08005005 0.014781 2.538797 0.08548691 0 0 0 1
324 1 2 3 0.026001 0.8800501 -0.014964 0 0.8 0 0.026001 0.08005005 0.014964 2.543482 0.08548675 0 0 0 1
324 1 2 3 0.025896 0.8800501 -0.0151455 0 0.8 0 0.025896 0.08005005 0.0151455 2.560051 0.08548684 0 0 0 1
324 1 2 3 0.0257895 0.8800501 -0.015327 0 0.8 0 0.0257895 0.08005005 0.015327 2.565464 0.08548699 0 0 0 1
324 1 2 3 0.0256815 0.8800501 -0.015507 0 0.8 0 0.0256815 0.08005005 0.015507 2.569839 0.08548694 0 0 0 1
324 1 2 3 0.025572 0.8800501 -0.0156855 0 0.8 0 0.025572 0.08005005 0.0156855 2.574604 0.08548668 0 0 0 1
324 1 2 3 0.0254625 0.8800501 -0.015864 0 0.8 0 0.0254625 0.08005005 0.015864 2.578913 0.08548693 0 0 0 1
324 1 2 3 0.02535 0.8800501 -0.0160425 0 0.8 0 0.02535 0.08005005 0.0160425 2.59548 0.08548681 0 0 0 1
324 1 2 3 0.0252375 0.8800501 -0.0162195 0 0.8 0 0.0252375 0.08005005 0.0162195 2.600906 0.08548693 0 0 0 1
324 1 2 3 0.0251235 0.8800501 -0.016395 0 0.8 0 0.0251235 0.08005005 0.016395 2.605234 0.08548682 0 0 0 1
324 1 2 3 0.025008 0.8800501 -0.0165705 0 0.8 0 0.025008 0.08005005 0.0165705 2.609838 0.0854868 0 0 0 1
324 1 2 3 0.024891 0.8800501 -0.016746 0 0.8 0 0.024891 0.08005005 0.016746 2.626406 0.08548684 0 0 0 1
324 1 2 3 0.024774 0.8800501 -0.01692 0 0.8 0 0.024774 0.08005005 0.01692 2.631794 0.08548712 0 1 0 1
324 1 2 3 0.024654 0.8800501 -0.0170925 0 0.8 0 0.024654 0.08005005 0.0170925 2.648649 0.08548675 0 1 0 1
324 1 2 3 0.024534 0.8800501 -0.017265 0 0.8 0 0.024534 0.08005005 0.017265 2.654373 0.08548689 0 1 0 1
324 1 2 3 0.0244125 0.8800501 -0.017436 0 0.8 0 0.0244125 0.08005005 0.017436 2.659433 0.08548681 0 1 0 1
324 1 2 3 0.0242895 0.8800501 -0.017607 0 0.8 0 0.0242895 0.08005005 0.017607 2.664549 0.08548682 0 1 0 1
324 1 2 3 0.0241665 0.8800501 -0.0177765 0 0.8 0 0.0241665 0.08005005 0.0177765 2.669535 0.08548704 0 1 0 1
324 1 2 3 0.024042 0.8800501 -0.0179445 0 0.8 0 0.024042 0.08005005 0.0179445 2.686682 0.08548704 0 1 0 1
324 1 2 3 0.0239145 0.8800501 -0.0181125 0 0.8 0 0.0239145 0.08005005 0.0181125 2.692724 0.0854867 0 1 0 1
324 1 2 3 0.023787 0.8800501 -0.018279 0 0.8 0 0.023787 0.08005005 0.018279 2.698542 0.08548658 0 1 0 1
324 1 2 3 0.0236595 0.8800501 -0.0184455 0 0.8 0 0.0236595 0.08005005 0.0184455 2.715111 0.08548696 0 1 0 1
324 1 2 3 0.023529 0.8800501 -0.0186105 0 0.8 0 0.023529 0.08005005 0.0186105 2.720589 0.0854867 0 1 0 1
324 1 2 3 0.0233985 0.8800501 -0.0187755 0 0.8 0 0.0233985 0.08005005 0.0187755 2.72534 0.08548696 0 1 0 1
324 1 2 3 0.0232665 0.8800501 -0.018939 0 0.8 0 0.0232665 0.08005005 0.018939 2.729851 0.08548699 0 1 0 1
324 1 2 3 0.023133 0.8800501 -0.019101 0 0.8 0 0.023133 0.08005005 0.019101 2.734524 0.08548681 0 1 0 1
324 1 2 3 0.0229995 0.8800501 -0.019263 0 0.8 0 0.0229995 0.08005005 0.019263 2.751091 0.08548714 0 1 0 1
324 1 2 3 0.0228645 0.8800501 -0.0194235 0 0.8 0 0.0228645 0.08005005 0.0194235 2.756256 0.08548724 0 1 0 1
324 1 2 3 0.022728 0.8800501 -0.0195825 0 0.8 0 0.022728 0.08005005 0.0195825 2.760956 0.08548711 0 1 0 1
324 1 2 3 0.02259 0.8800501 -0.0197415 0 0.8 0 0.02259 0.08005005 0.0197415 2.76556 0.0854871 0 1 0 1
324 1 2 3 0.0224505 0.8800501 -0.019899 0 0.8 0 0.0224505 0.08005005 0.019899 2.782129 0.08548687 0 1 0 1
324 1 2 3 0.022311 0.8800501 -0.020055 0 0.8 0 0.022311 0.08005005 0.020055 2.787422 0.08548681 0 1 0 1
324 1 2 3 0.02217 0.8800501 -0.020211 0 0.8 0 0.02217 0.08005005 0.020211 2.797678 0.08548687 0 1 0 1
324 1 2 3 0.0220275 0.8800501 -0.0203655 0 0.8 0 0.0220275 0.08005005 0.0203655 2.814417 0.0854867 0 1 0 1
324 1 2 3 0.021885 0.8800501 -0.02052 0 0.8 0 0.021885 0.08005005 0.02052 2.820246 0.08548704 0 1 0 1
324 1 2 3 0.021741 0.8800501 -0.0206715 0 0.8 0 0.021741 0.08005005 0.0206715 2.82505 0.0854868 0 1 0 1
324 1 2 3 0.0215955 0.8800501 -0.0208245 0 0.8 0 0.0215955 0.08005005 0.0208245 2.841709 0.08548705 0 1 0 1
324 1 2 3 0.02145 0.8800501 -0.0209745 0 0.8 0 0.02145 0.08005005 0.0209745 2.847132 0.08548709 0 1 0 1
324 1 2 3 0.0213015 0.8800501 -0.0211245 0 0.8 0 0.0213015 0.08005005 0.0211245 2.852423 0.0854869 0 1 0 1
324 1 2 3 0.021153 0.8800501 -0.021273 0 0.8 0 0.021153 0.08005005 0.021273 2.86899 0.08548684 0 1 0 1
324 1 2 3 0.0210045 0.8800501 -0.02142 0 0.8 0 0.0210045 0.08005005 0.02142 2.874296 0.08548693 0 1 0 1
324 1 2 3 0.020853 0.8800501 -0.021567 0 0.8 0 0.020853 0.08005005 0.021567 2.878628 0.08548681 0 1 0 1
324 1 2 3 0.0207015 0.8800501 -0.0217125 0 0.8 0 0.0207015 0.08005005 0.0217125 2.883688 0.08548681 0 1 0 1
324 1 2 3 0.02055 0.8800501 -0.0218565 0 0.8 0 0.02055 0.08005005 0.0218565 2.888163 0.08548696 0 1 0 1
324 1 2 3 0.020397 0.8800501 -0.0220005 0 0.8 0 0.020397 0.08005005 0.0220005 2.905043 0.08548725 0 1 0 1
324 1 2 3 0.0202425 0.8800501 -0.0221415 0 0.8 0 0.0202425 0.08005005 0.0221415 2.910608 0.08548693 0 1 0 1
324 1 2 3 0.0200865 0.8800501 -0.0222825 0 0.8 0 0.0200865 0.08005005 0.0222825 2.915941 0.08548677 0 1 0 1
324 1 2 3 0.0199305 0.8800501 -0.0224235 0 0.8 0 0.0199305 0.08005005 0.0224235 2.920288 0.08548713 0 1 0 1
324 1 2 3 0.019773 0.8800501 -0.0225615 0 0.8 0 0.019773 0.08005005 0.0225615 2.936913 0.08548686 0 1 0 1
324 1 2 3 0.019614 0.8800501 -0.0226995 0 0.8 0 0.019614 0.08005005 0.0226995 2.942472 0.08548677 0 1 0 1
324 1 2 3 0.019455 0.8800501 -0.0228375 0 0.8 0 0.019455 0.08005005 0.0228375 2.952726 0.08548719 0 1 0 1
324 1 2 3 0.0192945 0.8800501 -0.0229725 0 0.8 0 0.0192945 0.08005005 0.0229725 2.969595 0.08548698 0 1 0 1
324 1 2 3 0.0191325 0.8800501 -0.0231075 0 0.8 0 0.0191325 0.08005005 0.0231075 2.974922 0.08548696 0 1 0 1
324 1 2 3 0.0189705 0.8800501 -0.023241 0 0.8 0 0.0189705 0.08005005 0.023241 2.98033 0.08548705 0 1 0 1
324 1 2 3 0.018807 0.8800501 -0.023373 0 0.8 0 0.018807 0.08005005 0.023373 2.997101 0.0854869 0 1 0 1
324 1 2 3 0.0186435 0.8800501 -0.0235035 0 0.8 0 0.0186435 0.08005005 0.0235035 3.002235 0.08548687 0 1 0 1
324 1 2 3 0.0184785 0.8800501 -0.023634 0 0.8 0 0.0184785 0.08005005 0.023634 3.006924 0.08548702 0 1 0 1
324 1 2 3 0.018312 0.8800501 -0.023763 0 0.8 0 0.018312 0.08005005 0.023763 3.011253 0.08548696 0 1 0 1
324 1 2 3 0.0181455 0.8800501 -0.0238905 0 0.8 0 0.0181455 0.08005005 0.0238905 3.027853 0.08548699 0 1 0 1
324 1 2 3 0.0179775 0.8800501 -0.0240165 0 0.8 0 0.0179775 0.08005005 0.0240165 3.033493 0.0854868 0 1 0 1
324 1 2 3 0.0178095 0.8800501 -0.024141 0 0.8 0 0.0178095 0.08005005 0.024141 3.038576 0.0854867 0 1 0 1
324 1 2 3 0.01764 0.8800501 -0.0242655 0 0.8 0 0.01764 0.08005005 0.0242655 3.043119 0.08548681 0 1 0 1
324 1 2 3 0.0174705 0.8800501 -0.0243885 0 0.8 0 0.0174705 0.08005005 0.0243885 3.047665 0.08548701 0 1 0 1
324 1 2 3 0.0172995 0.8800501 -0.02451 0 0.8 0 0.0172995 0.08005005 0.02451 3.064234 0.08548698 0 1 0 1
324 1 2 3 0.017127 0.8800501 -0.02463 0 0.8 0 0.017127 0.08005005 0.02463 3.069578 0.08548673 0 1 0 1
324 1 2 3 0.0169545 0.8800501 -0.02475 0 0.8 0 0.0169545 0.08005005 0.02475 3.074083 0.08548701 0 1 0 1
324 1 2 3 0.0167805 0.8800501 -0.0248685 0 0.8 0 0.0167805 0.08005005 0.0248685 3.078705 0.08548706 0 1 0 1
324 1 2 3 0.0166065 0.8800501 -0.0249855 0 0.8 0 0.0166065 0.08005005 0.0249855 3.095533 0.0854872 0 1 0 1
324 1 2 3 0.016431 0.8800501 -0.025101 0 0.8 0 0.016431 0.08005005 0.025101 3.101324 0.08548713 0 1 0 1
324 1 2 3 0.016254 0.8800501 -0.025215 0 0.8 0 0.016254 0.08005005 0.025215 3.118143 0.08548684 0 1 0 0
324 1 2 3 0.016077 0.8800501 -0.0253275 0 0.8 0 0.016077 0.08005005 0.0253275 3.12344 0.08548663 0 1 0 0
324 1 2 3 0.0159 0.8800501 -0.02544 0 0.8 0 0.0159 0.08005005 0.02544 3.128464 0.08548693 0 1 0 0
324 1 2 3 0.0157215 0.8800501 -0.025551 0 0.8 0 0.0157215 0.08005005 0.025551 3.134344 0.08548702 0 1 0 0
324 1 2 3 0.0155415 0.8800501 -0.0256605 0 0.8 0 0.0155415 0.08005005 0.0256605 3.139303 0.0854869 0 1 0 0
324 1 2 3 0.0153615 0.8800501 -0.0257685 0 0.8 0 0.0153615 0.08005005 0.0257685 3.156273 0.08548685 0 1 0 0
324 1 2 3 0.0151815 0.8800501 -0.025875 0 0.8 0 0.0151815 0.08005005 0.025875 3.161518 0.08548687 0 1 0 0
324 1 2 3 0.015 0.8800501 -0.0259815 0 0.8 0 0.015 0.08005005 0.0259815 3.171932 0.08548713 0 1 0 0
324 1 2 3 0.014817 0.8800501 -0.026085 0 0.8 0 0.014817 0.08005005 0.026085 3.188499 0.08548673 0 1 0 0
324 1 2 3 0.014634 0.8800501 -0.0261885 0 0.8 0 0.014634 0.08005005 0.0261885 3.19383 0.08548685 0 1 0 0
324 1 2 3 0.014451 0.8800501 -0.0262905 0 0.8 0 0.014451 0.08005005 0.0262905 3.199158 0.08548703 0 1 0 0
324 1 2 3 0.0142665 0.8800501 -0.026391 0 0.8 0 0.0142665 0.08005005 0.026391 3.203907 0.08548701 0 1 0 0
324 1 2 3 0.014082 0.8800501 -0.02649 0 0.8 0 0.014082 0.08005005 0.02649 3.220491 0.08548704 0 1 0 0
324 1 2 3 0.013896 0.8800501 -0.0265875 0 0.8 0 0.013896 0.08005005 0.0265875 3.226139 0.08548687 0 1 0 0
324 1 2 3 0.01371 0.8800501 -0.026685 0 0.8 0 0.01371 0.08005005 0.026685 3.231443 0.08548722 0 1 0 0
324 1 2 3 0.0135225 0.8800501 -0.0267795 0 0.8 0 0.0135225 0.08005005 0.0267795 3.248127 0.0854869 0 1 0 0
324 1 2 3 0.013335 0.8800501 -0.026874 0 0.8 0 0.013335 0.08005005 0.026874 3.253397 0.0854871 0 1 0 0
324 1 2 3 0.013146 0.8800501 -0.026967 0 0.8 0 0.013146 0.08005005 0.026967 3.263008 0.08548712 0 1 0 0
324 1 2 3 0.012957 0.8800501 -0.027057 0 0.8 0 0.012957 0.08005005 0.027057 3.279755 0.0854867 0 1 0 0
324 1 2 3 0.0127665 0.8800501 -0.0271485 0 0.8 0 0.0127665 0.08005005 0.0271485 3.28554 0.08548705 0 1 0 0
324 1 2 3 0.0125775 0.8800501 -0.027237 0 0.8 0 0.0125775 0.08005005 0.027237 3.290167 0.08548718 0 1 0 0
324 1 2 3 0.0123855 0.8800501 -0.027324 0 0.8 0 0.0123855 0.08005005 0.027324 3.294579 0.08548691 0 1 0 0
324 1 2 3 0.012195 0.8800501 -0.0274095 0 0.8 0 0.012195 0.08005005 0.0274095 3.311148 0.0854869 0 1 0 0
324 1 2 3 0.0120015 0.8800501 -0.027495 0 0.8 0 0.0120015 0.08005005 0.027495 3.318087 0.08548697 0 1 0 0
324 1 2 3 0.0118095 0.8800501 -0.0275775 0 0.8 0 0.0118095 0.08005005 0.0275775 3.323118 0.08548681 0 1 0 0
324 1 2 3 0.011616 0.8800501 -0.02766 0 0.8 0 0.011616 0.08005005 0.02766 3.339687 0.08548695 0 1 0 0
324 1 2 3 0.0114225 0.8800501 -0.027741 0 0.8 0 0.0114225 0.08005005 0.027741 3.345375 0.08548712 0 1 0 0
324 1 2 3 0.0112275 0.8800501 -0.0278205 0 0.8 0 0.0112275 0.08005005 0.0278205 3.350294 0.08548712 0 1 0 0
324 1 2 3 0.0110325 0.8800501 -0.027897 0 0.8 0 0.0110325 0.08005005 0.027897 3.354818 0.08548667 0 1 0 0
324 1 2 3 0.0108375 0.8800501 -0.0279735 0 0.8 0 0.0108375 0.08005005 0.0279735 3.359159 0.08548672 0 1 0 0
324 1 2 3 0.010641 0.8800501 -0.02805 0 0.8 0 0.010641 0.08005005 0.02805 3.375729 0.0854871 0 1 0 0
324 1 2 3 0.0104445 0.8800501 -0.0281235 0 0.8 0 0.0104445 0.08005005 0.0281235 3.381334 0.08548702 0 1 0 0
324 1 2 3 0.010248 0.8800501 -0.0281955 0 0.8 0 0.010248 0.08005005 0.0281955 3.386452 0.08548695 0 1 0 0
324 1 2 3 0.01005 0.8800501 -0.028266 0 0.8 0 0.01005 0.08005005 0.028266 3.40309 0.08548672 0 1 0 0
324 1 2 3 0.009852001 0.8800501 -0.0283365 0 0.8 0 0.009852001 0.08005005 0.0283365 3.408543 0.08548702 0 1 0 0
324 1 2 3 0.0096525 0.8800501 -0.028404 0 0.8 0 0.0096525 0.08005005 0.028404 3.418514 0.08548666 0 1 0 0
324 1 2 3 0.0094545 0.8800501 -0.0284715 0 0.8 0 0.0094545 0.08005005 0.0284715 3.435589 0.08548699 0 1 0 0
324 1 2 3 0.009254999 0.8800501 -0.0285375 0 0.8 0 0.009254999 0.08005005 0.0285375 3.441046 0.08548716 0 1 0 0
324 1 2 3 0.009054 0.8800501 -0.0286005 0 0.8 0 0.009054 0.08005005 0.0286005 3.445709 0.08548669 0 1 0 0
324 1 2 3 0.0088545 0.8800501 -0.0286635 0 0.8 0 0.0088545 0.08005005 0.0286635 3.450716 0.0854869 0 1 0 0
324 1 2 3 0.0086535 0.8800501 -0.028725 0 0.8 0 0.0086535 0.08005005 0.028725 3.467434 0.08548696 0 1 0 0
324 1 2 3 0.008452499 0.8800501 -0.028785 0 0.8 0 0.008452499 0.08005005 0.028785 3.472519 0.08548703 0 1 0 0
324 1 2 3 0.00825 0.8800501 -0.0288435 0 0.8 0 0.00825 0.08005005 0.0288435 3.477724 0.08548696 0 1 0 0
324 1 2 3 0.008047501 0.8800501 -0.0289005 0 0.8 0 0.008047501 0.08005005 0.0289005 3.494291 0.08548691 0 1 0 0
324 1 2 3 0.007844999 0.8800501 -0.028956 0 0.8 0 0.007844999 0.08005005 0.028956 3.499819 0.08548687 0 1 0 0
324 1 2 3 0.0076425 0.8800501 -0.02901 0 0.8 0 0.0076425 0.08005005 0.02901 3.505278 0.08548683 0 1 0 0
324 1 2 3 0.00744 0.8800501 -0.0290625 0 0.8 0 0.00744 0.08005005 0.0290625 3.510303 0.0854868 0 1 0 0
324 1 2 3 0.007236 0.8800501 -0.029115 0 0.8 0 0.007236 0.08005005 0.029115 3.515345 0.08548716 0 1 0 0
324 1 2 3 0.007032 0.8800501 -0.0291645 0 0.8 0 0.007032 0.08005005 0.0291645 3.531914 0.085487 0 1 0 0
324 1 2 3 0.006828 0.8800501 -0.0292125 0 0.8 0 0.006828 0.08005005 0.0292125 3.537605 0.08548686 0 1 0 0
324 1 2 3 0.0066225 0.8800501 -0.0292605 0 0.8 0 0.0066225 0.08005005 0.0292605 3.542322 0.0854871 0 1 0 0
324 1 2 3 0.0064185 0.8800501 -0.0293055 0 0.8 0 0.0064185 0.08005005 0.0293055 3.547188 0.08548696 0 1 0 0
324 1 2 3 0.006213 0.8800501 -0.029349 0 0.8 0 0.006213 0.08005005 0.029349 3.563757 0.0854867 0 1 0 0
324 1 2 3 0.0060075 0.8800501 -0.0293925 0 0.8 0 0.0060075 0.08005005 0.0293925 3.569166 0.08548696 0 1 0 0
324 1 2 3 0.0058005 0.8800501 -0.0294345 0 0.8 0 0.0058005 0.08005005 0.0294345 3.585735 0.08548711 0 1 0 0
324 1 2 3 0.005595 0.8800501 -0.0294735 0 0.8 0 0.005595 0.08005005 0.0294735 3.591072 0.08548685 0 1 0 0
324 1 2 3 0.005388 0.8800501 -0.0295125 0 0.8 0 0.005388 0.08005005 0.0295125 3.595869 0.08548701 0 1 0 0
324 1 2 3 0.005181 0.8800501 -0.0295485 0 0.8 0 0.005181 0.08005005 0.0295485 3.600126 0.08548665 0 1 0 0
324 1 2 3 0.004974 0.8800501 -0.0295845 0 0.8 0 0.004974 0.08005005 0.0295845 3.604599 0.08548681 0 1 0 0
324 1 2 3 0.004767 0.8800501 -0.029619 0 0.8 0 0.004767 0.08005005 0.029619 3.609261 0.08548696 0 1 0 0
324 1 2 3 0.00456 0.8800501 -0.029652 0 0.8 0 0.00456 0.08005005 0.029652 3.625828 0.0854871 0 1 0 0
324 1 2 3 0.004353 0.8800501 -0.029682 0 0.8 0 0.004353 0.08005005 0.029682 3.630726 0.08548672 0 1 0 0
324 1 2 3 0.0041445 0.8800501 -0.029712 0 0.8 0 0.0041445 0.08005005 0.029712 3.647293 0.08548678 0 1 0 0
324 1 2 3 0.003936 0.8800501 -0.0297405 0 0.8 0 0.003936 0.08005005 0.0297405 3.652924 0.08548684 0 1 0 0
324 1 2 3 0.0037275 0.8800501 -0.0297675 0 0.8 0 0.0037275 0.08005005 0.0297675 3.657938 0.0854869 0 1 0 0
324 1 2 3 0.003519 0.8800501 -0.029793 0 0.8 0 0.003519 0.08005005 0.029793 3.662035 0.08548694 0 1 0 0
324 1 2 3 0.0033105 0.8800501 -0.029817 0 0.8 0 0.0033105 0.08005005 0.029817 3.666494 0.08548698 0 1 0 0
324 1 2 3 0.003102 0.8800501 -0.0298395 0 0.8 0 0.003102 0.08005005 0.0298395 3.671181 0.08548701 0 1 0 0
324 1 2 3 0.0028935 0.8800501 -0.0298605 0 0.8 0 0.0028935 0.08005005 0.0298605 3.688206 0.08548703 0 1 0 0
324 1 2 3 0.0026835 0.8800501 -0.02988 0 0.8 0 0.0026835 0.08005005 0.02988 3.693686 0.08548699 0 1 0 0
324 1 2 3 0.002475 0.8800501 -0.029898 0 0.8 0 0.002475 0.08005005 0.029898 3.698944 0.085487 0 1 0 0
324 1 2 3 0.002265 0.8800501 -0.0299145 0 0.8 0 0.002265 0.08005005 0.0299145 3.715523 0.08548695 0 1 0 0
324 1 2 3 0.0020565 0.8800501 -0.0299295 0 0.8 0 0.0020565 0.08005005 0.0299295 3.722122 0.08548693 0 1 0 0
324 1 2 3 0.0018465 0.8800501 -0.029943 0 0.8 0 0.0018465 0.08005005 0.029943 3.733303 0.08548686 0 1 0 0
324 1 2 3 0.0016365 0.8800501 -0.029955 0 0.8 0 0.0016365 0.08005005 0.029955 3.749874 0.08548678 0 1 0 0
324 1 2 3 0.0014265 0.8800501 -0.0299655 0 0.8 0 0.0014265 0.08005005 0.0299655 3.755289 0.0854867 0 1 0 0
324 1 2 3 0.001218 0.8800501 -0.029976 0 0.8 0 0.001218 0.08005005 0.029976 3.759766 0.08548716 0 1 0 0
324 1 2 3 0.001008 0.8800501 -0.0299835 0 0.8 0 0.001008 0.08005005 0.0299835 3.76396 0.08548706 0 1 0 0
324 1 2 3 0.000798 0.8800501 -0.0299895 0 0.8 0 0.000798 0.08005005 0.0299895 3.780878 0.08548694 0 1 0 0
324 1 2 3 0.000588 0.8800501 -0.029994 0 0.8 0 0.000588 0.08005005 0.029994 3.786875 0.08548682 0 1 0 0
324 1 2 3 0.000378 0.8800501 -0.029997 0 0.8 0 0.000378 0.08005005 0.029997 3.79637 0.08548669 0 1 0 0
324 1 2 3 0.000168 0.8800501 -0.03 0 0.8 0 0.000168 0.08005005 0.03 3.812939 0.08548707 0 1 0 0
324 1 2 3 -4.2E-05 0.8800501 -0.03 0 0.8 0 4.2E-05 0.08005005 0.03 3.818638 0.08548691 0 1 0 0
324 1 2 3 -0.000252 0.8800501 -0.0299985 0 0.8 0 0.000252 0.08005005 0.0299985 3.82373 0.08548675 0 1 0 0
324 1 2 3 -0.000462 0.8800501 -0.029997 0 0.8 0 0.000462 0.08005005 0.029997 3.828283 0.0854871 0 1 0 0
324 1 2 3 -0.000672 0.8800501 -0.0299925 0 0.8 0 0.000672 0.08005005 0.0299925 3.844852 0.08548691 0 1 0 0
324 1 2 3 -0.000882 0.8800501 -0.0299865 0 0.8 0 0.000882 0.08005005 0.0299865 3.850624 0.08548672 0 1 0 0
324 1 2 3 -0.001092 0.8800501 -0.0299805 0 0.8 0 0.001092 0.08005005 0.0299805 3.855774 0.08548704 0 1 0 0
324 1 2 3 -0.001302 0.8800501 -0.0299715 0 0.8 0 0.001302 0.08005005 0.0299715 3.872341 0.08548682 0 1 0 0
324 1 2 3 -0.001512 0.8800501 -0.0299625 0 0.8 0 0.001512 0.08005005 0.0299625 3.877817 0.08548712 0 1 0 0
324 1 2 3 -0.001722 0.8800501 -0.0299505 0 0.8 0 0.001722 0.08005005 0.0299505 3.88776 0.08548689 0 1 0 0
324 1 2 3 -0.0019305 0.8800501 -0.0299385 0 0.8 0 0.0019305 0.08005005 0.0299385 3.904404 0.08548714 0 1 0 0
324 1 2 3 -0.0021405 0.8800501 -0.0299235 0 0.8 0 0.0021405 0.08005005 0.0299235 3.908785 0.08548689 0 1 0 0
324 1 2 3 -0.0023505 0.8800501 -0.0299085 0 0.8 0 0.0023505 0.08005005 0.0299085 3.913364 0.08548716 0 1 0 0
324 1 2 3 -0.002559 0.8800501 -0.0298905 0 0.8 0 0.002559 0.08005005 0.0298905 3.917759 0.08548684 0 1 0 0
324 1 2 3 -0.002769 0.8800501 -0.0298725 0 0.8 0 0.002769 0.08005005 0.0298725 3.922281 0.0854871 0 1 0 0
324 1 2 3 -0.0029775 0.8800501 -0.0298515 0 0.8 0 0.0029775 0.08005005 0.0298515 3.93885 0.08548677 0 1 0 0
324 1 2 3 -0.003186 0.8800501 -0.0298305 0 0.8 0 0.003186 0.08005005 0.0298305 3.949545 0.08548696 0 1 0 0
324 1 2 3 -0.0033945 0.8800501 -0.029808 0 0.8 0 0.0033945 0.08005005 0.029808 3.966131 0.08548713 0 1 0 0
324 1 2 3 -0.003603 0.8800501 -0.0297825 0 0.8 0 0.003603 0.08005005 0.0297825 3.971474 0.08548678 0 1 0 0
324 1 2 3 -0.0038115 0.8800501 -0.029757 0 0.8 0 0.0038115 0.08005005 0.029757 3.976067 0.08548694 0 1 0 0
324 1 2 3 -0.00402 0.8800501 -0.02973 0 0.8 0 0.00402 0.08005005 0.02973 3.98317 0.0854871 0 1 0 0
324 1 2 3 -0.0042285 0.8800501 -0.0297 0 0.8 0 0.0042285 0.08005005 0.0297 3.999817 0.08548672 0 1 0 0
324 1 2 3 -0.0044355 0.8800501 -0.02967 0 0.8 0 0.0044355 0.08005005 0.02967 4.005201 0.0854868 0 1 0 0
324 1 2 3 -0.004644 0.8800501 -0.0296385 0 0.8 0 0.004644 0.08005005 0.0296385 4.010092 0.08548695 0 1 0 0
324 1 2 3 -0.004851 0.8800501 -0.0296055 0 0.8 0 0.004851 0.08005005 0.0296055 4.014582 0.08548701 0 1 0 0
324 1 2 3 -0.005058 0.8800501 -0.029571 0 0.8 0 0.005058 0.08005005 0.029571 4.031271 0.08548706 0 1 0 0
324 1 2 3 -0.005265 0.8800501 -0.029535 0 0.8 0 0.005265 0.08005005 0.029535 4.037025 0.08548712 0 1 0 0
324 1 2 3 -0.005472 0.8800501 -0.0294975 0 0.8 0 0.005472 0.08005005 0.0294975 4.047031 0.08548717 0 1 0 0
324 1 2 3 -0.0056775 0.8800501 -0.0294585 0 0.8 0 0.0056775 0.08005005 0.0294585 4.063684 0.08548712 0 1 0 0
324 1 2 3 -0.0058845 0.8800501 -0.029418 0 0.8 0 0.0058845 0.08005005 0.029418 4.069374 0.08548717 0 1 0 0
324 1 2 3 -0.00609 0.8800501 -0.029376 0 0.8 0 0.00609 0.08005005 0.029376 4.074421 0.08548712 0 1 0 0
324 1 2 3 -0.0062955 0.8800501 -0.0293325 0 0.8 0 0.0062955 0.08005005 0.0293325 4.09099 0.08548707 0 1 0 0
324 1 2 3 -0.006501 0.8800501 -0.0292875 0 0.8 0 0.006501 0.08005005 0.0292875 4.096706 0.08548702 0 1 0 0
324 1 2 3 -0.006705 0.8800501 -0.029241 0 0.8 0 0.006705 0.08005005 0.029241 4.106941 0.08548687 0 1 0 0
324 1 2 3 -0.006909 0.8800501 -0.029193 0 0.8 0 0.006909 0.08005005 0.029193 4.12351 0.0854867 0 1 0 0
324 1 2 3 -0.0071145 0.8800501 -0.029145 0 0.8 0 0.0071145 0.08005005 0.029145 4.128922 0.08548718 0 1 0 0
324 1 2 3 -0.007317 0.8800501 -0.029094 0 0.8 0 0.007317 0.08005005 0.029094 4.134235 0.0854869 0 1 0 0
324 1 2 3 -0.007521 0.8800501 -0.0290415 0 0.8 0 0.007521 0.08005005 0.0290415 4.139194 0.08548675 0 1 0 0
324 1 2 3 -0.0077235 0.8800501 -0.028989 0 0.8 0 0.0077235 0.08005005 0.028989 4.156086 0.08548699 0 1 0 0
324 1 2 3 -0.0079275 0.8800501 -0.0289335 0 0.8 0 0.0079275 0.08005005 0.0289335 4.161432 0.08548686 0 1 0 0
324 1 2 3 -0.00813 0.8800501 -0.028878 0 0.8 0 0.00813 0.08005005 0.028878 4.166098 0.08548711 0 1 0 0
324 1 2 3 -0.008331 0.8800501 -0.0288195 0 0.8 0 0.008331 0.08005005 0.0288195 4.171181 0.08548672 0 1 0 0
324 1 2 3 -0.0085335 0.8800501 -0.028761 0 0.8 0 0.0085335 0.08005005 0.028761 4.187826 0.08548699 0 1 0 0
324 1 2 3 -0.0087345 0.8800501 -0.028701 0 0.8 0 0.0087345 0.08005005 0.028701 4.193209 0.08548713 0 1 0 0
324 1 2 3 -0.008934001 0.8800501 -0.028638 0 0.8 0 0.008934001 0.08005005 0.028638 4.202213 0.08548662 0 1 0 0
324 1 2 3 -0.009134999 0.8800501 -0.028575 0 0.8 0 0.009134999 0.08005005 0.028575 4.219299 0.08548678 0 1 0 0
324 1 2 3 -0.0093345 0.8800501 -0.0285105 0 0.8 0 0.0093345 0.08005005 0.0285105 4.224846 0.0854868 0 1 0 0
324 1 2 3 -0.009533999 0.8800501 -0.0284445 0 0.8 0 0.009533999 0.08005005 0.0284445 4.229973 0.08548683 0 1 0 0
324 1 2 3 -0.0097335 0.8800501 -0.028377 0 0.8 0 0.0097335 0.08005005 0.028377 4.246912 0.08548687 0 1 0 0
324 1 2 3 -0.0099315 0.8800501 -0.028308 0 0.8 0 0.0099315 0.08005005 0.028308 4.257526 0.08548677 0 1 0 0
324 1 2 3 -0.0101295 0.8800501 -0.028239 0 0.8 0 0.0101295 0.08005005 0.028239 4.262659 0.08548718 0 1 0 0
324 1 2 3 -0.010326 0.8800501 -0.028167 0 0.8 0 0.010326 0.08005005 0.028167 4.27923 0.08548694 0 1 0 0
324 1 2 3 -0.010524 0.8800501 -0.0280935 0 0.8 0 0.010524 0.08005005 0.0280935 4.284742 0.0854869 0 1 0 0
324 1 2 3 -0.0107205 0.8800501 -0.02802 0 0.8 0 0.0107205 0.08005005 0.02802 4.289742 0.08548719 0 1 0 0
324 1 2 3 -0.0109155 0.8800501 -0.0279435 0 0.8 0 0.0109155 0.08005005 0.0279435 4.294771 0.08548683 0 1 0 0
324 1 2 3 -0.0111105 0.8800501 -0.027867 0 0.8 0 0.0111105 0.08005005 0.027867 4.311338 0.08548698 0 1 0 0
324 1 2 3 -0.0113055 0.8800501 -0.0277875 0 0.8 0 0.0113055 0.08005005 0.0277875 4.316978 0.08548667 0 1 0 0
324 1 2 3 -0.0115005 0.8800501 -0.027708 0 0.8 0 0.0115005 0.08005005 0.027708 4.321638 0.08548687 0 1 0 0
324 1 2 3 -0.011694 0.8800501 -0.027627 0 0.8 0 0.011694 0.08005005 0.027627 4.325888 0.08548691 0 1 0 0
324 1 2 3 -0.0118875 0.8800501 -0.0275445 0 0.8 0 0.0118875 0.08005005 0.0275445 4.342459 0.08548698 0 1 0 0
324 1 2 3 -0.0120795 0.8800501 -0.0274605 0 0.8 0 0.0120795 0.08005005 0.0274605 4.34804 0.08548687 0 1 0 0
324 1 2 3 -0.0122715 0.8800501 -0.027375 0 0.8 0 0.0122715 0.08005005 0.027375 4.359554 0.08548678 0 1 0 0
324 1 2 3 -0.012462 0.8800501 -0.0272895 0 0.8 0 0.012462 0.08005005 0.0272895 4.376123 0.08548701 0 1 0 0
324 1 2 3 -0.012654 0.8800501 -0.027201 0 0.8 0 0.012654 0.08005005 0.027201 4.381424 0.08548701 0 1 0 0
324 1 2 3 -0.012843 0.8800501 -0.027111 0 0.8 0 0.012843 0.08005005 0.027111 4.386642 0.08548661 0 1 0 0
324 1 2 3 -0.0130335 0.8800501 -0.027021 0 0.8 0 0.0130335 0.08005005 0.027021 4.391087 0.08548694 0 1 0 0
324 1 2 3 -0.0132225 0.8800501 -0.0269295 0 0.8 0 0.0132225 0.08005005 0.0269295 4.407978 0.08548709 0 1 0 0
324 1 2 3 -0.01341 0.8800501 -0.0268365 0 0.8 0 0.01341 0.08005005 0.0268365 4.413635 0.08548705 0 1 0 0
324 1 2 3 -0.0135975 0.8800501 -0.026742 0 0.8 0 0.0135975 0.08005005 0.026742 4.430204 0.08548706 0 1 0 0
324 1 2 3 -0.013785 0.8800501 -0.026646 0 0.8 0 0.013785 0.08005005 0.026646 4.43572 0.08548711 0 1 0 0
324 1 2 3 -0.013971 0.8800501 -0.0265485 0 0.8 0 0.013971 0.08005005 0.0265485 4.44002 0.08548697 0 1 0 0
324 1 2 3 -0.0141555 0.8800501 -0.0264495 0 0.8 0 0.0141555 0.08005005 0.0264495 4.444582 0.08548664 0 1 0 0
324 1 2 3 -0.0143415 0.8800501 -0.0263505 0 0.8 0 0.0143415 0.08005005 0.0263505 4.44862 0.08548706 0 1 0 0
324 1 2 3 -0.0145245 0.8800501 -0.02625 0 0.8 0 0.0145245 0.08005005 0.02625 4.452875 0.08548704 0 1 0 0
324 1 2 3 -0.014709 0.8800501 -0.0261465 0 0.8 0 0.014709 0.08005005 0.0261465 4.469444 0.08548687 0 1 0 0
324 1 2 3 -0.0148905 0.8800501 -0.026043 0 0.8 0 0.0148905 0.08005005 0.026043 4.474869 0.0854867 0 1 0 0
324 1 2 3 -0.0150735 0.8800501 -0.025938 0 0.8 0 0.0150735 0.08005005 0.025938 4.479189 0.08548684 0 1 0 0
324 1 2 3 -0.0152535 0.8800501 -0.025833 0 0.8 0 0.0152535 0.08005005 0.025833 4.483475 0.08548698 0 1 0 0
324 1 2 3 -0.015435 0.8800501 -0.025725 0 0.8 0 0.015435 0.08005005 0.025725 4.500044 0.08548699 0 1 0 0
324 1 2 3 -0.015615 0.8800501 -0.025617 0 0.8 0 0.015615 0.08005005 0.025617 4.505289 0.08548725 0 1 0 0
324 1 2 3 -0.0157935 0.8800501 -0.025506 0 0.8 0 0.0157935 0.08005005 0.025506 4.51417 0.08548685 0 1 0 0
324 1 2 3 -0.015972 0.8800501 -0.025395 0 0.8 0 0.015972 0.08005005 0.025395 4.530741 0.08548697 0 1 0 0
324 1 2 3 -0.016149 0.8800501 -0.0252825 0 0.8 0 0.016149 0.08005005 0.0252825 4.53619 0.08548687 0 1 0 0
324 1 2 3 -0.016326 0.8800501 -0.0251685 0 0.8 0 0.016326 0.08005005 0.0251685 4.540455 0.08548686 0 1 0 0
324 1 2 3 -0.0165015 0.8800501 -0.0250545 0 0.8 0 0.0165015 0.08005005 0.0250545 4.544685 0.08548707 0 1 0 0
324 1 2 3 -0.0166755 0.8800501 -0.0249375 0 0.8 0 0.0166755 0.08005005 0.0249375 4.561255 0.08548662 0 1 0 0
324 1 2 3 -0.0168495 0.8800501 -0.0248205 0 0.8 0 0.0168495 0.08005005 0.0248205 4.571968 0.08548669 0 1 0 1
324 1 2 3 -0.0170235 0.8800501 -0.024702 0 0.8 0 0.0170235 0.08005005 0.024702 4.577015 0.08548684 0 1 0 1
324 1 2 3 -0.017196 0.8800501 -0.024582 0 0.8 0 0.017196 0.08005005 0.024582 4.594288 0.08548677 0 1 0 1
324 1 2 3 -0.017367 0.8800501 -0.024462 0 0.8 0 0.017367 0.08005005 0.024462 4.599831 0.08548692 0 1 0 1
324 1 2 3 -0.017538 0.8800501 -0.024339 0 0.8 0 0.017538 0.08005005 0.024339 4.604921 0.08548672 0 1 0 1
324 1 2 3 -0.017709 0.8800501 -0.024216 0 0.8 0 0.017709 0.08005005 0.024216 4.610209 0.08548704 0 1 0 1
324 1 2 3 -0.017877 0.8800501 -0.0240915 0 0.8 0 0.017877 0.08005005 0.0240915 4.627058 0.08548683 0 1 0 1
324 1 2 3 -0.018045 0.8800501 -0.0239655 0 0.8 0 0.018045 0.08005005 0.0239655 4.632198 0.08548671 0 1 0 1
324 1 2 3 -0.018213 0.8800501 -0.023838 0 0.8 0 0.018213 0.08005005 0.023838 4.637531 0.0854867 0 1 0 1
324 1 2 3 -0.0183795 0.8800501 -0.0237105 0 0.8 0 0.0183795 0.08005005 0.0237105 4.6541 0.08548687 0 1 0 1
324 1 2 3 -0.0185445 0.8800501 -0.0235815 0 0.8 0 0.0185445 0.08005005 0.0235815 4.659731 0.08548682 0 1 0 1
324 1 2 3 -0.0187095 0.8800501 -0.023451 0 0.8 0 0.0187095 0.08005005 0.023451 4.669662 0.08548687 0 1 0 1
324 1 2 3 -0.018873 0.8800501 -0.023319 0 0.8 0 0.018873 0.08005005 0.023319 4.686548 0.0854867 0 1 0 1
324 1 2 3 -0.0190365 0.8800501 -0.023187 0 0.8 0 0.0190365 0.08005005 0.023187 4.691816 0.08548705 0 1 0 1
324 1 2 3 -0.0191985 0.8800501 -0.0230535 0 0.8 0 0.0191985 0.08005005 0.0230535 4.697063 0.08548717 0 1 0 1
324 1 2 3 -0.019359 0.8800501 -0.0229185 0 0.8 0 0.019359 0.08005005 0.0229185 4.701641 0.08548707 0 1 0 1
324 1 2 3 -0.0195195 0.8800501 -0.022782 0 0.8 0 0.0195195 0.08005005 0.022782 4.718536 0.08548708 0 1 0 1
324 1 2 3 -0.019677 0.8800501 -0.0226455 0 0.8 0 0.019677 0.08005005 0.0226455 4.724129 0.08548692 0 1 0 1
324 1 2 3 -0.019836 0.8800501 -0.022506 0 0.8 0 0.019836 0.08005005 0.022506 4.741093 0.08548683 0 1 0 1
324 1 2 3 -0.0199935 0.8800501 -0.0223665 0 0.8 0 0.0199935 0.08005005 0.0223665 4.74715 0.0854869 0 1 0 1
324 1 2 3 -0.0201495 0.8800501 -0.022227 0 0.8 0 0.0201495 0.08005005 0.022227 4.753723 0.08548715 0 1 0 1
324 1 2 3 -0.020304 0.8800501 -0.0220845 0 0.8 0 0.020304 0.08005005 0.0220845 4.758936 0.08548677 0 1 0 1
324 1 2 3 -0.0204585 0.8800501 -0.021942 0 0.8 0 0.0204585 0.08005005 0.021942 4.764713 0.08548691 0 1 0 1
324 1 2 3 -0.0206115 0.8800501 -0.021798 0 0.8 0 0.0206115 0.08005005 0.021798 4.781282 0.08548683 0 1 0 1
324 1 2 3 -0.020763 0.8800501 -0.021654 0 0.8 0 0.020763 0.08005005 0.021654 4.786983 0.08548689 0 1 0 1
324 1 2 3 -0.0209145 0.8800501 -0.0215085 0 0.8 0 0.0209145 0.08005005 0.0215085 4.792122 0.08548709 0 1 0 1
324 1 2 3 -0.0210645 0.8800501 -0.0213615 0 0.8 0 0.0210645 0.08005005 0.0213615 4.796726 0.08548706 0 1 0 1
324 1 2 3 -0.021213 0.8800501 -0.021213 0 0.8 0 0.021213 0.08005005 0.021213 4.813303 0.08548681 0 1 0 1
324 1 2 3 -0.0213615 0.8800501 -0.0210645 0 0.8 0 0.0213615 0.08005005 0.0210645 4.819141 0.08548706 0 1 0 1
324 1 2 3 -0.0215085 0.8800501 -0.0209145 0 0.8 0 0.0215085 0.08005005 0.0209145 4.835711 0.08548709 0 1 0 1
324 1 2 3 -0.021654 0.8800501 -0.020763 0 0.8 0 0.021654 0.08005005 0.020763 4.840755 0.08548689 0 1 0 1
324 1 2 3 -0.0217995 0.8800501 -0.0206115 0 0.8 0 0.0217995 0.08005005 0.0206115 4.845104 0.08548721 0 1 0 1
324 1 2 3 -0.021942 0.8800501 -0.020457 0 0.8 0 0.021942 0.08005005 0.020457 4.849501 0.08548655 0 1 0 1
324 1 2 3 -0.022086 0.8800501 -0.020304 0 0.8 0 0.022086 0.08005005 0.020304 4.854078 0.08548716 0 1 0 1
324 1 2 3 -0.022227 0.8800501 -0.020148 0 0.8 0 0.022227 0.08005005 0.020148 4.858273 0.0854868 0 1 0 1
324 1 2 3 -0.022368 0.8800501 -0.019992 0 0.8 0 0.022368 0.08005005 0.019992 4.874844 0.08548695 0 1 0 1
324 1 2 3 -0.0225075 0.8800501 -0.019836 0 0.8 0 0.0225075 0.08005005 0.019836 4.880077 0.08548722 0 1 0 1
324 1 2 3 -0.0226455 0.8800501 -0.019677 0 0.8 0 0.0226455 0.08005005 0.019677 4.890724 0.08548692 0 1 0 1
324 1 2 3 -0.022782 0.8800501 -0.019518 0 0.8 0 0.022782 0.08005005 0.019518 4.907316 0.08548674 0 1 0 1
324 1 2 3 -0.0229185 0.8800501 -0.019359 0 0.8 0 0.0229185 0.08005005 0.019359 4.912683 0.08548707 0 1 0 1
324 1 2 3 -0.0230535 0.8800501 -0.019197 0 0.8 0 0.0230535 0.08005005 0.019197 4.917475 0.08548684 0 1 0 1
324 1 2 3 -0.023187 0.8800501 -0.019035 0 0.8 0 0.023187 0.08005005 0.019035 4.922319 0.08548672 0 1 0 1
324 1 2 3 -0.0233205 0.8800501 -0.018873 0 0.8 0 0.0233205 0.08005005 0.018873 4.939566 0.08548711 0 1 0 1
324 1 2 3 -0.023451 0.8800501 -0.0187095 0 0.8 0 0.023451 0.08005005 0.0187095 4.944923 0.08548687 0 1 0 1
324 1 2 3 -0.0235815 0.8800501 -0.0185445 0 0.8 0 0.0235815 0.08005005 0.0185445 4.950279 0.08548682 0 1 0 1
324 1 2 3 -0.0237105 0.8800501 -0.0183795 0 0.8 0 0.0237105 0.08005005 0.0183795 4.966846 0.08548687 0 1 0 1
324 1 2 3 -0.0238395 0.8800501 -0.018213 0 0.8 0 0.0238395 0.08005005 0.018213 4.973635 0.08548711 0 1 0 1
324 1 2 3 -0.0239655 0.8800501 -0.018045 0 0.8 0 0.0239655 0.08005005 0.018045 4.983414 0.08548671 0 1 0 1
324 1 2 3 -0.0240915 0.8800501 -0.017877 0 0.8 0 0.0240915 0.08005005 0.017877 4.999989 0.08548683 0 1 0 1
324 1 2 3 -0.024216 0.8800501 -0.0177075 0 0.8 0 0.024216 0.08005005 0.0177075 5.005402 0.08548673 0 1 0 1
324 1 2 3 -0.024339 0.8800501 -0.017538 0 0.8 0 0.024339 0.08005005 0.017538 5.009722 0.08548672 0 1 0 1
324 1 2 3 -0.024462 0.8800501 -0.017367 0 0.8 0 0.024462 0.08005005 0.017367 5.014265 0.08548692 0 1 0 1
324 1 2 3 -0.0245835 0.8800501 -0.017196 0 0.8 0 0.0245835 0.08005005 0.017196 5.030832 0.0854872 0 1 0 1
324 1 2 3 -0.024702 0.8800501 -0.0170235 0 0.8 0 0.024702 0.08005005 0.0170235 5.036654 0.08548684 0 1 0 1
324 1 2 3 -0.0248205 0.8800501 -0.0168495 0 0.8 0 0.0248205 0.08005005 0.0168495 5.047199 0.08548669 0 1 0 1
324 1 2 3 -0.024939 0.8800501 -0.0166755 0 0.8 0 0.024939 0.08005005 0.0166755 5.063766 0.08548705 0 1 0 1
324 1 2 3 -0.0250545 0.8800501 -0.0165 0 0.8 0 0.0250545 0.08005005 0.0165 5.06879 0.08548678 0 1 0 1
324 1 2 3 -0.02517 0.8800501 -0.0163245 0 0.8 0 0.02517 0.08005005 0.0163245 5.07374 0.08548701 0 0 0 1
324 1 2 3 -0.0252825 0.8800501 -0.016149 0 0.8 0 0.0252825 0.08005005 0.016149 5.078238 0.08548687 0 0 0 1
324 1 2 3 -0.025395 0.8800501 -0.0159705 0 0.8 0 0.025395 0.08005005 0.0159705 5.095051 0.08548669 0 0 0 1
324 1 2 3 -0.025506 0.8800501 -0.015792 0 0.8 0 0.025506 0.08005005 0.015792 5.100367 0.08548658 0 0 0 1
324 1 2 3 -0.025617 0.8800501 -0.0156135 0 0.8 0 0.025617 0.08005005 0.0156135 5.104719 0.08548697 0 0 0 1
324 1 2 3 -0.025725 0.8800501 -0.0154335 0 0.8 0 0.025725 0.08005005 0.0154335 5.109289 0.08548672 0 0 0 1
324 1 2 3 -0.025833 0.8800501 -0.0152535 0 0.8 0 0.025833 0.08005005 0.0152535 5.126074 0.08548698 0 0 0 1
324 1 2 3 -0.0259395 0.8800501 -0.015072 0 0.8 0 0.0259395 0.08005005 0.015072 5.131765 0.08548704 0 0 0 1
324 1 2 3 -0.026043 0.8800501 -0.0148905 0 0.8 0 0.026043 0.08005005 0.0148905 5.14893 0.0854867 0 0 0 1
324 1 2 3 -0.026148 0.8800501 -0.0147075 0 0.8 0 0.026148 0.08005005 0.0147075 5.154039 0.08548707 0 0 0 1
324 1 2 3 -0.02625 0.8800501 -0.0145245 0 0.8 0 0.02625 0.08005005 0.0145245 5.16025 0.08548704 0 0 0 1
324 1 2 3 -0.0263505 0.8800501 -0.01434 0 0.8 0 0.0263505 0.08005005 0.01434 5.164761 0.08548681 0 0 0 1
324 1 2 3 -0.026451 0.8800501 -0.0141555 0 0.8 0 0.026451 0.08005005 0.0141555 5.169935 0.0854871 0 0 0 1
324 1 2 3 -0.0265485 0.8800501 -0.0139695 0 0.8 0 0.0265485 0.08005005 0.0139695 5.186668 0.08548672 0 0 0 1
324 1 2 3 -0.026646 0.8800501 -0.0137835 0 0.8 0 0.026646 0.08005005 0.0137835 5.197981 0.08548687 0 0 0 1
324 1 2 3 -0.026742 0.8800501 -0.0135975 0 0.8 0 0.026742 0.08005005 0.0135975 5.202946 0.08548706 0 0 0 1
324 1 2 3 -0.0268365 0.8800501 -0.01341 0 0.8 0 0.0268365 0.08005005 0.01341 5.219513 0.08548705 0 0 0 1
324 1 2 3 -0.0269295 0.8800501 -0.013221 0 0.8 0 0.0269295 0.08005005 0.013221 5.224949 0.08548686 0 0 0 1
324 1 2 3 -0.027021 0.8800501 -0.013032 0 0.8 0 0.027021 0.08005005 0.013032 5.229895 0.08548672 0 0 0 1
324 1 2 3 -0.0271125 0.8800501 -0.012843 0 0.8 0 0.0271125 0.08005005 0.012843 5.235035 0.08548708 0 0 0 1
324 1 2 3 -0.027201 0.8800501 -0.0126525 0 0.8 0 0.027201 0.08005005 0.0126525 5.251934 0.08548678 0 0 0 1
324 1 2 3 -0.0272895 0.8800501 -0.012462 0 0.8 0 0.0272895 0.08005005 0.012462 5.257456 0.08548701 0 0 0 1
324 1 2 3 -0.027375 0.8800501 -0.0122715 0 0.8 0 0.027375 0.08005005 0.0122715 5.262213 0.08548678 0 0 0 1
324 1 2 3 -0.0274605 0.8800501 -0.0120795 0 0.8 0 0.0274605 0.08005005 0.0120795 5.278782 0.08548687 0 0 0 1
324 1 2 3 -0.0275445 0.8800501 -0.011886 0 0.8 0 0.0275445 0.08005005 0.011886 5.284384 0.08548677 0 0 0 1
324 1 2 3 -0.027627 0.8800501 -0.011694 0 0.8 0 0.027627 0.08005005 0.011694 5.294346 0.08548691 0 0 0 1
324 1 2 3 -0.027708 0.8800501 -0.011499 0 0.8 0 0.027708 0.08005005 0.011499 5.310915 0.08548667 0 0 0 1
324 1 2 3 -0.027789 0.8800501 -0.0113055 0 0.8 0 0.027789 0.08005005 0.0113055 5.316299 0.08548716 0 0 0 1
324 1 2 3 -0.027867 0.8800501 -0.0111105 0 0.8 0 0.027867 0.08005005 0.0111105 5.321178 0.08548698 0 0 0 1
324 1 2 3 -0.0279435 0.8800501 -0.0109155 0 0.8 0 0.0279435 0.08005005 0.0109155 5.325764 0.08548683 0 0 0 1
324 1 2 3 -0.02802 0.8800501 -0.010719 0 0.8 0 0.02802 0.08005005 0.010719 5.342331 0.08548701 0 0 0 1
324 1 2 3 -0.0280935 0.8800501 -0.0105225 0 0.8 0 0.0280935 0.08005005 0.0105225 5.34787 0.08548672 0 0 0 1
324 1 2 3 -0.028167 0.8800501 -0.010326 0 0.8 0 0.028167 0.08005005 0.010326 5.358007 0.08548694 0 0 0 1
324 1 2 3 -0.028239 0.8800501 -0.010128 0 0.8 0 0.028239 0.08005005 0.010128 5.374577 0.08548701 0 0 0 1
324 1 2 3 -0.028308 0.8800501 -0.00993 0 0.8 0 0.028308 0.08005005 0.00993 5.380465 0.0854866 0 0 0 1
324 1 2 3 -0.028377 0.8800501 -0.009732001 0 0.8 0 0.028377 0.08005005 0.009732001 5.385515 0.0854867 0 0 0 1
324 1 2 3 -0.0284445 0.8800501 -0.009533999 0 0.8 0 0.0284445 0.08005005 0.009533999 5.390654 0.08548683 0 0 0 1
324 1 2 3 -0.0285105 0.8800501 -0.0093345 0 0.8 0 0.0285105 0.08005005 0.0093345 5.407223 0.0854868 0 0 0 1
324 1 2 3 -0.028575 0.8800501 -0.009134999 0 0.8 0 0.028575 0.08005005 0.009134999 5.41255 0.08548678 0 0 0 1
324 1 2 3 -0.0286395 0.8800501 -0.008934001 0 0.8 0 0.0286395 0.08005005 0.008934001 5.417482 0.08548712 0 0 0 1
324 1 2 3 -0.028701 0.8800501 -0.008733001 0 0.8 0 0.028701 0.08005005 0.008733001 5.422466 0.08548698 0 0 0 1
324 1 2 3 -0.028761 0.8800501 -0.008532 0 0.8 0 0.028761 0.08005005 0.008532 5.439161 0.08548684 0 0 0 1
324 1 2 3 -0.0288195 0.8800501 -0.008331 0 0.8 0 0.0288195 0.08005005 0.008331 5.444096 0.08548672 0 0 0 1
324 1 2 3 -0.028878 0.8800501 -0.0081285 0 0.8 0 0.028878 0.08005005 0.0081285 5.453302 0.08548697 0 0 0 1
324 1 2 3 -0.0289335 0.8800501 -0.007926 0 0.8 0 0.0289335 0.08005005 0.007926 5.46987 0.08548672 0 0 0 1
324 1 2 3 -0.028989 0.8800501 -0.0077235 0 0.8 0 0.028989 0.08005005 0.0077235 5.475218 0.08548699 0 0 0 1
324 1 2 3 -0.0290415 0.8800501 -0.007521 0 0.8 0 0.0290415 0.08005005 0.007521 5.480391 0.08548675 0 0 0 1
324 1 2 3 -0.029094 0.8800501 -0.007317 0 0.8 0 0.029094 0.08005005 0.007317 5.484768 0.0854869 0 0 0 1
324 1 2 3 -0.029145 0.8800501 -0.007112999 0 0.8 0 0.029145 0.08005005 0.007112999 5.501797 0.08548705 0 0 0 1
324 1 2 3 -0.029193 0.8800501 -0.006909 0 0.8 0 0.029193 0.08005005 0.006909 5.512589 0.0854867 0 0 0 1
324 1 2 3 -0.029241 0.8800501 -0.006705 0 0.8 0 0.029241 0.08005005 0.006705 5.529158 0.08548687 0 0 0 1
324 1 2 3 -0.0292875 0.8800501 -0.0064995 0 0.8 0 0.0292875 0.08005005 0.0064995 5.53731 0.08548691 0 0 0 1
324 1 2 3 -0.0293325 0.8800501 -0.006294 0 0.8 0 0.0293325 0.08005005 0.006294 5.544867 0.08548696 0 0 0 1
324 1 2 3 -0.029376 0.8800501 -0.0060885 0 0.8 0 0.029376 0.08005005 0.0060885 5.561438 0.08548702 0 0 0 1
324 1 2 3 -0.029418 0.8800501 -0.005883 0 0.8 0 0.029418 0.08005005 0.005883 5.569525 0.08548707 0 0 0 1
324 1 2 3 -0.0294585 0.8800501 -0.0056775 0 0.8 0 0.0294585 0.08005005 0.0056775 5.578146 0.08548712 0 0 0 1
324 1 2 3 -0.0294975 0.8800501 -0.0054705 0 0.8 0 0.0294975 0.08005005 0.0054705 5.594713 0.08548707 0 0 0 1
324 1 2 3 -0.029535 0.8800501 -0.005265 0 0.8 0 0.029535 0.08005005 0.005265 5.604008 0.08548712 0 0 0 1
324 1 2 3 -0.029571 0.8800501 -0.005058 0 0.8 0 0.029571 0.08005005 0.005058 5.621477 0.08548706 0 0 0 1
324 1 2 3 -0.0296055 0.8800501 -0.004851 0 0.8 0 0.0296055 0.08005005 0.004851 5.629625 0.08548701 0 0 0 1
324 1 2 3 -0.0296385 0.8800501 -0.0046425 0 0.8 0 0.0296385 0.08005005 0.0046425 5.637638 0.08548687 0 0 0 1
324 1 2 3 -0.02967 0.8800501 -0.0044355 0 0.8 0 0.02967 0.08005005 0.0044355 5.65456 0.0854868 0 0 0 1
324 1 2 3 -0.0297 0.8800501 -0.004227 0 0.8 0 0.0297 0.08005005 0.004227 5.662672 0.08548666 0 0 0 1
324 1 2 3 -0.02973 0.8800501 -0.00402 0 0.8 0 0.02973 0.08005005 0.00402 5.670841 0.0854871 0 0 0 1
324 1 2 3 -0.029757 0.8800501 -0.0038115 0 0.8 0 0.029757 0.08005005 0.0038115 5.688707 0.08548694 0 0 0 1
324 1 2 3 -0.0297825 0.8800501 -0.003603 0 0.8 0 0.0297825 0.08005005 0.003603 5.696924 0.08548678 0 0 0 1
324 1 2 3 -0.029808 0.8800501 -0.0033945 0 0.8 0 0.029808 0.08005005 0.0033945 5.713493 0.08548713 0 0 0 1
324 1 2 3 -0.0298305 0.8800501 -0.003186 0 0.8 0 0.0298305 0.08005005 0.003186 5.722265 0.08548696 0 0 0 1
324 1 2 3 -0.0298515 0.8800501 -0.0029775 0 0.8 0 0.0298515 0.08005005 0.0029775 5.730238 0.08548677 0 0 0 1
324 1 2 3 -0.0298725 0.8800501 -0.0027675 0 0.8 0 0.0298725 0.08005005 0.0027675 5.746805 0.08548705 0 0 0 1
324 1 2 3 -0.0298905 0.8800501 -0.002559 0 0.8 0 0.0298905 0.08005005 0.002559 5.752077 0.08548684 0 0 0 1
324 1 2 3 -0.0299085 0.8800501 -0.002349 0 0.8 0 0.0299085 0.08005005 0.002349 5.756853 0.08548711 0 0 0 1
324 1 2 3 -0.0299235 0.8800501 -0.0021405 0 0.8 0 0.0299235 0.08005005 0.0021405 5.765909 0.08548689 0 0 0 1
324 1 2 3 -0.0299385 0.8800501 -0.0019305 0 0.8 0 0.0299385 0.08005005 0.0019305 5.782478 0.08548714 0 0 0 1
324 1 2 3 -0.0299505 0.8800501 -0.0017205 0 0.8 0 0.0299505 0.08005005 0.0017205 5.788248 0.08548686 0 0 0 1
324 1 2 3 -0.0299625 0.8800501 -0.0015105 0 0.8 0 0.0299625 0.08005005 0.0015105 5.792696 0.0854871 0 0 0 1
324 1 2 3 -0.0299715 0.8800501 -0.001302 0 0.8 0 0.0299715 0.08005005 0.001302 5.796761 0.08548682 0 0 0 1
324 1 2 3 -0.0299805 0.8800501 -0.001092 0 0.8 0 0.0299805 0.08005005 0.001092 5.813507 0.08548704 0 0 0 1
324 1 2 3 -0.0299865 0.8800501 -0.000882 0 0.8 0 0.0299865 0.08005005 0.000882 5.819307 0.08548672 0 0 0 1
324 1 2 3 -0.0299925 0.8800501 -0.000672 0 0.8 0 0.0299925 0.08005005 0.000672 5.824751 0.08548691 0 0 0 1
324 1 2 3 -0.029997 0.8800501 -0.000462 0 0.8 0 0.029997 0.08005005 0.000462 5.84132 0.0854871 0 0 0 1
324 1 2 3 -0.0299985 0.8800501 -0.000252 0 0.8 0 0.0299985 0.08005005 0.000252 5.846737 0.08548675 0 0 0 1
324 1 2 3 -0.03 0.8800501 -4.2E-05 0 0.8 0 0.03 0.08005005 4.2E-05 5.851307 0.08548691 0 0 0 1
324 1 2 3 -0.03 0.8800501 0.000168 0 0.8 0 0.03 0.08005005 0.000168 5.855709 0.08548707 0 0 0 1
324 1 2 3 -0.029997 0.8800501 0.000378 0 0.8 0 0.029997 0.08005005 0.000378 5.860241 0.08548669 0 0 0 1
324 1 2 3 -0.029994 0.8800501 0.000588 0 0.8 0 0.029994 0.08005005 0.000588 5.87681 0.08548682 0 0 0 1
324 1 2 3 -0.0299895 0.8800501 0.000798 0 0.8 0 0.0299895 0.08005005 0.000798 5.882032 0.08548694 0 0 0 1
324 1 2 3 -0.0299835 0.8800501 0.001008 0 0.8 0 0.0299835 0.08005005 0.001008 5.88744 0.08548706 0 0 0 1
324 1 2 3 -0.029976 0.8800501 0.001218 0 0.8 0 0.029976 0.08005005 0.001218 5.904009 0.08548716 0 0 0 1
324 1 2 3 -0.0299655 0.8800501 0.001428 0 0.8 0 0.0299655 0.08005005 0.001428 5.909224 0.08548673 0 0 0 1
324 1 2 3 -0.029955 0.8800501 0.001638 0 0.8 0 0.029955 0.08005005 0.001638 5.919861 0.08548681 0 0 0 1
324 1 2 3 -0.029943 0.8800501 0.0018465 0 0.8 0 0.029943 0.08005005 0.0018465 5.93643 0.08548686 0 0 0 1
324 1 2 3 -0.0299295 0.8800501 0.0020565 0 0.8 0 0.0299295 0.08005005 0.0020565 5.941811 0.08548693 0 0 0 1
324 1 2 3 -0.0299145 0.8800501 0.0022665 0 0.8 0 0.0299145 0.08005005 0.0022665 5.946743 0.08548699 0 0 0 1
324 1 2 3 -0.029898 0.8800501 0.002475 0 0.8 0 0.029898 0.08005005 0.002475 5.951385 0.085487 0 0 0 1
324 1 2 3 -0.02988 0.8800501 0.002685 0 0.8 0 0.02988 0.08005005 0.002685 5.967953 0.08548704 0 0 0 1
324 1 2 3 -0.0298605 0.8800501 0.0028935 0 0.8 0 0.0298605 0.08005005 0.0028935 5.973562 0.08548703 0 0 0 1
324 1 2 3 -0.0298395 0.8800501 0.0031035 0 0.8 0 0.0298395 0.08005005 0.0031035 5.978073 0.08548707 0 0 0 1
324 1 2 3 -0.029817 0.8800501 0.003312 0 0.8 0 0.029817 0.08005005 0.003312 5.982565 0.08548704 0 0 0 1
324 1 2 3 -0.029793 0.8800501 0.0035205 0 0.8 0 0.029793 0.08005005 0.0035205 5.999134 0.085487 0 0 0 1
324 1 2 3 -0.0297675 0.8800501 0.003729 0 0.8 0 0.0297675 0.08005005 0.003729 6.005167 0.08548696 0 0 0 1
324 1 2 3 -0.0297405 0.8800501 0.0039375 0 0.8 0 0.0297405 0.08005005 0.0039375 6.009396 0.08548691 0 0 0 1
324 1 2 3 -0.029712 0.8800501 0.0041445 0 0.8 0 0.029712 0.08005005 0.0041445 6.014139 0.08548678 0 0 0 1
324 1 2 3 -0.029682 0.8800501 0.004353 0 0.8 0 0.029682 0.08005005 0.004353 6.030708 0.08548672 0 0 0 1
324 1 2 3 -0.029652 0.8800501 0.00456 0 0.8 0 0.029652 0.08005005 0.00456 6.036583 0.0854871 0 0 0 1
324 1 2 3 -0.029619 0.8800501 0.0047685 0 0.8 0 0.029619 0.08005005 0.0047685 6.041643 0.08548705 0 0 0 1
324 1 2 3 -0.0295845 0.8800501 0.0049755 0 0.8 0 0.0295845 0.08005005 0.0049755 6.04616 0.0854869 0 0 0 1
324 1 2 3 -0.0295485 0.8800501 0.0051825 0 0.8 0 0.0295485 0.08005005 0.0051825 6.063089 0.08548674 0 0 0 1
324 1 2 3 -0.0295125 0.8800501 0.0053895 0 0.8 0 0.0295125 0.08005005 0.0053895 6.068588 0.0854871 0 0 0 1
324 1 2 3 -0.0294735 0.8800501 0.005595 0 0.8 0 0.0294735 0.08005005 0.005595 6.077698 0.08548685 0 0 0 1
324 1 2 3 -0.029433 0.8800501 0.005802 0 0.8 0 0.029433 0.08005005 0.005802 6.094275 0.0854867 0 0 0 1
324 1 2 3 -0.0293925 0.8800501 0.0060075 0 0.8 0 0.0293925 0.08005005 0.0060075 6.099609 0.08548696 0 0 0 1
324 1 2 3 -0.029349 0.8800501 0.006213 0 0.8 0 0.029349 0.08005005 0.006213 6.10533 0.0854867 0 0 0 1
324 1 2 3 -0.0293055 0.8800501 0.0064185 0 0.8 0 0.0293055 0.08005005 0.0064185 6.109941 0.08548696 0 0 0 1
324 1 2 3 -0.029259 0.8800501 0.006624 0 0.8 0 0.029259 0.08005005 0.006624 6.126511 0.0854867 0 0 0 1
324 1 2 3 -0.0292125 0.8800501 0.006828 0 0.8 0 0.0292125 0.08005005 0.006828 6.132149 0.08548686 0 0 0 1
324 1 2 3 -0.0291645 0.8800501 0.007032 0 0.8 0 0.0291645 0.08005005 0.007032 6.137003 0.085487 0 0 0 1
324 1 2 3 -0.0291135 0.8800501 0.007236 0 0.8 0 0.0291135 0.08005005 0.007236 6.153574 0.08548664 0 0 0 1
324 1 2 3 -0.0290625 0.8800501 0.00744 0 0.8 0 0.0290625 0.08005005 0.00744 6.158743 0.0854868 0 0 0 1
324 1 2 3 -0.02901 0.8800501 0.0076425 0 0.8 0 0.02901 0.08005005 0.0076425 6.163948 0.08548683 0 0 0 1
324 1 2 3 -0.028956 0.8800501 0.0078465 0 0.8 0 0.028956 0.08005005 0.0078465 6.168467 0.08548701 0 0 0 1
324 1 2 3 -0.0289005 0.8800501 0.008049 0 0.8 0 0.0289005 0.08005005 0.008049 6.185064 0.08548705 0 0 0 1
324 1 2 3 -0.0288435 0.8800501 0.00825 0 0.8 0 0.0288435 0.08005005 0.00825 6.190533 0.08548696 0 0 0 1
324 1 2 3 -0.028785 0.8800501 0.008452499 0 0.8 0 0.028785 0.08005005 0.008452499 6.195383 0.08548703 0 0 0 1
324 1 2 3 -0.028725 0.8800501 0.0086535 0 0.8 0 0.028725 0.08005005 0.0086535 6.199545 0.08548696 0 0 0 1
324 1 2 3 -0.0286635 0.8800501 0.0088545 0 0.8 0 0.0286635 0.08005005 0.0088545 6.216114 0.0854869 0 0 0 1
324 1 2 3 -0.0286005 0.8800501 0.0090555 0 0.8 0 0.0286005 0.08005005 0.0090555 6.222008 0.08548685 0 0 0 1
324 1 2 3 -0.0285375 0.8800501 0.009254999 0 0.8 0 0.0285375 0.08005005 0.009254999 6.232489 0.08548716 0 0 0 1
324 1 2 3 -0.0284715 0.8800501 0.0094545 0 0.8 0 0.0284715 0.08005005 0.0094545 6.249058 0.08548699 0 0 0 1
324 1 2 3 -0.028404 0.8800501 0.009654 0 0.8 0 0.028404 0.08005005 0.009654 6.2544 0.08548683 0 0 0 1
324 1 2 3 -0.0283365 0.8800501 0.009852001 0 0.8 0 0.0283365 0.08005005 0.009852001 6.259155 0.08548702 0 0 0 1
324 1 2 3 -0.028266 0.8800501 0.01005 0 0.8 0 0.028266 0.08005005 0.01005 6.26362 0.08548672 0 0 0 1
324 1 2 3 -0.0281955 0.8800501 0.010248 0 0.8 0 0.0281955 0.08005005 0.010248 6.280573 0.08548695 0 0 0 1
324 1 2 3 -0.0281235 0.8800501 0.0104445 0 0.8 0 0.0281235 0.08005005 0.0104445 6.286705 0.08548702 0 0 0 1
324 1 2 3 -0.0280485 0.8800501 0.010641 0 0.8 0 0.0280485 0.08005005 0.010641 6.29233 0.08548661 0 0 0 1
324 1 2 3 -0.0279735 0.8800501 0.0108375 0 0.8 0 0.0279735 0.08005005 0.0108375 6.297041 0.08548672 0 0 0 1
324 1 2 3 -0.027897 0.8800501 0.0110325 0 0.8 0 0.027897 0.08005005 0.0110325 6.313944 0.08548667 0 0 0 1
324 1 2 3 -0.027819 0.8800501 0.0112275 0 0.8 0 0.027819 0.08005005 0.0112275 6.31953 0.08548664 0 0 0 1
324 1 2 3 -0.027741 0.8800501 0.0114225 0 0.8 0 0.027741 0.08005005 0.0114225 6.324142 0.08548712 0 0 0 1
324 1 2 3 -0.02766 0.8800501 0.011616 0 0.8 0 0.02766 0.08005005 0.011616 6.328627 0.08548695 0 0 0 1
324 1 2 3 -0.0275775 0.8800501 0.0118095 0 0.8 0 0.0275775 0.08005005 0.0118095 6.345196 0.08548681 0 0 0 1
324 1 2 3 -0.027495 0.8800501 0.012003 0 0.8 0 0.027495 0.08005005 0.012003 6.350161 0.08548718 0 0 0 1
324 1 2 3 -0.0274095 0.8800501 0.012195 0 0.8 0 0.0274095 0.08005005 0.012195 6.355257 0.0854869 0 0 0 1
324 1 2 3 -0.027324 0.8800501 0.012387 0 0.8 0 0.027324 0.08005005 0.012387 6.359461 0.08548713 0 0 0 1
324 1 2 3 -0.0272355 0.8800501 0.0125775 0 0.8 0 0.0272355 0.08005005 0.0125775 6.37627 0.0854867 0 0 0 1
324 1 2 3 -0.027147 0.8800501 0.012768 0 0.8 0 0.027147 0.08005005 0.012768 6.381725 0.0854868 0 0 0 1
324 1 2 3 -0.027057 0.8800501 0.012957 0 0.8 0 0.027057 0.08005005 0.012957 6.398294 0.0854867 0 0 0 1
324 1 2 3 -0.0269655 0.8800501 0.013146 0 0.8 0 0.0269655 0.08005005 0.013146 6.403502 0.08548664 0 0 0 1
324 1 2 3 -0.026874 0.8800501 0.013335 0 0.8 0 0.026874 0.08005005 0.013335 6.40984 0.0854871 0 0 0 1
324 1 2 3 -0.0267795 0.8800501 0.0135225 0 0.8 0 0.0267795 0.08005005 0.0135225 6.415197 0.0854869 0 0 0 1
324 1 2 3 -0.0266835 0.8800501 0.01371 0 0.8 0 0.0266835 0.08005005 0.01371 6.420143 0.08548675 0 0 0 1
324 1 2 3 -0.0265875 0.8800501 0.013896 0 0.8 0 0.0265875 0.08005005 0.013896 6.436712 0.08548687 0 0 0 1
324 1 2 3 -0.02649 0.8800501 0.014082 0 0.8 0 0.02649 0.08005005 0.014082 6.442093 0.08548704 0 0 0 1
324 1 2 3 -0.026391 0.8800501 0.0142665 0 0.8 0 0.026391 0.08005005 0.0142665 6.446831 0.08548701 0 0 0 1
324 1 2 3 -0.0262905 0.8800501 0.014451 0 0.8 0 0.0262905 0.08005005 0.014451 6.451714 0.08548703 0 0 0 1
324 1 2 3 -0.0261885 0.8800501 0.0146355 0 0.8 0 0.0261885 0.08005005 0.0146355 6.468792 0.08548711 0 0 0 1
324 1 2 3 -0.026085 0.8800501 0.0148185 0 0.8 0 0.026085 0.08005005 0.0148185 6.474611 0.08548699 0 0 0 1
324 1 2 3 -0.02598 0.8800501 0.015 0 0.8 0 0.02598 0.08005005 0.015 6.479134 0.08548667 0 0 0 1
324 1 2 3 -0.025875 0.8800501 0.0151815 0 0.8 0 0.025875 0.08005005 0.0151815 6.48366 0.08548687 0 0 0 1
324 1 2 3 -0.0257685 0.8800501 0.015363 0 0.8 0 0.0257685 0.08005005 0.015363 6.500635 0.08548712 0 0 0 1
324 1 2 3 -0.0256605 0.8800501 0.015543 0 0.8 0 0.0256605 0.08005005 0.015543 6.50598 0.08548717 0 0 0 1
324 1 2 3 -0.025551 0.8800501 0.0157215 0 0.8 0 0.025551 0.08005005 0.0157215 6.511038 0.08548702 0 0 0 1
324 1 2 3 -0.02544 0.8800501 0.0159 0 0.8 0 0.02544 0.08005005 0.0159 6.515614 0.08548693 0 0 0 1
324 1 2 3 -0.0253275 0.8800501 0.0160785 0 0.8 0 0.0253275 0.08005005 0.0160785 6.532946 0.0854869 0 0 0 1
324 1 2 3 -0.025215 0.8800501 0.0162555 0 0.8 0 0.025215 0.08005005 0.0162555 6.538765 0.08548712 0 0 0 1
324 1 2 3 -0.025101 0.8800501 0.016431 0 0.8 0 0.025101 0.08005005 0.016431 6.555416 0.08548713 0 0 0 1
324 1 2 3 -0.024984 0.8800501 0.0166065 0 0.8 0 0.024984 0.08005005 0.0166065 6.560886 0.08548676 0 0 0 1
324 1 2 3 -0.0248685 0.8800501 0.0167805 0 0.8 0 0.0248685 0.08005005 0.0167805 6.565571 0.08548706 0 1 0 1
324 1 2 3 -0.02475 0.8800501 0.0169545 0 0.8 0 0.02475 0.08005005 0.0169545 6.570396 0.08548701 0 1 0 1
324 1 2 3 -0.02463 0.8800501 0.017127 0 0.8 0 0.02463 0.08005005 0.017127 6.575369 0.08548673 0 1 0 1
324 1 2 3 -0.02451 0.8800501 0.0172995 0 0.8 0 0.02451 0.08005005 0.0172995 6.592014 0.08548698 0 1 0 1
324 1 2 3 -0.0243885 0.8800501 0.0174705 0 0.8 0 0.0243885 0.08005005 0.0174705 6.598217 0.08548701 0 1 0 1
324 1 2 3 -0.0242655 0.8800501 0.01764 0 0.8 0 0.0242655 0.08005005 0.01764 6.602962 0.08548681 0 1 0 1
324 1 2 3 -0.024141 0.8800501 0.0178095 0 0.8 0 0.024141 0.08005005 0.0178095 6.607882 0.0854867 0 1 0 1
324 1 2 3 -0.0240165 0.8800501 0.017979 0 0.8 0 0.0240165 0.08005005 0.017979 6.624487 0.08548712 0 1 0 1
324 1 2 3 -0.023889 0.8800501 0.018147 0 0.8 0 0.023889 0.08005005 0.018147 6.630016 0.08548689 0 1 0 1
324 1 2 3 -0.0237615 0.8800501 0.0183135 0 0.8 0 0.0237615 0.08005005 0.0183135 6.63538 0.08548687 0 1 0 1
324 1 2 3 -0.0236325 0.8800501 0.0184785 0 0.8 0 0.0236325 0.08005005 0.0184785 6.640335 0.08548661 0 1 0 1
324 1 2 3 -0.0235035 0.8800501 0.0186435 0 0.8 0 0.0235035 0.08005005 0.0186435 6.656904 0.08548687 0 1 0 1
324 1 2 3 -0.0233715 0.8800501 0.0188085 0 0.8 0 0.0233715 0.08005005 0.0188085 6.662224 0.08548683 0 1 0 1
324 1 2 3 -0.0232395 0.8800501 0.0189705 0 0.8 0 0.0232395 0.08005005 0.0189705 6.667341 0.08548664 0 1 0 1
324 1 2 3 -0.023106 0.8800501 0.019134 0 0.8 0 0.023106 0.08005005 0.019134 6.672663 0.08548689 0 1 0 1
324 1 2 3 -0.0229725 0.8800501 0.0192945 0 0.8 0 0.0229725 0.08005005 0.0192945 6.689598 0.08548698 0 1 0 1
324 1 2 3 -0.022836 0.8800501 0.019455 0 0.8 0 0.022836 0.08005005 0.019455 6.695227 0.08548678 0 1 0 1
324 1 2 3 -0.0226995 0.8800501 0.019614 0 0.8 0 0.0226995 0.08005005 0.019614 6.711794 0.08548677 0 1 0 1
324 1 2 3 -0.0225615 0.8800501 0.019773 0 0.8 0 0.0225615 0.08005005 0.019773 6.717886 0.08548686 0 1 0 1
324 1 2 3 -0.0224235 0.8800501 0.0199305 0 0.8 0 0.0224235 0.08005005 0.0199305 6.723492 0.08548713 0 1 0 1
324 1 2 3 -0.0222825 0.8800501 0.0200865 0 0.8 0 0.0222825 0.08005005 0.0200865 6.728563 0.08548677 0 1 0 1
324 1 2 3 -0.0221415 0.8800501 0.0202425 0 0.8 0 0.0221415 0.08005005 0.0202425 6.733105 0.08548693 0 1 0 1
324 1 2 3 -0.021999 0.8800501 0.020397 0 0.8 0 0.021999 0.08005005 0.020397 6.749672 0.08548687 0 1 0 1
324 1 2 3 -0.0218565 0.8800501 0.02055 0 0.8 0 0.0218565 0.08005005 0.02055 6.755457 0.08548696 0 1 0 1
324 1 2 3 -0.0217125 0.8800501 0.020703 0 0.8 0 0.0217125 0.08005005 0.020703 6.76046 0.08548718 0 1 0 1
324 1 2 3 -0.021567 0.8800501 0.0208545 0 0.8 0 0.021567 0.08005005 0.0208545 6.765377 0.08548717 0 1 0 1
324 1 2 3 -0.02142 0.8800501 0.0210045 0 0.8 0 0.02142 0.08005005 0.0210045 6.78363 0.08548693 0 1 0 1
324 1 2 3 -0.0212715 0.8800501 0.0211545 0 0.8 0 0.0212715 0.08005005 0.0211545 6.789608 0.08548684 0 1 0 1
324 1 2 3 -0.021123 0.8800501 0.021303 0 0.8 0 0.021123 0.08005005 0.021303 6.794523 0.0854869 0 1 0 1
324 1 2 3 -0.0209745 0.8800501 0.02145 0 0.8 0 0.0209745 0.08005005 0.02145 6.811092 0.08548709 0 1 0 1
324 1 2 3 -0.020823 0.8800501 0.0215955 0 0.8 0 0.020823 0.08005005 0.0215955 6.816183 0.08548669 0 1 0 1
324 1 2 3 -0.0206715 0.8800501 0.021741 0 0.8 0 0.0206715 0.08005005 0.021741 6.820536 0.0854868 0 1 0 1
324 1 2 3 -0.0205185 0.8800501 0.021885 0 0.8 0 0.0205185 0.08005005 0.021885 6.82513 0.08548668 0 1 0 1
324 1 2 3 -0.0203655 0.8800501 0.022029 0 0.8 0 0.0203655 0.08005005 0.022029 6.842226 0.08548708 0 1 0 1
324 1 2 3 -0.020211 0.8800501 0.02217 0 0.8 0 0.020211 0.08005005 0.02217 6.848087 0.08548687 0 1 0 1
324 1 2 3 -0.020055 0.8800501 0.022311 0 0.8 0 0.020055 0.08005005 0.022311 6.85833 0.08548681 0 1 0 1
324 1 2 3 -0.0198975 0.8800501 0.022452 0 0.8 0 0.0198975 0.08005005 0.022452 6.875593 0.08548692 0 1 0 1
324 1 2 3 -0.01974 0.8800501 0.02259 0 0.8 0 0.01974 0.08005005 0.02259 6.881048 0.08548676 0 1 0 1
324 1 2 3 -0.0195825 0.8800501 0.022728 0 0.8 0 0.0195825 0.08005005 0.022728 6.885761 0.08548711 0 1 0 1
324 1 2 3 -0.019422 0.8800501 0.0228645 0 0.8 0 0.019422 0.08005005 0.0228645 6.890913 0.0854869 0 1 0 1
324 1 2 3 -0.0192615 0.8800501 0.0229995 0 0.8 0 0.0192615 0.08005005 0.0229995 6.907482 0.0854868 0 1 0 1
324 1 2 3 -0.019101 0.8800501 0.0231345 0 0.8 0 0.019101 0.08005005 0.0231345 6.913013 0.08548722 0 1 0 1
324 1 2 3 -0.0189375 0.8800501 0.0232665 0 0.8 0 0.0189375 0.08005005 0.0232665 6.918211 0.08548667 0 1 0 1
324 1 2 3 -0.018774 0.8800501 0.0233985 0 0.8 0 0.018774 0.08005005 0.0233985 6.922358 0.08548663 0 1 0 1
324 1 2 3 -0.0186105 0.8800501 0.0235305 0 0.8 0 0.0186105 0.08005005 0.0235305 6.941769 0.08548711 0 1 0 1
324 1 2 3 -0.0184455 0.8800501 0.0236595 0 0.8 0 0.0184455 0.08005005 0.0236595 6.947531 0.08548696 0 1 0 1
324 1 2 3 -0.018279 0.8800501 0.0237885 0 0.8 0 0.018279 0.08005005 0.0237885 6.952682 0.08548699 0 1 0 1
324 1 2 3 -0.0181125 0.8800501 0.023916 0 0.8 0 0.0181125 0.08005005 0.023916 6.96925 0.08548713 0 1 0 1
324 1 2 3 -0.0179445 0.8800501 0.024042 0 0.8 0 0.0179445 0.08005005 0.024042 6.974449 0.08548704 0 1 0 1
324 1 2 3 -0.017775 0.8800501 0.0241665 0 0.8 0 0.017775 0.08005005 0.0241665 6.979439 0.08548673 0 1 0 1
324 1 2 3 -0.0176055 0.8800501 0.024291 0 0.8 0 0.0176055 0.08005005 0.024291 6.98415 0.08548694 0 1 0 1
324 1 2 3 -0.017436 0.8800501 0.0244125 0 0.8 0 0.017436 0.08005005 0.0244125 7.000717 0.08548681 0 1 0 1
324 1 2 3 -0.017265 0.8800501 0.024534 0 0.8 0 0.017265 0.08005005 0.024534 7.006054 0.08548689 0 1 0 1
324 1 2 3 -0.0170925 0.8800501 0.0246555 0 0.8 0 0.0170925 0.08005005 0.0246555 7.015602 0.08548718 0 1 0 1
324 1 2 3 -0.0169185 0.8800501 0.024774 0 0.8 0 0.0169185 0.08005005 0.024774 7.032171 0.08548683 0 1 0 1
324 1 2 3 -0.016746 0.8800501 0.024891 0 0.8 0 0.016746 0.08005005 0.024891 7.038214 0.08548684 0 1 0 1
324 1 2 3 -0.0165705 0.8800501 0.025008 0 0.8 0 0.0165705 0.08005005 0.025008 7.043554 0.0854868 0 1 0 1
324 1 2 3 -0.016395 0.8800501 0.0251235 0 0.8 0 0.016395 0.08005005 0.0251235 7.060921 0.08548682 0 1 0 0
324 1 2 3 -0.0162195 0.8800501 0.0252375 0 0.8 0 0.0162195 0.08005005 0.0252375 7.06632 0.08548693 0 1 0 0
324 1 2 3 -0.0160425 0.8800501 0.02535 0 0.8 0 0.0160425 0.08005005 0.02535 7.070791 0.08548681 0 1 0 0
324 1 2 3 -0.015864 0.8800501 0.0254625 0 0.8 0 0.015864 0.08005005 0.0254625 7.075695 0.08548693 0 1 0 0
324 1 2 3 -0.0156855 0.8800501 0.0255735 0 0.8 0 0.0156855 0.08005005 0.0255735 7.092669 0.08548713 0 1 0 0
324 1 2 3 -0.0155055 0.8800501 0.0256815 0 0.8 0 0.0155055 0.08005005 0.0256815 7.098009 0.08548667 0 1 0 0
324 1 2 3 -0.0153255 0.8800501 0.0257895 0 0.8 0 0.0153255 0.08005005 0.0257895 7.108698 0.08548672 0 1 0 0
324 1 2 3 -0.0151455 0.8800501 0.025896 0 0.8 0 0.0151455 0.08005005 0.025896 7.125265 0.08548684 0 1 0 0
324 1 2 3 -0.014964 0.8800501 0.0260025 0 0.8 0 0.014964 0.08005005 0.0260025 7.130409 0.0854872 0 1 0 0
324 1 2 3 -0.014781 0.8800501 0.026106 0 0.8 0 0.014781 0.08005005 0.026106 7.135784 0.08548691 0 1 0 0
324 1 2 3 -0.014598 0.8800501 0.0262095 0 0.8 0 0.014598 0.08005005 0.0262095 7.141151 0.08548713 0 1 0 0
324 1 2 3 -0.0144135 0.8800501 0.02631 0 0.8 0 0.0144135 0.08005005 0.02631 7.157722 0.0854867 0 1 0 0
324 1 2 3 -0.014229 0.8800501 0.0264105 0 0.8 0 0.014229 0.08005005 0.0264105 7.163219 0.08548678 0 1 0 0
324 1 2 3 -0.0140445 0.8800501 0.0265095 0 0.8 0 0.0140445 0.08005005 0.0265095 7.179771 0.08548691 0 1 0 0
324 1 2 3 -0.0138585 0.8800501 0.026607 0 0.8 0 0.0138585 0.08005005 0.026607 7.185024 0.08548684 0 1 0 0
324 1 2 3 -0.013671 0.8800501 0.026703 0 0.8 0 0.013671 0.08005005 0.026703 7.189976 0.08548659 0 1 0 0
324 1 2 3 -0.013485 0.8800501 0.026799 0 0.8 0 0.013485 0.08005005 0.026799 7.195112 0.08548709 0 1 0 0
324 1 2 3 -0.013296 0.8800501 0.026892 0 0.8 0 0.013296 0.08005005 0.026892 7.200233 0.08548669 0 1 0 0
324 1 2 3 -0.0131085 0.8800501 0.026985 0 0.8 0 0.0131085 0.08005005 0.026985 7.217213 0.08548704 0 1 0 0
324 1 2 3 -0.0129195 0.8800501 0.0270765 0 0.8 0 0.0129195 0.08005005 0.0270765 7.222637 0.0854872 0 1 0 0
324 1 2 3 -0.012729 0.8800501 0.027165 0 0.8 0 0.012729 0.08005005 0.027165 7.227825 0.0854867 0 1 0 0
324 1 2 3 -0.0125385 0.8800501 0.0272535 0 0.8 0 0.0125385 0.08005005 0.0272535 7.232967 0.08548671 0 1 0 0
324 1 2 3 -0.012348 0.8800501 0.0273405 0 0.8 0 0.012348 0.08005005 0.0273405 7.249537 0.08548676 0 1 0 0
324 1 2 3 -0.012156 0.8800501 0.0274275 0 0.8 0 0.012156 0.08005005 0.0274275 7.255262 0.08548711 0 1 0 0
324 1 2 3 -0.011964 0.8800501 0.0275115 0 0.8 0 0.011964 0.08005005 0.0275115 7.260252 0.08548702 0 1 0 0
324 1 2 3 -0.0117705 0.8800501 0.027594 0 0.8 0 0.0117705 0.08005005 0.027594 7.276947 0.08548675 0 1 0 0
324 1 2 3 -0.011577 0.8800501 0.0276765 0 0.8 0 0.011577 0.08005005 0.0276765 7.282274 0.08548699 0 1 0 0
324 1 2 3 -0.0113835 0.8800501 0.027756 0 0.8 0 0.0113835 0.08005005 0.027756 7.287186 0.08548678 0 1 0 0
324 1 2 3 -0.0111885 0.8800501 0.0278355 0 0.8 0 0.0111885 0.08005005 0.0278355 7.292015 0.08548689 0 1 0 0
324 1 2 3 -0.0109935 0.8800501 0.0279135 0 0.8 0 0.0109935 0.08005005 0.0279135 7.296267 0.08548702 0 1 0 0
324 1 2 3 -0.010797 0.8800501 0.02799 0 0.8 0 0.010797 0.08005005 0.02799 7.312836 0.08548699 0 1 0 0
324 1 2 3 -0.010602 0.8800501 0.028065 0 0.8 0 0.010602 0.08005005 0.028065 7.318592 0.08548718 0 1 0 0
324 1 2 3 -0.0104055 0.8800501 0.0281385 0 0.8 0 0.0104055 0.08005005 0.0281385 7.328611 0.08548719 0 1 0 0
324 1 2 3 -0.0102075 0.8800501 0.0282105 0 0.8 0 0.0102075 0.08005005 0.0282105 7.345179 0.08548705 0 1 0 0
324 1 2 3 -0.0100095 0.8800501 0.028281 0 0.8 0 0.0100095 0.08005005 0.028281 7.350424 0.08548693 0 1 0 0
324 1 2 3 -0.0098115 0.8800501 0.02835 0 0.8 0 0.0098115 0.08005005 0.02835 7.355419 0.08548684 0 1 0 0
324 1 2 3 -0.0096135 0.8800501 0.0284175 0 0.8 0 0.0096135 0.08005005 0.0284175 7.37199 0.08548675 0 1 0 0
324 1 2 3 -0.009414 0.8800501 0.028485 0 0.8 0 0.009414 0.08005005 0.028485 7.377333 0.08548701 0 1 0 0
324 1 2 3 -0.0092145 0.8800501 0.0285495 0 0.8 0 0.0092145 0.08005005 0.0285495 7.382833 0.08548679 0 1 0 0
324 1 2 3 -0.0090135 0.8800501 0.028614 0 0.8 0 0.0090135 0.08005005 0.028614 7.387609 0.08548693 0 1 0 0
324 1 2 3 -0.008814 0.8800501 0.0286755 0 0.8 0 0.008814 0.08005005 0.0286755 7.40444 0.08548673 0 1 0 0
324 1 2 3 -0.008613 0.8800501 0.028737 0 0.8 0 0.008613 0.08005005 0.028737 7.409786 0.0854869 0 1 0 0
324 1 2 3 -0.008412 0.8800501 0.028797 0 0.8 0 0.008412 0.08005005 0.028797 7.41478 0.08548708 0 1 0 0
324 1 2 3 -0.0082095 0.8800501 0.0288555 0 0.8 0 0.0082095 0.08005005 0.0288555 7.419243 0.08548711 0 1 0 0
324 1 2 3 -0.008007 0.8800501 0.028911 0 0.8 0 0.008007 0.08005005 0.028911 7.435812 0.08548666 0 1 0 0
324 1 2 3 -0.0078045 0.8800501 0.0289665 0 0.8 0 0.0078045 0.08005005 0.0289665 7.441364 0.08548672 0 1 0 0
324 1 2 3 -0.007602 0.8800501 0.0290205 0 0.8 0 0.007602 0.08005005 0.0290205 7.44558 0.08548678 0 1 0 0
324 1 2 3 -0.007398 0.8800501 0.029073 0 0.8 0 0.007398 0.08005005 0.029073 7.449829 0.08548672 0 1 0 0
324 1 2 3 -0.007194 0.8800501 0.029124 0 0.8 0 0.007194 0.08005005 0.029124 7.46686 0.08548667 0 1 0 0
324 1 2 3 -0.00699 0.8800501 0.0291735 0 0.8 0 0.00699 0.08005005 0.0291735 7.472803 0.08548663 0 1 0 0
324 1 2 3 -0.006786 0.8800501 0.029223 0 0.8 0 0.006786 0.08005005 0.029223 7.483307 0.0854871 0 1 0 0
324 1 2 3 -0.006582 0.8800501 0.0292695 0 0.8 0 0.006582 0.08005005 0.0292695 7.50004 0.08548706 0 1 0 0
324 1 2 3 -0.0063765 0.8800501 0.0293145 0 0.8 0 0.0063765 0.08005005 0.0293145 7.505648 0.0854869 0 1 0 0
324 1 2 3 -0.006171 0.8800501 0.029358 0 0.8 0 0.006171 0.08005005 0.029358 7.510565 0.08548675 0 1 0 0
324 1 2 3 -0.0059655 0.8800501 0.0294015 0 0.8 0 0.0059655 0.08005005 0.0294015 7.514896 0.08548711 0 1 0 0
324 1 2 3 -0.00576 0.8800501 0.029442 0 0.8 0 0.00576 0.08005005 0.029442 7.531479 0.08548696 0 1 0 0
324 1 2 3 -0.005553 0.8800501 0.029481 0 0.8 0 0.005553 0.08005005 0.029481 7.537064 0.0854867 0 1 0 0
324 1 2 3 -0.0053475 0.8800501 0.02952 0 0.8 0 0.0053475 0.08005005 0.02952 7.541824 0.08548706 0 1 0 0
324 1 2 3 -0.0051405 0.8800501 0.029556 0 0.8 0 0.0051405 0.08005005 0.029556 7.546598 0.0854868 0 1 0 0
324 1 2 3 -0.0049335 0.8800501 0.029592 0 0.8 0 0.0049335 0.08005005 0.029592 7.56357 0.08548705 0 1 0 0
324 1 2 3 -0.0047265 0.8800501 0.029625 0 0.8 0 0.0047265 0.08005005 0.029625 7.568794 0.08548679 0 1 0 0
324 1 2 3 -0.004518 0.8800501 0.029658 0 0.8 0 0.004518 0.08005005 0.029658 7.585667 0.08548696 0 1 0 0
324 1 2 3 -0.004311 0.8800501 0.029688 0 0.8 0 0.004311 0.08005005 0.029688 7.591246 0.08548668 0 1 0 0
324 1 2 3 -0.0041025 0.8800501 0.029718 0 0.8 0 0.0041025 0.08005005 0.029718 7.596416 0.08548684 0 1 0 0
324 1 2 3 -0.003894 0.8800501 0.0297465 0 0.8 0 0.003894 0.08005005 0.0297465 7.600822 0.08548701 0 1 0 0
324 1 2 3 -0.0036855 0.8800501 0.029772 0 0.8 0 0.0036855 0.08005005 0.029772 7.60491 0.08548664 0 1 0 0
324 1 2 3 -0.003477 0.8800501 0.0297975 0 0.8 0 0.003477 0.08005005 0.0297975 7.609694 0.08548679 0 1 0 0
324 1 2 3 -0.0032685 0.8800501 0.0298215 0 0.8 0 0.0032685 0.08005005 0.0298215 7.627052 0.08548693 0 1 0 0
324 1 2 3 -0.00306 0.8800501 0.029844 0 0.8 0 0.00306 0.08005005 0.029844 7.632549 0.08548707 0 1 0 0
324 1 2 3 -0.0028515 0.8800501 0.0298635 0 0.8 0 0.0028515 0.08005005 0.0298635 7.649118 0.08548667 0 1 0 0
324 1 2 3 -0.0026415 0.8800501 0.029883 0 0.8 0 0.0026415 0.08005005 0.029883 7.65444 0.08548674 0 1 0 0
324 1 2 3 -0.002433 0.8800501 0.029901 0 0.8 0 0.002433 0.08005005 0.029901 7.66013 0.08548684 0 1 0 0
324 1 2 3 -0.002223 0.8800501 0.0299175 0 0.8 0 0.002223 0.08005005 0.0299175 7.66584 0.0854869 0 1 0 0
324 1 2 3 -0.0020145 0.8800501 0.0299325 0 0.8 0 0.0020145 0.08005005 0.0299325 7.670979 0.08548698 0 1 0 0
324 1 2 3 -0.0018045 0.8800501 0.029946 0 0.8 0 0.0018045 0.08005005 0.029946 7.687805 0.08548702 0 1 0 0
324 1 2 3 -0.0015945 0.8800501 0.029958 0 0.8 0 0.0015945 0.08005005 0.029958 7.693727 0.08548705 0 1 0 0
324 1 2 3 -0.0013845 0.8800501 0.0299685 0 0.8 0 0.0013845 0.08005005 0.0299685 7.698856 0.08548707 0 1 0 0
324 1 2 3 -0.001176 0.8800501 0.0299775 0 0.8 0 0.001176 0.08005005 0.0299775 7.703341 0.0854871 0 1 0 0
324 1 2 3 -0.000966 0.8800501 0.029985 0 0.8 0 0.000966 0.08005005 0.029985 7.71991 0.0854871 0 1 0 0
324 1 2 3 -0.000756 0.8800501 0.029991 0 0.8 0 0.000756 0.08005005 0.029991 7.725271 0.08548709 0 1 0 0
324 1 2 3 -0.000546 0.8800501 0.0299955 0 0.8 0 0.000546 0.08005005 0.0299955 7.730087 0.08548707 0 1 0 0
324 1 2 3 -0.000336 0.8800501 0.0299985 0 0.8 0 0.000336 0.08005005 0.0299985 7.747528 0.08548704 0 1 0 0
324 1 2 3 -0.000126 0.8800501 0.03 0 0.8 0 0.000126 0.08005005 0.03 7.752731 0.08548699 0 1 0 0
324 1 2 3 0 0.8800501 0.03 0 0.8 0 0 0.08005005 0.03 7.757967 0.0854869 0 1 0 0
