324 1 3 1 0.03 0.8800501 0 0 0.8 0 0.03 0.08005005 0 0 0.0854869 0 0 0 0
324 1 3 1 0.03 0.8802601 0 0 0.8 0 0.03 0.08026004 0 0.005695343 0.08568357 0 0 0 1
324 1 3 1 0.029997 0.88047 0 0 0.8 0 0.029997 0.08047003 0 0.0111084 0.08587924 0 0 0 1
324 1 3 1 0.029994 0.88068 0 0 0.8 0 0.029994 0.08067995 0 0.02767754 0.08607494 0 0 0 1
324 1 3 1 0.029988 0.88089 0 0 0.8 0 0.029988 0.08089 0 0.03843117 0.08626977 0 0 0 1
324 1 3 1 0.029982 0.8811001 0 0 0.8 0 0.029982 0.08110005 0 0.05500031 0.08646467 0 0 0 1
324 1 3 1 0.029973 0.88131 0 0 0.8 0 0.029973 0.08131003 0 0.06022263 0.08665854 0 0 0 1
324 1 3 1 0.029964 0.88152 0 0 0.8 0 0.029964 0.08152002 0 0.06509018 0.08685249 0 0 0 1
324 1 3 1 0.0299535 0.8817285 0 0 0.8 0 0.0299535 0.08172852 0 0.06985474 0.0870446 0 0 0 1
324 1 3 1 0.02994 0.8819386 0 0 0.8 0 0.02994 0.08193856 0 0.07432938 0.08723722 0 0 0 1
324 1 3 1 0.0299265 0.8821485 0 0 0.8 0 0.0299265 0.08214849 0 0.09089851 0.0874298 0 0 0 1
324 1 3 1 0.0299115 0.882357 0 0 0.8 0 0.0299115 0.08235699 0 0.09622383 0.08762061 0 0 0 1
324 1 3 1 0.0298935 0.882567 0 0 0.8 0 0.0298935 0.08256704 0 0.1016827 0.08781194 0 0 0 1
324 1 3 1 0.0298755 0.8827755 0 0 0.8 0 0.0298755 0.08277553 0 0.1064377 0.0880019 0 0 0 1
324 1 3 1 0.029856 0.8829855 0 0 0.8 0 0.029856 0.08298552 0 0.1230068 0.08819284 0 0 0 1
324 1 3 1 0.029835 0.883194 0 0 0.8 0 0.029835 0.08319402 0 0.1282368 0.08838197 0 0 0 1
324 1 3 1 0.0298125 0.8834025 0 0 0.8 0 0.0298125 0.08340251 0 0.1328678 0.08857068 0 0 0 1
324 1 3 1 0.0297885 0.883611 0 0 0.8 0 0.0297885 0.08361101 0 0.1379452 0.08875898 0 0 0 1
324 1 3 1 0.0297615 0.8838195 0 0 0.8 0 0.0297615 0.08381951 0 0.1545143 0.08894637 0 0 0 1
324 1 3 1 0.0297345 0.884028 0 0 0.8 0 0.0297345 0.08402801 0 0.159565 0.08913387 0 0 0 1
324 1 3 1 0.029706 0.8842365 0 0 0.8 0 0.029706 0.0842365 0 0.1643009 0.08932097 0 0 0 1
324 1 3 1 0.029676 0.8844435 0 0 0.8 0 0.029676 0.08444351 0 0.1687412 0.08950626 0 0 0 1
324 1 3 1 0.0296445 0.8846521 0 0 0.8 0 0.0296445 0.08465207 0 0.1853104 0.08969264 0 0 0 1
324 1 3 1 0.0296115 0.8848591 0 0 0.8 0 0.0296115 0.08485907 0 0.1962719 0.08987716 0 0 0 1
324 1 3 1 0.029577 0.885066 0 0 0.8 0 0.029577 0.08506602 0 0.2128391 0.09006124 0 0 0 1
324 1 3 1 0.0295425 0.885273 0 0 0.8 0 0.0295425 0.08527297 0 0.2184162 0.09024543 0 0 0 1
324 1 3 1 0.029505 0.88548 0 0 0.8 0 0.029505 0.08548003 0 0.2228069 0.09042887 0 0 0 1
324 1 3 1 0.029466 0.8856871 0 0 0.8 0 0.029466 0.08568704 0 0.2274017 0.09061188 0 0 0 1
324 1 3 1 0.0294255 0.8858925 0 0 0.8 0 0.0294255 0.0858925 0 0.2316723 0.09079307 0 0 0 1
324 1 3 1 0.0293835 0.886098 0 0 0.8 0 0.0293835 0.08609802 0 0.2482433 0.09097394 0 0 0 1
324 1 3 1 0.0293415 0.8863035 0 0 0.8 0 0.0293415 0.08630353 0 0.2541122 0.09115494 0 0 0 1
324 1 3 1 0.0292965 0.8865091 0 0 0.8 0 0.0292965 0.08650905 0 0.2590084 0.0913351 0 0 0 1
324 1 3 1 0.02925 0.8867145 0 0 0.8 0 0.02925 0.08671451 0 0.264019 0.09151485 0 0 0 1
324 1 3 1 0.0292035 0.8869185 0 0 0.8 0 0.0292035 0.08691853 0 0.2805882 0.09169338 0 0 0 1
324 1 3 1 0.029154 0.8871226 0 0 0.8 0 0.029154 0.08712256 0 0.2868805 0.09187108 0 0 0 1
324 1 3 1 0.0291045 0.8873265 0 0 0.8 0 0.0291045 0.08732647 0 0.2921028 0.09204881 0 0 0 1
324 1 3 1 0.029052 0.8875306 0 0 0.8 0 0.029052 0.08753055 0 0.3092003 0.0922259 0 0 0 1
324 1 3 1 0.0289995 0.887733 0 0 0.8 0 0.0289995 0.08773303 0 0.3147488 0.09240159 0 0 0 1
324 1 3 1 0.0289455 0.8879355 0 0 0.8 0 0.0289455 0.08793551 0 0.320549 0.09257697 0 0 0 1
324 1 3 1 0.0288885 0.8881381 0 0 0.8 0 0.0288885 0.08813804 0 0.3254795 0.09275161 0 0 0 1
324 1 3 1 0.0288315 0.8883406 0 0 0.8 0 0.0288315 0.08834058 0 0.3424778 0.09292638 0 0 0 1
324 1 3 1 0.028773 0.8885431 0 0 0.8 0 0.028773 0.08854306 0 0.3538628 0.0931008 0 0 0 1
324 1 3 1 0.028713 0.8887441 0 0 0.8 0 0.028713 0.08874404 0 0.37043 0.09327348 0 0 0 1
324 1 3 1 0.0286515 0.888945 0 0 0.8 0 0.0286515 0.08894503 0 0.3755322 0.09344585 0 0 0 1
324 1 3 1 0.0285885 0.8891445 0 0 0.8 0 0.0285885 0.08914453 0 0.3804836 0.0936165 0 0 0 1
324 1 3 1 0.028524 0.8893441 0 0 0.8 0 0.028524 0.08934408 0 0.3848228 0.09378691 0 0 0 1
324 1 3 1 0.028458 0.8895435 0 0 0.8 0 0.028458 0.08954352 0 0.3889637 0.0939569 0 0 0 1
324 1 3 1 0.0283905 0.889743 0 0 0.8 0 0.0283905 0.08974296 0 0.4055367 0.09412661 0 0 0 1
324 1 3 1 0.028323 0.889941 0 0 0.8 0 0.028323 0.08994102 0 0.4110146 0.09429518 0 0 0 1
324 1 3 1 0.0282525 0.8901391 0 0 0.8 0 0.0282525 0.09013909 0 0.4164734 0.09446301 0 0 0 1
324 1 3 1 0.0281805 0.890337 0 0 0.8 0 0.0281805 0.09033698 0 0.4333324 0.09463039 0 0 0 1
324 1 3 1 0.0281085 0.8905336 0 0 0.8 0 0.0281085 0.09053355 0 0.4388142 0.09479669 0 0 0 1
324 1 3 1 0.028035 0.89073 0 0 0.8 0 0.028035 0.09073001 0 0.4437828 0.0949626 0 0 0 1
324 1 3 1 0.0279585 0.8909266 0 0 0.8 0 0.0279585 0.09092659 0 0.4480572 0.09512793 0 0 0 1
324 1 3 1 0.027882 0.8911216 0 0 0.8 0 0.027882 0.09112155 0 0.4525661 0.09529189 0 0 0 1
324 1 3 1 0.027804 0.8913165 0 0 0.8 0 0.027804 0.09131652 0 0.4691353 0.09545559 0 0 0 1
324 1 3 1 0.0277245 0.8915116 0 0 0.8 0 0.0277245 0.09151155 0 0.4743195 0.0956191 0 0 0 1
324 1 3 1 0.0276435 0.891705 0 0 0.8 0 0.0276435 0.09170502 0 0.4788857 0.09578086 0 0 0 1
324 1 3 1 0.027561 0.8918985 0 0 0.8 0 0.027561 0.0918985 0 0.4838715 0.09594239 0 0 0 1
324 1 3 1 0.027477 0.8920906 0 0 0.8 0 0.027477 0.09209055 0 0.5013084 0.09610231 0 0 0 1
324 1 3 1 0.027393 0.8922825 0 0 0.8 0 0.027393 0.09228247 0 0.5132103 0.09626231 0 0 0 1
324 1 3 1 0.027306 0.8924745 0 0 0.8 0 0.027306 0.09247452 0 0.5299854 0.09642176 0 0 0 1
324 1 3 1 0.027219 0.892665 0 0 0.8 0 0.027219 0.09266502 0 0.5358715 0.09657991 0 0 0 1
324 1 3 1 0.0271305 0.8928555 0 0 0.8 0 0.0271305 0.09285551 0 0.5407772 0.09673785 0 0 0 1
324 1 3 1 0.027039 0.8930445 0 0 0.8 0 0.027039 0.09304452 0 0.5452271 0.09689371 0 0 0 1
324 1 3 1 0.0269475 0.8932335 0 0 0.8 0 0.0269475 0.09323353 0 0.5620098 0.09704977 0 0 0 1
324 1 3 1 0.0268545 0.8934225 0 0 0.8 0 0.0268545 0.09342253 0 0.567749 0.09720562 0 0 0 1
324 1 3 1 0.02676 0.89361 0 0 0.8 0 0.02676 0.09360999 0 0.5731297 0.09735978 0 0 0 1
324 1 3 1 0.0266655 0.8937975 0 0 0.8 0 0.0266655 0.0937975 0 0.5776691 0.0975142 0 0 0 1
324 1 3 1 0.026568 0.8939836 0 0 0.8 0 0.026568 0.09398359 0 0.594286 0.09766665 0 0 0 1
324 1 3 1 0.0264705 0.8941696 0 0 0.8 0 0.0264705 0.09416956 0 0.5997448 0.09781918 0 0 0 1
324 1 3 1 0.02637 0.8943541 0 0 0.8 0 0.02637 0.09435409 0 0.6048203 0.09796975 0 0 0 1
324 1 3 1 0.0262695 0.8945385 0 0 0.8 0 0.0262695 0.09453851 0 0.6217613 0.09812041 0 0 0 1
324 1 3 1 0.0261675 0.8947215 0 0 0.8 0 0.0261675 0.0947215 0 0.6273956 0.09826952 0 0 0 1
324 1 3 1 0.026064 0.8949046 0 0 0.8 0 0.026064 0.09490454 0 0.6323662 0.09841852 0 0 0 1
324 1 3 1 0.025959 0.8950861 0 0 0.8 0 0.025959 0.09508604 0 0.6375256 0.09856584 0 0 0 1
324 1 3 1 0.025854 0.8952675 0 0 0.8 0 0.025854 0.09526753 0 0.6540947 0.09871338 0 0 0 1
324 1 3 1 0.025746 0.895449 0 0 0.8 0 0.025746 0.09544903 0 0.6650543 0.09886038 0 0 0 1
324 1 3 1 0.025638 0.8956275 0 0 0.8 0 0.025638 0.09562749 0 0.6816216 0.09900466 0 0 0 1
324 1 3 1 0.0255285 0.8958076 0 0 0.8 0 0.0255285 0.09580755 0 0.6882076 0.09915034 0 0 0 1
324 1 3 1 0.0254175 0.895986 0 0 0.8 0 0.0254175 0.09598601 0 0.6926003 0.09929433 0 0 0 1
324 1 3 1 0.025305 0.896163 0 0 0.8 0 0.025305 0.09616303 0 0.6972637 0.09943677 0 0 0 1
324 1 3 1 0.0251925 0.8963401 0 0 0.8 0 0.0251925 0.09634006 0 0.7026005 0.09957946 0 0 0 1
324 1 3 1 0.025077 0.8965155 0 0 0.8 0 0.025077 0.09651548 0 0.7191696 0.09972008 0 0 0 1
324 1 3 1 0.0249615 0.896691 0 0 0.8 0 0.0249615 0.09669095 0 0.7254829 0.09986099 0 0 0 1
324 1 3 1 0.0248445 0.8968651 0 0 0.8 0 0.0248445 0.09686506 0 0.7304306 0.1000004 0 1 0 1
324 1 3 1 0.024726 0.8970391 0 0 0.8 0 0.024726 0.09703904 0 0.7472591 0.1001397 0 1 0 1
324 1 3 1 0.024606 0.8972116 0 0 0.8 0 0.024606 0.09721154 0 0.7524071 0.1002773 0 1 0 1
324 1 3 1 0.024486 0.897384 0 0 0.8 0 0.024486 0.09738404 0 0.7565613 0.1004152 0 1 0 1
324 1 3 1 0.0243645 0.8975535 0 0 0.8 0 0.0243645 0.09755349 0 0.7606125 0.10055 0 1 0 1
324 1 3 1 0.0242415 0.8977245 0 0 0.8 0 0.0242415 0.0977245 0 0.7650547 0.1006863 0 1 0 1
324 1 3 1 0.024117 0.897894 0 0 0.8 0 0.024117 0.09789401 0 0.7819042 0.100821 0 1 0 1
324 1 3 1 0.023991 0.8980621 0 0 0.8 0 0.023991 0.09806204 0 0.7876835 0.1009541 0 1 0 1
324 1 3 1 0.023865 0.8982301 0 0 0.8 0 0.023865 0.09823006 0 0.7925377 0.1010875 0 1 0 1
324 1 3 1 0.023736 0.8983965 0 0 0.8 0 0.023736 0.09839648 0 0.8091068 0.1012189 0 1 0 1
324 1 3 1 0.023607 0.8985616 0 0 0.8 0 0.023607 0.09856158 0 0.814455 0.1013493 0 1 0 1
324 1 3 1 0.023478 0.8987265 0 0 0.8 0 0.023478 0.09872651 0 0.8252411 0.1014798 0 1 0 1
324 1 3 1 0.023346 0.89889 0 0 0.8 0 0.023346 0.09889001 0 0.8418102 0.1016084 0 1 0 1
324 1 3 1 0.023214 0.8990536 0 0 0.8 0 0.023214 0.09905356 0 0.8470173 0.1017374 0 1 0 1
324 1 3 1 0.0230805 0.8992155 0 0 0.8 0 0.0230805 0.09921545 0 0.8514633 0.1018647 0 1 0 1
324 1 3 1 0.0229455 0.899376 0 0 0.8 0 0.0229455 0.09937602 0 0.8561268 0.1019906 0 1 0 1
324 1 3 1 0.022809 0.8995366 0 0 0.8 0 0.022809 0.09953654 0 0.8734207 0.1021165 0 1 0 1
324 1 3 1 0.0226725 0.8996955 0 0 0.8 0 0.0226725 0.0996955 0 0.8788128 0.1022411 0 1 0 1
324 1 3 1 0.0225345 0.8998545 0 0 0.8 0 0.0225345 0.09985453 0 0.8835716 0.1023657 0 1 0 1
324 1 3 1 0.022395 0.900012 0 0 0.8 0 0.022395 0.100012 0 0.8883667 0.1024887 0 1 0 1
324 1 3 1 0.0222555 0.9001681 0 0 0.8 0 0.0222555 0.100168 0 0.9055519 0.1026106 0 1 0 1
324 1 3 1 0.022113 0.9003226 0 0 0.8 0 0.022113 0.1003225 0 0.9107304 0.1027307 0 1 0 1
324 1 3 1 0.0219705 0.9004771 0 0 0.8 0 0.0219705 0.100477 0 0.9156685 0.102851 0 1 0 1
324 1 3 1 0.021828 0.90063 0 0 0.8 0 0.021828 0.10063 0 0.921339 0.1029702 0 1 0 1
324 1 3 1 0.0216825 0.9007831 0 0 0.8 0 0.0216825 0.1007831 0 0.9381428 0.1030891 0 1 0 1
324 1 3 1 0.021537 0.9009345 0 0 0.8 0 0.021537 0.1009345 0 0.943903 0.1032067 0 1 0 1
324 1 3 1 0.02139 0.9010845 0 0 0.8 0 0.02139 0.1010845 0 0.9488792 0.1033229 0 1 0 1
324 1 3 1 0.021243 0.9012331 0 0 0.8 0 0.021243 0.1012331 0 0.9654503 0.1034379 0 1 0 1
324 1 3 1 0.0210945 0.9013816 0 0 0.8 0 0.0210945 0.1013815 0 0.9711876 0.1035529 0 1 0 1
324 1 3 1 0.0209445 0.9015285 0 0 0.8 0 0.0209445 0.1015285 0 0.98246 0.1036664 0 1 0 1
324 1 3 1 0.020793 0.9016755 0 0 0.8 0 0.020793 0.1016755 0 0.9990273 0.1037799 0 1 0 1
324 1 3 1 0.0206415 0.9018196 0 0 0.8 0 0.0206415 0.1018196 0 1.004402 0.1038908 0 1 0 1
324 1 3 1 0.0204885 0.9019635 0 0 0.8 0 0.0204885 0.1019635 0 1.009701 0.1040016 0 1 0 1
324 1 3 1 0.020334 0.9021075 0 0 0.8 0 0.020334 0.1021075 0 1.014322 0.1041125 0 1 0 1
324 1 3 1 0.0201795 0.9022485 0 0 0.8 0 0.0201795 0.1022485 0 1.030891 0.1042208 0 1 0 1
324 1 3 1 0.0200235 0.9023895 0 0 0.8 0 0.0200235 0.1023895 0 1.03606 0.1043291 0 1 0 1
324 1 3 1 0.0198675 0.902529 0 0 0.8 0 0.0198675 0.102529 0 1.041283 0.1044362 0 1 0 1
324 1 3 1 0.0197085 0.902667 0 0 0.8 0 0.0197085 0.102667 0 1.046329 0.1045416 0 1 0 1
324 1 3 1 0.019551 0.902805 0 0 0.8 0 0.019551 0.102805 0 1.062912 0.1046475 0 1 0 1
324 1 3 1 0.0193905 0.9029415 0 0 0.8 0 0.0193905 0.1029415 0 1.068531 0.1047518 0 1 0 1
324 1 3 1 0.01923 0.9030765 0 0 0.8 0 0.01923 0.1030765 0 1.073364 0.1048549 0 1 0 1
324 1 3 1 0.019068 0.90321 0 0 0.8 0 0.019068 0.10321 0 1.089933 0.1049567 0 1 0 1
324 1 3 1 0.018906 0.9033435 0 0 0.8 0 0.018906 0.1033435 0 1.095301 0.1050586 0 1 0 1
324 1 3 1 0.0187425 0.9034755 0 0 0.8 0 0.0187425 0.1034755 0 1.10054 0.1051592 0 1 0 1
324 1 3 1 0.0185775 0.903606 0 0 0.8 0 0.0185775 0.103606 0 1.105061 0.1052584 0 1 0 1
324 1 3 1 0.0184125 0.903735 0 0 0.8 0 0.0184125 0.103735 0 1.12163 0.1053564 0 1 0 1
324 1 3 1 0.018246 0.903864 0 0 0.8 0 0.018246 0.103864 0 1.127625 0.1054545 0 1 0 1
324 1 3 1 0.0180795 0.90399 0 0 0.8 0 0.0180795 0.10399 0 1.138403 0.10555 0 1 0 1
324 1 3 1 0.0179115 0.904116 0 0 0.8 0 0.0179115 0.104116 0 1.154972 0.1056455 0 1 0 1
324 1 3 1 0.017742 0.904242 0 0 0.8 0 0.017742 0.104242 0 1.159998 0.1057411 0 1 0 1
324 1 3 1 0.0175725 0.9043651 0 0 0.8 0 0.0175725 0.1043651 0 1.164686 0.1058341 0 1 0 1
324 1 3 1 0.0174015 0.904488 0 0 0.8 0 0.0174015 0.104488 0 1.169361 0.1059271 0 1 0 1
324 1 3 1 0.0172305 0.9046081 0 0 0.8 0 0.0172305 0.1046081 0 1.186319 0.1060176 0 1 0 1
324 1 3 1 0.017058 0.9047281 0 0 0.8 0 0.017058 0.104728 0 1.191751 0.1061081 0 1 0 1
324 1 3 1 0.016884 0.904848 0 0 0.8 0 0.016884 0.104848 0 1.19705 0.1061988 0 1 0 1
324 1 3 1 0.01671 0.904965 0 0 0.8 0 0.01671 0.104965 0 1.201197 0.1062868 0 1 0 1
324 1 3 1 0.016536 0.905082 0 0 0.8 0 0.016536 0.105082 0 1.217983 0.1063751 0 1 0 1
324 1 3 1 0.0163605 0.905196 0 0 0.8 0 0.0163605 0.105196 0 1.223398 0.1064606 0 1 0 1
324 1 3 1 0.0161835 0.90531 0 0 0.8 0 0.0161835 0.10531 0 1.227839 0.1065463 0 1 0 1
324 1 3 1 0.0160065 0.9054226 0 0 0.8 0 0.0160065 0.1054226 0 1.231894 0.1066308 0 1 0 1
324 1 3 1 0.015828 0.905535 0 0 0.8 0 0.015828 0.105535 0 1.248463 0.1067154 0 1 0 1
324 1 3 1 0.0156495 0.9056445 0 0 0.8 0 0.0156495 0.1056445 0 1.254131 0.1067973 0 1 0 1
324 1 3 1 0.015471 0.905754 0 0 0.8 0 0.015471 0.105754 0 1.25906 0.1068796 0 1 0 1
324 1 3 1 0.0152895 0.9058605 0 0 0.8 0 0.0152895 0.1058605 0 1.263962 0.106959 0 1 0 1
324 1 3 1 0.0151095 0.9059671 0 0 0.8 0 0.0151095 0.105967 0 1.280531 0.1070388 0 1 0 1
324 1 3 1 0.0149265 0.906072 0 0 0.8 0 0.0149265 0.106072 0 1.291376 0.1071171 0 1 0 1
324 1 3 1 0.014745 0.906177 0 0 0.8 0 0.014745 0.106177 0 1.307943 0.107196 0 1 0 1
324 1 3 1 0.014562 0.906279 0 0 0.8 0 0.014562 0.106279 0 1.313244 0.1072719 0 1 0 1
324 1 3 1 0.0143775 0.906381 0 0 0.8 0 0.0143775 0.106381 0 1.317839 0.1073482 0 1 0 1
324 1 3 1 0.014193 0.9064801 0 0 0.8 0 0.014193 0.1064801 0 1.322405 0.1074218 0 1 0 1
324 1 3 1 0.014007 0.906579 0 0 0.8 0 0.014007 0.106579 0 1.327171 0.1074955 0 1 0 1
324 1 3 1 0.013821 0.9066765 0 0 0.8 0 0.013821 0.1066765 0 1.34374 0.1075681 0 1 0 1
324 1 3 1 0.013635 0.9067725 0 0 0.8 0 0.013635 0.1067725 0 1.350035 0.1076396 0 1 0 1
324 1 3 1 0.0134475 0.906867 0 0 0.8 0 0.0134475 0.106867 0 1.35582 0.1077098 0 1 0 1
324 1 3 1 0.0132585 0.9069616 0 0 0.8 0 0.0132585 0.1069615 0 1.372389 0.1077802 0 1 0 1
324 1 3 1 0.013071 0.907053 0 0 0.8 0 0.013071 0.107053 0 1.377533 0.107848 0 1 0 1
324 1 3 1 0.0128805 0.9071445 0 0 0.8 0 0.0128805 0.1071445 0 1.382481 0.107916 0 1 0 1
324 1 3 1 0.0126915 0.9072331 0 0 0.8 0 0.0126915 0.107233 0 1.387777 0.1079815 0 1 0 1
324 1 3 1 0.012501 0.9073216 0 0 0.8 0 0.012501 0.1073216 0 1.405222 0.1080472 0 1 0 1
324 1 3 1 0.012309 0.9074086 0 0 0.8 0 0.012309 0.1074086 0 1.410742 0.1081116 0 1 0 1
324 1 3 1 0.012117 0.9074941 0 0 0.8 0 0.012117 0.1074941 0 1.415653 0.1081748 0 1 0 1
324 1 3 1 0.011925 0.907578 0 0 0.8 0 0.011925 0.107578 0 1.420471 0.1082369 0 1 0 1
324 1 3 1 0.0117315 0.9076605 0 0 0.8 0 0.0117315 0.1076605 0 1.437954 0.1082978 0 1 0 1
324 1 3 1 0.011538 0.9077415 0 0 0.8 0 0.011538 0.1077415 0 1.448603 0.1083576 0 1 0 1
324 1 3 1 0.0113445 0.9078225 0 0 0.8 0 0.0113445 0.1078225 0 1.465431 0.1084176 0 1 0 1
324 1 3 1 0.0111495 0.9079006 0 0 0.8 0 0.0111495 0.1079006 0 1.471317 0.1084751 0 1 0 1
324 1 3 1 0.0109545 0.9079785 0 0 0.8 0 0.0109545 0.1079785 0 1.476593 0.1085328 0 1 0 1
324 1 3 1 0.0107595 0.9080551 0 0 0.8 0 0.0107595 0.1080551 0 1.48135 0.1085894 0 1 0 1
324 1 3 1 0.010563 0.9081286 0 0 0.8 0 0.010563 0.1081285 0 1.497917 0.1086433 0 1 0 1
324 1 3 1 0.010365 0.9082021 0 0 0.8 0 0.010365 0.108202 0 1.503515 0.1086974 0 1 0 1
324 1 3 1 0.0101685 0.9082741 0 0 0.8 0 0.0101685 0.108274 0 1.508255 0.1087505 0 1 0 1
324 1 3 1 0.0099705 0.9083446 0 0 0.8 0 0.0099705 0.1083446 0 1.513187 0.1088024 0 1 0 1
324 1 3 1 0.0097725 0.9084135 0 0 0.8 0 0.0097725 0.1084135 0 1.529757 0.1088531 0 1 0 1
324 1 3 1 0.009573 0.908481 0 0 0.8 0 0.009573 0.108481 0 1.535196 0.1089026 0 1 0 1
324 1 3 1 0.0093735 0.9085485 0 0 0.8 0 0.0093735 0.1085485 0 1.541384 0.1089524 0 1 0 1
324 1 3 1 0.009174 0.9086131 0 0 0.8 0 0.009174 0.1086131 0 1.557966 0.1089998 0 1 0 1
324 1 3 1 0.0089745 0.908676 0 0 0.8 0 0.0089745 0.108676 0 1.563431 0.1090459 0 1 0 1
324 1 3 1 0.0087735 0.908739 0 0 0.8 0 0.0087735 0.108739 0 1.568079 0.1090924 0 1 0 1
324 1 3 1 0.0085725 0.9087991 0 0 0.8 0 0.0085725 0.108799 0 1.57345 0.1091362 0 1 0 1
324 1 3 1 0.0083715 0.908859 0 0 0.8 0 0.0083715 0.108859 0 1.577761 0.1091804 0 1 0 1
324 1 3 1 0.008169 0.9089161 0 0 0.8 0 0.008169 0.108916 0 1.595064 0.109222 0 1 0 1
324 1 3 1 0.0079665 0.908973 0 0 0.8 0 0.0079665 0.108973 0 1.606476 0.1092638 0 1 0 1
324 1 3 1 0.007764 0.9090285 0 0 0.8 0 0.007764 0.1090285 0 1.623043 0.1093046 0 1 0 1
324 1 3 1 0.0075615 0.909081 0 0 0.8 0 0.0075615 0.109081 0 1.62846 0.1093427 0 1 0 1
324 1 3 1 0.0073575 0.9091335 0 0 0.8 0 0.0073575 0.1091335 0 1.63308 0.1093812 0 1 0 1
324 1 3 1 0.007155 0.9091846 0 0 0.8 0 0.007155 0.1091846 0 1.637701 0.1094187 0 1 0 1
324 1 3 1 0.0069495 0.909234 0 0 0.8 0 0.0069495 0.109234 0 1.654596 0.1094548 0 1 0 1
324 1 3 1 0.0067455 0.909282 0 0 0.8 0 0.0067455 0.109282 0 1.660089 0.1094899 0 1 0 1
324 1 3 1 0.0065415 0.9093285 0 0 0.8 0 0.0065415 0.1093284 0 1.665201 0.109524 0 1 0 1
324 1 3 1 0.006336 0.9093735 0 0 0.8 0 0.006336 0.1093735 0 1.669487 0.1095569 0 1 0 1
324 1 3 1 0.0061305 0.909417 0 0 0.8 0 0.0061305 0.109417 0 1.686523 0.1095886 0 1 0 1
324 1 3 1 0.005925 0.909459 0 0 0.8 0 0.005925 0.109459 0 1.691795 0.1096192 0 1 0 1
324 1 3 1 0.005718 0.9094995 0 0 0.8 0 0.005718 0.1094995 0 1.696321 0.1096487 0 1 0 1
324 1 3 1 0.0055125 0.9095385 0 0 0.8 0 0.0055125 0.1095385 0 1.700785 0.1096771 0 1 0 1
324 1 3 1 0.0053055 0.9095775 0 0 0.8 0 0.0053055 0.1095775 0 1.717592 0.1097058 0 1 0 1
324 1 3 1 0.0050985 0.9096135 0 0 0.8 0 0.0050985 0.1096135 0 1.723345 0.109732 0 1 0 1
324 1 3 1 0.0048915 0.9096481 0 0 0.8 0 0.0048915 0.109648 0 1.727762 0.1097571 0 1 0 1
324 1 3 1 0.0046845 0.9096825 0 0 0.8 0 0.0046845 0.1096825 0 1.732752 0.1097825 0 1 0 1
324 1 3 1 0.0044775 0.909714 0 0 0.8 0 0.0044775 0.109714 0 1.749319 0.1098053 0 1 0 1
324 1 3 1 0.004269 0.909744 0 0 0.8 0 0.004269 0.109744 0 1.759954 0.109827 0 1 0 1
324 1 3 1 0.004062 0.909774 0 0 0.8 0 0.004062 0.109774 0 1.776522 0.1098491 0 1 0 1
324 1 3 1 0.0038535 0.909801 0 0 0.8 0 0.0038535 0.109801 0 1.781792 0.1098686 0 1 0 1
324 1 3 1 0.003645 0.909828 0 0 0.8 0 0.003645 0.109828 0 1.786366 0.1098885 0 1 0 1
324 1 3 1 0.0034365 0.909852 0 0 0.8 0 0.0034365 0.109852 0 1.791145 0.1099058 0 1 0 1
324 1 3 1 0.003228 0.909876 0 0 0.8 0 0.003228 0.109876 0 1.79583 0.1099234 0 1 0 1
324 1 3 1 0.0030195 0.909897 0 0 0.8 0 0.0030195 0.109897 0 1.812599 0.1099385 0 1 0 1
324 1 3 1 0.0028095 0.9099181 0 0 0.8 0 0.0028095 0.1099181 0 1.817905 0.109954 0 1 0 1
324 1 3 1 0.002601 0.9099375 0 0 0.8 0 0.002601 0.1099375 0 1.822943 0.1099683 0 1 0 1
324 1 3 1 0.002391 0.9099541 0 0 0.8 0 0.002391 0.1099541 0 1.827801 0.1099801 0 1 0 1
324 1 3 1 0.0021825 0.9099705 0 0 0.8 0 0.0021825 0.1099705 0 1.84437 0.1099922 0 1 0 1
324 1 3 1 0.0019725 0.9099855 0 0 0.8 0 0.0019725 0.1099855 0 1.849751 0.1100032 0 1 0 1
324 1 3 1 0.0017625 0.9099975 0 0 0.8 0 0.0017625 0.1099975 0 1.855251 0.1100116 0 1 0 1
324 1 3 1 0.0015525 0.9100095 0 0 0.8 0 0.0015525 0.1100095 0 1.871819 0.1100204 0 1 0 1
324 1 3 1 0.001344 0.9100201 0 0 0.8 0 0.001344 0.11002 0 1.876896 0.1100283 0 1 0 1
324 1 3 1 0.001134 0.910029 0 0 0.8 0 0.001134 0.110029 0 1.881012 0.1100348 0 1 0 1
324 1 3 1 0.0009239999 0.9100365 0 0 0.8 0 0.0009239999 0.1100365 0 1.885561 0.1100404 0 1 0 1
324 1 3 1 0.000714 0.9100411 0 0 0.8 0 0.000714 0.1100411 0 1.889866 0.1100434 0 1 0 1
324 1 3 1 0.000504 0.9100455 0 0 0.8 0 0.000504 0.1100455 0 1.90654 0.1100466 0 1 0 1
324 1 3 1 0.000294 0.9100486 0 0 0.8 0 0.000294 0.1100486 0 1.917376 0.110049 0 1 0 1
324 1 3 1 8.4E-05 0.91005 0 0 0.8 0 8.4E-05 0.11005 0 1.933945 0.1100501 0 1 0 1
324 1 3 1 -0.000126 0.91005 0 0 0.8 0 0.000126 0.11005 0 1.939232 0.1100501 0 1 0 1
324 1 3 1 -0.000336 0.9100486 0 0 0.8 0 0.000336 0.1100486 0 1.943771 0.1100491 0 1 0 1
324 1 3 1 -0.000546 0.9100455 0 0 0.8 0 0.000546 0.1100455 0 1.94894 0.1100468 0 1 0 1
324 1 3 1 -0.000756 0.9100411 0 0 0.8 0 0.000756 0.1100411 0 1.965509 0.1100437 0 1 0 1
324 1 3 1 -0.000966 0.9100351 0 0 0.8 0 0.000966 0.1100351 0 1.971415 0.1100393 0 1 0 1
324 1 3 1 -0.001176 0.9100276 0 0 0.8 0 0.001176 0.1100276 0 1.9764 0.1100338 0 1 0 1
324 1 3 1 -0.001386 0.9100186 0 0 0.8 0 0.001386 0.1100186 0 1.981417 0.1100273 0 1 0 1
324 1 3 1 -0.001596 0.9100081 0 0 0.8 0 0.001596 0.1100081 0 1.998627 0.1100196 0 1 0 1
324 1 3 1 -0.0018045 0.909996 0 0 0.8 0 0.0018045 0.109996 0 2.004169 0.1100108 0 1 0 1
324 1 3 1 -0.0020145 0.9099825 0 0 0.8 0 0.0020145 0.1099825 0 2.008995 0.1100009 0 1 0 1
324 1 3 1 -0.0022245 0.9099675 0 0 0.8 0 0.0022245 0.1099675 0 2.01395 0.10999 0 1 0 1
324 1 3 1 -0.002433 0.909951 0 0 0.8 0 0.002433 0.109951 0 2.030518 0.1099779 0 1 0 1
324 1 3 1 -0.002643 0.9099331 0 0 0.8 0 0.002643 0.1099331 0 2.03577 0.1099648 0 1 0 1
324 1 3 1 -0.0028515 0.9099135 0 0 0.8 0 0.0028515 0.1099135 0 2.041124 0.1099505 0 1 0 1
324 1 3 1 -0.0030615 0.909894 0 0 0.8 0 0.0030615 0.109894 0 2.046125 0.1099366 0 1 0 1
324 1 3 1 -0.00327 0.9098716 0 0 0.8 0 0.00327 0.1098716 0 2.06649 0.1099202 0 1 0 1
324 1 3 1 -0.0034785 0.9098475 0 0 0.8 0 0.0034785 0.1098475 0 2.072559 0.1099025 0 1 0 1
324 1 3 1 -0.003687 0.909822 0 0 0.8 0 0.003687 0.109822 0 2.089275 0.1098839 0 1 0 1
324 1 3 1 -0.0038955 0.9097965 0 0 0.8 0 0.0038955 0.1097965 0 2.094042 0.1098656 0 1 0 1
324 1 3 1 -0.0041025 0.909768 0 0 0.8 0 0.0041025 0.109768 0 2.098927 0.1098446 0 1 0 1
324 1 3 1 -0.004311 0.9097381 0 0 0.8 0 0.004311 0.1097381 0 2.103022 0.1098227 0 1 0 1
324 1 3 1 -0.0045195 0.909708 0 0 0.8 0 0.0045195 0.109708 0 2.107296 0.1098011 0 1 0 1
324 1 3 1 -0.0047265 0.909675 0 0 0.8 0 0.0047265 0.109675 0 2.124128 0.1097768 0 1 0 1
324 1 3 1 -0.0049335 0.909642 0 0 0.8 0 0.0049335 0.109642 0 2.129311 0.109753 0 1 0 1
324 1 3 1 -0.0051405 0.909606 0 0 0.8 0 0.0051405 0.109606 0 2.133577 0.1097265 0 1 0 1
324 1 3 1 -0.0053475 0.9095701 0 0 0.8 0 0.0053475 0.1095701 0 2.138252 0.1097005 0 1 0 1
324 1 3 1 -0.0055545 0.909531 0 0 0.8 0 0.0055545 0.109531 0 2.154821 0.1096717 0 1 0 1
324 1 3 1 -0.00576 0.909492 0 0 0.8 0 0.00576 0.109492 0 2.159739 0.1096434 0 1 0 1
324 1 3 1 -0.0059655 0.9094515 0 0 0.8 0 0.0059655 0.1094515 0 2.164288 0.1096139 0 1 0 1
324 1 3 1 -0.006171 0.9094081 0 0 0.8 0 0.006171 0.1094081 0 2.168877 0.109582 0 1 0 1
324 1 3 1 -0.0063765 0.9093645 0 0 0.8 0 0.0063765 0.1093645 0 2.185446 0.1095502 0 1 0 1
324 1 3 1 -0.006582 0.9093195 0 0 0.8 0 0.006582 0.1093195 0 2.191622 0.1095175 0 1 0 1
324 1 3 1 -0.0067875 0.9092715 0 0 0.8 0 0.0067875 0.1092715 0 2.196394 0.1094821 0 1 0 1
324 1 3 1 -0.0069915 0.9092236 0 0 0.8 0 0.0069915 0.1092235 0 2.201365 0.1094471 0 1 0 1
324 1 3 1 -0.0071955 0.909174 0 0 0.8 0 0.0071955 0.109174 0 2.218042 0.1094108 0 1 0 1
324 1 3 1 -0.0073995 0.9091231 0 0 0.8 0 0.0073995 0.1091231 0 2.22386 0.1093736 0 1 0 1
324 1 3 1 -0.007602 0.9090706 0 0 0.8 0 0.007602 0.1090705 0 2.232914 0.1093351 0 1 0 1
324 1 3 1 -0.007806 0.9090165 0 0 0.8 0 0.007806 0.1090165 0 2.249529 0.1092957 0 1 0 1
324 1 3 1 -0.0080085 0.9089611 0 0 0.8 0 0.0080085 0.108961 0 2.255119 0.109255 0 1 0 1
324 1 3 1 -0.0082095 0.9089041 0 0 0.8 0 0.0082095 0.1089041 0 2.260326 0.1092131 0 1 0 1
324 1 3 1 -0.008412 0.908847 0 0 0.8 0 0.008412 0.108847 0 2.265427 0.1091716 0 1 0 1
324 1 3 1 -0.008613 0.908787 0 0 0.8 0 0.008613 0.108787 0 2.281996 0.1091274 0 1 0 1
324 1 3 1 -0.008814 0.9087255 0 0 0.8 0 0.008814 0.1087255 0 2.287685 0.1090822 0 1 0 1
324 1 3 1 -0.009015 0.908664 0 0 0.8 0 0.009015 0.108664 0 2.2918 0.1090373 0 1 0 1
324 1 3 1 -0.0092145 0.9085996 0 0 0.8 0 0.0092145 0.1085995 0 2.296263 0.1089898 0 1 0 1
324 1 3 1 -0.009414 0.908535 0 0 0.8 0 0.009414 0.108535 0 2.312834 0.1089425 0 1 0 1
324 1 3 1 -0.0096135 0.9084675 0 0 0.8 0 0.0096135 0.1084675 0 2.31842 0.1088927 0 1 0 1
324 1 3 1 -0.0098115 0.9084 0 0 0.8 0 0.0098115 0.1084 0 2.32366 0.1088431 0 1 0 1
324 1 3 1 -0.010011 0.908331 0 0 0.8 0 0.010011 0.108331 0 2.340233 0.1087926 0 1 0 1
324 1 3 1 -0.0102075 0.9082605 0 0 0.8 0 0.0102075 0.1082605 0 2.345186 0.1087407 0 1 0 1
324 1 3 1 -0.0104055 0.908187 0 0 0.8 0 0.0104055 0.108187 0 2.350279 0.1086863 0 1 0 1
324 1 3 1 -0.010602 0.9081135 0 0 0.8 0 0.010602 0.1081135 0 2.355341 0.1086321 0 1 0 1
324 1 3 1 -0.0107985 0.90804 0 0 0.8 0 0.0107985 0.10804 0 2.37191 0.1085783 0 1 0 1
324 1 3 1 -0.0109935 0.9079635 0 0 0.8 0 0.0109935 0.1079635 0 2.37723 0.1085218 0 1 0 1
324 1 3 1 -0.0111885 0.9078856 0 0 0.8 0 0.0111885 0.1078855 0 2.386827 0.1084642 0 1 0 1
324 1 3 1 -0.0113835 0.907806 0 0 0.8 0 0.0113835 0.107806 0 2.403399 0.1084054 0 1 0 1
324 1 3 1 -0.011577 0.9077265 0 0 0.8 0 0.011577 0.1077265 0 2.408993 0.1083468 0 1 0 1
324 1 3 1 -0.0117705 0.907644 0 0 0.8 0 0.0117705 0.107644 0 2.413931 0.1082856 0 1 0 1
324 1 3 1 -0.011964 0.9075615 0 0 0.8 0 0.011964 0.1075615 0 2.41872 0.1082249 0 1 0 1
324 1 3 1 -0.012156 0.9074775 0 0 0.8 0 0.012156 0.1074775 0 2.435287 0.1081627 0 1 0 1
324 1 3 1 -0.012348 0.9073905 0 0 0.8 0 0.012348 0.1073905 0 2.441143 0.108098 0 1 0 1
324 1 3 1 -0.0125385 0.9073035 0 0 0.8 0 0.0125385 0.1073035 0 2.445768 0.1080336 0 1 0 1
324 1 3 1 -0.012729 0.907215 0 0 0.8 0 0.012729 0.107215 0 2.45051 0.107968 0 1 0 1
324 1 3 1 -0.0129195 0.9071251 0 0 0.8 0 0.0129195 0.107125 0 2.467079 0.1079013 0 1 0 1
324 1 3 1 -0.0131085 0.907035 0 0 0.8 0 0.0131085 0.107035 0 2.47316 0.1078347 0 1 0 1
324 1 3 1 -0.0132975 0.906942 0 0 0.8 0 0.0132975 0.106942 0 2.477646 0.1077656 0 1 0 1
324 1 3 1 -0.013485 0.906849 0 0 0.8 0 0.013485 0.106849 0 2.482178 0.1076966 0 1 0 1
324 1 3 1 -0.0136725 0.9067531 0 0 0.8 0 0.0136725 0.1067531 0 2.498747 0.1076251 0 1 0 1
324 1 3 1 -0.0138585 0.906657 0 0 0.8 0 0.0138585 0.106657 0 2.504156 0.1075536 0 1 0 1
324 1 3 1 -0.0140445 0.9065596 0 0 0.8 0 0.0140445 0.1065596 0 2.509319 0.1074811 0 1 0 1
324 1 3 1 -0.0142305 0.9064605 0 0 0.8 0 0.0142305 0.1064605 0 2.51403 0.1074074 0 1 0 1
324 1 3 1 -0.014415 0.90636 0 0 0.8 0 0.014415 0.10636 0 2.530846 0.1073324 0 1 0 1
324 1 3 1 -0.014598 0.9062581 0 0 0.8 0 0.014598 0.1062581 0 2.536093 0.1072562 0 1 0 1
324 1 3 1 -0.014781 0.9061561 0 0 0.8 0 0.014781 0.1061561 0 2.546232 0.1071802 0 1 0 1
324 1 3 1 -0.014964 0.906051 0 0 0.8 0 0.014964 0.106051 0 2.562801 0.1071015 0 1 0 1
324 1 3 1 -0.0151455 0.905946 0 0 0.8 0 0.0151455 0.105946 0 2.567863 0.1070231 0 1 0 1
324 1 3 1 -0.015327 0.9058396 0 0 0.8 0 0.015327 0.1058396 0 2.572939 0.1069436 0 1 0 1
324 1 3 1 -0.015507 0.9057316 0 0 0.8 0 0.015507 0.1057315 0 2.589506 0.1068627 0 1 0 1
324 1 3 1 -0.0156855 0.905622 0 0 0.8 0 0.0156855 0.105622 0 2.594543 0.1067803 0 1 0 1
324 1 3 1 -0.015864 0.9055125 0 0 0.8 0 0.015864 0.1055125 0 2.601515 0.1066984 0 1 0 1
324 1 3 1 -0.0160425 0.9054 0 0 0.8 0 0.0160425 0.1054 0 2.607195 0.1066139 0 1 0 1
324 1 3 1 -0.0162195 0.9052876 0 0 0.8 0 0.0162195 0.1052876 0 2.624495 0.1065295 0 1 0 1
324 1 3 1 -0.016395 0.9051735 0 0 0.8 0 0.016395 0.1051735 0 2.629955 0.1064437 0 1 0 1
324 1 3 1 -0.0165705 0.905058 0 0 0.8 0 0.0165705 0.105058 0 2.634817 0.1063568 0 1 0 1
324 1 3 1 -0.016746 0.904941 0 0 0.8 0 0.016746 0.104941 0 2.640051 0.1062687 0 1 0 1
324 1 3 1 -0.01692 0.9048241 0 0 0.8 0 0.01692 0.1048241 0 2.65662 0.1061808 0 1 0 1
324 1 3 1 -0.0170925 0.904704 0 0 0.8 0 0.0170925 0.104704 0 2.662008 0.1060899 0 1 0 1
324 1 3 1 -0.017265 0.9045841 0 0 0.8 0 0.017265 0.104584 0 2.666845 0.1059995 0 1 0 1
324 1 3 1 -0.017436 0.9044625 0 0 0.8 0 0.017436 0.1044625 0 2.683414 0.1059076 0 1 0 1
324 1 3 1 -0.017607 0.9043395 0 0 0.8 0 0.017607 0.1043395 0 2.688944 0.1058146 0 1 0 1
324 1 3 1 -0.0177765 0.9042165 0 0 0.8 0 0.0177765 0.1042165 0 2.698448 0.1057217 0 1 0 1
324 1 3 1 -0.0179445 0.904092 0 0 0.8 0 0.0179445 0.104092 0 2.715021 0.1056274 0 1 0 1
324 1 3 1 -0.0181125 0.9039645 0 0 0.8 0 0.0181125 0.1039645 0 2.720205 0.1055305 0 1 0 1
324 1 3 1 -0.018279 0.903837 0 0 0.8 0 0.018279 0.103837 0 2.725563 0.1054336 0 1 0 1
324 1 3 1 -0.0184455 0.9037095 0 0 0.8 0 0.0184455 0.1037095 0 2.729967 0.1053371 0 1 0 1
324 1 3 1 -0.0186105 0.903579 0 0 0.8 0 0.0186105 0.103579 0 2.746536 0.1052376 0 1 0 1
324 1 3 1 -0.0187755 0.9034486 0 0 0.8 0 0.0187755 0.1034486 0 2.752016 0.1051386 0 1 0 1
324 1 3 1 -0.018939 0.9033165 0 0 0.8 0 0.018939 0.1033165 0 2.75696 0.105038 0 1 0 1
324 1 3 1 -0.019101 0.903183 0 0 0.8 0 0.019101 0.103183 0 2.76161 0.104936 0 1 0 1
324 1 3 1 -0.019263 0.9030495 0 0 0.8 0 0.019263 0.1030495 0 2.778179 0.1048345 0 1 0 1
324 1 3 1 -0.0194235 0.9029145 0 0 0.8 0 0.0194235 0.1029145 0 2.783497 0.1047314 0 1 0 1
324 1 3 1 -0.0195825 0.902778 0 0 0.8 0 0.0195825 0.102778 0 2.788113 0.1046269 0 1 0 1
324 1 3 1 -0.0197415 0.90264 0 0 0.8 0 0.0197415 0.10264 0 2.793097 0.1045213 0 1 0 1
324 1 3 1 -0.019899 0.9025006 0 0 0.8 0 0.019899 0.1025006 0 2.810394 0.1044142 0 1 0 1
324 1 3 1 -0.020055 0.902361 0 0 0.8 0 0.020055 0.102361 0 2.81641 0.1043072 0 1 0 1
324 1 3 1 -0.020211 0.90222 0 0 0.8 0 0.020211 0.10222 0 2.822754 0.1041989 0 1 0 1
324 1 3 1 -0.0203655 0.9020775 0 0 0.8 0 0.0203655 0.1020775 0 2.827621 0.1040892 0 1 0 1
324 1 3 1 -0.02052 0.9019351 0 0 0.8 0 0.02052 0.1019351 0 2.844191 0.10398 0 1 0 1
324 1 3 1 -0.0206715 0.901791 0 0 0.8 0 0.0206715 0.101791 0 2.849669 0.1038688 0 1 0 1
324 1 3 1 -0.0208245 0.9016455 0 0 0.8 0 0.0208245 0.1016455 0 2.866236 0.1037568 0 1 0 1
324 1 3 1 -0.0209745 0.9015 0 0 0.8 0 0.0209745 0.1015 0 2.871279 0.1036445 0 1 0 1
324 1 3 1 -0.0211245 0.9013515 0 0 0.8 0 0.0211245 0.1013515 0 2.876637 0.1035296 0 1 0 1
324 1 3 1 -0.021273 0.901203 0 0 0.8 0 0.021273 0.101203 0 2.881292 0.1034147 0 1 0 1
324 1 3 1 -0.02142 0.9010545 0 0 0.8 0 0.02142 0.1010545 0 2.888868 0.1032997 0 1 0 1
324 1 3 1 -0.021567 0.900903 0 0 0.8 0 0.021567 0.100903 0 2.905731 0.1031822 0 1 0 1
324 1 3 1 -0.0217125 0.9007515 0 0 0.8 0 0.0217125 0.1007515 0 2.910862 0.1030645 0 1 0 1
324 1 3 1 -0.0218565 0.9006001 0 0 0.8 0 0.0218565 0.1006001 0 2.915323 0.102947 0 1 0 1
324 1 3 1 -0.0220005 0.9004471 0 0 0.8 0 0.0220005 0.1004471 0 2.919756 0.1028282 0 1 0 1
324 1 3 1 -0.0221415 0.9002926 0 0 0.8 0 0.0221415 0.1002926 0 2.936651 0.1027076 0 1 0 1
324 1 3 1 -0.0222825 0.9001366 0 0 0.8 0 0.0222825 0.1001366 0 2.941879 0.1025858 0 1 0 1
324 1 3 1 -0.0224235 0.8999805 0 0 0.8 0 0.0224235 0.09998053 0 2.946247 0.1024642 0 1 0 1
324 1 3 1 -0.0225615 0.899823 0 0 0.8 0 0.0225615 0.099823 0 2.950397 0.1023409 0 1 0 1
324 1 3 1 -0.0226995 0.899664 0 0 0.8 0 0.0226995 0.09966403 0 2.966967 0.1022164 0 1 0 1
324 1 3 1 -0.0228375 0.899505 0 0 0.8 0 0.0228375 0.09950501 0 2.972128 0.1020921 0 1 0 1
324 1 3 1 -0.0229725 0.8993445 0 0 0.8 0 0.0229725 0.09934449 0 2.97682 0.101966 0 1 0 1
324 1 3 1 -0.0231075 0.8991825 0 0 0.8 0 0.0231075 0.09918249 0 2.993389 0.1018387 0 1 0 1
324 1 3 1 -0.023241 0.8990205 0 0 0.8 0 0.023241 0.09902048 0 2.99889 0.1017114 0 1 0 1
324 1 3 1 -0.023373 0.8988571 0 0 0.8 0 0.023373 0.09885705 0 3.004465 0.1015825 0 1 0 1
324 1 3 1 -0.0235035 0.8986936 0 0 0.8 0 0.0235035 0.09869355 0 3.021036 0.1014536 0 1 0 1
324 1 3 1 -0.023634 0.8985286 0 0 0.8 0 0.023634 0.09852856 0 3.027283 0.1013235 0 1 0 1
324 1 3 1 -0.023763 0.898362 0 0 0.8 0 0.023763 0.09836203 0 3.032454 0.1011917 0 1 0 1
324 1 3 1 -0.0238905 0.8981955 0 0 0.8 0 0.0238905 0.09819549 0 3.038408 0.1010599 0 1 0 1
324 1 3 1 -0.0240165 0.8980275 0 0 0.8 0 0.0240165 0.09802753 0 3.044264 0.1009266 0 1 0 1
324 1 3 1 -0.024141 0.8978596 0 0 0.8 0 0.024141 0.09785956 0 3.060936 0.1007933 0 1 0 1
324 1 3 1 -0.0242655 0.8976901 0 0 0.8 0 0.0242655 0.09769005 0 3.066414 0.1006586 0 1 0 1
324 1 3 1 -0.0243885 0.8975205 0 0 0.8 0 0.0243885 0.09752053 0 3.071434 0.1005239 0 1 0 1
324 1 3 1 -0.02451 0.8973496 0 0 0.8 0 0.02451 0.09734958 0 3.076395 0.1003877 0 1 0 1
324 1 3 1 -0.02463 0.897177 0 0 0.8 0 0.02463 0.09717697 0 3.093115 0.1002497 0 1 0 1
324 1 3 1 -0.02475 0.8970045 0 0 0.8 0 0.02475 0.09700453 0 3.098537 0.1001121 0 1 0 1
324 1 3 1 -0.0248685 0.8968306 0 0 0.8 0 0.0248685 0.09683055 0 3.103144 0.09997299 0 1 0 1
324 1 3 1 -0.0249855 0.8966566 0 0 0.8 0 0.0249855 0.09665656 0 3.107941 0.09983369 0 1 0 1
324 1 3 1 -0.025101 0.896481 0 0 0.8 0 0.025101 0.09648103 0 3.125114 0.09969277 0 1 0 1
324 1 3 1 -0.025215 0.896304 0 0 0.8 0 0.025215 0.096304 0 3.13056 0.09955027 0 0 0 1
324 1 3 1 -0.0253275 0.896127 0 0 0.8 0 0.0253275 0.09612697 0 3.147614 0.09940764 0 0 0 1
324 1 3 1 -0.02544 0.89595 0 0 0.8 0 0.02544 0.09594995 0 3.152916 0.09926523 0 0 0 1
324 1 3 1 -0.025551 0.8957715 0 0 0.8 0 0.025551 0.09577149 0 3.157969 0.0991213 0 0 0 1
324 1 3 1 -0.0256605 0.8955916 0 0 0.8 0 0.0256605 0.09559155 0 3.167854 0.09897578 0 0 0 1
324 1 3 1 -0.0257685 0.8954115 0 0 0.8 0 0.0257685 0.09541148 0 3.184422 0.09882998 0 0 0 1
324 1 3 1 -0.025875 0.8952315 0 0 0.8 0 0.025875 0.09523147 0 3.190151 0.09868409 0 0 0 1
324 1 3 1 -0.0259815 0.89505 0 0 0.8 0 0.0259815 0.09505004 0 3.195269 0.09853704 0 0 0 1
324 1 3 1 -0.026085 0.894867 0 0 0.8 0 0.026085 0.09486699 0 3.199791 0.09838787 0 0 0 1
324 1 3 1 -0.0261885 0.8946841 0 0 0.8 0 0.0261885 0.09468406 0 3.21636 0.09823904 0 0 0 1
324 1 3 1 -0.0262905 0.8945011 0 0 0.8 0 0.0262905 0.09450108 0 3.221987 0.09808998 0 0 0 1
324 1 3 1 -0.026391 0.8943166 0 0 0.8 0 0.026391 0.09431654 0 3.227448 0.09793925 0 0 0 1
324 1 3 1 -0.02649 0.8941321 0 0 0.8 0 0.02649 0.09413207 0 3.231689 0.09778837 0 0 0 1
324 1 3 1 -0.0265875 0.8939461 0 0 0.8 0 0.0265875 0.09394604 0 3.248941 0.09763582 0 0 0 1
324 1 3 1 -0.026685 0.8937601 0 0 0.8 0 0.026685 0.09376007 0 3.254099 0.09748354 0 0 0 1
324 1 3 1 -0.0267795 0.8935726 0 0 0.8 0 0.0267795 0.09357256 0 3.259148 0.09732916 0 0 0 1
324 1 3 1 -0.026874 0.893385 0 0 0.8 0 0.026874 0.09338498 0 3.26322 0.09717493 0 0 0 1
324 1 3 1 -0.026967 0.8931961 0 0 0.8 0 0.026967 0.09319609 0 3.280003 0.09701923 0 0 0 1
324 1 3 1 -0.027057 0.893007 0 0 0.8 0 0.027057 0.09300703 0 3.285398 0.09686273 0 0 0 1
324 1 3 1 -0.0271485 0.8928165 0 0 0.8 0 0.0271485 0.09281653 0 3.290379 0.09670547 0 0 0 1
324 1 3 1 -0.027237 0.8926275 0 0 0.8 0 0.027237 0.09262753 0 3.306948 0.09654902 0 0 0 1
324 1 3 1 -0.027324 0.8924355 0 0 0.8 0 0.027324 0.09243548 0 3.312311 0.09638941 0 0 0 1
324 1 3 1 -0.0274095 0.8922451 0 0 0.8 0 0.0274095 0.09224504 0 3.322666 0.09623112 0 0 0 1
324 1 3 1 -0.027495 0.8920516 0 0 0.8 0 0.027495 0.09205157 0 3.327791 0.0960701 0 0 0 1
324 1 3 1 -0.0275775 0.8918595 0 0 0.8 0 0.0275775 0.09185952 0 3.344755 0.0959098 0 0 0 1
324 1 3 1 -0.02766 0.8916661 0 0 0.8 0 0.02766 0.09166604 0 3.35008 0.09574831 0 0 0 1
324 1 3 1 -0.027741 0.8914726 0 0 0.8 0 0.027741 0.09147257 0 3.355314 0.09558658 0 0 0 1
324 1 3 1 -0.0278205 0.8912775 0 0 0.8 0 0.0278205 0.09127748 0 3.371885 0.09542305 0 0 0 1
324 1 3 1 -0.027897 0.8910825 0 0 0.8 0 0.027897 0.09108251 0 3.377691 0.09525894 0 0 0 1
324 1 3 1 -0.0279735 0.8908875 0 0 0.8 0 0.0279735 0.09088749 0 3.382284 0.09509496 0 0 0 1
324 1 3 1 -0.02805 0.890691 0 0 0.8 0 0.02805 0.09069103 0 3.389366 0.09492979 0 0 0 1
324 1 3 1 -0.0281235 0.8904946 0 0 0.8 0 0.0281235 0.09049457 0 3.405933 0.09476391 0 0 0 1
324 1 3 1 -0.0281955 0.890298 0 0 0.8 0 0.0281955 0.090298 0 3.411394 0.09459765 0 0 0 1
324 1 3 1 -0.028266 0.8901 0 0 0.8 0 0.028266 0.09009999 0 3.416197 0.09442974 0 0 0 1
324 1 3 1 -0.0283365 0.8899021 0 0 0.8 0 0.0283365 0.08990204 0 3.42148 0.09426205 0 0 0 1
324 1 3 1 -0.028404 0.8897025 0 0 0.8 0 0.028404 0.08970249 0 3.43836 0.0940921 0 0 0 1
324 1 3 1 -0.0284715 0.8895046 0 0 0.8 0 0.0284715 0.08950454 0 3.444546 0.09392384 0 0 0 1
324 1 3 1 -0.0285375 0.889305 0 0 0.8 0 0.0285375 0.08930498 0 3.461115 0.09375377 0 0 0 1
324 1 3 1 -0.0286005 0.889104 0 0 0.8 0 0.0286005 0.089104 0 3.466776 0.09358157 0 0 0 1
324 1 3 1 -0.0286635 0.8889046 0 0 0.8 0 0.0286635 0.08890456 0 3.476557 0.09341101 0 0 0 1
324 1 3 1 -0.028725 0.8887036 0 0 0.8 0 0.028725 0.08870357 0 3.482025 0.09323867 0 0 0 1
324 1 3 1 -0.028785 0.8885026 0 0 0.8 0 0.028785 0.08850259 0 3.498755 0.09306602 0 0 0 1
324 1 3 1 -0.0288435 0.8883001 0 0 0.8 0 0.0288435 0.08830005 0 3.504013 0.09289158 0 0 0 1
324 1 3 1 -0.0289005 0.8880975 0 0 0.8 0 0.0289005 0.08809751 0 3.509396 0.09271684 0 0 0 1
324 1 3 1 -0.028956 0.887895 0 0 0.8 0 0.028956 0.08789504 0 3.513748 0.09254181 0 0 0 1
324 1 3 1 -0.02901 0.8876926 0 0 0.8 0 0.02901 0.08769256 0 3.530317 0.09236647 0 0 0 1
324 1 3 1 -0.0290625 0.88749 0 0 0.8 0 0.0290625 0.08749002 0 3.535669 0.09219074 0 0 0 1
324 1 3 1 -0.029115 0.887286 0 0 0.8 0 0.029115 0.087286 0 3.54109 0.09201374 0 0 0 1
324 1 3 1 -0.0291645 0.8870821 0 0 0.8 0 0.0291645 0.08708209 0 3.545444 0.09183604 0 0 0 1
324 1 3 1 -0.0292125 0.886878 0 0 0.8 0 0.0292125 0.086878 0 3.562014 0.09165782 0 0 0 1
324 1 3 1 -0.0292605 0.8866725 0 0 0.8 0 0.0292605 0.08667248 0 3.567423 0.09147839 0 0 0 1
324 1 3 1 -0.0293055 0.8864685 0 0 0.8 0 0.0293055 0.08646852 0 3.572411 0.09129959 0 0 0 1
324 1 3 1 -0.029349 0.886263 0 0 0.8 0 0.029349 0.086263 0 3.577303 0.09111898 0 0 0 1
324 1 3 1 -0.0293925 0.8860576 0 0 0.8 0 0.0293925 0.08605754 0 3.59416 0.09093855 0 0 0 1
324 1 3 1 -0.0294345 0.8858505 0 0 0.8 0 0.0294345 0.08585048 0 3.599579 0.09075624 0 0 0 1
324 1 3 1 -0.0294735 0.885645 0 0 0.8 0 0.0294735 0.08564502 0 3.616148 0.09057459 0 0 0 1
324 1 3 1 -0.0295125 0.8854381 0 0 0.8 0 0.0295125 0.08543807 0 3.622128 0.09039166 0 0 0 1
324 1 3 1 -0.0295485 0.8852311 0 0 0.8 0 0.0295485 0.08523107 0 3.63303 0.09020781 0 0 0 1
324 1 3 1 -0.0295845 0.885024 0 0 0.8 0 0.0295845 0.085024 0 3.638493 0.09002402 0 0 0 1
324 1 3 1 -0.029619 0.884817 0 0 0.8 0 0.029619 0.08481699 0 3.655577 0.0898399 0 0 0 1
324 1 3 1 -0.029652 0.8846101 0 0 0.8 0 0.029652 0.08461004 0 3.661726 0.08965546 0 0 0 1
324 1 3 1 -0.029682 0.884403 0 0 0.8 0 0.029682 0.08440298 0 3.666342 0.08947002 0 0 0 1
324 1 3 1 -0.029712 0.8841945 0 0 0.8 0 0.029712 0.08419448 0 3.67063 0.08928333 0 0 0 1
324 1 3 1 -0.0297405 0.883986 0 0 0.8 0 0.0297405 0.08398598 0 3.687603 0.08909626 0 0 0 1
324 1 3 1 -0.0297675 0.8837775 0 0 0.8 0 0.0297675 0.08377749 0 3.693501 0.08890878 0 0 0 1
324 1 3 1 -0.029793 0.883569 0 0 0.8 0 0.029793 0.08356899 0 3.698883 0.0887209 0 0 0 1
324 1 3 1 -0.029817 0.8833605 0 0 0.8 0 0.029817 0.08336049 0 3.715454 0.08853263 0 0 0 1
324 1 3 1 -0.0298395 0.883152 0 0 0.8 0 0.0298395 0.083152 0 3.721127 0.08834393 0 0 0 1
324 1 3 1 -0.0298605 0.8829435 0 0 0.8 0 0.0298605 0.0829435 0 3.726532 0.08815483 0 0 0 1
324 1 3 1 -0.02988 0.8827335 0 0 0.8 0 0.02988 0.08273345 0 3.731293 0.08796385 0 0 0 1
324 1 3 1 -0.029898 0.882525 0 0 0.8 0 0.029898 0.08252496 0 3.747862 0.0877739 0 0 0 1
324 1 3 1 -0.0299145 0.882315 0 0 0.8 0 0.0299145 0.08231503 0 3.753225 0.0875822 0 0 0 1
324 1 3 1 -0.0299295 0.8821065 0 0 0.8 0 0.0299295 0.08210653 0 3.764221 0.0873914 0 0 0 1
324 1 3 1 -0.029943 0.8818966 0 0 0.8 0 0.029943 0.08189654 0 3.78079 0.08719878 0 0 0 1
324 1 3 1 -0.029955 0.8816866 0 0 0.8 0 0.029955 0.08168656 0 3.786371 0.08700572 0 0 0 1
324 1 3 1 -0.0299655 0.8814765 0 0 0.8 0 0.0299655 0.08147651 0 3.796106 0.08681217 0 0 0 1
324 1 3 1 -0.029976 0.881268 0 0 0.8 0 0.029976 0.08126801 0 3.812674 0.08662015 0 0 0 1
324 1 3 1 -0.0299835 0.881058 0 0 0.8 0 0.0299835 0.08105797 0 3.818052 0.08642571 0 0 0 1
324 1 3 1 -0.0299895 0.880848 0 0 0.8 0 0.0299895 0.08084798 0 3.822874 0.08623089 0 0 0 1
324 1 3 1 -0.029994 0.8806381 0 0 0.8 0 0.029994 0.08063805 0 3.840364 0.08603566 0 0 0 1
324 1 3 1 -0.029997 0.8804281 0 0 0.8 0 0.029997 0.08042806 0 3.846891 0.08583993 0 0 0 1
324 1 3 1 -0.03 0.880218 0 0 0.8 0 0.03 0.08021802 0 3.852461 0.08564421 0 0 0 1
324 1 3 1 -0.03 0.880008 0 0 0.8 0 0.03 0.08000797 0 3.857729 0.0854475 0 0 0 1
324 1 3 1 -0.0299985 0.879798 0 0 0.8 0 0.0299985 0.07979798 0 3.874298 0.08525039 0 0 0 1
324 1 3 1 -0.029997 0.8795881 0 0 0.8 0 0.029997 0.07958806 0 3.87973 0.08505338 0 0 0 1
324 1 3 1 -0.0299925 0.8793781 0 0 0.8 0 0.0299925 0.07937807 0 3.884478 0.08485533 0 0 0 1
324 1 3 1 -0.0299865 0.879168 0 0 0.8 0 0.0299865 0.07916802 0 3.88858 0.08465675 0 0 0 1
324 1 3 1 -0.0299805 0.878958 0 0 0.8 0 0.0299805 0.07895797 0 3.905148 0.08445822 0 0 0 1
324 1 3 1 -0.0299715 0.878748 0 0 0.8 0 0.0299715 0.07874799 0 3.910484 0.08425874 0 0 0 1
324 1 3 1 -0.0299625 0.8785381 0 0 0.8 0 0.0299625 0.07853806 0 3.920809 0.08405937 0 0 0 1
324 1 3 1 -0.0299505 0.8783281 0 0 0.8 0 0.0299505 0.07832807 0 3.937454 0.08385892 0 0 0 1
324 1 3 1 -0.0299385 0.8781196 0 0 0.8 0 0.0299385 0.07811958 0 3.943291 0.08365992 0 0 0 1
324 1 3 1 -0.0299235 0.8779095 0 0 0.8 0 0.0299235 0.07790953 0 3.959858 0.08345844 0 0 0 1
324 1 3 1 -0.0299085 0.8776995 0 0 0.8 0 0.0299085 0.07769948 0 3.965277 0.083257 0 0 0 1
324 1 3 1 -0.0298905 0.877491 0 0 0.8 0 0.0298905 0.07749099 0 3.970108 0.08305597 0 0 0 1
324 1 3 1 -0.0298725 0.877281 0 0 0.8 0 0.0298725 0.077281 0 3.975008 0.0828536 0 0 0 1
324 1 3 1 -0.0298515 0.8770725 0 0 0.8 0 0.0298515 0.0770725 0 3.97967 0.08265157 0 0 0 1
324 1 3 1 -0.0298305 0.876864 0 0 0.8 0 0.0298305 0.076864 0 3.984013 0.08244959 0 0 0 1
324 1 3 1 -0.029808 0.8766555 0 0 0.8 0 0.029808 0.07665551 0 4.001049 0.08224709 0 0 0 1
324 1 3 1 -0.0297825 0.876447 0 0 0.8 0 0.0297825 0.07644701 0 4.006544 0.08204354 0 0 0 1
324 1 3 1 -0.029757 0.8762385 0 0 0.8 0 0.029757 0.07623851 0 4.011683 0.08184002 0 0 0 1
324 1 3 1 -0.02973 0.87603 0 0 0.8 0 0.02973 0.07603002 0 4.028254 0.081636 0 0 0 1
324 1 3 1 -0.0297 0.8758215 0 0 0.8 0 0.0297 0.07582152 0 4.033251 0.0814309 0 0 0 1
324 1 3 1 -0.02967 0.8756145 0 0 0.8 0 0.02967 0.07561451 0 4.03771 0.08122724 0 0 0 1
324 1 3 1 -0.0296385 0.875406 0 0 0.8 0 0.0296385 0.07540601 0 4.042332 0.08102165 0 0 0 1
324 1 3 1 -0.0296055 0.875199 0 0 0.8 0 0.0296055 0.07519895 0 4.058901 0.08081688 0 0 0 1
324 1 3 1 -0.029571 0.874992 0 0 0.8 0 0.029571 0.074992 0 4.064241 0.08061169 0 0 0 1
324 1 3 1 -0.029535 0.8747851 0 0 0.8 0 0.029535 0.07478505 0 4.068932 0.08040597 0 0 0 1
324 1 3 1 -0.0294975 0.8745781 0 0 0.8 0 0.0294975 0.07457805 0 4.085501 0.08019967 0 0 0 1
324 1 3 1 -0.0294585 0.8743725 0 0 0.8 0 0.0294585 0.07437247 0 4.091097 0.07999417 0 0 0 1
324 1 3 1 -0.029418 0.8741655 0 0 0.8 0 0.029418 0.07416552 0 4.096405 0.07978687 0 0 0 1
324 1 3 1 -0.029376 0.8739601 0 0 0.8 0 0.029376 0.07396007 0 4.106432 0.0795804 0 0 0 1
324 1 3 1 -0.0293325 0.8737545 0 0 0.8 0 0.0293325 0.07375449 0 4.122995 0.07937329 0 0 0 1
324 1 3 1 -0.0292875 0.8735491 0 0 0.8 0 0.0292875 0.07354909 0 4.128384 0.07916582 0 0 0 1
324 1 3 1 -0.029241 0.873345 0 0 0.8 0 0.029241 0.07334501 0 4.132559 0.07895902 0 0 0 1
324 1 3 1 -0.029193 0.8731411 0 0 0.8 0 0.029193 0.07314104 0 4.137056 0.07875178 0 0 0 1
324 1 3 1 -0.029145 0.8729355 0 0 0.8 0 0.029145 0.07293552 0 4.153801 0.07854312 0 0 0 1
324 1 3 1 -0.029094 0.8727331 0 0 0.8 0 0.029094 0.07273304 0 4.159315 0.07833618 0 0 0 1
324 1 3 1 -0.0290415 0.872529 0 0 0.8 0 0.0290415 0.07252902 0 4.164494 0.07812725 0 0 0 1
324 1 3 1 -0.028989 0.8723265 0 0 0.8 0 0.028989 0.07232648 0 4.169056 0.07791971 0 0 0 1
324 1 3 1 -0.0289335 0.8721225 0 0 0.8 0 0.0289335 0.07212251 0 4.185625 0.07770974 0 0 0 1
324 1 3 1 -0.028878 0.87192 0 0 0.8 0 0.028878 0.07191998 0 4.191706 0.07750111 0 0 0 1
324 1 3 1 -0.0288195 0.871719 0 0 0.8 0 0.0288195 0.07171899 0 4.197243 0.0772928 0 0 0 1
324 1 3 1 -0.028761 0.8715165 0 0 0.8 0 0.028761 0.07151645 0 4.202122 0.07708306 0 0 0 1
324 1 3 1 -0.028701 0.8713155 0 0 0.8 0 0.028701 0.07131547 0 4.218691 0.0768742 0 0 0 1
324 1 3 1 -0.028638 0.871116 0 0 0.8 0 0.028638 0.07111603 0 4.224554 0.07666567 0 0 0 1
324 1 3 1 -0.028575 0.8709151 0 0 0.8 0 0.028575 0.07091504 0 4.229637 0.0764557 0 0 0 1
324 1 3 1 -0.0285105 0.8707155 0 0 0.8 0 0.0285105 0.07071549 0 4.246536 0.0762465 0 0 0 1
324 1 3 1 -0.0284445 0.8705161 0 0 0.8 0 0.0284445 0.07051605 0 4.253006 0.07603685 0 0 0 1
324 1 3 1 -0.028377 0.8703166 0 0 0.8 0 0.028377 0.07031655 0 4.263586 0.07582659 0 0 0 1
324 1 3 1 -0.028308 0.8701185 0 0 0.8 0 0.028308 0.07011849 0 4.280212 0.0756171 0 0 0 1
324 1 3 1 -0.028239 0.8699205 0 0 0.8 0 0.028239 0.06992048 0 4.285818 0.07540765 0 0 0 1
324 1 3 1 -0.028167 0.869724 0 0 0.8 0 0.028167 0.06972402 0 4.290693 0.07519853 0 0 0 1
324 1 3 1 -0.0280935 0.869526 0 0 0.8 0 0.0280935 0.06952602 0 4.295853 0.07498741 0 0 0 1
324 1 3 1 -0.02802 0.8693295 0 0 0.8 0 0.02802 0.0693295 0 4.313282 0.07477767 0 0 0 1
324 1 3 1 -0.0279435 0.8691345 0 0 0.8 0 0.0279435 0.06913453 0 4.319048 0.07456824 0 0 0 1
324 1 3 1 -0.027867 0.8689395 0 0 0.8 0 0.027867 0.06893951 0 4.323757 0.07435876 0 0 0 1
324 1 3 1 -0.0277875 0.8687445 0 0 0.8 0 0.0277875 0.06874448 0 4.327881 0.07414816 0 0 0 1
324 1 3 1 -0.027708 0.8685495 0 0 0.8 0 0.027708 0.06854951 0 4.344456 0.0739376 0 0 0 1
324 1 3 1 -0.027627 0.868356 0 0 0.8 0 0.027627 0.06835604 0 4.349733 0.07372787 0 0 0 1
324 1 3 1 -0.0275445 0.8681626 0 0 0.8 0 0.0275445 0.06816256 0 4.354311 0.07351758 0 0 0 1
324 1 3 1 -0.0274605 0.8679705 0 0 0.8 0 0.0274605 0.06797051 0 4.359118 0.07330805 0 0 0 1
324 1 3 1 -0.027375 0.8677785 0 0 0.8 0 0.027375 0.06777853 0 4.375687 0.07309801 0 0 0 1
324 1 3 1 -0.0272895 0.867588 0 0 0.8 0 0.0272895 0.06758803 0 4.381237 0.07288937 0 0 0 1
324 1 3 1 -0.027201 0.867396 0 0 0.8 0 0.027201 0.06739599 0 4.385996 0.07267815 0 0 0 1
324 1 3 1 -0.027111 0.867207 0 0 0.8 0 0.027111 0.06720698 0 4.402979 0.0724692 0 0 0 1
324 1 3 1 -0.027021 0.8670166 0 0 0.8 0 0.027021 0.06701654 0 4.409111 0.07225892 0 0 0 1
324 1 3 1 -0.0269295 0.8668275 0 0 0.8 0 0.0269295 0.06682754 0 4.418535 0.07204941 0 0 0 1
324 1 3 1 -0.0268365 0.8666401 0 0 0.8 0 0.0268365 0.06664008 0 4.435102 0.07184078 0 0 0 1
324 1 3 1 -0.026742 0.8664526 0 0 0.8 0 0.026742 0.06645256 0 4.442139 0.07163154 0 0 0 1
324 1 3 1 -0.026646 0.866265 0 0 0.8 0 0.026646 0.06626499 0 4.447853 0.07142169 0 0 0 1
324 1 3 1 -0.0265485 0.866079 0 0 0.8 0 0.0265485 0.06607902 0 4.465092 0.07121278 0 0 0 1
324 1 3 1 -0.0264495 0.8658945 0 0 0.8 0 0.0264495 0.06589448 0 4.470642 0.07100464 0 0 0 1
324 1 3 1 -0.0263505 0.8657085 0 0 0.8 0 0.0263505 0.06570852 0 4.476871 0.07079519 0 0 0 1
324 1 3 1 -0.02625 0.8655255 0 0 0.8 0 0.02625 0.06552547 0 4.482582 0.07058789 0 0 0 1
324 1 3 1 -0.0261465 0.8653411 0 0 0.8 0 0.0261465 0.06534106 0 4.499151 0.07037821 0 0 0 1
324 1 3 1 -0.026043 0.8651596 0 0 0.8 0 0.026043 0.06515956 0 4.504532 0.07017127 0 0 0 1
324 1 3 1 -0.025938 0.8649765 0 0 0.8 0 0.025938 0.06497651 0 4.509012 0.06996233 0 0 0 1
324 1 3 1 -0.025833 0.8647965 0 0 0.8 0 0.025833 0.06479651 0 4.513489 0.06975622 0 0 0 1
324 1 3 1 -0.025725 0.864615 0 0 0.8 0 0.025725 0.06461495 0 4.530058 0.06954759 0 0 0 1
324 1 3 1 -0.025617 0.864435 0 0 0.8 0 0.025617 0.06443501 0 4.535212 0.06934047 0 0 0 1
324 1 3 1 -0.025506 0.8642566 0 0 0.8 0 0.025506 0.06425655 0 4.540386 0.06913364 0 0 0 1
324 1 3 1 -0.025395 0.864078 0 0 0.8 0 0.025395 0.06407803 0 4.545448 0.06892677 0 0 0 1
324 1 3 1 -0.0252825 0.8639011 0 0 0.8 0 0.0252825 0.06390107 0 4.56204 0.06872082 0 0 0 1
324 1 3 1 -0.0251685 0.8637241 0 0 0.8 0 0.0251685 0.06372404 0 4.567303 0.06851428 0 0 0 1
324 1 3 1 -0.0250545 0.8635485 0 0 0.8 0 0.0250545 0.06354851 0 4.576481 0.06830915 0 0 0 1
324 1 3 1 -0.0249375 0.8633746 0 0 0.8 0 0.0249375 0.06337458 0 4.593801 0.06810445 0 0 0 1
324 1 3 1 -0.0248205 0.8632005 0 0 0.8 0 0.0248205 0.06320053 0 4.599253 0.06789967 0 1 0 1
324 1 3 1 -0.024702 0.8630265 0 0 0.8 0 0.024702 0.06302649 0 4.604391 0.06769437 0 1 0 1
324 1 3 1 -0.024582 0.862854 0 0 0.8 0 0.024582 0.06285399 0 4.620958 0.06748999 0 1 0 1
324 1 3 1 -0.024462 0.862683 0 0 0.8 0 0.024462 0.06268299 0 4.626465 0.06728704 0 1 0 1
324 1 3 1 -0.024339 0.8625121 0 0 0.8 0 0.024339 0.06251204 0 4.631348 0.0670831 0 1 0 1
324 1 3 1 -0.024216 0.862341 0 0 0.8 0 0.024216 0.06234103 0 4.636122 0.06687914 0 1 0 1
324 1 3 1 -0.0240915 0.862173 0 0 0.8 0 0.0240915 0.06217301 0 4.652697 0.06667746 0 1 0 1
324 1 3 1 -0.0239655 0.862005 0 0 0.8 0 0.0239655 0.06200498 0 4.658972 0.06647528 0 1 0 1
324 1 3 1 -0.023838 0.861837 0 0 0.8 0 0.023838 0.06183702 0 4.66457 0.06627267 0 1 0 1
324 1 3 1 -0.0237105 0.8616706 0 0 0.8 0 0.0237105 0.06167054 0 4.669331 0.0660715 0 1 0 1
324 1 3 1 -0.0235815 0.8615055 0 0 0.8 0 0.0235815 0.0615055 0 4.6859 0.06587119 0 1 0 1
324 1 3 1 -0.023451 0.8613405 0 0 0.8 0 0.023451 0.06134051 0 4.691666 0.06567045 0 1 0 1
324 1 3 1 -0.023319 0.861177 0 0 0.8 0 0.023319 0.06117702 0 4.697186 0.06547063 0 1 0 1
324 1 3 1 -0.023187 0.8610135 0 0 0.8 0 0.023187 0.06101352 0 4.713818 0.06527087 0 1 0 1
324 1 3 1 -0.0230535 0.8608515 0 0 0.8 0 0.0230535 0.06085151 0 4.719067 0.06507204 0 1 0 1
324 1 3 1 -0.0229185 0.860691 0 0 0.8 0 0.0229185 0.060691 0 4.72868 0.06487415 0 1 0 1
324 1 3 1 -0.022782 0.8605305 0 0 0.8 0 0.022782 0.06053048 0 4.733147 0.0646758 0 1 0 1
324 1 3 1 -0.0226455 0.860373 0 0 0.8 0 0.0226455 0.06037301 0 4.749718 0.06448037 0 1 0 1
324 1 3 1 -0.022506 0.860214 0 0 0.8 0 0.022506 0.06021398 0 4.755013 0.06428253 0 1 0 1
324 1 3 1 -0.0223665 0.8600565 0 0 0.8 0 0.0223665 0.06005651 0 4.760139 0.06408623 0 1 0 1
324 1 3 1 -0.022227 0.8599006 0 0 0.8 0 0.022227 0.05990058 0 4.764641 0.06389146 0 1 0 1
324 1 3 1 -0.0220845 0.8597461 0 0 0.8 0 0.0220845 0.05974609 0 4.78121 0.06369709 0 1 0 1
324 1 3 1 -0.021942 0.8595916 0 0 0.8 0 0.021942 0.05959159 0 4.786709 0.06350283 0 1 0 1
324 1 3 1 -0.021798 0.8594385 0 0 0.8 0 0.021798 0.05943853 0 4.79178 0.06330948 0 1 0 1
324 1 3 1 -0.021654 0.859287 0 0 0.8 0 0.021654 0.05928701 0 4.808445 0.06311771 0 1 0 1
324 1 3 1 -0.0215085 0.8591355 0 0 0.8 0 0.0215085 0.0591355 0 4.813572 0.06292553 0 1 0 1
324 1 3 1 -0.0213615 0.8589855 0 0 0.8 0 0.0213615 0.05898553 0 4.818464 0.06273441 0 1 0 1
324 1 3 1 -0.021213 0.8588371 0 0 0.8 0 0.021213 0.05883706 0 4.82324 0.06254431 0 1 0 1
324 1 3 1 -0.0210645 0.8586886 0 0 0.8 0 0.0210645 0.05868858 0 4.839809 0.06235433 0 1 0 1
324 1 3 1 -0.0209145 0.8585415 0 0 0.8 0 0.0209145 0.05854148 0 4.84597 0.06216527 0 1 0 1
324 1 3 1 -0.020763 0.8583961 0 0 0.8 0 0.020763 0.05839604 0 4.850899 0.06197741 0 1 0 1
324 1 3 1 -0.0206115 0.8582506 0 0 0.8 0 0.0206115 0.05825055 0 4.867466 0.06178964 0 1 0 1
324 1 3 1 -0.020457 0.858108 0 0 0.8 0 0.020457 0.05810803 0 4.872723 0.06160383 0 1 0 1
324 1 3 1 -0.020304 0.857964 0 0 0.8 0 0.020304 0.05796403 0 4.883383 0.06141727 0 1 0 1
324 1 3 1 -0.020148 0.857823 0 0 0.8 0 0.020148 0.057823 0 4.888515 0.06123268 0 1 0 1
324 1 3 1 -0.019992 0.857682 0 0 0.8 0 0.019992 0.05768198 0 4.905291 0.06104827 0 1 0 1
324 1 3 1 -0.019836 0.8575425 0 0 0.8 0 0.019836 0.0575425 0 4.910767 0.06086548 0 1 0 1
324 1 3 1 -0.019677 0.8574045 0 0 0.8 0 0.019677 0.05740446 0 4.916025 0.06068325 0 1 0 1
324 1 3 1 -0.019518 0.8572681 0 0 0.8 0 0.019518 0.05726808 0 4.920742 0.06050278 0 1 0 1
324 1 3 1 -0.019359 0.8571315 0 0 0.8 0 0.019359 0.05713153 0 4.937614 0.06032232 0 1 0 1
324 1 3 1 -0.019197 0.8569965 0 0 0.8 0 0.019197 0.05699652 0 4.943064 0.06014257 0 1 0 1
324 1 3 1 -0.019035 0.856863 0 0 0.8 0 0.019035 0.05686301 0 4.948141 0.05996443 0 1 0 1
324 1 3 1 -0.018873 0.8567296 0 0 0.8 0 0.018873 0.05672956 0 4.96471 0.05978656 0 1 0 1
324 1 3 1 -0.0187095 0.856599 0 0 0.8 0 0.0187095 0.05659902 0 4.970133 0.05961119 0 1 0 1
324 1 3 1 -0.0185445 0.8564685 0 0 0.8 0 0.0185445 0.05646849 0 4.974707 0.05943558 0 1 0 1
324 1 3 1 -0.0183795 0.8563396 0 0 0.8 0 0.0183795 0.05633956 0 4.979729 0.05926173 0 1 0 1
324 1 3 1 -0.018213 0.8562106 0 0 0.8 0 0.018213 0.05621058 0 4.984056 0.05908758 0 1 0 1
324 1 3 1 -0.018045 0.8560845 0 0 0.8 0 0.018045 0.05608445 0 5.000626 0.05891594 0 1 0 1
324 1 3 1 -0.017877 0.8559585 0 0 0.8 0 0.017877 0.05595851 0 5.011868 0.05874472 0 1 0 1
324 1 3 1 -0.0177075 0.8558341 0 0 0.8 0 0.0177075 0.05583405 0 5.028437 0.05857471 0 1 0 1
324 1 3 1 -0.017538 0.855711 0 0 0.8 0 0.017538 0.05571103 0 5.033691 0.05840634 0 1 0 1
324 1 3 1 -0.017367 0.855588 0 0 0.8 0 0.017367 0.05558801 0 5.044756 0.05823778 0 1 0 1
324 1 3 1 -0.017196 0.8554665 0 0 0.8 0 0.017196 0.05546647 0 5.061337 0.05807092 0 1 0 1
324 1 3 1 -0.0170235 0.8553481 0 0 0.8 0 0.0170235 0.05534804 0 5.067734 0.05790687 0 1 0 1
324 1 3 1 -0.0168495 0.8552295 0 0 0.8 0 0.0168495 0.05522949 0 5.072901 0.05774255 0 1 0 1
324 1 3 1 -0.0166755 0.855111 0 0 0.8 0 0.0166755 0.05511099 0 5.077667 0.05757859 0 1 0 1
324 1 3 1 -0.0165 0.8549955 0 0 0.8 0 0.0165 0.05499548 0 5.094418 0.05741735 0 1 0 1
324 1 3 1 -0.0163245 0.85488 0 0 0.8 0 0.0163245 0.05487996 0 5.099981 0.05725644 0 1 0 1
324 1 3 1 -0.016149 0.8547676 0 0 0.8 0 0.016149 0.05476755 0 5.105156 0.05709881 0 1 0 1
324 1 3 1 -0.0159705 0.854655 0 0 0.8 0 0.0159705 0.05465502 0 5.121908 0.05694056 0 1 0 1
324 1 3 1 -0.015792 0.854544 0 0 0.8 0 0.015792 0.05454403 0 5.12743 0.05678414 0 1 0 1
324 1 3 1 -0.0156135 0.8544331 0 0 0.8 0 0.0156135 0.05443305 0 5.13183 0.05662807 0 1 0 1
324 1 3 1 -0.0154335 0.8543251 0 0 0.8 0 0.0154335 0.05432504 0 5.136482 0.0564748 0 1 0 1
324 1 3 1 -0.0152535 0.8542171 0 0 0.8 0 0.0152535 0.05421704 0 5.153137 0.0563219 0 1 0 1
324 1 3 1 -0.015072 0.8541106 0 0 0.8 0 0.015072 0.05411059 0 5.158054 0.05617046 0 1 0 1
324 1 3 1 -0.0148905 0.854007 0 0 0.8 0 0.0148905 0.05400699 0 5.168392 0.05602216 0 1 0 1
324 1 3 1 -0.0147075 0.8539021 0 0 0.8 0 0.0147075 0.05390209 0 5.185492 0.05587259 0 1 0 1
324 1 3 1 -0.0145245 0.8538001 0 0 0.8 0 0.0145245 0.05380005 0 5.19112 0.05572617 0 1 0 1
324 1 3 1 -0.01434 0.8536996 0 0 0.8 0 0.01434 0.05369955 0 5.201376 0.05558127 0 1 0 1
324 1 3 1 -0.0141555 0.8535991 0 0 0.8 0 0.0141555 0.05359906 0 5.217945 0.05543679 0 1 0 1
324 1 3 1 -0.0139695 0.8535016 0 0 0.8 0 0.0139695 0.05350155 0 5.223066 0.05529523 0 1 0 1
324 1 3 1 -0.0137835 0.853404 0 0 0.8 0 0.0137835 0.05340403 0 5.228262 0.05515411 0 1 0 1
324 1 3 1 -0.0135975 0.8533081 0 0 0.8 0 0.0135975 0.05330807 0 5.232626 0.05501493 0 1 0 1
324 1 3 1 -0.01341 0.8532135 0 0 0.8 0 0.01341 0.05321354 0 5.249926 0.05487721 0 1 0 1
324 1 3 1 -0.013221 0.8531206 0 0 0.8 0 0.013221 0.05312055 0 5.255211 0.0547411 0 1 0 1
324 1 3 1 -0.013032 0.853029 0 0 0.8 0 0.013032 0.053029 0 5.259844 0.05460685 0 1 0 1
324 1 3 1 -0.012843 0.8529376 0 0 0.8 0 0.012843 0.05293757 0 5.264242 0.05447319 0 1 0 1
324 1 3 1 -0.0126525 0.852849 0 0 0.8 0 0.0126525 0.05284899 0 5.280811 0.05434245 0 1 0 1
324 1 3 1 -0.012462 0.8527606 0 0 0.8 0 0.012462 0.05276054 0 5.286116 0.05421232 0 1 0 1
324 1 3 1 -0.0122715 0.8526751 0 0 0.8 0 0.0122715 0.05267507 0 5.291174 0.0540856 0 1 0 1
324 1 3 1 -0.0120795 0.8525895 0 0 0.8 0 0.0120795 0.05258948 0 5.296091 0.05395894 0 1 0 1
324 1 3 1 -0.011886 0.8525056 0 0 0.8 0 0.011886 0.05250555 0 5.31266 0.0538341 0 1 0 1
324 1 3 1 -0.011694 0.852423 0 0 0.8 0 0.011694 0.052423 0 5.323311 0.05371146 0 1 0 1
324 1 3 1 -0.011499 0.852342 0 0 0.8 0 0.011499 0.052342 0 5.33988 0.05359022 0 1 0 1
324 1 3 1 -0.0113055 0.852261 0 0 0.8 0 0.0113055 0.05226099 0 5.346149 0.05346986 0 1 0 1
324 1 3 1 -0.0111105 0.852183 0 0 0.8 0 0.0111105 0.05218303 0 5.355488 0.05335271 0 1 0 1
324 1 3 1 -0.0109155 0.8521065 0 0 0.8 0 0.0109155 0.0521065 0 5.372055 0.05323754 0 1 0 1
324 1 3 1 -0.010719 0.85203 0 0 0.8 0 0.010719 0.05203003 0 5.37771 0.05312269 0 1 0 1
324 1 3 1 -0.0105225 0.8519566 0 0 0.8 0 0.0105225 0.05195659 0 5.382404 0.05301142 0 1 0 1
324 1 3 1 -0.010326 0.851883 0 0 0.8 0 0.010326 0.05188298 0 5.386486 0.05290057 0 1 0 1
324 1 3 1 -0.010128 0.8518111 0 0 0.8 0 0.010128 0.05181104 0 5.403744 0.05279167 0 1 0 1
324 1 3 1 -0.00993 0.851742 0 0 0.8 0 0.00993 0.05174202 0 5.409349 0.05268625 0 1 0 1
324 1 3 1 -0.009732001 0.8516731 0 0 0.8 0 0.009732001 0.05167305 0 5.414568 0.05258152 0 1 0 1
324 1 3 1 -0.009533999 0.8516055 0 0 0.8 0 0.009533999 0.05160552 0 5.41972 0.05247882 0 1 0 1
324 1 3 1 -0.0093345 0.8515395 0 0 0.8 0 0.0093345 0.05153948 0 5.436384 0.05237796 0 1 0 1
324 1 3 1 -0.009134999 0.851475 0 0 0.8 0 0.009134999 0.05147499 0 5.442123 0.05227927 0 1 0 1
324 1 3 1 -0.008934001 0.8514106 0 0 0.8 0 0.008934001 0.05141056 0 5.447311 0.05218105 0 1 0 1
324 1 3 1 -0.008733001 0.8513491 0 0 0.8 0 0.008733001 0.05134904 0 5.451902 0.05208637 0 1 0 1
324 1 3 1 -0.008532 0.851289 0 0 0.8 0 0.008532 0.05128902 0 5.468473 0.05199384 0 1 0 1
324 1 3 1 -0.008331 0.8512305 0 0 0.8 0 0.008331 0.05123049 0 5.478943 0.05190345 0 1 0 1
324 1 3 1 -0.0081285 0.851172 0 0 0.8 0 0.0081285 0.05117202 0 5.496258 0.05181359 0 1 0 1
324 1 3 1 -0.007926 0.8511165 0 0 0.8 0 0.007926 0.05111653 0 5.50189 0.05172737 0 1 0 1
324 1 3 1 -0.0077235 0.8510611 0 0 0.8 0 0.0077235 0.05106109 0 5.511442 0.05164192 0 1 0 1
324 1 3 1 -0.007521 0.8510085 0 0 0.8 0 0.007521 0.05100852 0 5.528011 0.05156001 0 1 0 1
324 1 3 1 -0.007317 0.850956 0 0 0.8 0 0.007317 0.05095601 0 5.53319 0.05147867 0 1 0 1
324 1 3 1 -0.007112999 0.8509051 0 0 0.8 0 0.007112999 0.05090505 0 5.538292 0.0513996 0 1 0 1
324 1 3 1 -0.006909 0.850857 0 0 0.8 0 0.006909 0.05085701 0 5.542854 0.05132416 0 1 0 1
324 1 3 1 -0.006705 0.850809 0 0 0.8 0 0.006705 0.05080903 0 5.559423 0.05124953 0 1 0 1
324 1 3 1 -0.0064995 0.8507625 0 0 0.8 0 0.0064995 0.05076253 0 5.565432 0.05117693 0 1 0 1
324 1 3 1 -0.006294 0.8507175 0 0 0.8 0 0.006294 0.05071753 0 5.570065 0.05110658 0 1 0 1
324 1 3 1 -0.0060885 0.850674 0 0 0.8 0 0.0060885 0.05067402 0 5.575085 0.05103848 0 1 0 1
324 1 3 1 -0.005883 0.850632 0 0 0.8 0 0.005883 0.050632 0 5.5917 0.05097263 0 1 0 1
324 1 3 1 -0.0056775 0.8505915 0 0 0.8 0 0.0056775 0.05059153 0 5.597023 0.0509091 0 1 0 1
324 1 3 1 -0.0054705 0.8505526 0 0 0.8 0 0.0054705 0.05055255 0 5.601114 0.05084768 0 1 0 1
324 1 3 1 -0.005265 0.8505151 0 0 0.8 0 0.005265 0.05051506 0 5.605204 0.05078869 0 1 0 1
324 1 3 1 -0.005058 0.850479 0 0 0.8 0 0.005058 0.05047899 0 5.621773 0.05073177 0 1 0 1
324 1 3 1 -0.004851 0.8504446 0 0 0.8 0 0.004851 0.05044454 0 5.627163 0.05067725 0 1 0 1
324 1 3 1 -0.0046425 0.8504115 0 0 0.8 0 0.0046425 0.05041152 0 5.637165 0.05062484 0 1 0 1
324 1 3 1 -0.0044355 0.8503801 0 0 0.8 0 0.0044355 0.05038005 0 5.653734 0.05057492 0 1 0 1
324 1 3 1 -0.004227 0.85035 0 0 0.8 0 0.004227 0.05035001 0 5.660295 0.05052713 0 1 0 1
324 1 3 1 -0.00402 0.8503201 0 0 0.8 0 0.00402 0.05032009 0 5.677357 0.05048041 0 1 0 1
324 1 3 1 -0.0038115 0.850293 0 0 0.8 0 0.0038115 0.05029303 0 5.683334 0.05043725 0 1 0 1
324 1 3 1 -0.003603 0.8502675 0 0 0.8 0 0.003603 0.05026752 0 5.688608 0.05039648 0 1 0 1
324 1 3 1 -0.0033945 0.850242 0 0 0.8 0 0.0033945 0.05024201 0 5.693802 0.05035655 0 1 0 1
324 1 3 1 -0.003186 0.8502195 0 0 0.8 0 0.003186 0.05021948 0 5.698799 0.05032044 0 1 0 1
324 1 3 1 -0.0029775 0.8501986 0 0 0.8 0 0.0029775 0.05019855 0 5.716379 0.05028678 0 1 0 1
324 1 3 1 -0.0027675 0.8501775 0 0 0.8 0 0.0027675 0.05017751 0 5.722086 0.05025377 0 1 0 1
324 1 3 1 -0.002559 0.8501595 0 0 0.8 0 0.002559 0.05015951 0 5.727123 0.05022475 0 1 0 1
324 1 3 1 -0.002349 0.8501415 0 0 0.8 0 0.002349 0.05014151 0 5.731993 0.05019651 0 1 0 1
324 1 3 1 -0.0021405 0.8501265 0 0 0.8 0 0.0021405 0.05012649 0 5.748779 0.05017218 0 1 0 1
324 1 3 1 -0.0019305 0.8501116 0 0 0.8 0 0.0019305 0.05011159 0 5.753786 0.05014876 0 1 0 1
324 1 3 1 -0.0017205 0.8500995 0 0 0.8 0 0.0017205 0.05009949 0 5.758823 0.05012903 0 1 0 1
324 1 3 1 -0.0015105 0.8500875 0 0 0.8 0 0.0015105 0.05008751 0 5.763779 0.05011028 0 1 0 1
324 1 3 1 -0.001302 0.8500785 0 0 0.8 0 0.001302 0.05007845 0 5.780348 0.05009537 0 1 0 1
324 1 3 1 -0.001092 0.8500695 0 0 0.8 0 0.001092 0.05006951 0 5.785912 0.05008142 0 1 0 1
324 1 3 1 -0.000882 0.8500636 0 0 0.8 0 0.000882 0.05006355 0 5.791048 0.05007132 0 1 0 1
324 1 3 1 -0.000672 0.8500576 0 0 0.8 0 0.000672 0.05005759 0 5.807615 0.0500621 0 1 0 1
324 1 3 1 -0.000462 0.850053 0 0 0.8 0 0.000462 0.050053 0 5.813137 0.05005514 0 1 0 1
324 1 3 1 -0.000252 0.8500515 0 0 0.8 0 0.000252 0.05005151 0 5.822798 0.05005214 0 1 0 1
324 1 3 1 -4.2E-05 0.8500501 0 0 0.8 0 4.2E-05 0.05005008 0 5.827663 0.0500501 0 1 0 1
324 1 3 1 0.000168 0.8500501 0 0 0.8 0 0.000168 0.05005008 0 5.84424 0.05005036 0 1 0 1
324 1 3 1 0.000378 0.850053 0 0 0.8 0 0.000378 0.050053 0 5.849596 0.05005443 0 1 0 1
324 1 3 1 0.000588 0.8500561 0 0 0.8 0 0.000588 0.05005604 0 5.854824 0.05005949 0 1 0 1
324 1 3 1 0.000798 0.8500605 0 0 0.8 0 0.000798 0.05006051 0 5.871393 0.05006687 0 1 0 1
324 1 3 1 0.001008 0.8500665 0 0 0.8 0 0.001008 0.05006653 0 5.876926 0.05007668 0 1 0 1
324 1 3 1 0.001218 0.8500741 0 0 0.8 0 0.001218 0.05007404 0 5.883757 0.05008885 0 1 0 1
324 1 3 1 0.001428 0.8500845 0 0 0.8 0 0.001428 0.05008453 0 5.889919 0.05010488 0 1 0 1
324 1 3 1 0.001638 0.850095 0 0 0.8 0 0.001638 0.05009502 0 5.906488 0.0501218 0 1 0 1
324 1 3 1 0.0018465 0.850107 0 0 0.8 0 0.0018465 0.050107 0 5.912508 0.05014101 0 1 0 1
324 1 3 1 0.0020565 0.8501205 0 0 0.8 0 0.0020565 0.05012053 0 5.917746 0.0501627 0 1 0 1
324 1 3 1 0.0022665 0.8501356 0 0 0.8 0 0.0022665 0.05013555 0 5.934315 0.05018676 0 1 0 1
324 1 3 1 0.002475 0.8501521 0 0 0.8 0 0.002475 0.05015206 0 5.939882 0.0502131 0 1 0 1
324 1 3 1 0.002685 0.85017 0 0 0.8 0 0.002685 0.05017 0 5.944748 0.0502418 0 1 0 1
324 1 3 1 0.0028935 0.8501896 0 0 0.8 0 0.0028935 0.05018955 0 5.949057 0.05027289 0 1 0 1
324 1 3 1 0.0031035 0.8502105 0 0 0.8 0 0.0031035 0.05021054 0 5.965626 0.05030636 0 1 0 1
324 1 3 1 0.003312 0.8502331 0 0 0.8 0 0.003312 0.05023307 0 5.970406 0.05034213 0 1 0 1
324 1 3 1 0.0035205 0.850257 0 0 0.8 0 0.0035205 0.05025703 0 5.979347 0.05038018 0 1 0 1
324 1 3 1 0.003729 0.8502825 0 0 0.8 0 0.003729 0.05028254 0 5.995914 0.05042062 0 1 0 1
324 1 3 1 0.0039375 0.8503095 0 0 0.8 0 0.0039375 0.05030948 0 6.00132 0.05046333 0 1 0 1
324 1 3 1 0.0041445 0.850338 0 0 0.8 0 0.0041445 0.05033803 0 6.006712 0.05050836 0 1 0 1
324 1 3 1 0.004353 0.850368 0 0 0.8 0 0.004353 0.05036801 0 6.011486 0.05055576 0 1 0 1
324 1 3 1 0.00456 0.8503981 0 0 0.8 0 0.00456 0.05039805 0 6.028055 0.05060393 0 1 0 1
324 1 3 1 0.0047685 0.850431 0 0 0.8 0 0.0047685 0.05043101 0 6.033262 0.05065595 0 1 0 1
324 1 3 1 0.0049755 0.8504655 0 0 0.8 0 0.0049755 0.05046552 0 6.038363 0.0507102 0 1 0 1
324 1 3 1 0.0051825 0.8505015 0 0 0.8 0 0.0051825 0.05050153 0 6.042625 0.05076675 0 1 0 1
324 1 3 1 0.0053895 0.8505375 0 0 0.8 0 0.0053895 0.05053753 0 6.059193 0.05082409 0 1 0 1
324 1 3 1 0.005595 0.8505765 0 0 0.8 0 0.005595 0.05057651 0 6.064974 0.05088504 0 1 0 1
324 1 3 1 0.005802 0.850617 0 0 0.8 0 0.005802 0.05061698 0 6.06967 0.05094842 0 1 0 1
324 1 3 1 0.0060075 0.8506575 0 0 0.8 0 0.0060075 0.05065745 0 6.07427 0.05101242 0 1 0 1
324 1 3 1 0.006213 0.850701 0 0 0.8 0 0.006213 0.05070102 0 6.090837 0.05108028 0 1 0 1
324 1 3 1 0.0064185 0.8507446 0 0 0.8 0 0.0064185 0.05074459 0 6.096758 0.05114891 0 1 0 1
324 1 3 1 0.006624 0.8507911 0 0 0.8 0 0.006624 0.05079108 0 6.101889 0.0512212 0 1 0 1
324 1 3 1 0.006828 0.8508376 0 0 0.8 0 0.006828 0.05083758 0 6.118456 0.05129406 0 1 0 1
324 1 3 1 0.007032 0.8508856 0 0 0.8 0 0.007032 0.05088556 0 6.124056 0.05136915 0 1 0 1
324 1 3 1 0.007236 0.8509365 0 0 0.8 0 0.007236 0.05093652 0 6.134558 0.05144792 0 1 0 1
324 1 3 1 0.00744 0.8509875 0 0 0.8 0 0.00744 0.05098748 0 6.139856 0.05152744 0 1 0 1
324 1 3 1 0.0076425 0.8510401 0 0 0.8 0 0.0076425 0.05104005 0 6.156425 0.05160906 0 1 0 1
324 1 3 1 0.0078465 0.8510941 0 0 0.8 0 0.0078465 0.05109406 0 6.161781 0.05169304 0 1 0 1
324 1 3 1 0.008049 0.8511495 0 0 0.8 0 0.008049 0.05114949 0 6.166849 0.05177892 0 1 0 1
324 1 3 1 0.00825 0.8512065 0 0 0.8 0 0.00825 0.05120653 0 6.171598 0.05186686 0 1 0 1
324 1 3 1 0.008452499 0.851265 0 0 0.8 0 0.008452499 0.051265 0 6.188971 0.05195715 0 1 0 1
324 1 3 1 0.0086535 0.851325 0 0 0.8 0 0.0086535 0.05132502 0 6.193951 0.05204941 0 1 0 1
324 1 3 1 0.0088545 0.8513865 0 0 0.8 0 0.0088545 0.05138654 0 6.199335 0.05214382 0 1 0 1
324 1 3 1 0.0090555 0.8514495 0 0 0.8 0 0.0090555 0.05144954 0 6.215904 0.05224038 0 1 0 1
324 1 3 1 0.009254999 0.8515125 0 0 0.8 0 0.009254999 0.05151248 0 6.221241 0.05233728 0 1 0 1
324 1 3 1 0.0094545 0.8515786 0 0 0.8 0 0.0094545 0.05157858 0 6.226463 0.05243794 0 1 0 1
324 1 3 1 0.009654 0.8516461 0 0 0.8 0 0.009654 0.05164605 0 6.230978 0.0525406 0 1 0 1
324 1 3 1 0.009852001 0.8517135 0 0 0.8 0 0.009852001 0.05171353 0 6.247549 0.05264362 0 1 0 1
324 1 3 1 0.01005 0.851784 0 0 0.8 0 0.01005 0.05178398 0 6.252876 0.05275019 0 1 0 1
324 1 3 1 0.010248 0.8518546 0 0 0.8 0 0.010248 0.05185455 0 6.25815 0.05285751 0 1 0 1
324 1 3 1 0.0104445 0.8519266 0 0 0.8 0 0.0104445 0.05192655 0 6.274719 0.05296654 0 1 0 1
324 1 3 1 0.010641 0.8520015 0 0 0.8 0 0.010641 0.05200154 0 6.282179 0.0530791 0 1 0 1
324 1 3 1 0.0108375 0.8520765 0 0 0.8 0 0.0108375 0.05207652 0 6.293465 0.05319225 0 1 0 1
324 1 3 1 0.0110325 0.852153 0 0 0.8 0 0.0110325 0.05215299 0 6.310034 0.05330713 0 1 0 1
324 1 3 1 0.0112275 0.852231 0 0 0.8 0 0.0112275 0.05223101 0 6.315489 0.05342411 0 1 0 1
324 1 3 1 0.0114225 0.852309 0 0 0.8 0 0.0114225 0.05230898 0 6.320807 0.0535416 0 1 0 1
324 1 3 1 0.011616 0.8523901 0 0 0.8 0 0.011616 0.05239004 0 6.325722 0.05366235 0 1 0 1
324 1 3 1 0.0118095 0.8524725 0 0 0.8 0 0.0118095 0.05247253 0 6.34239 0.05378504 0 1 0 1
324 1 3 1 0.012003 0.852555 0 0 0.8 0 0.012003 0.05255502 0 6.347858 0.05390828 0 1 0 1
324 1 3 1 0.012195 0.8526405 0 0 0.8 0 0.012195 0.0526405 0 6.35268 0.05403462 0 1 0 1
324 1 3 1 0.012387 0.852726 0 0 0.8 0 0.012387 0.05272597 0 6.357252 0.05416148 0 1 0 1
324 1 3 1 0.0125775 0.8528146 0 0 0.8 0 0.0125775 0.05281454 0 6.373819 0.05429152 0 1 0 1
324 1 3 1 0.012768 0.852903 0 0 0.8 0 0.012768 0.052903 0 6.379311 0.05442195 0 1 0 1
324 1 3 1 0.012957 0.8529931 0 0 0.8 0 0.012957 0.05299306 0 6.384583 0.05455409 0 1 0 1
324 1 3 1 0.013146 0.8530846 0 0 0.8 0 0.013146 0.05308455 0 6.389057 0.05468809 0 1 0 1
324 1 3 1 0.013335 0.853176 0 0 0.8 0 0.013335 0.05317599 0 6.405626 0.05482251 0 1 0 1
324 1 3 1 0.0135225 0.8532705 0 0 0.8 0 0.0135225 0.05327052 0 6.411057 0.05496004 0 1 0 1
324 1 3 1 0.01371 0.8533665 0 0 0.8 0 0.01371 0.05336648 0 6.416027 0.05509942 0 1 0 1
324 1 3 1 0.013896 0.8534626 0 0 0.8 0 0.013896 0.05346256 0 6.42061 0.05523898 0 1 0 1
324 1 3 1 0.014082 0.85356 0 0 0.8 0 0.014082 0.05355996 0 6.437653 0.05538025 0 1 0 1
324 1 3 1 0.0142665 0.853659 0 0 0.8 0 0.0142665 0.05365902 0 6.443254 0.05552318 0 1 0 1
324 1 3 1 0.014451 0.8537595 0 0 0.8 0 0.014451 0.05375952 0 6.452745 0.05566792 0 1 0 1
324 1 3 1 0.0146355 0.8538616 0 0 0.8 0 0.0146355 0.05386156 0 6.469315 0.05581456 0 1 0 1
324 1 3 1 0.0148185 0.853965 0 0 0.8 0 0.0148185 0.05396503 0 6.474358 0.0559626 0 1 0 1
324 1 3 1 0.015 0.8540701 0 0 0.8 0 0.015 0.05407006 0 6.479582 0.05611213 0 1 0 1
324 1 3 1 0.0151815 0.854175 0 0 0.8 0 0.0151815 0.05417502 0 6.49691 0.05626198 0 1 0 1
324 1 3 1 0.015363 0.8542815 0 0 0.8 0 0.015363 0.05428153 0 6.50243 0.05641371 0 1 0 1
324 1 3 1 0.015543 0.8543895 0 0 0.8 0 0.015543 0.05438954 0 6.507429 0.05656683 0 1 0 1
324 1 3 1 0.0157215 0.854499 0 0 0.8 0 0.0157215 0.05449903 0 6.512369 0.05672134 0 1 0 1
324 1 3 1 0.0159 0.85461 0 0 0.8 0 0.0159 0.05460995 0 6.5299 0.05687756 0 1 0 1
324 1 3 1 0.0160785 0.8547226 0 0 0.8 0 0.0160785 0.05472255 0 6.535086 0.05703574 0 1 0 1
324 1 3 1 0.0162555 0.854835 0 0 0.8 0 0.0162555 0.05483502 0 6.539829 0.05719371 0 1 0 1
324 1 3 1 0.016431 0.854949 0 0 0.8 0 0.016431 0.05494899 0 6.544188 0.05735302 0 1 0 1
324 1 3 1 0.0166065 0.8550661 0 0 0.8 0 0.0166065 0.05506605 0 6.560757 0.05751561 0 1 0 1
324 1 3 1 0.0167805 0.8551816 0 0 0.8 0 0.0167805 0.05518156 0 6.566231 0.0576766 0 1 0 1
324 1 3 1 0.0169545 0.8553001 0 0 0.8 0 0.0169545 0.05530006 0 6.570984 0.05784074 0 1 0 1
324 1 3 1 0.017127 0.85542 0 0 0.8 0 0.017127 0.05541998 0 6.575634 0.05800611 0 1 0 1
324 1 3 1 0.0172995 0.85554 0 0 0.8 0 0.0172995 0.05554003 0 6.592819 0.05817188 0 1 0 1
324 1 3 1 0.0174705 0.8556615 0 0 0.8 0 0.0174705 0.0556615 0 6.598707 0.05833884 0 1 0 1
324 1 3 1 0.01764 0.8557845 0 0 0.8 0 0.01764 0.05578452 0 6.608608 0.05850711 0 1 0 1
324 1 3 1 0.0178095 0.855909 0 0 0.8 0 0.0178095 0.05590898 0 6.625177 0.05867702 0 1 0 1
324 1 3 1 0.017979 0.8560336 0 0 0.8 0 0.017979 0.05603355 0 6.630867 0.05884729 0 1 0 1
324 1 3 1 0.018147 0.856161 0 0 0.8 0 0.018147 0.05616099 0 6.635582 0.05902008 0 1 0 1
324 1 3 1 0.0183135 0.8562886 0 0 0.8 0 0.0183135 0.05628854 0 6.652151 0.05919277 0 1 0 1
324 1 3 1 0.0184785 0.8564175 0 0 0.8 0 0.0184785 0.05641752 0 6.657591 0.05936659 0 1 0 1
324 1 3 1 0.0186435 0.8565465 0 0 0.8 0 0.0186435 0.05654651 0 6.663244 0.05954064 0 1 0 1
324 1 3 1 0.0188085 0.8566785 0 0 0.8 0 0.0188085 0.05667847 0 6.667852 0.05971774 0 1 0 1
324 1 3 1 0.0189705 0.8568106 0 0 0.8 0 0.0189705 0.05681056 0 6.684422 0.05989423 0 1 0 1
324 1 3 1 0.019134 0.8569441 0 0 0.8 0 0.019134 0.05694407 0 6.689466 0.06007277 0 1 0 1
324 1 3 1 0.0192945 0.8570775 0 0 0.8 0 0.0192945 0.05707753 0 6.693808 0.06025049 0 1 0 1
324 1 3 1 0.019455 0.8572141 0 0 0.8 0 0.019455 0.05721408 0 6.698582 0.06043135 0 1 0 1
324 1 3 1 0.019614 0.8573505 0 0 0.8 0 0.019614 0.05735046 0 6.715254 0.06061175 0 1 0 1
324 1 3 1 0.019773 0.8574885 0 0 0.8 0 0.019773 0.0574885 0 6.720514 0.06079391 0 1 0 1
324 1 3 1 0.0199305 0.8576265 0 0 0.8 0 0.0199305 0.05762649 0 6.725031 0.0609757 0 1 0 1
324 1 3 1 0.0200865 0.8577675 0 0 0.8 0 0.0200865 0.05776745 0 6.729172 0.06116 0 1 0 1
324 1 3 1 0.0202425 0.8579086 0 0 0.8 0 0.0202425 0.05790859 0 6.745867 0.06134463 0 1 0 1
324 1 3 1 0.020397 0.858051 0 0 0.8 0 0.020397 0.05805099 0 6.751717 0.06153011 0 1 0 1
324 1 3 1 0.02055 0.8581935 0 0 0.8 0 0.02055 0.0581935 0 6.761419 0.06171536 0 1 0 1
324 1 3 1 0.020703 0.8583375 0 0 0.8 0 0.020703 0.05833751 0 6.778605 0.06190217 0 1 0 1
324 1 3 1 0.0208545 0.858483 0 0 0.8 0 0.0208545 0.058483 0 6.783934 0.06209003 0 1 0 1
324 1 3 1 0.0210045 0.85863 0 0 0.8 0 0.0210045 0.05862999 0 6.788839 0.06227893 0 1 0 1
324 1 3 1 0.0211545 0.8587785 0 0 0.8 0 0.0211545 0.05877846 0 6.793335 0.06246936 0 1 0 1
324 1 3 1 0.021303 0.858927 0 0 0.8 0 0.021303 0.058927 0 6.810423 0.06265947 0 1 0 1
324 1 3 1 0.02145 0.8590755 0 0 0.8 0 0.02145 0.05907553 0 6.81596 0.06284919 0 1 0 1
324 1 3 1 0.0215955 0.8592271 0 0 0.8 0 0.0215955 0.05922705 0 6.820242 0.06304133 0 1 0 1
324 1 3 1 0.021741 0.8593785 0 0 0.8 0 0.021741 0.0593785 0 6.836811 0.06323352 0 1 0 1
324 1 3 1 0.021885 0.8595315 0 0 0.8 0 0.021885 0.05953151 0 6.842829 0.06342676 0 1 0 1
324 1 3 1 0.022029 0.8596846 0 0 0.8 0 0.022029 0.05968457 0 6.848669 0.06362016 0 1 0 1
324 1 3 1 0.02217 0.8598391 0 0 0.8 0 0.02217 0.05983907 0 6.853628 0.06381398 0 1 0 1
324 1 3 1 0.022311 0.8599951 0 0 0.8 0 0.022311 0.05999506 0 6.85803 0.06400928 0 1 0 1
324 1 3 1 0.022452 0.8601525 0 0 0.8 0 0.022452 0.06015247 0 6.874609 0.06420601 0 1 0 1
324 1 3 1 0.02259 0.8603101 0 0 0.8 0 0.02259 0.06031007 0 6.880116 0.06440195 0 1 0 1
324 1 3 1 0.022728 0.8604675 0 0 0.8 0 0.022728 0.06046748 0 6.885057 0.06459782 0 1 0 1
324 1 3 1 0.0228645 0.8606281 0 0 0.8 0 0.0228645 0.06062806 0 6.889494 0.06479619 0 1 0 1
324 1 3 1 0.0229995 0.8607886 0 0 0.8 0 0.0229995 0.06078857 0 6.906063 0.06499405 0 1 0 1
324 1 3 1 0.0231345 0.860949 0 0 0.8 0 0.0231345 0.06094903 0 6.911501 0.06519194 0 1 0 1
324 1 3 1 0.0232665 0.8611126 0 0 0.8 0 0.0232665 0.06111258 0 6.928183 0.06539173 0 1 0 1
324 1 3 1 0.0233985 0.861276 0 0 0.8 0 0.0233985 0.06127602 0 6.933527 0.06559147 0 1 0 1
324 1 3 1 0.0235305 0.8614395 0 0 0.8 0 0.0235305 0.06143951 0 6.938576 0.06579132 0 1 0 1
324 1 3 1 0.0236595 0.8616046 0 0 0.8 0 0.0236595 0.06160456 0 6.943073 0.06599162 0 1 0 1
324 1 3 1 0.0237885 0.861771 0 0 0.8 0 0.0237885 0.06177104 0 6.948193 0.0661933 0 1 0 1
324 1 3 1 0.023916 0.8619375 0 0 0.8 0 0.023916 0.06193751 0 6.952429 0.06639451 0 1 0 1
324 1 3 1 0.024042 0.8621055 0 0 0.8 0 0.024042 0.06210548 0 6.968998 0.0665966 0 1 0 1
324 1 3 1 0.0241665 0.862275 0 0 0.8 0 0.0241665 0.06227499 0 6.974207 0.06679966 0 1 0 1
324 1 3 1 0.024291 0.8624445 0 0 0.8 0 0.024291 0.06244451 0 6.979338 0.06700276 0 1 0 1
324 1 3 1 0.0244125 0.862614 0 0 0.8 0 0.0244125 0.06261402 0 6.995893 0.06720481 0 1 0 1
324 1 3 1 0.024534 0.862785 0 0 0.8 0 0.024534 0.06278497 0 7.001196 0.06740823 0 1 0 1
324 1 3 1 0.0246555 0.8629576 0 0 0.8 0 0.0246555 0.06295758 0 7.006012 0.06761324 0 1 0 1
324 1 3 1 0.024774 0.8631315 0 0 0.8 0 0.024774 0.06313151 0 7.010626 0.06781843 0 1 0 1
324 1 3 1 0.024891 0.863304 0 0 0.8 0 0.024891 0.06330401 0 7.014925 0.06802175 0 1 0 1
324 1 3 1 0.025008 0.8634795 0 0 0.8 0 0.025008 0.06347948 0 7.031496 0.06822789 0 1 0 1
324 1 3 1 0.0251235 0.863655 0 0 0.8 0 0.0251235 0.06365502 0 7.037346 0.06843356 0 0 0 1
324 1 3 1 0.0252375 0.8638306 0 0 0.8 0 0.0252375 0.06383055 0 7.042589 0.0686387 0 0 0 1
324 1 3 1 0.02535 0.8640076 0 0 0.8 0 0.02535 0.06400758 0 7.059156 0.0688447 0 0 0 1
324 1 3 1 0.0254625 0.864186 0 0 0.8 0 0.0254625 0.06418604 0 7.064898 0.06905206 0 0 0 1
324 1 3 1 0.0255735 0.8643646 0 0 0.8 0 0.0255735 0.06436455 0 7.075333 0.06925893 0 0 0 1
324 1 3 1 0.0256815 0.8645445 0 0 0.8 0 0.0256815 0.0645445 0 7.0919 0.06946605 0 0 0 1
324 1 3 1 0.0257895 0.8647245 0 0 0.8 0 0.0257895 0.0647245 0 7.09774 0.06967324 0 0 0 1
324 1 3 1 0.025896 0.8649045 0 0 0.8 0 0.025896 0.06490451 0 7.102604 0.06987988 0 0 0 1
324 1 3 1 0.0260025 0.8650861 0 0 0.8 0 0.0260025 0.06508607 0 7.107374 0.07008799 0 0 0 1
324 1 3 1 0.026106 0.865269 0 0 0.8 0 0.026106 0.06526899 0 7.123943 0.07029627 0 0 0 1
324 1 3 1 0.0262095 0.8654521 0 0 0.8 0 0.0262095 0.06545204 0 7.129478 0.07050466 0 0 0 1
324 1 3 1 0.02631 0.8656366 0 0 0.8 0 0.02631 0.06563658 0 7.134951 0.07071334 0 0 0 1
324 1 3 1 0.0264105 0.865821 0 0 0.8 0 0.0264105 0.06582099 0 7.151628 0.07092191 0 0 0 1
324 1 3 1 0.0265095 0.8660055 0 0 0.8 0 0.0265095 0.06600553 0 7.157173 0.07113004 0 0 0 1
324 1 3 1 0.026607 0.8661915 0 0 0.8 0 0.026607 0.06619149 0 7.162931 0.07133895 0 0 0 1
324 1 3 1 0.026703 0.866379 0 0 0.8 0 0.026703 0.06637901 0 7.168201 0.07154875 0 0 0 1
324 1 3 1 0.026799 0.866565 0 0 0.8 0 0.026799 0.06656504 0 7.184771 0.07175717 0 0 0 1
324 1 3 1 0.026892 0.8667541 0 0 0.8 0 0.026892 0.06675404 0 7.190241 0.07196723 0 0 0 1
324 1 3 1 0.026985 0.8669416 0 0 0.8 0 0.026985 0.06694156 0 7.194536 0.07217591 0 0 0 1
324 1 3 1 0.0270765 0.8671305 0 0 0.8 0 0.0270765 0.06713051 0 7.199228 0.07238537 0 0 0 1
324 1 3 1 0.027165 0.8673211 0 0 0.8 0 0.027165 0.06732106 0 7.215824 0.07259519 0 0 0 1
324 1 3 1 0.0272535 0.8675115 0 0 0.8 0 0.0272535 0.0675115 0 7.221607 0.07280491 0 0 0 1
324 1 3 1 0.0273405 0.867702 0 0 0.8 0 0.0273405 0.067702 0 7.231924 0.07301413 0 0 0 1
324 1 3 1 0.0274275 0.867894 0 0 0.8 0 0.0274275 0.06789398 0 7.248493 0.07322472 0 0 0 1
324 1 3 1 0.0275115 0.868086 0 0 0.8 0 0.0275115 0.06808603 0 7.253511 0.07343426 0 0 0 1
324 1 3 1 0.027594 0.8682795 0 0 0.8 0 0.027594 0.0682795 0 7.258648 0.07364455 0 0 0 1
324 1 3 1 0.0276765 0.868473 0 0 0.8 0 0.0276765 0.06847298 0 7.263058 0.07385484 0 0 0 1
324 1 3 1 0.027756 0.8686665 0 0 0.8 0 0.027756 0.06866652 0 7.279627 0.07406407 0 0 0 1
324 1 3 1 0.0278355 0.8688616 0 0 0.8 0 0.0278355 0.06886154 0 7.285585 0.07427467 0 0 0 1
324 1 3 1 0.0279135 0.8690566 0 0 0.8 0 0.0279135 0.06905657 0 7.290327 0.07448472 0 0 0 1
324 1 3 1 0.02799 0.869253 0 0 0.8 0 0.02799 0.06925303 0 7.295315 0.07469553 0 0 0 1
324 1 3 1 0.028065 0.8694481 0 0 0.8 0 0.028065 0.06944805 0 7.311882 0.07490445 0 0 0 1
324 1 3 1 0.0281385 0.8696445 0 0 0.8 0 0.0281385 0.06964451 0 7.317291 0.07511413 0 0 0 1
324 1 3 1 0.0282105 0.8698425 0 0 0.8 0 0.0282105 0.06984252 0 7.322454 0.07532469 0 0 0 1
324 1 3 1 0.028281 0.8700405 0 0 0.8 0 0.028281 0.07004052 0 7.327425 0.07553469 0 0 0 1
324 1 3 1 0.02835 0.8702385 0 0 0.8 0 0.02835 0.07023853 0 7.343994 0.07574414 0 0 0 1
324 1 3 1 0.0284175 0.8704365 0 0 0.8 0 0.0284175 0.07043654 0 7.349796 0.07595301 0 0 0 1
324 1 3 1 0.028485 0.870636 0 0 0.8 0 0.028485 0.07063597 0 7.354818 0.07616322 0 0 0 1
324 1 3 1 0.0285495 0.8708355 0 0 0.8 0 0.0285495 0.07083553 0 7.371365 0.07637241 0 0 0 1
324 1 3 1 0.028614 0.8710365 0 0 0.8 0 0.028614 0.07103652 0 7.376844 0.07658295 0 0 0 1
324 1 3 1 0.0286755 0.871236 0 0 0.8 0 0.0286755 0.07123601 0 7.387129 0.07679098 0 0 0 1
324 1 3 1 0.028737 0.871437 0 0 0.8 0 0.028737 0.071437 0 7.403696 0.07700039 0 0 0 1
324 1 3 1 0.028797 0.871638 0 0 0.8 0 0.028797 0.07163799 0 7.40867 0.07720925 0 0 0 1
324 1 3 1 0.0288555 0.8718405 0 0 0.8 0 0.0288555 0.07184047 0 7.413424 0.07741894 0 0 0 1
324 1 3 1 0.028911 0.872043 0 0 0.8 0 0.028911 0.072043 0 7.418474 0.07762757 0 0 0 1
324 1 3 1 0.0289665 0.8722456 0 0 0.8 0 0.0289665 0.07224554 0 7.435041 0.07783622 0 0 0 1
324 1 3 1 0.0290205 0.872448 0 0 0.8 0 0.0290205 0.07244802 0 7.440496 0.07804425 0 0 0 1
324 1 3 1 0.029073 0.8726521 0 0 0.8 0 0.029073 0.07265204 0 7.445074 0.07825317 0 0 0 1
324 1 3 1 0.029124 0.872856 0 0 0.8 0 0.029124 0.07285601 0 7.449469 0.07846149 0 0 0 1
324 1 3 1 0.0291735 0.87306 0 0 0.8 0 0.0291735 0.07305998 0 7.46604 0.07866926 0 0 0 1
324 1 3 1 0.029223 0.8732641 0 0 0.8 0 0.029223 0.07326406 0 7.471697 0.07887716 0 0 0 1
324 1 3 1 0.0292695 0.873468 0 0 0.8 0 0.0292695 0.07346803 0 7.477152 0.07908385 0 0 0 1
324 1 3 1 0.0293145 0.8736736 0 0 0.8 0 0.0293145 0.07367355 0 7.482935 0.07929143 0 0 0 1
324 1 3 1 0.029358 0.8738791 0 0 0.8 0 0.029358 0.07387906 0 7.49996 0.07949848 0 0 0 1
324 1 3 1 0.0294015 0.8740845 0 0 0.8 0 0.0294015 0.07408452 0 7.505564 0.07970548 0 0 0 1
324 1 3 1 0.029442 0.87429 0 0 0.8 0 0.029442 0.07428998 0 7.509939 0.0799114 0 0 0 1
324 1 3 1 0.029481 0.8744971 0 0 0.8 0 0.029481 0.07449704 0 7.52651 0.08011828 0 0 0 1
324 1 3 1 0.02952 0.8747025 0 0 0.8 0 0.02952 0.0747025 0 7.532034 0.08032368 0 0 0 1
324 1 3 1 0.029556 0.8749095 0 0 0.8 0 0.029556 0.07490951 0 7.541449 0.08052944 0 0 0 1
324 1 3 1 0.029592 0.8751166 0 0 0.8 0 0.029592 0.07511657 0 7.546095 0.08073528 0 0 0 1
324 1 3 1 0.029625 0.8753235 0 0 0.8 0 0.029625 0.07532352 0 7.562662 0.08093994 0 0 0 1
324 1 3 1 0.029658 0.875532 0 0 0.8 0 0.029658 0.07553202 0 7.568502 0.08114606 0 0 0 1
324 1 3 1 0.029688 0.875739 0 0 0.8 0 0.029688 0.07573897 0 7.572939 0.08134966 0 0 0 1
324 1 3 1 0.029718 0.8759475 0 0 0.8 0 0.029718 0.07594746 0 7.577295 0.08155475 0 0 0 1
324 1 3 1 0.0297465 0.876156 0 0 0.8 0 0.0297465 0.07615596 0 7.593863 0.08175931 0 0 0 1
324 1 3 1 0.029772 0.8763645 0 0 0.8 0 0.029772 0.07636446 0 7.599726 0.08196281 0 0 0 1
324 1 3 1 0.0297975 0.876573 0 0 0.8 0 0.0297975 0.07657295 0 7.604544 0.08216634 0 0 0 1
324 1 3 1 0.0298215 0.8767815 0 0 0.8 0 0.0298215 0.07678145 0 7.621115 0.08236937 0 0 0 1
324 1 3 1 0.029844 0.87699 0 0 0.8 0 0.029844 0.07698995 0 7.626574 0.08257189 0 0 0 1
324 1 3 1 0.0298635 0.8771986 0 0 0.8 0 0.0298635 0.07719857 0 7.632097 0.08277347 0 0 0 1
324 1 3 1 0.029883 0.8774085 0 0 0.8 0 0.029883 0.07740849 0 7.637335 0.08297631 0 0 0 1
324 1 3 1 0.029901 0.877617 0 0 0.8 0 0.029901 0.07761699 0 7.653906 0.08317732 0 0 0 1
324 1 3 1 0.0299175 0.877827 0 0 0.8 0 0.0299175 0.07782704 0 7.658987 0.08337928 0 0 0 1
324 1 3 1 0.0299325 0.8780355 0 0 0.8 0 0.0299325 0.07803553 0 7.663393 0.08357929 0 0 0 1
324 1 3 1 0.029946 0.8782455 0 0 0.8 0 0.029946 0.07824552 0 7.67996 0.08378021 0 0 0 1
324 1 3 1 0.029958 0.8784555 0 0 0.8 0 0.029958 0.07845551 0 7.685736 0.08398064 0 0 0 1
324 1 3 1 0.0299685 0.8786656 0 0 0.8 0 0.0299685 0.07866555 0 7.695963 0.08418064 0 0 0 1
324 1 3 1 0.0299775 0.8788741 0 0 0.8 0 0.0299775 0.07887405 0 7.701048 0.08437871 0 0 0 1
324 1 3 1 0.029985 0.879084 0 0 0.8 0 0.029985 0.07908398 0 7.717615 0.08457763 0 0 0 1
324 1 3 1 0.029991 0.879294 0 0 0.8 0 0.029991 0.07929403 0 7.722837 0.08477619 0 0 0 1
324 1 3 1 0.0299955 0.879504 0 0 0.8 0 0.0299955 0.07950401 0 7.72769 0.08497422 0 0 0 1
324 1 3 1 0.0299985 0.879714 0 0 0.8 0 0.0299985 0.079714 0 7.732271 0.08517177 0 0 0 1
324 1 3 1 0.03 0.8799241 0 0 0.8 0 0.03 0.07992405 0 7.748838 0.08536892 0 0 0 1
324 1 3 1 0.03 0.8800501 0 0 0.8 0 0.03 0.08005005 0 7.754473 0.0854869 0 0 0 1
