43 1 2 4 0.03 0.8800501 0 0 0.8 0 0.03 0.08005005 0 0 0.0854869 0 0 0 0
43 1 2 4 0.0299985 0.88047 0 0 0.8 0 0.0299985 0.08047003 0 0.0170517 0.08587977 0 0 0 1
43 1 2 4 0.029994 0.88089 0 0 0.8 0 0.029994 0.08089 0 0.02262878 0.08627185 0 0 0 1
43 1 2 4 0.0299865 0.88131 0 0 0.8 0 0.0299865 0.08131003 0 0.03412628 0.08666321 0 0 0 1
43 1 2 4 0.029976 0.88173 0 0 0.8 0 0.029976 0.08172995 0 0.05069733 0.08705369 0 0 0 1
43 1 2 4 0.029964 0.8821501 0 0 0.8 0 0.029964 0.08215004 0 0.05635834 0.0874441 0 0 0 1
43 1 2 4 0.0299475 0.88257 0 0 0.8 0 0.0299475 0.08257002 0 0.06203461 0.08783314 0 0 0 1
43 1 2 4 0.029928 0.8829886 0 0 0.8 0 0.029928 0.08298856 0 0.07897949 0.0882201 0 0 0 1
43 1 2 4 0.0299055 0.8834085 0 0 0.8 0 0.0299055 0.08340853 0 0.0844574 0.08860768 0 0 0 1
43 1 2 4 0.0298815 0.883827 0 0 0.8 0 0.0298815 0.08382702 0 0.09011078 0.08899367 0 0 0 1
43 1 2 4 0.029853 0.8842471 0 0 0.8 0 0.029853 0.08424705 0 0.09513855 0.08937991 0 0 0 1
43 1 2 4 0.0298215 0.8846655 0 0 0.8 0 0.0298215 0.08466548 0 0.1117096 0.08976394 0 0 0 1
43 1 2 4 0.0297885 0.885084 0 0 0.8 0 0.0297885 0.08508402 0 0.1170273 0.09014791 0 0 0 1
43 1 2 4 0.029751 0.8855025 0 0 0.8 0 0.029751 0.08550251 0 0.1214066 0.09053066 0 0 0 1
43 1 2 4 0.029712 0.885921 0 0 0.8 0 0.029712 0.08592099 0 0.1258011 0.09091325 0 0 0 1
43 1 2 4 0.02967 0.886338 0 0 0.8 0 0.02967 0.08633798 0 0.1423721 0.09129379 0 0 0 1
43 1 2 4 0.0296235 0.8867565 0 0 0.8 0 0.0296235 0.08675653 0 0.1477509 0.09167468 0 0 0 1
43 1 2 4 0.0295755 0.8871735 0 0 0.8 0 0.0295755 0.08717352 0 0.152626 0.09205396 0 0 0 1
43 1 2 4 0.0295245 0.8875905 0 0 0.8 0 0.0295245 0.08759052 0 0.157486 0.09243265 0 0 0 1
43 1 2 4 0.0294705 0.888006 0 0 0.8 0 0.0294705 0.08800596 0 0.1740494 0.09280927 0 0 0 1
43 1 2 4 0.0294135 0.888423 0 0 0.8 0 0.0294135 0.08842295 0 0.1791916 0.09318677 0 0 0 1
43 1 2 4 0.0293535 0.8888385 0 0 0.8 0 0.0293535 0.08883852 0 0.1887207 0.09356233 0 0 0 1
43 1 2 4 0.0292905 0.889254 0 0 0.8 0 0.0292905 0.08925402 0 0.2052917 0.09393729 0 0 0 1
43 1 2 4 0.0292245 0.8896681 0 0 0.8 0 0.0292245 0.0896681 0 0.2104263 0.09431034 0 0 0 1
43 1 2 4 0.0291555 0.890082 0 0 0.8 0 0.0291555 0.09008199 0 0.2152252 0.09468267 0 0 0 1
43 1 2 4 0.0290835 0.8904961 0 0 0.8 0 0.0290835 0.09049606 0 0.2197647 0.09505466 0 0 0 1
43 1 2 4 0.0290085 0.89091 0 0 0.8 0 0.0290085 0.09091002 0 0.2363434 0.09542602 0 0 0 1
43 1 2 4 0.028932 0.8913226 0 0 0.8 0 0.028932 0.09132254 0 0.2418289 0.09579597 0 0 0 1
43 1 2 4 0.028851 0.8917351 0 0 0.8 0 0.028851 0.09173506 0 0.2472687 0.09616498 0 0 0 1
43 1 2 4 0.0287685 0.892146 0 0 0.8 0 0.0287685 0.09214598 0 0.2518539 0.09653242 0 0 0 1
43 1 2 4 0.0286815 0.892557 0 0 0.8 0 0.0286815 0.09255701 0 0.2687225 0.09689907 0 0 0 1
43 1 2 4 0.028593 0.892968 0 0 0.8 0 0.028593 0.09296799 0 0.2737427 0.09726565 0 0 0 1
43 1 2 4 0.0285015 0.8933775 0 0 0.8 0 0.0285015 0.09337753 0 0.2787933 0.09763042 0 0 0 1
43 1 2 4 0.028407 0.893787 0 0 0.8 0 0.028407 0.09378701 0 0.2832184 0.09799471 0 0 0 1
43 1 2 4 0.028308 0.894195 0 0 0.8 0 0.028308 0.09419501 0 0.2997818 0.09835671 0 0 0 1
43 1 2 4 0.0282075 0.8946031 0 0 0.8 0 0.0282075 0.09460306 0 0.3049545 0.09871881 0 0 0 1
43 1 2 4 0.0281055 0.8950111 0 0 0.8 0 0.0281055 0.09501106 0 0.3104935 0.09908088 0 0 0 1
43 1 2 4 0.027999 0.8954176 0 0 0.8 0 0.027999 0.09541756 0 0.3271332 0.09944071 0 0 0 1
43 1 2 4 0.0278895 0.8958225 0 0 0.8 0 0.0278895 0.09582251 0 0.3323517 0.09979869 0 0 0 1
43 1 2 4 0.0277785 0.8962275 0 0 0.8 0 0.0277785 0.09622747 0 0.3420486 0.1001567 0 0 0 1
43 1 2 4 0.027663 0.896631 0 0 0.8 0 0.027663 0.09663099 0 0.3465729 0.1005126 0 0 0 1
43 1 2 4 0.027546 0.8970345 0 0 0.8 0 0.027546 0.09703451 0 0.3631439 0.1008686 0 0 0 1
43 1 2 4 0.027426 0.8974366 0 0 0.8 0 0.027426 0.09743655 0 0.3682861 0.1012229 0 0 0 1
43 1 2 4 0.027303 0.8978385 0 0 0.8 0 0.027303 0.09783852 0 0.3731842 0.1015767 0 0 0 1
43 1 2 4 0.027177 0.8982391 0 0 0.8 0 0.027177 0.09823906 0 0.3778152 0.1019289 0 0 0 1
43 1 2 4 0.027048 0.8986396 0 0 0.8 0 0.027048 0.09863955 0 0.3948822 0.1022808 0 0 0 1
43 1 2 4 0.026916 0.8990386 0 0 0.8 0 0.026916 0.09903854 0 0.4004211 0.1026309 0 0 0 1
43 1 2 4 0.0267825 0.8994361 0 0 0.8 0 0.0267825 0.09943604 0 0.4054642 0.1029797 0 0 0 1
43 1 2 4 0.0266445 0.8998336 0 0 0.8 0 0.0266445 0.09983355 0 0.4224167 0.103328 0 0 0 1
43 1 2 4 0.026505 0.9002296 0 0 0.8 0 0.026505 0.1002296 0 0.4276657 0.1036749 0 0 0 1
43 1 2 4 0.0263625 0.900624 0 0 0.8 0 0.0263625 0.100624 0 0.4325485 0.1040201 0 0 0 1
43 1 2 4 0.026217 0.9010186 0 0 0.8 0 0.026217 0.1010185 0 0.4371567 0.1043651 0 0 0 1
43 1 2 4 0.0260685 0.9014115 0 0 0.8 0 0.0260685 0.1014115 0 0.4537277 0.1047085 0 0 0 1
43 1 2 4 0.0259185 0.901803 0 0 0.8 0 0.0259185 0.101803 0 0.4591904 0.1050506 0 0 0 1
43 1 2 4 0.025764 0.902193 0 0 0.8 0 0.025764 0.102193 0 0.4641724 0.1053907 0 0 0 1
43 1 2 4 0.025608 0.902583 0 0 0.8 0 0.025608 0.102583 0 0.4807434 0.105731 0 0 0 1
43 1 2 4 0.025449 0.9029716 0 0 0.8 0 0.025449 0.1029716 0 0.4868774 0.1060698 0 0 0 1
43 1 2 4 0.025287 0.90336 0 0 0.8 0 0.025287 0.10336 0 0.4983597 0.1064083 0 0 0 1
43 1 2 4 0.025122 0.903747 0 0 0.8 0 0.025122 0.103747 0 0.503006 0.1067452 0 0 0 1
43 1 2 4 0.0249555 0.904131 0 0 0.8 0 0.0249555 0.104131 0 0.519577 0.1070796 0 0 0 1
43 1 2 4 0.024786 0.904515 0 0 0.8 0 0.024786 0.104515 0 0.5247879 0.1074138 0 1 0 1
43 1 2 4 0.024612 0.904899 0 0 0.8 0 0.024612 0.104899 0 0.5303879 0.1077476 0 1 0 1
43 1 2 4 0.024438 0.9052801 0 0 0.8 0 0.024438 0.10528 0 0.5469589 0.1080792 0 1 0 1
43 1 2 4 0.0242595 0.905661 0 0 0.8 0 0.0242595 0.105661 0 0.5522614 0.1084102 0 1 0 1
43 1 2 4 0.0240795 0.9060405 0 0 0.8 0 0.0240795 0.1060405 0 0.5571594 0.1087401 0 1 0 1
43 1 2 4 0.023895 0.906417 0 0 0.8 0 0.023895 0.106417 0 0.56147 0.1090667 0 1 0 1
43 1 2 4 0.0237105 0.906795 0 0 0.8 0 0.0237105 0.106795 0 0.5657806 0.1093954 0 1 0 1
43 1 2 4 0.0235215 0.9071701 0 0 0.8 0 0.0235215 0.10717 0 0.5826035 0.1097209 0 1 0 1
43 1 2 4 0.0233295 0.9075435 0 0 0.8 0 0.0233295 0.1075435 0 0.5877838 0.1100449 0 1 0 1
43 1 2 4 0.023136 0.907917 0 0 0.8 0 0.023136 0.107917 0 0.5927353 0.1103692 0 1 0 1
43 1 2 4 0.0229395 0.9082875 0 0 0.8 0 0.0229395 0.1082875 0 0.6092987 0.1106906 0 1 0 1
43 1 2 4 0.0227415 0.908658 0 0 0.8 0 0.0227415 0.108658 0 0.6147385 0.1110123 0 1 0 1
43 1 2 4 0.022539 0.9090255 0 0 0.8 0 0.022539 0.1090255 0 0.6193008 0.1113309 0 1 0 1
43 1 2 4 0.022335 0.9093931 0 0 0.8 0 0.022335 0.1093931 0 0.6234512 0.1116499 0 1 0 1
43 1 2 4 0.022128 0.909759 0 0 0.8 0 0.022128 0.109759 0 0.6400146 0.1119674 0 1 0 1
43 1 2 4 0.0219195 0.9101235 0 0 0.8 0 0.0219195 0.1101235 0 0.645256 0.1122837 0 1 0 1
43 1 2 4 0.021708 0.910485 0 0 0.8 0 0.021708 0.110485 0 0.6548386 0.1125974 0 1 0 1
43 1 2 4 0.0214935 0.9108465 0 0 0.8 0 0.0214935 0.1108465 0 0.6594238 0.1129111 0 1 0 1
43 1 2 4 0.021276 0.9112066 0 0 0.8 0 0.021276 0.1112066 0 0.6759872 0.1132236 0 1 0 1
43 1 2 4 0.021057 0.911565 0 0 0.8 0 0.021057 0.111565 0 0.6816711 0.1135348 0 1 0 1
43 1 2 4 0.020835 0.9119205 0 0 0.8 0 0.020835 0.1119205 0 0.686615 0.1138433 0 1 0 1
43 1 2 4 0.0206115 0.912276 0 0 0.8 0 0.0206115 0.112276 0 0.7034149 0.1141523 0 1 0 1
43 1 2 4 0.0203835 0.91263 0 0 0.8 0 0.0203835 0.11263 0 0.709404 0.1144596 0 1 0 1
43 1 2 4 0.0201555 0.912981 0 0 0.8 0 0.0201555 0.112981 0 0.715065 0.1147648 0 1 0 1
43 1 2 4 0.019923 0.913332 0 0 0.8 0 0.019923 0.113332 0 0.7201004 0.1150699 0 1 0 1
43 1 2 4 0.019689 0.91368 0 0 0.8 0 0.019689 0.11368 0 0.7366714 0.1153724 0 1 0 1
43 1 2 4 0.019452 0.914028 0 0 0.8 0 0.019452 0.114028 0 0.7422867 0.1156752 0 1 0 1
43 1 2 4 0.0192135 0.914373 0 0 0.8 0 0.0192135 0.114373 0 0.7474747 0.1159756 0 1 0 1
43 1 2 4 0.018972 0.9147165 0 0 0.8 0 0.018972 0.1147165 0 0.7522125 0.1162747 0 1 0 1
43 1 2 4 0.0187275 0.9150585 0 0 0.8 0 0.0187275 0.1150585 0 0.7687759 0.1165726 0 1 0 1
43 1 2 4 0.0184815 0.9153991 0 0 0.8 0 0.0184815 0.1153991 0 0.774025 0.1168696 0 1 0 1
43 1 2 4 0.0182325 0.9157366 0 0 0.8 0 0.0182325 0.1157365 0 0.7794037 0.1171639 0 1 0 1
43 1 2 4 0.017982 0.916074 0 0 0.8 0 0.017982 0.116074 0 0.7961349 0.1174586 0 1 0 1
43 1 2 4 0.0177285 0.9164085 0 0 0.8 0 0.0177285 0.1164085 0 0.801506 0.1177508 0 1 0 1
43 1 2 4 0.0174735 0.9167415 0 0 0.8 0 0.0174735 0.1167415 0 0.8106232 0.1180419 0 1 0 1
43 1 2 4 0.0172155 0.917073 0 0 0.8 0 0.0172155 0.117073 0 0.8154449 0.118332 0 1 0 1
43 1 2 4 0.0169545 0.917403 0 0 0.8 0 0.0169545 0.117403 0 0.8321533 0.1186209 0 1 0 1
43 1 2 4 0.016692 0.9177315 0 0 0.8 0 0.016692 0.1177315 0 0.8373032 0.1189089 0 1 0 1
43 1 2 4 0.0164265 0.918057 0 0 0.8 0 0.0164265 0.118057 0 0.8423309 0.1191943 0 1 0 1
43 1 2 4 0.0161595 0.918381 0 0 0.8 0 0.0161595 0.118381 0 0.8470306 0.1194789 0 1 0 1
43 1 2 4 0.015891 0.9187036 0 0 0.8 0 0.015891 0.1187035 0 0.8636017 0.1197625 0 1 0 1
43 1 2 4 0.0156195 0.919023 0 0 0.8 0 0.0156195 0.119023 0 0.8689957 0.1200435 0 1 0 1
43 1 2 4 0.015345 0.919341 0 0 0.8 0 0.015345 0.119341 0 0.8739395 0.1203234 0 1 0 1
43 1 2 4 0.015069 0.9196575 0 0 0.8 0 0.015069 0.1196575 0 0.8905106 0.1206026 0 1 0 1
43 1 2 4 0.01479 0.9199725 0 0 0.8 0 0.01479 0.1199725 0 0.8974457 0.1208807 0 1 0 1
43 1 2 4 0.0145095 0.9202845 0 0 0.8 0 0.0145095 0.1202845 0 0.9029999 0.1211565 0 1 0 1
43 1 2 4 0.0142275 0.9205965 0 0 0.8 0 0.0142275 0.1205965 0 0.9086304 0.1214329 0 1 0 1
43 1 2 4 0.0139425 0.920904 0 0 0.8 0 0.0139425 0.120904 0 0.9252014 0.1217053 0 1 0 1
43 1 2 4 0.0136545 0.9212116 0 0 0.8 0 0.0136545 0.1212116 0 0.9313812 0.1219783 0 1 0 1
43 1 2 4 0.0133665 0.921516 0 0 0.8 0 0.0133665 0.121516 0 0.9479446 0.1222489 0 1 0 1
43 1 2 4 0.013074 0.9218175 0 0 0.8 0 0.013074 0.1218175 0 0.9534225 0.1225171 0 1 0 1
43 1 2 4 0.0127815 0.922119 0 0 0.8 0 0.0127815 0.122119 0 0.9623795 0.1227861 0 1 0 1
43 1 2 4 0.012486 0.9224175 0 0 0.8 0 0.012486 0.1224175 0 0.9668579 0.1230526 0 1 0 1
43 1 2 4 0.0121875 0.922713 0 0 0.8 0 0.0121875 0.122713 0 0.9712448 0.1233168 0 1 0 1
43 1 2 4 0.011889 0.923007 0 0 0.8 0 0.011889 0.123007 0 0.9878159 0.1235802 0 1 0 1
43 1 2 4 0.011586 0.9232995 0 0 0.8 0 0.011586 0.1232995 0 0.9932175 0.1238426 0 1 0 1
43 1 2 4 0.011283 0.9235905 0 0 0.8 0 0.011283 0.1235905 0 0.9976578 0.1241045 0 1 0 1
43 1 2 4 0.010977 0.9238785 0 0 0.8 0 0.010977 0.1238785 0 1.001999 0.1243639 0 1 0 1
43 1 2 4 0.0106695 0.9241635 0 0 0.8 0 0.0106695 0.1241635 0 1.0186 0.1246211 0 1 0 1
43 1 2 4 0.010359 0.9244471 0 0 0.8 0 0.010359 0.124447 0 1.023911 0.1248774 0 1 0 1
43 1 2 4 0.0100485 0.924729 0 0 0.8 0 0.0100485 0.124729 0 1.029274 0.1251331 0 1 0 1
43 1 2 4 0.0097335 0.9250081 0 0 0.8 0 0.0097335 0.125008 0 1.034058 0.1253864 0 1 0 1
43 1 2 4 0.009418501 0.9252856 0 0 0.8 0 0.009418501 0.1252856 0 1.050896 0.1256391 0 1 0 1
43 1 2 4 0.0091005 0.9255601 0 0 0.8 0 0.0091005 0.12556 0 1.056206 0.1258894 0 1 0 1
43 1 2 4 0.008781 0.925833 0 0 0.8 0 0.008781 0.125833 0 1.061089 0.126139 0 1 0 1
43 1 2 4 0.00846 0.926103 0 0 0.8 0 0.00846 0.126103 0 1.065613 0.1263864 0 1 0 1
43 1 2 4 0.008136 0.92637 0 0 0.8 0 0.008136 0.12637 0 1.082207 0.1266316 0 1 0 1
43 1 2 4 0.007812 0.9266371 0 0 0.8 0 0.007812 0.126637 0 1.094322 0.1268778 0 1 0 1
43 1 2 4 0.007484999 0.9268996 0 0 0.8 0 0.007484999 0.1268995 0 1.110886 0.1271201 0 1 0 1
43 1 2 4 0.007155 0.9271621 0 0 0.8 0 0.007155 0.127162 0 1.117599 0.1273632 0 1 0 1
43 1 2 4 0.006825 0.9274201 0 0 0.8 0 0.006825 0.1274201 0 1.127785 0.1276027 0 1 0 1
43 1 2 4 0.006492 0.9276765 0 0 0.8 0 0.006492 0.1276765 0 1.144783 0.1278414 0 1 0 1
43 1 2 4 0.0061575 0.9279315 0 0 0.8 0 0.0061575 0.1279315 0 1.15033 0.1280796 0 1 0 1
43 1 2 4 0.0058215 0.9281836 0 0 0.8 0 0.0058215 0.1281835 0 1.154961 0.1283157 0 1 0 1
43 1 2 4 0.005484 0.9284325 0 0 0.8 0 0.005484 0.1284325 0 1.159454 0.1285495 0 1 0 1
43 1 2 4 0.005145 0.92868 0 0 0.8 0 0.005145 0.12868 0 1.176025 0.1287828 0 1 0 1
43 1 2 4 0.004803 0.9289246 0 0 0.8 0 0.004803 0.1289245 0 1.181633 0.129014 0 1 0 1
43 1 2 4 0.004461 0.9291675 0 0 0.8 0 0.004461 0.1291675 0 1.18692 0.1292445 0 1 0 1
43 1 2 4 0.004116 0.9294075 0 0 0.8 0 0.004116 0.1294075 0 1.203491 0.1294729 0 1 0 1
43 1 2 4 0.0037695 0.9296445 0 0 0.8 0 0.0037695 0.1296445 0 1.208717 0.1296993 0 1 0 1
43 1 2 4 0.0034215 0.92988 0 0 0.8 0 0.0034215 0.12988 0 1.21328 0.1299251 0 1 0 1
43 1 2 4 0.003072 0.9301126 0 0 0.8 0 0.003072 0.1301126 0 1.217598 0.1301489 0 1 0 1
43 1 2 4 0.002721 0.9303435 0 0 0.8 0 0.002721 0.1303435 0 1.234169 0.1303719 0 1 0 1
43 1 2 4 0.002367 0.9305701 0 0 0.8 0 0.002367 0.1305701 0 1.239601 0.1305915 0 1 0 1
43 1 2 4 0.002013 0.9307965 0 0 0.8 0 0.002013 0.1307965 0 1.250053 0.130812 0 1 0 1
43 1 2 4 0.0016575 0.9310185 0 0 0.8 0 0.0016575 0.1310185 0 1.266624 0.131029 0 1 0 1
43 1 2 4 0.001299 0.931239 0 0 0.8 0 0.001299 0.131239 0 1.272148 0.1312454 0 1 0 1
43 1 2 4 0.0009405 0.9314566 0 0 0.8 0 0.0009405 0.1314566 0 1.2826 0.1314599 0 1 0 1
43 1 2 4 0.0005805 0.9316726 0 0 0.8 0 0.0005805 0.1316726 0 1.299347 0.1316738 0 1 0 1
43 1 2 4 0.0002175 0.9318855 0 0 0.8 0 0.0002175 0.1318855 0 1.304718 0.1318856 0 1 0 1
43 1 2 4 -0.0001455 0.9320955 0 0 0.8 0 0.0001455 0.1320955 0 1.31028 0.1320956 0 1 0 1
43 1 2 4 -0.0005115 0.9323025 0 0 0.8 0 0.0005115 0.1323025 0 1.315437 0.1323035 0 1 0 1
43 1 2 4 -0.0008774999 0.9325081 0 0 0.8 0 0.0008774999 0.132508 0 1.332062 0.1325109 0 1 0 1
43 1 2 4 -0.001245 0.9327105 0 0 0.8 0 0.001245 0.1327105 0 1.337669 0.1327164 0 1 0 1
43 1 2 4 -0.001614 0.9329115 0 0 0.8 0 0.001614 0.1329115 0 1.342476 0.1329213 0 1 0 1
43 1 2 4 -0.0019845 0.9331081 0 0 0.8 0 0.0019845 0.1331081 0 1.359039 0.1331229 0 1 0 1
43 1 2 4 -0.002358 0.9333031 0 0 0.8 0 0.002358 0.133303 0 1.364372 0.1333239 0 1 0 1
43 1 2 4 -0.0027315 0.933495 0 0 0.8 0 0.0027315 0.133495 0 1.369209 0.133523 0 1 0 1
43 1 2 4 -0.003105 0.9336855 0 0 0.8 0 0.003105 0.1336855 0 1.373886 0.1337216 0 1 0 1
43 1 2 4 -0.0034815 0.9338715 0 0 0.8 0 0.0034815 0.1338715 0 1.378014 0.1339168 0 1 0 1
43 1 2 4 -0.0038595 0.934056 0 0 0.8 0 0.0038595 0.134056 0 1.394577 0.1341116 0 1 0 1
43 1 2 4 -0.0042375 0.9342375 0 0 0.8 0 0.0042375 0.1342375 0 1.400101 0.1343044 0 1 0 1
43 1 2 4 -0.004617 0.934416 0 0 0.8 0 0.004617 0.134416 0 1.417229 0.1344953 0 1 0 1
43 1 2 4 -0.0049995 0.934593 0 0 0.8 0 0.0049995 0.134593 0 1.422554 0.1346858 0 1 0 1
43 1 2 4 -0.005382 0.934767 0 0 0.8 0 0.005382 0.134767 0 1.432793 0.1348744 0 1 0 1
43 1 2 4 -0.0057645 0.9349381 0 0 0.8 0 0.0057645 0.1349381 0 1.437126 0.1350611 0 1 0 1
43 1 2 4 -0.00615 0.935106 0 0 0.8 0 0.00615 0.135106 0 1.453705 0.1352459 0 1 0 1
43 1 2 4 -0.0065355 0.935271 0 0 0.8 0 0.0065355 0.135271 0 1.458862 0.1354288 0 1 0 1
43 1 2 4 -0.0069225 0.9354345 0 0 0.8 0 0.0069225 0.1354345 0 1.463669 0.1356113 0 1 0 1
43 1 2 4 -0.007311 0.935595 0 0 0.8 0 0.007311 0.135595 0 1.468086 0.135792 0 1 0 1
43 1 2 4 -0.007701 0.9357525 0 0 0.8 0 0.007701 0.1357525 0 1.484657 0.1359708 0 1 0 1
43 1 2 4 -0.008091 0.935907 0 0 0.8 0 0.008091 0.135907 0 1.490227 0.1361476 0 1 0 1
43 1 2 4 -0.0084825 0.9360585 0 0 0.8 0 0.0084825 0.1360585 0 1.495018 0.1363227 0 1 0 1
43 1 2 4 -0.0088755 0.9362085 0 0 0.8 0 0.0088755 0.1362085 0 1.499855 0.1364973 0 1 0 1
43 1 2 4 -0.0092685 0.936354 0 0 0.8 0 0.0092685 0.136354 0 1.516861 0.1366687 0 1 0 1
43 1 2 4 -0.009663001 0.936498 0 0 0.8 0 0.009663001 0.136498 0 1.521942 0.1368396 0 1 0 1
43 1 2 4 -0.010059 0.936639 0 0 0.8 0 0.010059 0.136639 0 1.526962 0.1370088 0 1 0 1
43 1 2 4 -0.010455 0.9367771 0 0 0.8 0 0.010455 0.136777 0 1.532135 0.137176 0 1 0 1
43 1 2 4 -0.0108525 0.9369135 0 0 0.8 0 0.0108525 0.1369135 0 1.549072 0.1373429 0 1 0 1
43 1 2 4 -0.0112515 0.9370456 0 0 0.8 0 0.0112515 0.1370456 0 1.554176 0.1375067 0 1 0 1
43 1 2 4 -0.0116505 0.937176 0 0 0.8 0 0.0116505 0.137176 0 1.563881 0.1376698 0 1 0 1
43 1 2 4 -0.012051 0.9373021 0 0 0.8 0 0.012051 0.137302 0 1.580452 0.1378299 0 1 0 1
43 1 2 4 -0.012453 0.9374265 0 0 0.8 0 0.012453 0.1374265 0 1.585693 0.1379896 0 1 0 1
43 1 2 4 -0.012855 0.937548 0 0 0.8 0 0.012855 0.137548 0 1.596016 0.1381474 0 1 0 1
43 1 2 4 -0.013257 0.9376665 0 0 0.8 0 0.013257 0.1376665 0 1.612579 0.1383034 0 1 0 1
43 1 2 4 -0.0136605 0.937782 0 0 0.8 0 0.0136605 0.137782 0 1.617775 0.1384575 0 1 0 1
43 1 2 4 -0.0140655 0.9378961 0 0 0.8 0 0.0140655 0.1378961 0 1.62281 0.1386116 0 1 0 1
43 1 2 4 -0.0144705 0.9380055 0 0 0.8 0 0.0144705 0.1380055 0 1.627701 0.1387621 0 1 0 1
43 1 2 4 -0.014877 0.9381135 0 0 0.8 0 0.014877 0.1381135 0 1.645103 0.1389124 0 1 0 1
43 1 2 4 -0.0152835 0.938217 0 0 0.8 0 0.0152835 0.138217 0 1.650673 0.1390595 0 1 0 1
43 1 2 4 -0.0156915 0.9383191 0 0 0.8 0 0.0156915 0.1383191 0 1.654938 0.1392063 0 1 0 1
43 1 2 4 -0.0160995 0.938418 0 0 0.8 0 0.0160995 0.138418 0 1.659248 0.1393511 0 1 0 1
43 1 2 4 -0.016509 0.9385141 0 0 0.8 0 0.016509 0.138514 0 1.675819 0.1394944 0 1 0 1
43 1 2 4 -0.0169185 0.938607 0 0 0.8 0 0.0169185 0.138607 0 1.681168 0.1396358 0 1 0 1
43 1 2 4 -0.017328 0.9386971 0 0 0.8 0 0.017328 0.1386971 0 1.686356 0.1397753 0 1 0 1
43 1 2 4 -0.017739 0.9387841 0 0 0.8 0 0.017739 0.1387841 0 1.702927 0.1399131 0 1 0 1
43 1 2 4 -0.01815 0.938868 0 0 0.8 0 0.01815 0.138868 0 1.708389 0.1400491 0 1 0 1
43 1 2 4 -0.0185625 0.9389505 0 0 0.8 0 0.0185625 0.1389505 0 1.71933 0.1401849 0 1 0 1
43 1 2 4 -0.018975 0.9390285 0 0 0.8 0 0.018975 0.1390285 0 1.735893 0.1403174 0 1 0 1
43 1 2 4 -0.019389 0.9391035 0 0 0.8 0 0.019389 0.1391035 0 1.742744 0.1404482 0 1 0 1
43 1 2 4 -0.0198015 0.939177 0 0 0.8 0 0.0198015 0.139177 0 1.759315 0.1405786 0 1 0 1
43 1 2 4 -0.0202155 0.9392475 0 0 0.8 0 0.0202155 0.1392475 0 1.764725 0.1407073 0 1 0 1
43 1 2 4 -0.020631 0.9393135 0 0 0.8 0 0.020631 0.1393135 0 1.768997 0.1408329 0 1 0 1
43 1 2 4 -0.0210465 0.939378 0 0 0.8 0 0.0210465 0.139378 0 1.773216 0.1409581 0 1 0 1
43 1 2 4 -0.021462 0.9394395 0 0 0.8 0 0.021462 0.1394395 0 1.777481 0.1410815 0 1 0 1
43 1 2 4 -0.0218775 0.9394981 0 0 0.8 0 0.0218775 0.1394981 0 1.782166 0.1412032 0 1 0 1
43 1 2 4 -0.022293 0.9395535 0 0 0.8 0 0.022293 0.1395535 0 1.798775 0.1413229 0 1 0 1
43 1 2 4 -0.02271 0.9396061 0 0 0.8 0 0.02271 0.1396061 0 1.804092 0.1414411 0 1 0 1
43 1 2 4 -0.023127 0.9396555 0 0 0.8 0 0.023127 0.1396555 0 1.808594 0.1415575 0 1 0 1
43 1 2 4 -0.023544 0.939702 0 0 0.8 0 0.023544 0.139702 0 1.813126 0.1416721 0 1 0 1
43 1 2 4 -0.0239625 0.9397455 0 0 0.8 0 0.0239625 0.1397455 0 1.830177 0.1417851 0 1 0 1
43 1 2 4 -0.024381 0.9397861 0 0 0.8 0 0.024381 0.1397861 0 1.835709 0.1418964 0 1 0 1
43 1 2 4 -0.0247995 0.9398235 0 0 0.8 0 0.0247995 0.1398235 0 1.84021 0.1420057 0 1 0 1
43 1 2 4 -0.025218 0.9398595 0 0 0.8 0 0.025218 0.1398595 0 1.845047 0.1421148 0 1 0 1
43 1 2 4 -0.0256365 0.939891 0 0 0.8 0 0.0256365 0.139891 0 1.86161 0.1422206 0 0 0 1
43 1 2 4 -0.026055 0.9399195 0 0 0.8 0 0.026055 0.1399195 0 1.872574 0.1423247 0 0 0 1
43 1 2 4 -0.026475 0.9399465 0 0 0.8 0 0.026475 0.1399465 0 1.877678 0.1424288 0 0 0 1
43 1 2 4 -0.0268935 0.9399691 0 0 0.8 0 0.0268935 0.1399691 0 1.894577 0.1425293 0 0 0 1
43 1 2 4 -0.0273135 0.93999 0 0 0.8 0 0.0273135 0.13999 0 1.900246 0.1426297 0 0 0 1
43 1 2 4 -0.0277335 0.9400065 0 0 0.8 0 0.0277335 0.1400065 0 1.917198 0.1427269 0 0 0 1
43 1 2 4 -0.028152 0.9400215 0 0 0.8 0 0.028152 0.1400215 0 1.92244 0.1428235 0 0 0 1
43 1 2 4 -0.028572 0.9400336 0 0 0.8 0 0.028572 0.1400335 0 1.927597 0.1429187 0 0 0 1
43 1 2 4 -0.028992 0.9400411 0 0 0.8 0 0.028992 0.1400411 0 1.932449 0.1430106 0 0 0 1
43 1 2 4 -0.029412 0.940047 0 0 0.8 0 0.029412 0.140047 0 1.937439 0.1431022 0 0 0 1
43 1 2 4 -0.029832 0.9400501 0 0 0.8 0 0.029832 0.1400501 0 1.954361 0.1431921 0 0 0 1
43 1 2 4 -0.030252 0.9400501 0 0 0.8 0 0.030252 0.1400501 0 1.959946 0.1432801 0 0 0 1
43 1 2 4 -0.030672 0.9400455 0 0 0.8 0 0.030672 0.1400455 0 1.965294 0.1433649 0 0 0 1
43 1 2 4 -0.031092 0.9400395 0 0 0.8 0 0.031092 0.1400395 0 1.970161 0.1434496 0 0 0 1
43 1 2 4 -0.031512 0.9400306 0 0 0.8 0 0.031512 0.1400306 0 1.987396 0.1435325 0 0 0 1
43 1 2 4 -0.031932 0.9400185 0 0 0.8 0 0.031932 0.1400185 0 1.993011 0.1436135 0 0 0 1
43 1 2 4 -0.032352 0.9400036 0 0 0.8 0 0.032352 0.1400036 0 1.998161 0.1436929 0 0 0 1
43 1 2 4 -0.0327705 0.9399855 0 0 0.8 0 0.0327705 0.1399855 0 2.002777 0.1437701 0 0 0 1
43 1 2 4 -0.0331905 0.9399645 0 0 0.8 0 0.0331905 0.1399645 0 2.023476 0.143846 0 0 0 1
43 1 2 4 -0.0336105 0.9399421 0 0 0.8 0 0.0336105 0.139942 0 2.029343 0.1439217 0 0 0 1
43 1 2 4 -0.034029 0.9399151 0 0 0.8 0 0.034029 0.139915 0 2.046158 0.1439937 0 0 0 1
43 1 2 4 -0.0344475 0.939885 0 0 0.8 0 0.0344475 0.139885 0 2.05159 0.144064 0 0 0 1
43 1 2 4 -0.0348675 0.939852 0 0 0.8 0 0.0348675 0.139852 0 2.061256 0.144133 0 0 0 1
43 1 2 4 -0.035286 0.9398175 0 0 0.8 0 0.035286 0.1398175 0 2.065773 0.1442014 0 0 0 1
43 1 2 4 -0.035703 0.9397786 0 0 0.8 0 0.035703 0.1397786 0 2.082764 0.1442662 0 0 0 1
43 1 2 4 -0.0361215 0.9397365 0 0 0.8 0 0.0361215 0.1397365 0 2.088112 0.1443296 0 0 0 1
43 1 2 4 -0.0365385 0.9396931 0 0 0.8 0 0.0365385 0.1396931 0 2.093155 0.1443926 0 0 0 1
43 1 2 4 -0.036957 0.9396451 0 0 0.8 0 0.036957 0.139645 0 2.110138 0.1444526 0 0 0 1
43 1 2 4 -0.037374 0.9395955 0 0 0.8 0 0.037374 0.1395955 0 2.11628 0.144512 0 0 0 1
43 1 2 4 -0.0377895 0.9395415 0 0 0.8 0 0.0377895 0.1395415 0 2.121193 0.1445679 0 0 0 1
43 1 2 4 -0.0382065 0.939486 0 0 0.8 0 0.0382065 0.139486 0 2.125641 0.144624 0 0 0 1
43 1 2 4 -0.038622 0.9394275 0 0 0.8 0 0.038622 0.1394275 0 2.142227 0.1446778 0 0 0 1
43 1 2 4 -0.0390375 0.939366 0 0 0.8 0 0.0390375 0.139366 0 2.147469 0.1447301 0 0 0 1
43 1 2 4 -0.039453 0.9393001 0 0 0.8 0 0.039453 0.1393 0 2.152756 0.1447793 0 0 0 1
43 1 2 4 -0.039867 0.9392325 0 0 0.8 0 0.039867 0.1392325 0 2.15712 0.1448277 0 0 0 1
43 1 2 4 -0.040281 0.9391621 0 0 0.8 0 0.040281 0.1391621 0 2.173691 0.1448746 0 0 0 1
43 1 2 4 -0.040695 0.9390885 0 0 0.8 0 0.040695 0.1390885 0 2.17907 0.1449196 0 0 0 1
43 1 2 4 -0.0411075 0.9390136 0 0 0.8 0 0.0411075 0.1390136 0 2.184265 0.1449641 0 0 0 1
43 1 2 4 -0.04152 0.938934 0 0 0.8 0 0.04152 0.138934 0 2.188774 0.1450054 0 0 0 1
43 1 2 4 -0.0419325 0.9388516 0 0 0.8 0 0.0419325 0.1388516 0 2.205345 0.1450451 0 0 0 1
43 1 2 4 -0.0423435 0.938766 0 0 0.8 0 0.0423435 0.138766 0 2.211327 0.1450826 0 0 0 1
43 1 2 4 -0.0427545 0.938679 0 0 0.8 0 0.0427545 0.138679 0 2.220459 0.14512 0 0 0 1
43 1 2 4 -0.043164 0.9385875 0 0 0.8 0 0.043164 0.1385875 0 2.237022 0.1451538 0 0 0 1
43 1 2 4 -0.0435735 0.9384946 0 0 0.8 0 0.0435735 0.1384946 0 2.242653 0.1451874 0 0 0 1
43 1 2 4 -0.043983 0.9383985 0 0 0.8 0 0.043983 0.1383985 0 2.247513 0.1452193 0 0 0 1
43 1 2 4 -0.044391 0.938298 0 0 0.8 0 0.044391 0.138298 0 2.252106 0.1452477 0 0 0 1
43 1 2 4 -0.0447975 0.9381961 0 0 0.8 0 0.0447975 0.1381961 0 2.268921 0.1452755 0 0 0 1
43 1 2 4 -0.045204 0.938091 0 0 0.8 0 0.045204 0.138091 0 2.274658 0.1453015 0 0 0 1
43 1 2 4 -0.0456105 0.937983 0 0 0.8 0 0.0456105 0.137983 0 2.279419 0.145326 0 0 0 1
43 1 2 4 -0.0460155 0.9378735 0 0 0.8 0 0.0460155 0.1378735 0 2.283981 0.1453497 0 0 0 1
43 1 2 4 -0.0464205 0.9377595 0 0 0.8 0 0.0464205 0.1377595 0 2.301376 0.1453704 0 0 0 1
43 1 2 4 -0.046824 0.9376425 0 0 0.8 0 0.046824 0.1376425 0 2.307098 0.1453889 0 0 0 1
43 1 2 4 -0.047226 0.9375241 0 0 0.8 0 0.047226 0.1375241 0 2.312157 0.1454069 0 0 0 1
43 1 2 4 -0.047628 0.9374025 0 0 0.8 0 0.047628 0.1374025 0 2.332291 0.1454231 0 0 0 1
43 1 2 4 -0.0480285 0.9372766 0 0 0.8 0 0.0480285 0.1372766 0 2.338081 0.1454359 0 0 0 1
43 1 2 4 -0.048429 0.937149 0 0 0.8 0 0.048429 0.137149 0 2.342949 0.1454483 0 0 0 1
43 1 2 4 -0.048828 0.9370185 0 0 0.8 0 0.048828 0.1370185 0 2.359901 0.1454587 0 0 0 1
43 1 2 4 -0.049227 0.9368865 0 0 0.8 0 0.049227 0.1368865 0 2.365944 0.1454689 0 0 0 1
43 1 2 4 -0.0496245 0.9367501 0 0 0.8 0 0.0496245 0.13675 0 2.377319 0.1454757 0 0 0 1
43 1 2 4 -0.0500205 0.9366106 0 0 0.8 0 0.0500205 0.1366106 0 2.39389 0.1454802 0 0 0 1
43 1 2 4 -0.0504165 0.9364695 0 0 0.8 0 0.0504165 0.1364695 0 2.399742 0.1454845 0 0 0 1
43 1 2 4 -0.050811 0.9363256 0 0 0.8 0 0.050811 0.1363255 0 2.404396 0.1454868 0 0 0 1
43 1 2 4 -0.051204 0.9361786 0 0 0.8 0 0.051204 0.1361786 0 2.409164 0.1454869 0 0 0 1
43 1 2 4 -0.051597 0.9360285 0 0 0.8 0 0.051597 0.1360285 0 2.425865 0.1454854 0 0 0 1
43 1 2 4 -0.051987 0.9358755 0 0 0.8 0 0.051987 0.1358755 0 2.431419 0.1454813 0 0 0 1
43 1 2 4 -0.0523785 0.935721 0 0 0.8 0 0.0523785 0.135721 0 2.436531 0.1454775 0 0 0 1
43 1 2 4 -0.052767 0.935562 0 0 0.8 0 0.052767 0.135562 0 2.453331 0.1454696 0 0 0 1
43 1 2 4 -0.0531555 0.9354016 0 0 0.8 0 0.0531555 0.1354015 0 2.458687 0.1454616 0 0 0 1
43 1 2 4 -0.0535425 0.935238 0 0 0.8 0 0.0535425 0.135238 0 2.463539 0.1454514 0 0 0 1
43 1 2 4 -0.053928 0.935073 0 0 0.8 0 0.053928 0.135073 0 2.468872 0.1454405 0 0 0 1
43 1 2 4 -0.054312 0.9349035 0 0 0.8 0 0.054312 0.1349035 0 2.485573 0.1454261 0 0 0 1
43 1 2 4 -0.054696 0.9347325 0 0 0.8 0 0.054696 0.1347325 0 2.490852 0.1454115 0 0 0 1
43 1 2 4 -0.0550785 0.9345585 0 0 0.8 0 0.0550785 0.1345585 0 2.495567 0.1453947 0 0 0 1
43 1 2 4 -0.0554595 0.9343816 0 0 0.8 0 0.0554595 0.1343816 0 2.500999 0.145376 0 0 0 1
43 1 2 4 -0.055839 0.9342015 0 0 0.8 0 0.055839 0.1342015 0 2.517563 0.1453548 0 0 0 1
43 1 2 4 -0.056217 0.9340185 0 0 0.8 0 0.056217 0.1340185 0 2.523224 0.1453317 0 0 0 1
43 1 2 4 -0.0565935 0.9338341 0 0 0.8 0 0.0565935 0.1338341 0 2.532967 0.1453079 0 0 0 1
43 1 2 4 -0.05697 0.9336466 0 0 0.8 0 0.05697 0.1336465 0 2.549545 0.1452824 0 0 0 1
43 1 2 4 -0.057345 0.9334576 0 0 0.8 0 0.057345 0.1334575 0 2.554893 0.1452562 0 0 0 1
43 1 2 4 -0.057717 0.9332641 0 0 0.8 0 0.057717 0.1332641 0 2.559837 0.1452259 0 0 0 1
43 1 2 4 -0.058089 0.933069 0 0 0.8 0 0.058089 0.133069 0 2.564644 0.1451953 0 0 0 1
43 1 2 4 -0.0584595 0.932871 0 0 0.8 0 0.0584595 0.132871 0 2.581673 0.1451627 0 0 0 1
43 1 2 4 -0.0588285 0.9326701 0 0 0.8 0 0.0588285 0.13267 0 2.587387 0.145128 0 0 0 1
43 1 2 4 -0.059196 0.9324676 0 0 0.8 0 0.059196 0.1324676 0 2.592865 0.1450925 0 0 0 1
43 1 2 4 -0.059562 0.932262 0 0 0.8 0 0.059562 0.132262 0 2.609695 0.1450547 0 0 0 1
43 1 2 4 -0.059928 0.9320535 0 0 0.8 0 0.059928 0.1320535 0 2.615143 0.1450155 0 0 0 1
43 1 2 4 -0.060291 0.9318421 0 0 0.8 0 0.060291 0.1318421 0 2.619972 0.1449736 0 0 0 1
43 1 2 4 -0.0606525 0.931629 0 0 0.8 0 0.0606525 0.131629 0 2.624268 0.1449307 0 0 0 1
43 1 2 4 -0.0610125 0.931413 0 0 0.8 0 0.0610125 0.131413 0 2.640839 0.1448858 0 0 0 1
43 1 2 4 -0.061371 0.9311956 0 0 0.8 0 0.061371 0.1311955 0 2.646408 0.1448402 0 0 0 1
43 1 2 4 -0.0617295 0.9309735 0 0 0.8 0 0.0617295 0.1309735 0 2.651672 0.1447915 0 0 0 1
43 1 2 4 -0.062085 0.9307516 0 0 0.8 0 0.062085 0.1307516 0 2.656891 0.1447429 0 0 0 1
43 1 2 4 -0.062439 0.930525 0 0 0.8 0 0.062439 0.130525 0 2.673462 0.1446907 0 0 0 1
43 1 2 4 -0.0627915 0.930297 0 0 0.8 0 0.0627915 0.130297 0 2.678978 0.1446378 0 0 0 1
43 1 2 4 -0.0631425 0.930066 0 0 0.8 0 0.0631425 0.130066 0 2.689056 0.1445826 0 0 0 1
43 1 2 4 -0.063492 0.9298335 0 0 0.8 0 0.063492 0.1298335 0 2.705643 0.1445267 0 0 0 1
43 1 2 4 -0.0638385 0.9295965 0 0 0.8 0 0.0638385 0.1295965 0 2.710815 0.1444667 0 0 0 1
43 1 2 4 -0.064185 0.9293595 0 0 0.8 0 0.064185 0.1293595 0 2.715851 0.1444077 0 0 0 1
43 1 2 4 -0.06453 0.929118 0 0 0.8 0 0.06453 0.129118 0 2.719917 0.1443454 0 0 0 1
43 1 2 4 -0.064872 0.928875 0 0 0.8 0 0.064872 0.128875 0 2.736542 0.1442814 0 0 0 1
43 1 2 4 -0.0652125 0.9286306 0 0 0.8 0 0.0652125 0.1286306 0 2.742165 0.1442168 0 0 0 1
43 1 2 4 -0.0655515 0.928383 0 0 0.8 0 0.0655515 0.128383 0 2.747078 0.1441499 0 0 0 1
43 1 2 4 -0.065889 0.9281325 0 0 0.8 0 0.065889 0.1281325 0 2.752213 0.1440809 0 0 0 1
43 1 2 4 -0.066225 0.9278805 0 0 0.8 0 0.066225 0.1278805 0 2.768784 0.144011 0 0 0 1
43 1 2 4 -0.06655949 0.9276255 0 0 0.8 0 0.06655949 0.1276255 0 2.774391 0.143939 0 0 0 1
43 1 2 4 -0.066891 0.927369 0 0 0.8 0 0.066891 0.127369 0 2.779381 0.1438654 0 0 0 1
43 1 2 4 -0.067221 0.9271096 0 0 0.8 0 0.067221 0.1271096 0 2.795944 0.1437898 0 0 0 1
43 1 2 4 -0.0675495 0.9268471 0 0 0.8 0 0.0675495 0.1268471 0 2.801064 0.1437119 0 0 0 1
43 1 2 4 -0.0678765 0.9265831 0 0 0.8 0 0.0678765 0.126583 0 2.80616 0.1436332 0 0 0 1
43 1 2 4 -0.068202 0.9263175 0 0 0.8 0 0.068202 0.1263175 0 2.811127 0.1435536 0 0 0 1
43 1 2 4 -0.0685245 0.926049 0 0 0.8 0 0.0685245 0.126049 0 2.827705 0.1434711 0 0 0 1
43 1 2 4 -0.0688455 0.9257775 0 0 0.8 0 0.0688455 0.1257775 0 2.833511 0.1433865 0 0 0 1
43 1 2 4 -0.069165 0.9255046 0 0 0.8 0 0.069165 0.1255046 0 2.843544 0.143301 0 0 0 1
43 1 2 4 -0.0694815 0.92523 0 0 0.8 0 0.0694815 0.12523 0 2.860115 0.143214 0 0 0 1
43 1 2 4 -0.069798 0.9249525 0 0 0.8 0 0.069798 0.1249525 0 2.865356 0.1431254 0 0 0 1
43 1 2 4 -0.07011 0.9246721 0 0 0.8 0 0.07011 0.1246721 0 2.870651 0.1430333 0 0 0 1
43 1 2 4 -0.070422 0.9243901 0 0 0.8 0 0.070422 0.1243901 0 2.875702 0.1429411 0 0 0 1
43 1 2 4 -0.070731 0.9241066 0 0 0.8 0 0.070731 0.1241066 0 2.892265 0.1428472 0 0 0 1
43 1 2 4 -0.0710385 0.92382 0 0 0.8 0 0.0710385 0.12382 0 2.897697 0.1427511 0 0 0 1
43 1 2 4 -0.0713445 0.923532 0 0 0.8 0 0.0713445 0.123532 0 2.903061 0.1426541 0 0 0 1
43 1 2 4 -0.0716475 0.923241 0 0 0.8 0 0.0716475 0.123241 0 2.907784 0.1425542 0 0 0 1
43 1 2 4 -0.071949 0.9229486 0 0 0.8 0 0.071949 0.1229486 0 2.924355 0.1424536 0 0 0 1
43 1 2 4 -0.07224751 0.9226545 0 0 0.8 0 0.07224751 0.1226545 0 2.929947 0.1423511 0 0 0 1
43 1 2 4 -0.072546 0.9223575 0 0 0.8 0 0.072546 0.1223575 0 2.935577 0.1422472 0 0 0 1
43 1 2 4 -0.07284001 0.9220591 0 0 0.8 0 0.07284001 0.122059 0 2.952148 0.142141 0 0 0 1
43 1 2 4 -0.073134 0.9217576 0 0 0.8 0 0.073134 0.1217576 0 2.957199 0.1420334 0 0 0 1
43 1 2 4 -0.073425 0.9214545 0 0 0.8 0 0.073425 0.1214545 0 2.961479 0.141924 0 0 0 1
43 1 2 4 -0.073713 0.9211501 0 0 0.8 0 0.073713 0.1211501 0 2.966026 0.1418131 0 0 0 1
43 1 2 4 -0.07399949 0.9208425 0 0 0.8 0 0.07399949 0.1208425 0 2.970436 0.1416998 0 0 0 1
43 1 2 4 -0.0742845 0.9205335 0 0 0.8 0 0.0742845 0.1205335 0 2.987007 0.1415857 0 0 0 1
43 1 2 4 -0.0745665 0.920223 0 0 0.8 0 0.0745665 0.120223 0 2.992683 0.1414699 0 0 0 1
43 1 2 4 -0.074847 0.9199095 0 0 0.8 0 0.074847 0.1199095 0 3.002907 0.1413519 0 0 0 1
43 1 2 4 -0.0751245 0.9195945 0 0 0.8 0 0.0751245 0.1195945 0 3.019478 0.1412322 0 0 0 1
43 1 2 4 -0.0754005 0.919278 0 0 0.8 0 0.0754005 0.119278 0 3.024796 0.1411116 0 0 0 1
43 1 2 4 -0.0756735 0.9189585 0 0 0.8 0 0.0756735 0.1189585 0 3.02961 0.140988 0 0 0 1
43 1 2 4 -0.075945 0.9186391 0 0 0.8 0 0.075945 0.1186391 0 3.034332 0.1408647 0 0 0 1
43 1 2 4 -0.0762135 0.9183166 0 0 0.8 0 0.0762135 0.1183166 0 3.051544 0.1407385 0 0 0 1
43 1 2 4 -0.0764805 0.917991 0 0 0.8 0 0.0764805 0.117991 0 3.057022 0.1406099 0 0 0 1
43 1 2 4 -0.0767445 0.9176655 0 0 0.8 0 0.0767445 0.1176655 0 3.061592 0.1404809 0 0 0 1
43 1 2 4 -0.077007 0.9173371 0 0 0.8 0 0.077007 0.117337 0 3.078156 0.1403498 0 0 0 1
43 1 2 4 -0.0772665 0.917007 0 0 0.8 0 0.0772665 0.117007 0 3.083626 0.1402168 0 0 0 1
43 1 2 4 -0.0775245 0.9166755 0 0 0.8 0 0.0775245 0.1166755 0 3.088959 0.1400829 0 0 0 1
43 1 2 4 -0.0777795 0.9163411 0 0 0.8 0 0.0777795 0.1163411 0 3.106461 0.139946 0 0 0 1
43 1 2 4 -0.078033 0.9160066 0 0 0.8 0 0.078033 0.1160066 0 3.11187 0.1398094 0 0 0 1
43 1 2 4 -0.0782835 0.9156691 0 0 0.8 0 0.0782835 0.1156691 0 3.117165 0.1396698 0 0 0 1
43 1 2 4 -0.078531 0.9153301 0 0 0.8 0 0.078531 0.11533 0 3.121368 0.1395283 0 0 0 1
43 1 2 4 -0.078777 0.9149896 0 0 0.8 0 0.078777 0.1149896 0 3.125862 0.1393859 0 0 0 1
43 1 2 4 -0.07902 0.9146476 0 0 0.8 0 0.07902 0.1146476 0 3.142708 0.1392416 0 0 0 1
43 1 2 4 -0.0792615 0.9143041 0 0 0.8 0 0.0792615 0.1143041 0 3.148293 0.1390964 0 0 0 1
43 1 2 4 -0.0795 0.9139575 0 0 0.8 0 0.0795 0.1139575 0 3.157379 0.1389481 0 0 0 1
43 1 2 4 -0.0797355 0.913611 0 0 0.8 0 0.0797355 0.113611 0 3.17395 0.1387992 0 0 0 1
43 1 2 4 -0.0799695 0.9132615 0 0 0.8 0 0.0799695 0.1132615 0 3.180542 0.1386481 0 0 0 1
43 1 2 4 -0.0802005 0.9129105 0 0 0.8 0 0.0802005 0.1129104 0 3.186005 0.1384951 0 0 0 1
43 1 2 4 -0.08043 0.9125596 0 0 0.8 0 0.08043 0.1125596 0 3.190491 0.1383425 0 0 0 1
43 1 2 4 -0.0806565 0.9122055 0 0 0.8 0 0.0806565 0.1122055 0 3.207794 0.1381866 0 0 0 1
43 1 2 4 -0.08088 0.91185 0 0 0.8 0 0.08088 0.11185 0 3.21357 0.138029 0 0 0 1
43 1 2 4 -0.081102 0.9114931 0 0 0.8 0 0.081102 0.1114931 0 3.218719 0.1378704 0 0 0 1
43 1 2 4 -0.081321 0.9111345 0 0 0.8 0 0.081321 0.1111345 0 3.236008 0.1377098 0 0 0 1
43 1 2 4 -0.081537 0.9107746 0 0 0.8 0 0.081537 0.1107746 0 3.241508 0.1375474 0 0 0 1
43 1 2 4 -0.08175 0.910413 0 0 0.8 0 0.08175 0.110413 0 3.24688 0.137383 0 0 0 1
43 1 2 4 -0.0819615 0.91005 0 0 0.8 0 0.0819615 0.11005 0 3.251778 0.1372177 0 0 0 1
43 1 2 4 -0.08216999 0.9096855 0 0 0.8 0 0.08216999 0.1096855 0 3.268349 0.1370504 0 0 0 1
43 1 2 4 -0.082377 0.9093195 0 0 0.8 0 0.082377 0.1093195 0 3.273773 0.1368822 0 0 0 1
43 1 2 4 -0.0825795 0.908952 0 0 0.8 0 0.0825795 0.108952 0 3.278664 0.136711 0 0 0 1
43 1 2 4 -0.0827805 0.908583 0 0 0.8 0 0.0827805 0.108583 0 3.283661 0.136539 0 0 0 1
43 1 2 4 -0.08298 0.9082125 0 0 0.8 0 0.08298 0.1082125 0 3.300232 0.1363658 0 0 0 1
43 1 2 4 -0.083175 0.907842 0 0 0.8 0 0.083175 0.107842 0 3.305328 0.136191 0 0 0 1
43 1 2 4 -0.0833685 0.9074686 0 0 0.8 0 0.0833685 0.1074685 0 3.315048 0.1360139 0 0 0 1
43 1 2 4 -0.08355901 0.907095 0 0 0.8 0 0.08355901 0.107095 0 3.331627 0.1358361 0 0 0 1
43 1 2 4 -0.083748 0.9067185 0 0 0.8 0 0.083748 0.1067185 0 3.336967 0.135656 0 0 0 1
43 1 2 4 -0.0839325 0.906342 0 0 0.8 0 0.0839325 0.106342 0 3.341286 0.1354743 0 0 0 1
43 1 2 4 -0.0841155 0.905964 0 0 0.8 0 0.0841155 0.105964 0 3.345825 0.1352915 0 0 0 1
43 1 2 4 -0.0842955 0.9055846 0 0 0.8 0 0.0842955 0.1055846 0 3.362389 0.1351067 0 0 0 1
43 1 2 4 -0.0844725 0.9052035 0 0 0.8 0 0.0844725 0.1052035 0 3.368065 0.1349199 0 0 0 1
43 1 2 4 -0.084648 0.904821 0 0 0.8 0 0.084648 0.104821 0 3.373703 0.1347321 0 0 0 1
43 1 2 4 -0.084819 0.9044386 0 0 0.8 0 0.084819 0.1044385 0 3.391098 0.1345425 0 0 0 1
43 1 2 4 -0.0849885 0.9040545 0 0 0.8 0 0.0849885 0.1040545 0 3.39653 0.1343517 0 0 0 1
43 1 2 4 -0.0851565 0.903669 0 0 0.8 0 0.0851565 0.103669 0 3.402725 0.1341599 0 0 0 1
43 1 2 4 -0.08532 0.903282 0 0 0.8 0 0.08532 0.103282 0 3.419693 0.1339652 0 0 0 1
43 1 2 4 -0.0854805 0.9028935 0 0 0.8 0 0.0854805 0.1028935 0 3.424805 0.1337684 0 0 0 1
43 1 2 4 -0.0856395 0.902505 0 0 0.8 0 0.0856395 0.102505 0 3.429741 0.1335717 0 0 0 1
43 1 2 4 -0.0857955 0.902115 0 0 0.8 0 0.0857955 0.102115 0 3.434311 0.133373 0 0 0 1
43 1 2 4 -0.0859485 0.9017235 0 0 0.8 0 0.0859485 0.1017235 0 3.438744 0.1331721 0 0 0 1
43 1 2 4 -0.0860985 0.901332 0 0 0.8 0 0.0860985 0.101332 0 3.455574 0.1329704 0 0 0 1
43 1 2 4 -0.086247 0.9009391 0 0 0.8 0 0.086247 0.1009391 0 3.461357 0.1327676 0 0 0 1
43 1 2 4 -0.086391 0.9005445 0 0 0.8 0 0.086391 0.1005445 0 3.471458 0.1325617 0 0 0 1
43 1 2 4 -0.0865335 0.9001501 0 0 0.8 0 0.0865335 0.10015 0 3.488144 0.1323559 0 0 0 1
43 1 2 4 -0.08667301 0.8997526 0 0 0.8 0 0.08667301 0.09975255 0 3.49353 0.1321468 0 0 0 1
43 1 2 4 -0.0868095 0.8993566 0 0 0.8 0 0.0868095 0.09935659 0 3.497864 0.131938 0 0 0 1
43 1 2 4 -0.086943 0.8989576 0 0 0.8 0 0.086943 0.09895754 0 3.502625 0.1317258 0 0 0 1
43 1 2 4 -0.0870735 0.8985585 0 0 0.8 0 0.0870735 0.09855849 0 3.519249 0.1315126 0 0 0 1
43 1 2 4 -0.0872025 0.8981581 0 0 0.8 0 0.0872025 0.09815806 0 3.524666 0.1312984 0 0 0 1
43 1 2 4 -0.087327 0.8977575 0 0 0.8 0 0.087327 0.09775752 0 3.529633 0.1310822 0 0 0 1
43 1 2 4 -0.08745 0.8973556 0 0 0.8 0 0.08745 0.09735554 0 3.534119 0.1308648 0 0 0 1
43 1 2 4 -0.08757 0.8969535 0 0 0.8 0 0.08757 0.09695345 0 3.55069 0.1306464 0 0 0 1
43 1 2 4 -0.087687 0.89655 0 0 0.8 0 0.087687 0.09654999 0 3.556221 0.1304259 0 0 0 1
43 1 2 4 -0.087801 0.8961465 0 0 0.8 0 0.087801 0.09614652 0 3.560562 0.1302043 0 0 0 1
43 1 2 4 -0.087912 0.8957415 0 0 0.8 0 0.087912 0.09574145 0 3.577126 0.1299806 0 0 0 1
43 1 2 4 -0.08802 0.8953351 0 0 0.8 0 0.08802 0.09533507 0 3.58255 0.1297548 0 0 0 1
43 1 2 4 -0.0881265 0.8949285 0 0 0.8 0 0.0881265 0.0949285 0 3.587914 0.1295288 0 0 0 1
43 1 2 4 -0.0882285 0.8945221 0 0 0.8 0 0.0882285 0.09452206 0 3.593048 0.1293008 0 0 0 1
43 1 2 4 -0.088329 0.894114 0 0 0.8 0 0.088329 0.09411401 0 3.609749 0.1290715 0 0 0 1
43 1 2 4 -0.088425 0.8937045 0 0 0.8 0 0.088425 0.09370452 0 3.615517 0.1288391 0 0 0 1
43 1 2 4 -0.0885195 0.893295 0 0 0.8 0 0.0885195 0.09329504 0 3.627052 0.1286066 0 0 0 1
43 1 2 4 -0.088611 0.8928856 0 0 0.8 0 0.088611 0.09288555 0 3.643784 0.128373 0 0 0 1
43 1 2 4 -0.0886995 0.8924745 0 0 0.8 0 0.0886995 0.09247452 0 3.649269 0.1281372 0 0 0 1
43 1 2 4 -0.088785 0.8920636 0 0 0.8 0 0.088785 0.09206355 0 3.65432 0.1279002 0 0 0 1
43 1 2 4 -0.0888675 0.8916526 0 0 0.8 0 0.0888675 0.09165257 0 3.658401 0.1276622 0 0 0 1
43 1 2 4 -0.088947 0.89124 0 0 0.8 0 0.088947 0.09123999 0 3.676003 0.1274218 0 0 0 1
43 1 2 4 -0.0890235 0.8908275 0 0 0.8 0 0.0890235 0.09082752 0 3.681511 0.1271803 0 0 0 1
43 1 2 4 -0.0890985 0.8904135 0 0 0.8 0 0.0890985 0.09041351 0 3.686615 0.1269376 0 0 0 1
43 1 2 4 -0.089169 0.8899995 0 0 0.8 0 0.089169 0.0899995 0 3.703186 0.1266926 0 0 0 1
43 1 2 4 -0.089238 0.8895856 0 0 0.8 0 0.089238 0.08958554 0 3.708511 0.1264476 0 0 0 1
43 1 2 4 -0.0893025 0.88917 0 0 0.8 0 0.0893025 0.08916998 0 3.713356 0.1261991 0 0 0 1
43 1 2 4 -0.0893655 0.8887545 0 0 0.8 0 0.0893655 0.08875448 0 3.718666 0.1259506 0 0 0 1
43 1 2 4 -0.089424 0.888339 0 0 0.8 0 0.089424 0.08833903 0 3.735229 0.1256998 0 0 0 1
43 1 2 4 -0.089481 0.8879236 0 0 0.8 0 0.089481 0.08792359 0 3.740196 0.1254488 0 0 0 1
43 1 2 4 -0.089535 0.8875066 0 0 0.8 0 0.089535 0.08750659 0 3.744751 0.1251955 0 0 0 1
43 1 2 4 -0.089586 0.8870895 0 0 0.8 0 0.089586 0.08708948 0 3.749138 0.1249409 0 0 0 1
43 1 2 4 -0.089634 0.8866725 0 0 0.8 0 0.089634 0.08667248 0 3.765701 0.1246851 0 0 0 1
43 1 2 4 -0.089679 0.8862541 0 0 0.8 0 0.089679 0.08625406 0 3.771278 0.124427 0 0 0 1
43 1 2 4 -0.08972099 0.8858371 0 0 0.8 0 0.08972099 0.08583707 0 3.781052 0.1241687 0 0 0 1
43 1 2 4 -0.08976001 0.8854185 0 0 0.8 0 0.08976001 0.08541852 0 3.798035 0.123908 0 0 0 1
43 1 2 4 -0.089796 0.8850001 0 0 0.8 0 0.089796 0.08500004 0 3.803978 0.123646 0 0 0 1
43 1 2 4 -0.089829 0.8845816 0 0 0.8 0 0.089829 0.08458155 0 3.809181 0.1233827 0 0 0 1
43 1 2 4 -0.08985899 0.884163 0 0 0.8 0 0.08985899 0.08416301 0 3.813995 0.123118 0 0 0 1
43 1 2 4 -0.08988599 0.883743 0 0 0.8 0 0.08988599 0.08374304 0 3.830574 0.1228511 0 0 0 1
43 1 2 4 -0.08991 0.8833246 0 0 0.8 0 0.08991 0.08332455 0 3.836838 0.1225838 0 0 0 1
43 1 2 4 -0.0899325 0.8829045 0 0 0.8 0 0.0899325 0.08290452 0 3.842079 0.1223152 0 0 0 1
43 1 2 4 -0.0899505 0.8824845 0 0 0.8 0 0.0899505 0.08248448 0 3.85923 0.1220442 0 0 0 1
43 1 2 4 -0.0899655 0.8820646 0 0 0.8 0 0.0899655 0.08206457 0 3.864494 0.1217719 0 0 0 1
43 1 2 4 -0.089979 0.881646 0 0 0.8 0 0.089979 0.08164603 0 3.869583 0.1215002 0 0 0 1
43 1 2 4 -0.089988 0.881226 0 0 0.8 0 0.089988 0.08122599 0 3.874542 0.121225 0 0 0 1
43 1 2 4 -0.0899955 0.8808061 0 0 0.8 0 0.0899955 0.08080608 0 3.891113 0.1209496 0 0 0 1
43 1 2 4 -0.0899985 0.880386 0 0 0.8 0 0.0899985 0.08038598 0 3.896477 0.1206716 0 0 0 1
43 1 2 4 -0.09 0.879966 0 0 0.8 0 0.09 0.07996601 0 3.901474 0.1203934 0 0 0 1
43 1 2 4 -0.0899985 0.879546 0 0 0.8 0 0.0899985 0.07954603 0 3.906044 0.1201137 0 0 0 1
43 1 2 4 -0.0899925 0.879126 0 0 0.8 0 0.0899925 0.079126 0 3.922997 0.1198314 0 0 0 1
43 1 2 4 -0.089985 0.8787061 0 0 0.8 0 0.089985 0.07870609 0 3.928711 0.1195489 0 0 0 1
43 1 2 4 -0.0899745 0.878286 0 0 0.8 0 0.0899745 0.07828599 0 3.937675 0.1192649 0 0 0 1
43 1 2 4 -0.0899595 0.877866 0 0 0.8 0 0.0899595 0.07786602 0 3.954239 0.1189783 0 0 0 1
43 1 2 4 -0.089943 0.8774461 0 0 0.8 0 0.089943 0.07744604 0 3.959442 0.1186913 0 0 0 1
43 1 2 4 -0.0899235 0.8770275 0 0 0.8 0 0.0899235 0.0770275 0 3.964417 0.1184039 0 0 0 1
43 1 2 4 -0.089901 0.8766075 0 0 0.8 0 0.089901 0.07660753 0 3.969681 0.1181139 0 0 0 1
43 1 2 4 -0.0898755 0.8761876 0 0 0.8 0 0.0898755 0.07618755 0 3.986435 0.1178225 0 0 0 1
43 1 2 4 -0.089847 0.875769 0 0 0.8 0 0.089847 0.07576901 0 3.992378 0.1175305 0 0 0 1
43 1 2 4 -0.0898155 0.8753505 0 0 0.8 0 0.0898155 0.07535052 0 3.997414 0.117237 0 0 0 1
43 1 2 4 -0.089781 0.8749321 0 0 0.8 0 0.089781 0.07493204 0 4.001457 0.116942 0 0 0 1
43 1 2 4 -0.0897435 0.8745135 0 0 0.8 0 0.0897435 0.07451349 0 4.018028 0.1166454 0 0 0 1
43 1 2 4 -0.0897045 0.874095 0 0 0.8 0 0.0897045 0.07409495 0 4.022446 0.1163484 0 0 0 1
43 1 2 4 -0.089661 0.873678 0 0 0.8 0 0.089661 0.07367796 0 4.026855 0.1160497 0 0 0 1
43 1 2 4 -0.0896145 0.8732595 0 0 0.8 0 0.0896145 0.07325953 0 4.043533 0.1157485 0 0 0 1
43 1 2 4 -0.089565 0.8728425 0 0 0.8 0 0.089565 0.07284248 0 4.048721 0.1154466 0 0 0 1
43 1 2 4 -0.089514 0.8724255 0 0 0.8 0 0.089514 0.07242548 0 4.054428 0.1151443 0 0 0 1
43 1 2 4 -0.0894585 0.87201 0 0 0.8 0 0.0894585 0.07200998 0 4.059242 0.1148401 0 0 0 1
43 1 2 4 -0.0894015 0.8715945 0 0 0.8 0 0.0894015 0.07159454 0 4.063782 0.1145356 0 0 0 1
43 1 2 4 -0.08934 0.8711776 0 0 0.8 0 0.08934 0.07117754 0 4.080818 0.1142273 0 0 0 1
43 1 2 4 -0.089277 0.8707635 0 0 0.8 0 0.089277 0.07076353 0 4.086243 0.1139204 0 0 0 1
43 1 2 4 -0.089211 0.870348 0 0 0.8 0 0.089211 0.07034802 0 4.096443 0.1136109 0 0 0 1
43 1 2 4 -0.0891405 0.869934 0 0 0.8 0 0.0891405 0.06993395 0 4.113319 0.1132995 0 0 0 1
43 1 2 4 -0.0890685 0.8695201 0 0 0.8 0 0.0890685 0.06952006 0 4.118958 0.1129878 0 0 0 1
43 1 2 4 -0.0889935 0.8691075 0 0 0.8 0 0.0889935 0.06910747 0 4.124229 0.1126751 0 0 0 1
43 1 2 4 -0.0889155 0.868695 0 0 0.8 0 0.0889155 0.06869501 0 4.1408 0.1123609 0 0 0 1
43 1 2 4 -0.0888345 0.8682826 0 0 0.8 0 0.0888345 0.06828254 0 4.145874 0.112045 0 0 0 1
43 1 2 4 -0.0887505 0.8678715 0 0 0.8 0 0.0887505 0.06787151 0 4.151451 0.1117282 0 0 0 1
43 1 2 4 -0.0886635 0.8674605 0 0 0.8 0 0.0886635 0.06746054 0 4.155731 0.1114098 0 0 0 1
43 1 2 4 -0.08857501 0.8670496 0 0 0.8 0 0.08857501 0.06704956 0 4.17318 0.1110908 0 0 0 1
43 1 2 4 -0.088482 0.8666401 0 0 0.8 0 0.088482 0.06664008 0 4.178535 0.1107699 0 0 0 1
43 1 2 4 -0.0883875 0.8662306 0 0 0.8 0 0.0883875 0.0662306 0 4.18367 0.1104484 0 0 0 1
43 1 2 4 -0.0882885 0.8658226 0 0 0.8 0 0.0882885 0.06582254 0 4.200233 0.1101248 0 0 0 1
43 1 2 4 -0.088188 0.8654146 0 0 0.8 0 0.088188 0.06541455 0 4.205673 0.1098007 0 0 0 1
43 1 2 4 -0.0880845 0.865008 0 0 0.8 0 0.0880845 0.06500798 0 4.210197 0.1094756 0 0 0 1
43 1 2 4 -0.0879765 0.8646015 0 0 0.8 0 0.0879765 0.06460148 0 4.214577 0.1091477 0 0 0 1
43 1 2 4 -0.087867 0.8641965 0 0 0.8 0 0.087867 0.06419653 0 4.220009 0.1088201 0 0 0 1
43 1 2 4 -0.0877545 0.8637916 0 0 0.8 0 0.0877545 0.06379157 0 4.23658 0.1084906 0 0 0 1
43 1 2 4 -0.08764049 0.8633881 0 0 0.8 0 0.08764049 0.06338805 0 4.242989 0.1081615 0 0 0 1
43 1 2 4 -0.087522 0.8629845 0 0 0.8 0 0.087522 0.06298453 0 4.259552 0.1078293 0 0 0 1
43 1 2 4 -0.0874005 0.8625825 0 0 0.8 0 0.0874005 0.06258249 0 4.264587 0.1074961 0 0 0 1
43 1 2 4 -0.0872775 0.8621805 0 0 0.8 0 0.0872775 0.06218052 0 4.270012 0.1071624 0 0 0 1
43 1 2 4 -0.0871515 0.86178 0 0 0.8 0 0.0871515 0.06178004 0 4.274307 0.1068277 0 0 0 1
43 1 2 4 -0.087021 0.8613811 0 0 0.8 0 0.087021 0.06138104 0 4.278603 0.1064908 0 0 0 1
43 1 2 4 -0.086889 0.8609821 0 0 0.8 0 0.086889 0.06098205 0 4.28273 0.1061532 0 0 0 1
43 1 2 4 -0.086754 0.8605845 0 0 0.8 0 0.086754 0.06058449 0 4.299355 0.1058146 0 0 0 1
43 1 2 4 -0.0866175 0.8601871 0 0 0.8 0 0.0866175 0.06018704 0 4.304787 0.1054755 0 0 0 1
43 1 2 4 -0.0864765 0.859791 0 0 0.8 0 0.0864765 0.05979103 0 4.310349 0.105134 0 0 0 1
43 1 2 4 -0.086334 0.8593966 0 0 0.8 0 0.086334 0.05939656 0 4.314941 0.1047927 0 0 0 1
43 1 2 4 -0.086187 0.8590035 0 0 0.8 0 0.086187 0.05900353 0 4.33152 0.1044491 0 0 0 1
43 1 2 4 -0.0860385 0.8586105 0 0 0.8 0 0.0860385 0.0586105 0 4.343056 0.1041048 0 0 0 1
43 1 2 4 -0.085887 0.858219 0 0 0.8 0 0.085887 0.05821902 0 4.359627 0.1037595 0 0 0 1
43 1 2 4 -0.0857325 0.8578275 0 0 0.8 0 0.0857325 0.05782753 0 4.364609 0.1034122 0 0 0 1
43 1 2 4 -0.0855765 0.8574375 0 0 0.8 0 0.0855765 0.05743748 0 4.369797 0.103065 0 0 0 1
43 1 2 4 -0.085416 0.857049 0 0 0.8 0 0.085416 0.05704898 0 4.374741 0.1027155 0 0 0 1
43 1 2 4 -0.085254 0.856662 0 0 0.8 0 0.085254 0.05666202 0 4.391518 0.1023661 0 0 0 1
43 1 2 4 -0.085089 0.8562765 0 0 0.8 0 0.085089 0.0562765 0 4.39711 0.1020156 0 0 0 1
43 1 2 4 -0.084921 0.855891 0 0 0.8 0 0.084921 0.05589098 0 4.40712 0.1016631 0 0 0 1
43 1 2 4 -0.0847515 0.855507 0 0 0.8 0 0.0847515 0.055507 0 4.423691 0.1013106 0 0 0 1
43 1 2 4 -0.0845775 0.8551245 0 0 0.8 0 0.0845775 0.05512452 0 4.429405 0.1009558 0 0 0 1
43 1 2 4 -0.08440199 0.8547436 0 0 0.8 0 0.08440199 0.05474359 0 4.434418 0.100601 0 0 0 1
43 1 2 4 -0.08422349 0.8543625 0 0 0.8 0 0.08422349 0.05436248 0 4.450981 0.1002441 0 0 0 1
43 1 2 4 -0.084042 0.8539845 0 0 0.8 0 0.084042 0.05398446 0 4.456795 0.09988683 0 0 0 1
43 1 2 4 -0.083859 0.8536065 0 0 0.8 0 0.083859 0.05360645 0 4.461647 0.09952881 0 0 0 1
43 1 2 4 -0.0836715 0.85323 0 0 0.8 0 0.0836715 0.05322999 0 4.46656 0.09916829 0 0 0 1
43 1 2 4 -0.0834825 0.852855 0 0 0.8 0 0.0834825 0.05285501 0 4.471489 0.0988078 0 0 0 1
43 1 2 4 -0.083292 0.8524816 0 0 0.8 0 0.083292 0.05248159 0 4.48806 0.09844732 0 0 0 1
43 1 2 4 -0.083097 0.8521096 0 0 0.8 0 0.083097 0.05210954 0 4.499672 0.09808422 0 0 0 1
43 1 2 4 -0.08290049 0.8517375 0 0 0.8 0 0.08290049 0.05173749 0 4.516663 0.09772031 0 0 0 1
43 1 2 4 -0.082701 0.8513685 0 0 0.8 0 0.082701 0.05136853 0 4.521927 0.09735595 0 0 0 1
43 1 2 4 -0.08249851 0.8509996 0 0 0.8 0 0.08249851 0.05099958 0 4.526855 0.09698949 0 0 0 1
43 1 2 4 -0.08229449 0.8506335 0 0 0.8 0 0.08229449 0.05063349 0 4.531158 0.09662367 0 0 0 1
43 1 2 4 -0.0820875 0.8502675 0 0 0.8 0 0.0820875 0.05026752 0 4.54834 0.09625582 0 0 0 1
43 1 2 4 -0.0818775 0.8499045 0 0 0.8 0 0.0818775 0.04990453 0 4.553993 0.09588736 0 0 0 1
43 1 2 4 -0.0816645 0.8495415 0 0 0.8 0 0.0816645 0.04954153 0 4.564102 0.09551678 0 0 0 1
43 1 2 4 -0.08145 0.8491815 0 0 0.8 0 0.08145 0.04918152 0 4.580986 0.09514686 0 0 0 1
43 1 2 4 -0.0812325 0.8488215 0 0 0.8 0 0.0812325 0.04882151 0 4.585892 0.09477478 0 0 0 1
43 1 2 4 -0.0810135 0.848463 0 0 0.8 0 0.0810135 0.04846299 0 4.5905 0.09440258 0 0 0 1
43 1 2 4 -0.08079 0.8481075 0 0 0.8 0 0.08079 0.0481075 0 4.594971 0.09402849 0 0 0 1
43 1 2 4 -0.080565 0.847752 0 0 0.8 0 0.080565 0.04775202 0 4.61203 0.09365348 0 0 0 1
43 1 2 4 -0.0803385 0.8473995 0 0 0.8 0 0.0803385 0.04739946 0 4.617554 0.09327906 0 0 0 1
43 1 2 4 -0.080109 0.8470485 0 0 0.8 0 0.080109 0.04704851 0 4.622116 0.09290325 0 0 0 1
43 1 2 4 -0.0798765 0.8466976 0 0 0.8 0 0.0798765 0.04669756 0 4.626442 0.09252522 0 0 0 1
43 1 2 4 -0.079641 0.8463495 0 0 0.8 0 0.079641 0.04634947 0 4.643013 0.09214642 0 0 0 1
43 1 2 4 -0.079404 0.8460031 0 0 0.8 0 0.079404 0.04600304 0 4.653984 0.0917675 0 0 0 1
43 1 2 4 -0.0791655 0.8456581 0 0 0.8 0 0.0791655 0.04565805 0 4.659164 0.09138837 0 0 0 1
43 1 2 4 -0.0789225 0.8453145 0 0 0.8 0 0.0789225 0.04531449 0 4.675728 0.0910064 0 0 0 1
43 1 2 4 -0.078678 0.8449726 0 0 0.8 0 0.078678 0.04497254 0 4.681091 0.09062427 0 0 0 1
43 1 2 4 -0.078432 0.8446335 0 0 0.8 0 0.078432 0.04463351 0 4.686172 0.09024261 0 0 0 1
43 1 2 4 -0.078183 0.8442945 0 0 0.8 0 0.078183 0.04429448 0 4.690712 0.08985868 0 0 0 1
43 1 2 4 -0.077931 0.8439585 0 0 0.8 0 0.077931 0.04395849 0 4.707802 0.08947396 0 0 0 1
43 1 2 4 -0.0776775 0.843624 0 0 0.8 0 0.0776775 0.04362398 0 4.713455 0.08908898 0 0 0 1
43 1 2 4 -0.077421 0.843291 0 0 0.8 0 0.077421 0.04329103 0 4.730026 0.08870246 0 0 0 1
43 1 2 4 -0.077163 0.8429595 0 0 0.8 0 0.077163 0.04295951 0 4.735451 0.08831562 0 0 0 1
43 1 2 4 -0.076902 0.8426311 0 0 0.8 0 0.076902 0.04263109 0 4.740562 0.08792797 0 0 0 1
43 1 2 4 -0.0766395 0.842304 0 0 0.8 0 0.0766395 0.04230398 0 4.744858 0.08753993 0 0 0 1
43 1 2 4 -0.076374 0.8419785 0 0 0.8 0 0.076374 0.04197848 0 4.749672 0.08715034 0 0 0 1
43 1 2 4 -0.07610551 0.8416545 0 0 0.8 0 0.07610551 0.04165453 0 4.766747 0.08675914 0 0 0 1
43 1 2 4 -0.0758355 0.8413321 0 0 0.8 0 0.0758355 0.04133207 0 4.772163 0.0863676 0 0 0 1
43 1 2 4 -0.075564 0.8410125 0 0 0.8 0 0.075564 0.04101253 0 4.777466 0.08597643 0 0 0 1
43 1 2 4 -0.0752895 0.8406945 0 0 0.8 0 0.0752895 0.04069453 0 4.781906 0.08558361 0 0 0 1
43 1 2 4 -0.0750135 0.840378 0 0 0.8 0 0.0750135 0.04037803 0 4.798477 0.08519044 0 0 0 1
43 1 2 4 -0.0747345 0.8400645 0 0 0.8 0 0.0747345 0.04006451 0 4.810226 0.08479629 0 0 0 1
43 1 2 4 -0.0744525 0.8397526 0 0 0.8 0 0.0744525 0.03975254 0 4.814865 0.08440048 0 0 0 1
43 1 2 4 -0.0741705 0.839442 0 0 0.8 0 0.0741705 0.039442 0 4.831436 0.08400556 0 0 0 1
43 1 2 4 -0.073884 0.8391346 0 0 0.8 0 0.073884 0.03913456 0 4.836815 0.08360837 0 0 0 1
43 1 2 4 -0.07359751 0.8388271 0 0 0.8 0 0.07359751 0.03882706 0 4.841644 0.08321138 0 0 0 1
43 1 2 4 -0.07330801 0.8385241 0 0 0.8 0 0.07330801 0.03852409 0 4.858215 0.08281407 0 0 0 1
43 1 2 4 -0.0730155 0.8382211 0 0 0.8 0 0.0730155 0.03822106 0 4.864182 0.08241428 0 0 0 1
43 1 2 4 -0.0727215 0.837921 0 0 0.8 0 0.0727215 0.03792101 0 4.876411 0.08201475 0 0 0 1
43 1 2 4 -0.07242601 0.8376225 0 0 0.8 0 0.07242601 0.03762251 0 4.893333 0.08161482 0 0 0 1
43 1 2 4 -0.0721275 0.837327 0 0 0.8 0 0.0721275 0.03732699 0 4.898682 0.08121379 0 0 0 1
43 1 2 4 -0.0718275 0.837033 0 0 0.8 0 0.0718275 0.03703302 0 4.903709 0.08081234 0 0 0 1
43 1 2 4 -0.071526 0.836742 0 0 0.8 0 0.071526 0.03674203 0 4.908318 0.0804111 0 0 0 1
43 1 2 4 -0.0712215 0.8364525 0 0 0.8 0 0.0712215 0.03645247 0 4.92524 0.08000803 0 0 0 1
43 1 2 4 -0.0709155 0.8361645 0 0 0.8 0 0.0709155 0.03616452 0 4.930687 0.07960452 0 0 0 1
43 1 2 4 -0.0706065 0.8358795 0 0 0.8 0 0.0706065 0.03587949 0 4.935783 0.07919985 0 0 0 1
43 1 2 4 -0.0702975 0.835596 0 0 0.8 0 0.0702975 0.03559595 0 4.94062 0.07879601 0 0 0 1
43 1 2 4 -0.0699855 0.8353155 0 0 0.8 0 0.0699855 0.03531551 0 4.957191 0.07839105 0 0 0 1
43 1 2 4 -0.0696705 0.8350366 0 0 0.8 0 0.0696705 0.03503656 0 4.968292 0.07798422 0 0 0 1
43 1 2 4 -0.069354 0.8347591 0 0 0.8 0 0.069354 0.03475904 0 4.985344 0.07757685 0 0 0 1
43 1 2 4 -0.069036 0.834486 0 0 0.8 0 0.069036 0.034486 0 4.991066 0.07717029 0 0 0 1
43 1 2 4 -0.0687165 0.834213 0 0 0.8 0 0.0687165 0.03421301 0 4.996086 0.07676254 0 0 0 1
43 1 2 4 -0.0683955 0.833943 0 0 0.8 0 0.0683955 0.033943 0 5.001015 0.0763549 0 0 0 1
43 1 2 4 -0.0680715 0.8336761 0 0 0.8 0 0.0680715 0.03367609 0 5.017578 0.07594609 0 0 0 1
43 1 2 4 -0.067746 0.8334105 0 0 0.8 0 0.067746 0.03341049 0 5.023232 0.07553662 0 0 0 1
43 1 2 4 -0.067419 0.8331465 0 0 0.8 0 0.067419 0.0331465 0 5.033531 0.07512664 0 0 0 1
43 1 2 4 -0.067089 0.8328871 0 0 0.8 0 0.067089 0.03288704 0 5.050117 0.07471607 0 0 0 1
43 1 2 4 -0.0667575 0.8326275 0 0 0.8 0 0.0667575 0.03262752 0 5.05587 0.07430423 0 0 0 1
43 1 2 4 -0.0664245 0.8323725 0 0 0.8 0 0.0664245 0.03237253 0 5.060493 0.07389313 0 0 0 1
43 1 2 4 -0.06609 0.8321176 0 0 0.8 0 0.06609 0.03211755 0 5.064888 0.07348078 0 0 0 1
43 1 2 4 -0.065754 0.831867 0 0 0.8 0 0.065754 0.03186697 0 5.081749 0.0730691 0 0 0 1
43 1 2 4 -0.0654165 0.831618 0 0 0.8 0 0.0654165 0.031618 0 5.087639 0.07265684 0 0 0 1
43 1 2 4 -0.065076 0.8313705 0 0 0.8 0 0.065076 0.03137052 0 5.09314 0.07224262 0 0 0 1
43 1 2 4 -0.064734 0.831126 0 0 0.8 0 0.064734 0.03112596 0 5.109879 0.07182839 0 0 0 1
43 1 2 4 -0.0643905 0.8308845 0 0 0.8 0 0.0643905 0.0308845 0 5.115494 0.07141421 0 0 0 1
43 1 2 4 -0.0640455 0.8306445 0 0 0.8 0 0.0640455 0.03064454 0 5.125816 0.0709994 0 0 0 1
43 1 2 4 -0.063699 0.8304075 0 0 0.8 0 0.063699 0.03040749 0 5.14286 0.07058454 0 0 0 1
43 1 2 4 -0.063351 0.8301736 0 0 0.8 0 0.063351 0.03017354 0 5.147987 0.07016973 0 0 0 1
43 1 2 4 -0.0630015 0.829941 0 0 0.8 0 0.0630015 0.02994102 0 5.153221 0.06975424 0 0 0 1
43 1 2 4 -0.062649 0.8297115 0 0 0.8 0 0.062649 0.02971148 0 5.157722 0.06933736 0 0 0 1
43 1 2 4 -0.0622965 0.8294835 0 0 0.8 0 0.0622965 0.0294835 0 5.174431 0.06892119 0 0 0 1
43 1 2 4 -0.0619425 0.8292586 0 0 0.8 0 0.0619425 0.02925855 0 5.179932 0.068505 0 0 0 1
43 1 2 4 -0.0615855 0.8290366 0 0 0.8 0 0.0615855 0.02903658 0 5.189789 0.06808742 0 0 0 1
43 1 2 4 -0.061227 0.8288175 0 0 0.8 0 0.061227 0.02881747 0 5.207138 0.06766973 0 0 0 1
43 1 2 4 -0.0608685 0.8286 0 0 0.8 0 0.0608685 0.02859998 0 5.212601 0.06725276 0 0 0 1
43 1 2 4 -0.060507 0.828384 0 0 0.8 0 0.060507 0.02838403 0 5.21743 0.06683375 0 0 0 1
43 1 2 4 -0.0601455 0.8281726 0 0 0.8 0 0.0601455 0.02817255 0 5.234001 0.06641667 0 0 0 1
43 1 2 4 -0.059781 0.8279625 0 0 0.8 0 0.059781 0.02796251 0 5.23999 0.0659975 0 0 0 1
43 1 2 4 -0.059415 0.8277556 0 0 0.8 0 0.059415 0.02775556 0 5.244858 0.0655783 0 0 0 1
43 1 2 4 -0.059049 0.8275515 0 0 0.8 0 0.059049 0.02755147 0 5.250023 0.06516033 0 0 0 1
43 1 2 4 -0.05868 0.827349 0 0 0.8 0 0.05868 0.027349 0 5.266632 0.06474032 0 0 0 1
43 1 2 4 -0.058311 0.8271495 0 0 0.8 0 0.058311 0.0271495 0 5.278046 0.0643216 0 0 0 1
43 1 2 4 -0.0579405 0.8269531 0 0 0.8 0 0.0579405 0.02695304 0 5.282967 0.0639028 0 0 0 1
43 1 2 4 -0.057567 0.826758 0 0 0.8 0 0.057567 0.02675802 0 5.29953 0.0634819 0 0 0 1
43 1 2 4 -0.0571935 0.8265661 0 0 0.8 0 0.0571935 0.02656609 0 5.305145 0.0630623 0 0 0 1
43 1 2 4 -0.0568185 0.826377 0 0 0.8 0 0.0568185 0.02637702 0 5.310341 0.06264255 0 0 0 1
43 1 2 4 -0.056442 0.826191 0 0 0.8 0 0.056442 0.026191 0 5.314751 0.06222273 0 0 0 1
43 1 2 4 -0.0560655 0.8260065 0 0 0.8 0 0.0560655 0.02600652 0 5.331337 0.06180355 0 0 0 1
43 1 2 4 -0.055686 0.8258265 0 0 0.8 0 0.055686 0.02582651 0 5.337166 0.06138355 0 0 0 1
43 1 2 4 -0.0553065 0.8256481 0 0 0.8 0 0.0553065 0.02564806 0 5.353722 0.06096419 0 0 0 1
43 1 2 4 -0.054924 0.8254725 0 0 0.8 0 0.054924 0.02547252 0 5.359039 0.06054334 0 0 0 1
43 1 2 4 -0.0545415 0.8252985 0 0 0.8 0 0.0545415 0.02529854 0 5.363647 0.06012313 0 0 0 1
43 1 2 4 -0.0541575 0.8251275 0 0 0.8 0 0.0541575 0.02512747 0 5.368568 0.0597028 0 0 0 1
43 1 2 4 -0.0537735 0.8249611 0 0 0.8 0 0.0537735 0.02496105 0 5.373093 0.05928443 0 0 0 1
43 1 2 4 -0.0533865 0.8247961 0 0 0.8 0 0.0533865 0.02479607 0 5.377365 0.05886394 0 0 1 1
43 1 2 4 -0.0529995 0.8246325 0 0 0.8 0 0.0529995 0.02463251 0 5.393936 0.05844406 0 0 1 1
43 1 2 4 -0.052611 0.8244735 0 0 0.8 0 0.052611 0.02447349 0 5.399658 0.05802473 0 0 1 1
43 1 2 4 -0.052221 0.824316 0 0 0.8 0 0.052221 0.02431601 0 5.404778 0.0576047 0 0 1 1
43 1 2 4 -0.051831 0.8241631 0 0 0.8 0 0.051831 0.02416307 0 5.421349 0.05718659 0 0 1 1
43 1 2 4 -0.0514395 0.8240116 0 0 0.8 0 0.0514395 0.02401155 0 5.43235 0.05676775 0 0 1 1
43 1 2 4 -0.0510465 0.8238615 0 0 0.8 0 0.0510465 0.02386147 0 5.437248 0.05634816 0 0 1 1
43 1 2 4 -0.050652 0.823716 0 0 0.8 0 0.050652 0.02371603 0 5.453819 0.0559292 0 0 1 1
43 1 2 4 -0.0502575 0.8235735 0 0 0.8 0 0.0502575 0.02357352 0 5.460495 0.0555115 0 0 1 1
43 1 2 4 -0.0498615 0.8234326 0 0 0.8 0 0.0498615 0.02343255 0 5.465446 0.05509314 0 0 1 1
43 1 2 4 -0.049464 0.8232946 0 0 0.8 0 0.049464 0.02329457 0 5.470871 0.05467471 0 0 1 1
43 1 2 4 -0.0490665 0.8231596 0 0 0.8 0 0.0490665 0.02315956 0 5.487534 0.05425759 0 0 1 1
43 1 2 4 -0.0486675 0.8230275 0 0 0.8 0 0.0486675 0.02302748 0 5.493294 0.05384041 0 0 1 1
43 1 2 4 -0.0482685 0.8228985 0 0 0.8 0 0.0482685 0.0228985 0 5.509857 0.05342462 0 0 1 1
43 1 2 4 -0.047868 0.8227725 0 0 0.8 0 0.047868 0.02277249 0 5.515488 0.05300879 0 0 1 1
43 1 2 4 -0.047466 0.822648 0 0 0.8 0 0.047466 0.02264798 0 5.520607 0.05259232 0 0 1 1
43 1 2 4 -0.047064 0.822528 0 0 0.8 0 0.047064 0.02252799 0 5.52597 0.05217787 0 0 1 1
43 1 2 4 -0.046662 0.8224095 0 0 0.8 0 0.046662 0.0224095 0 5.531105 0.05176416 0 0 1 1
43 1 2 4 -0.046257 0.822294 0 0 0.8 0 0.046257 0.02229398 0 5.547668 0.05134912 0 0 1 1
43 1 2 4 -0.0458535 0.8221816 0 0 0.8 0 0.0458535 0.02218157 0 5.553314 0.05093688 0 0 1 1
43 1 2 4 -0.045447 0.822072 0 0 0.8 0 0.045447 0.02207202 0 5.558037 0.0505233 0 0 1 1
43 1 2 4 -0.0450405 0.8219656 0 0 0.8 0 0.0450405 0.02196556 0 5.562347 0.0501112 0 0 1 1
43 1 2 4 -0.044634 0.821862 0 0 0.8 0 0.044634 0.02186197 0 5.57975 0.0497005 0 0 1 1
43 1 2 4 -0.044226 0.8217615 0 0 0.8 0 0.044226 0.02176148 0 5.590591 0.04928996 0 0 1 1
43 1 2 4 -0.043818 0.8216625 0 0 0.8 0 0.043818 0.02166253 0 5.595734 0.04888029 0 0 1 1
43 1 2 4 -0.0434085 0.821568 0 0 0.8 0 0.0434085 0.021568 0 5.612442 0.0484714 0 0 1 1
43 1 2 4 -0.042999 0.821475 0 0 0.8 0 0.042999 0.02147502 0 5.617531 0.0480634 0 0 1 1
43 1 2 4 -0.0425895 0.821385 0 0 0.8 0 0.0425895 0.02138501 0 5.622322 0.04765695 0 0 1 1
43 1 2 4 -0.0421785 0.8212996 0 0 0.8 0 0.0421785 0.02129954 0 5.627785 0.04725142 0 0 1 1
43 1 2 4 -0.041766 0.8212155 0 0 0.8 0 0.041766 0.0212155 0 5.644768 0.04684545 0 0 1 1
43 1 2 4 -0.041355 0.8211345 0 0 0.8 0 0.041355 0.0211345 0 5.650208 0.04644247 0 0 1 1
43 1 2 4 -0.0409425 0.8210565 0 0 0.8 0 0.0409425 0.02105653 0 5.666779 0.04603983 0 0 1 1
43 1 2 4 -0.0405285 0.8209815 0 0 0.8 0 0.0405285 0.02098149 0 5.672562 0.04563751 0 0 1 1
43 1 2 4 -0.0401145 0.8209081 0 0 0.8 0 0.0401145 0.02090806 0 5.677681 0.04523627 0 0 1 1
43 1 2 4 -0.0397005 0.820839 0 0 0.8 0 0.0397005 0.02083904 0 5.682877 0.04483743 0 0 1 1
43 1 2 4 -0.0392865 0.820773 0 0 0.8 0 0.0392865 0.02077299 0 5.687454 0.04444037 0 0 1 1
43 1 2 4 -0.038871 0.82071 0 0 0.8 0 0.038871 0.02070999 0 5.704193 0.04404382 0 0 1 1
43 1 2 4 -0.0384555 0.8206485 0 0 0.8 0 0.0384555 0.02064848 0 5.71006 0.04364843 0 0 1 1
43 1 2 4 -0.0380385 0.8205916 0 0 0.8 0 0.0380385 0.02059156 0 5.71505 0.04325436 0 0 1 1
43 1 2 4 -0.037623 0.820536 0 0 0.8 0 0.037623 0.02053601 0 5.719963 0.04286278 0 0 1 1
43 1 2 4 -0.037206 0.8204851 0 0 0.8 0 0.037206 0.02048504 0 5.736748 0.04247262 0 0 1 1
43 1 2 4 -0.036789 0.8204355 0 0 0.8 0 0.036789 0.02043551 0 5.748558 0.04208374 0 0 1 1
43 1 2 4 -0.036372 0.820389 0 0 0.8 0 0.036372 0.02038902 0 5.765121 0.04169694 0 0 1 1
43 1 2 4 -0.0359535 0.8203456 0 0 0.8 0 0.0359535 0.02034557 0 5.770714 0.04131097 0 0 1 1
43 1 2 4 -0.035535 0.8203065 0 0 0.8 0 0.035535 0.02030653 0 5.775742 0.04092788 0 0 1 1
43 1 2 4 -0.0351165 0.820269 0 0 0.8 0 0.0351165 0.02026904 0 5.78019 0.0405463 0 0 1 1
43 1 2 4 -0.034698 0.8202345 0 0 0.8 0 0.034698 0.02023453 0 5.796768 0.04016699 0 0 1 1
43 1 2 4 -0.0342795 0.8202031 0 0 0.8 0 0.0342795 0.02020305 0 5.802208 0.03979004 0 0 1 1
43 1 2 4 -0.033861 0.8201746 0 0 0.8 0 0.033861 0.02017456 0 5.812607 0.03941548 0 0 1 1
43 1 2 4 -0.033441 0.8201491 0 0 0.8 0 0.033441 0.02014905 0 5.82917 0.03904209 0 0 1 1
43 1 2 4 -0.0330225 0.8201265 0 0 0.8 0 0.0330225 0.02012652 0 5.834351 0.0386725 0 0 1 1
43 1 2 4 -0.0326025 0.820107 0 0 0.8 0 0.0326025 0.02010703 0 5.838974 0.03830425 0 0 1 1
43 1 2 4 -0.0321825 0.8200891 0 0 0.8 0 0.0321825 0.02008909 0 5.843475 0.03793791 0 0 1 1
43 1 2 4 -0.0317625 0.8200756 0 0 0.8 0 0.0317625 0.02007556 0 5.860229 0.03757505 0 0 1 1
43 1 2 4 -0.0313425 0.820065 0 0 0.8 0 0.0313425 0.02006501 0 5.865608 0.03721501 0 0 1 1
43 1 2 4 -0.030924 0.8200575 0 0 0.8 0 0.030924 0.0200575 0 5.870583 0.03685915 0 0 1 1
43 1 2 4 -0.030504 0.8200516 0 0 0.8 0 0.030504 0.02005154 0 5.875336 0.03650422 0 0 1 1
43 1 2 4 -0.030084 0.82005 0 0 0.8 0 0.030084 0.02004999 0 5.892029 0.03615313 0 0 1 1
43 1 2 4 -0.029664 0.8200516 0 0 0.8 0 0.029664 0.02005154 0 5.904076 0.03580527 0 0 1 1
43 1 2 4 -0.029244 0.8200545 0 0 0.8 0 0.029244 0.02005452 0 5.920815 0.03545977 0 0 1 1
43 1 2 4 -0.028824 0.820062 0 0 0.8 0 0.028824 0.02006203 0 5.926079 0.03511848 0 0 1 1
43 1 2 4 -0.028404 0.820071 0 0 0.8 0 0.028404 0.02007097 0 5.931114 0.03477975 0 0 1 1
43 1 2 4 -0.027984 0.8200845 0 0 0.8 0 0.027984 0.0200845 0 5.935814 0.03444549 0 0 1 1
43 1 2 4 -0.027564 0.8200995 0 0 0.8 0 0.027564 0.02009952 0 5.940117 0.034114 0 0 1 1
43 1 2 4 -0.027144 0.8201175 0 0 0.8 0 0.027144 0.02011746 0 5.956795 0.03378623 0 0 1 1
43 1 2 4 -0.0267255 0.82014 0 0 0.8 0 0.0267255 0.02013999 0 5.962227 0.03346448 0 0 1 1
43 1 2 4 -0.0263055 0.820164 0 0 0.8 0 0.0263055 0.02016395 0 5.979439 0.0331446 0 0 1 1
43 1 2 4 -0.025887 0.820191 0 0 0.8 0 0.025887 0.02019101 0 5.984467 0.03283007 0 0 1 1
43 1 2 4 -0.025467 0.8202211 0 0 0.8 0 0.025467 0.02022105 0 5.989471 0.0325186 0 0 1 1
43 1 2 4 -0.0250485 0.820254 0 0 0.8 0 0.0250485 0.02025402 0 5.993813 0.03221261 0 0 1 1
43 1 2 4 -0.02463 0.8202901 0 0 0.8 0 0.02463 0.02029008 0 5.998322 0.03191119 0 0 1 1
43 1 2 4 -0.024213 0.8203306 0 0 0.8 0 0.024213 0.02033055 0 6.003006 0.03161646 0 1 1 1
43 1 2 4 -0.0237945 0.8203725 0 0 0.8 0 0.0237945 0.02037245 0 6.019897 0.03132435 0 1 1 1
43 1 2 4 -0.0233775 0.820416 0 0 0.8 0 0.0233775 0.02041602 0 6.025238 0.03103742 0 1 1 1
43 1 2 4 -0.022959 0.820464 0 0 0.8 0 0.022959 0.020464 0 6.030327 0.03075534 0 1 1 1
43 1 2 4 -0.022542 0.820515 0 0 0.8 0 0.022542 0.02051502 0 6.047539 0.03047963 0 1 1 1
43 1 2 4 -0.0221265 0.820569 0 0 0.8 0 0.0221265 0.02056903 0 6.05941 0.03021038 0 1 1 1
43 1 2 4 -0.0217095 0.820626 0 0 0.8 0 0.0217095 0.02062601 0 6.064209 0.02994553 0 1 1 1
43 1 2 4 -0.021294 0.8206846 0 0 0.8 0 0.021294 0.02068454 0 6.080788 0.02968644 0 1 1 1
43 1 2 4 -0.0208785 0.8207476 0 0 0.8 0 0.0208785 0.02074754 0 6.085747 0.0294342 0 1 1 1
43 1 2 4 -0.0204645 0.820812 0 0 0.8 0 0.0204645 0.02081198 0 6.090202 0.02918791 0 1 1 1
43 1 2 4 -0.020049 0.820881 0 0 0.8 0 0.020049 0.020881 0 6.095047 0.02894786 0 1 1 1
43 1 2 4 -0.019635 0.8209515 0 0 0.8 0 0.019635 0.02095145 0 6.111618 0.02871405 0 1 1 1
43 1 2 4 -0.0192225 0.8210265 0 0 0.8 0 0.0192225 0.02102649 0 6.117302 0.02848891 0 1 1 1
43 1 2 4 -0.01881 0.821103 0 0 0.8 0 0.01881 0.02110302 0 6.127983 0.02826931 0 1 1 1
43 1 2 4 -0.0183975 0.8211825 0 0 0.8 0 0.0183975 0.02118248 0 6.145355 0.02805647 0 1 1 1
43 1 2 4 -0.017985 0.821265 0 0 0.8 0 0.017985 0.02126503 0 6.15033 0.0278507 0 1 1 1
43 1 2 4 -0.017574 0.8213505 0 0 0.8 0 0.017574 0.0213505 0 6.154884 0.02765302 0 1 1 1
43 1 2 4 -0.017163 0.821439 0 0 0.8 0 0.017163 0.02143902 0 6.159294 0.0274627 0 1 1 1
43 1 2 4 -0.0167535 0.8215306 0 0 0.8 0 0.0167535 0.02153057 0 6.176521 0.02728086 0 1 1 1
43 1 2 4 -0.016344 0.821625 0 0 0.8 0 0.016344 0.02162498 0 6.182411 0.02710657 0 1 1 1
43 1 2 4 -0.015936 0.821721 0 0 0.8 0 0.015936 0.02172101 0 6.187492 0.0269399 0 1 1 1
43 1 2 4 -0.015528 0.8218215 0 0 0.8 0 0.015528 0.0218215 0 6.204063 0.02678239 0 1 1 1
43 1 2 4 -0.01512 0.821925 0 0 0.8 0 0.01512 0.02192503 0 6.209808 0.02663309 0 1 1 1
43 1 2 4 -0.0147135 0.82203 0 0 0.8 0 0.0147135 0.02203 0 6.219734 0.02649166 0 1 1 1
43 1 2 4 -0.0143085 0.822138 0 0 0.8 0 0.0143085 0.022138 0 6.236298 0.02635952 0 1 1 1
43 1 2 4 -0.0139035 0.8222491 0 0 0.8 0 0.0139035 0.02224904 0 6.241875 0.02623599 0 1 1 1
43 1 2 4 -0.0134985 0.822363 0 0 0.8 0 0.0134985 0.02236301 0 6.247131 0.02612113 0 1 1 1
43 1 2 4 -0.013095 0.82248 0 0 0.8 0 0.013095 0.02247995 0 6.251747 0.0260159 0 1 1 1
43 1 2 4 -0.012693 0.8226001 0 0 0.8 0 0.012693 0.02260005 0 6.268318 0.02592055 0 1 1 1
43 1 2 4 -0.012291 0.822723 0 0 0.8 0 0.012291 0.02272302 0 6.274231 0.02583417 0 1 1 1
43 1 2 4 -0.0118905 0.822849 0 0 0.8 0 0.0118905 0.02284902 0 6.290802 0.02575775 0 1 1 1
43 1 2 4 -0.01149 0.8229766 0 0 0.8 0 0.01149 0.02297658 0 6.296188 0.02568936 0 1 1 1
43 1 2 4 -0.011091 0.823107 0 0 0.8 0 0.011091 0.02310699 0 6.302032 0.02563091 0 1 1 1
43 1 2 4 -0.0106935 0.8232406 0 0 0.8 0 0.0106935 0.02324057 0 6.308029 0.02558271 0 1 1 1
43 1 2 4 -0.010296 0.823377 0 0 0.8 0 0.010296 0.023377 0 6.314163 0.02554392 0 1 1 1
43 1 2 4 -0.0099 0.8235165 0 0 0.8 0 0.0099 0.02351648 0 6.331108 0.02551538 0 1 1 1
43 1 2 4 -0.009504 0.823659 0 0 0.8 0 0.009504 0.02365899 0 6.336891 0.02549655 0 1 1 1
43 1 2 4 -0.0091095 0.8238046 0 0 0.8 0 0.0091095 0.02380455 0 6.342499 0.02548802 0 1 1 1
43 1 2 4 -0.008716499 0.8239515 0 0 0.8 0 0.008716499 0.02395153 0 6.359253 0.02548829 0 1 1 1
43 1 2 4 -0.008324999 0.8241016 0 0 0.8 0 0.008324999 0.02410156 0 6.364441 0.02549884 0 1 1 1
43 1 2 4 -0.0079335 0.8242545 0 0 0.8 0 0.0079335 0.0242545 0 6.369949 0.02551904 0 1 1 1
43 1 2 4 -0.0075435 0.8244106 0 0 0.8 0 0.0075435 0.02441055 0 6.386513 0.02554954 0 1 1 1
43 1 2 4 -0.007155 0.8245695 0 0 0.8 0 0.007155 0.02456951 0 6.392006 0.02559013 0 1 1 1
43 1 2 4 -0.0067665 0.82473 0 0 0.8 0 0.0067665 0.02473003 0 6.397064 0.02563903 0 1 1 1
43 1 2 4 -0.006380999 0.824895 0 0 0.8 0 0.006380999 0.02489501 0 6.401894 0.02569978 0 1 1 1
43 1 2 4 -0.0059955 0.8250616 0 0 0.8 0 0.0059955 0.02506155 0 6.40712 0.02576873 0 1 1 1
43 1 2 4 -0.00561 0.8252311 0 0 0.8 0 0.00561 0.02523106 0 6.423683 0.02584722 0 1 0 1
43 1 2 4 -0.0052275 0.8254035 0 0 0.8 0 0.0052275 0.0254035 0 6.429062 0.02593578 0 1 0 1
43 1 2 4 -0.004845 0.8255775 0 0 0.8 0 0.004845 0.02557749 0 6.438354 0.02603232 0 1 0 1
43 1 2 4 -0.004464 0.8257545 0 0 0.8 0 0.004464 0.02575451 0 6.455475 0.02613852 0 1 0 1
43 1 2 4 -0.004086 0.8259345 0 0 0.8 0 0.004086 0.02593452 0 6.460953 0.02625442 0 1 0 1
43 1 2 4 -0.0037065 0.8261175 0 0 0.8 0 0.0037065 0.0261175 0 6.465805 0.0263792 0 1 0 1
43 1 2 4 -0.00333 0.8263036 0 0 0.8 0 0.00333 0.02630359 0 6.470505 0.02651354 0 1 0 1
43 1 2 4 -0.002955 0.8264911 0 0 0.8 0 0.002955 0.02649105 0 6.487083 0.02665535 0 1 0 1
43 1 2 4 -0.00258 0.8266815 0 0 0.8 0 0.00258 0.02668148 0 6.493019 0.02680593 0 1 0 1
43 1 2 4 -0.002208 0.8268751 0 0 0.8 0 0.002208 0.02687508 0 6.498116 0.02696563 0 1 0 1
43 1 2 4 -0.001836 0.8270715 0 0 0.8 0 0.001836 0.02707148 0 6.503036 0.02713366 0 1 0 1
43 1 2 4 -0.0014655 0.8272696 0 0 0.8 0 0.0014655 0.02726954 0 6.519608 0.02730889 0 1 0 1
43 1 2 4 -0.0010965 0.8274705 0 0 0.8 0 0.0010965 0.02747053 0 6.525124 0.0274924 0 1 0 1
43 1 2 4 -0.000729 0.8276745 0 0 0.8 0 0.000729 0.0276745 0 6.542053 0.0276841 0 1 0 1
43 1 2 4 -0.0003645 0.82788 0 0 0.8 0 0.0003645 0.02788001 0 6.547241 0.0278824 0 1 0 1
43 1 2 4 0 0.8280885 0 0 0.8 0 0 0.02808851 0 6.551796 0.02808851 0 1 0 1
43 1 2 4 0.000363 0.8283 0 0 0.8 0 0.000363 0.02829999 0 6.556145 0.02830232 0 1 0 1
43 1 2 4 0.0007245 0.8285145 0 0 0.8 0 0.0007245 0.0285145 0 6.561028 0.02852371 0 1 0 1
43 1 2 4 0.0010845 0.8287305 0 0 0.8 0 0.0010845 0.02873051 0 6.565117 0.02875097 0 1 0 1
43 1 2 4 0.001443 0.8289496 0 0 0.8 0 0.001443 0.02894956 0 6.581779 0.0289855 0 1 0 1
43 1 2 4 0.0018 0.82917 0 0 0.8 0 0.0018 0.02917004 0 6.58728 0.02922552 0 1 0 1
43 1 2 4 0.0021555 0.829395 0 0 0.8 0 0.0021555 0.02939498 0 6.596741 0.02947391 0 1 0 1
43 1 2 4 0.0025095 0.82962 0 0 0.8 0 0.0025095 0.02961999 0 6.61351 0.02972611 0 1 0 1
43 1 2 4 0.002862 0.8298495 0 0 0.8 0 0.002862 0.02984953 0 6.618645 0.02998642 0 1 0 1
43 1 2 4 0.003213 0.8300806 0 0 0.8 0 0.003213 0.03008056 0 6.623299 0.03025167 0 1 0 1
43 1 2 4 0.003561 0.8303145 0 0 0.8 0 0.003561 0.03031451 0 6.628014 0.03052294 0 1 0 1
43 1 2 4 0.003909 0.8305501 0 0 0.8 0 0.003909 0.03055006 0 6.644714 0.03079913 0 1 0 1
43 1 2 4 0.004254 0.8307885 0 0 0.8 0 0.004254 0.03078848 0 6.650742 0.03108098 0 1 0 1
43 1 2 4 0.004599 0.8310301 0 0 0.8 0 0.004599 0.03103006 0 6.655312 0.03136902 0 1 0 1
43 1 2 4 0.004941 0.8312731 0 0 0.8 0 0.004941 0.03127307 0 6.671883 0.03166099 0 1 0 1
43 1 2 4 0.0052815 0.831519 0 0 0.8 0 0.0052815 0.031519 0 6.677567 0.03195843 0 1 0 1
43 1 2 4 0.0056205 0.831768 0 0 0.8 0 0.0056205 0.03176802 0 6.687508 0.03226139 0 1 0 1
43 1 2 4 0.005958 0.8320186 0 0 0.8 0 0.005958 0.03201854 0 6.704079 0.03256816 0 1 0 1
43 1 2 4 0.0062925 0.8322705 0 0 0.8 0 0.0062925 0.03227049 0 6.711044 0.03287826 0 1 0 1
43 1 2 4 0.0066255 0.8325255 0 0 0.8 0 0.0066255 0.03252548 0 6.715858 0.03319344 0 1 0 1
43 1 2 4 0.0069585 0.8327835 0 0 0.8 0 0.0069585 0.03278351 0 6.720917 0.03351386 0 1 0 1
43 1 2 4 0.0072885 0.8330431 0 0 0.8 0 0.0072885 0.03304309 0 6.737907 0.03383737 0 1 0 1
43 1 2 4 0.0076155 0.8333056 0 0 0.8 0 0.0076155 0.03330559 0 6.743706 0.03416516 0 1 0 1
43 1 2 4 0.0079425 0.8335695 0 0 0.8 0 0.0079425 0.03356951 0 6.760277 0.03449631 0 1 0 1
43 1 2 4 0.008266499 0.8338366 0 0 0.8 0 0.008266499 0.03383654 0 6.765244 0.03483169 0 1 0 1
43 1 2 4 0.008589 0.8341066 0 0 0.8 0 0.008589 0.03410655 0 6.770279 0.0351714 0 1 0 1
43 1 2 4 0.00891 0.8343766 0 0 0.8 0 0.00891 0.03437656 0 6.775085 0.03551248 0 1 0 1
43 1 2 4 0.009227999 0.8346511 0 0 0.8 0 0.009227999 0.03465104 0 6.780113 0.03585876 0 1 0 1
43 1 2 4 0.009546001 0.8349271 0 0 0.8 0 0.009546001 0.03492707 0 6.796684 0.0362081 0 1 0 1
43 1 2 4 0.009861 0.8352046 0 0 0.8 0 0.009861 0.03520459 0 6.802536 0.03655957 0 1 0 1
43 1 2 4 0.010173 0.835485 0 0 0.8 0 0.010173 0.03548503 0 6.80793 0.03691446 0 1 0 1
43 1 2 4 0.010485 0.835767 0 0 0.8 0 0.010485 0.03576702 0 6.812447 0.03727217 0 1 0 1
43 1 2 4 0.010794 0.8360505 0 0 0.8 0 0.010794 0.0360505 0 6.829048 0.03763175 0 1 0 1
43 1 2 4 0.0111 0.836337 0 0 0.8 0 0.0111 0.03633696 0 6.834648 0.03799453 0 1 0 1
43 1 2 4 0.011406 0.8366265 0 0 0.8 0 0.011406 0.03662652 0 6.8452 0.03836142 0 1 0 1
43 1 2 4 0.0117075 0.8369175 0 0 0.8 0 0.0117075 0.03691751 0 6.861771 0.03872942 0 1 0 1
43 1 2 4 0.012009 0.8372101 0 0 0.8 0 0.012009 0.03721005 0 6.866745 0.03909992 0 1 0 1
43 1 2 4 0.0123075 0.8375056 0 0 0.8 0 0.0123075 0.03750557 0 6.871986 0.03947331 0 1 0 1
43 1 2 4 0.0126045 0.8378025 0 0 0.8 0 0.0126045 0.03780252 0 6.876045 0.03984851 0 1 0 1
43 1 2 4 0.0129 0.8381025 0 0 0.8 0 0.0129 0.03810251 0 6.893265 0.04022699 0 1 0 1
43 1 2 4 0.0131925 0.838404 0 0 0.8 0 0.0131925 0.03840399 0 6.898712 0.04060675 0 1 0 1
43 1 2 4 0.013482 0.838707 0 0 0.8 0 0.013482 0.03870696 0 6.908707 0.04098772 0 1 0 1
43 1 2 4 0.0137715 0.8390115 0 0 0.8 0 0.0137715 0.03901154 0 6.925392 0.04137094 0 1 0 1
43 1 2 4 0.0140565 0.839319 0 0 0.8 0 0.0140565 0.03931898 0 6.931175 0.04175605 0 1 0 1
43 1 2 4 0.0143415 0.8396295 0 0 0.8 0 0.0143415 0.03962952 0 6.936333 0.04214472 0 1 0 1
43 1 2 4 0.0146235 0.83994 0 0 0.8 0 0.0146235 0.03994 0 6.952904 0.04253293 0 1 0 1
43 1 2 4 0.0149025 0.8402536 0 0 0.8 0 0.0149025 0.04025358 0 6.958633 0.0429236 0 1 0 1
43 1 2 4 0.01518 0.8405685 0 0 0.8 0 0.01518 0.04056853 0 6.963165 0.04331556 0 1 0 1
43 1 2 4 0.015456 0.8408866 0 0 0.8 0 0.015456 0.04088658 0 6.967789 0.04371041 0 1 0 1
43 1 2 4 0.015729 0.8412045 0 0 0.8 0 0.015729 0.04120451 0 6.98436 0.04410457 0 1 0 1
43 1 2 4 0.015999 0.8415271 0 0 0.8 0 0.015999 0.04152709 0 6.989754 0.04450244 0 1 0 1
43 1 2 4 0.0162675 0.8418496 0 0 0.8 0 0.0162675 0.04184955 0 7.000443 0.04490007 0 1 0 1
43 1 2 4 0.0165345 0.8421736 0 0 0.8 0 0.0165345 0.04217356 0 7.017021 0.045299 0 1 0 1
43 1 2 4 0.0167985 0.8425006 0 0 0.8 0 0.0167985 0.04250056 0 7.022278 0.04569997 0 1 0 1
43 1 2 4 0.0170595 0.842829 0 0 0.8 0 0.0170595 0.04282898 0 7.026917 0.0461015 0 1 0 1
43 1 2 4 0.017319 0.843159 0 0 0.8 0 0.017319 0.04315901 0 7.03138 0.04650427 0 1 0 1
43 1 2 4 0.0175755 0.843492 0 0 0.8 0 0.0175755 0.04349202 0 7.048187 0.046909 0 1 0 1
43 1 2 4 0.0178305 0.843825 0 0 0.8 0 0.0178305 0.04382497 0 7.053909 0.04731337 0 1 0 1
43 1 2 4 0.0180825 0.844161 0 0 0.8 0 0.0180825 0.04416102 0 7.064377 0.04771973 0 1 0 1
43 1 2 4 0.018333 0.8444985 0 0 0.8 0 0.018333 0.0444985 0 7.08094 0.04812708 0 1 0 1
43 1 2 4 0.0185805 0.8448375 0 0 0.8 0 0.0185805 0.04483753 0 7.086121 0.04853493 0 1 0 1
43 1 2 4 0.0188265 0.8451796 0 0 0.8 0 0.0188265 0.04517955 0 7.091331 0.04894516 0 1 0 1
43 1 2 4 0.0190695 0.8455215 0 0 0.8 0 0.0190695 0.0455215 0 7.096039 0.04935436 0 1 0 1
43 1 2 4 0.0193095 0.8458666 0 0 0.8 0 0.0193095 0.04586655 0 7.113243 0.04976542 0 1 0 1
43 1 2 4 0.019548 0.8462116 0 0 0.8 0 0.019548 0.04621154 0 7.118919 0.050176 0 1 0 1
43 1 2 4 0.0197835 0.8465595 0 0 0.8 0 0.0197835 0.04655951 0 7.124168 0.05058829 0 1 0 1
43 1 2 4 0.020016 0.846909 0 0 0.8 0 0.020016 0.04690903 0 7.140755 0.05100096 0 1 0 1
43 1 2 4 0.020247 0.84726 0 0 0.8 0 0.020247 0.04725999 0 7.151428 0.05141447 0 1 0 1
43 1 2 4 0.020475 0.8476126 0 0 0.8 0 0.020475 0.04761255 0 7.156616 0.05182837 0 1 0 1
43 1 2 4 0.0207015 0.8479666 0 0 0.8 0 0.0207015 0.04796654 0 7.173904 0.05224309 0 1 0 1
43 1 2 4 0.020925 0.848322 0 0 0.8 0 0.020925 0.04832202 0 7.17939 0.05265808 0 1 0 1
43 1 2 4 0.0211455 0.848679 0 0 0.8 0 0.0211455 0.04867899 0 7.184334 0.05307331 0 1 0 1
43 1 2 4 0.0213645 0.8490375 0 0 0.8 0 0.0213645 0.04903752 0 7.189453 0.05348944 0 1 0 1
43 1 2 4 0.0215805 0.849399 0 0 0.8 0 0.0215805 0.04939896 0 7.206024 0.0539071 0 1 0 1
43 1 2 4 0.0217935 0.8497605 0 0 0.8 0 0.0217935 0.04976052 0 7.211647 0.05432371 0 1 0 1
43 1 2 4 0.0220035 0.8501235 0 0 0.8 0 0.0220035 0.05012351 0 7.221962 0.05474048 0 1 0 1
43 1 2 4 0.022212 0.8504881 0 0 0.8 0 0.022212 0.05048805 0 7.239105 0.0551581 0 1 0 1
43 1 2 4 0.0224175 0.850854 0 0 0.8 0 0.0224175 0.05085403 0 7.244415 0.05557586 0 1 0 1
43 1 2 4 0.0226215 0.8512216 0 0 0.8 0 0.0226215 0.05122155 0 7.249084 0.05599446 0 1 0 1
43 1 2 4 0.022821 0.8515905 0 0 0.8 0 0.022821 0.0515905 0 7.265656 0.05641257 0 1 0 1
43 1 2 4 0.023019 0.851961 0 0 0.8 0 0.023019 0.051961 0 7.270973 0.05683151 0 1 0 1
43 1 2 4 0.023214 0.8523331 0 0 0.8 0 0.023214 0.05233306 0 7.276505 0.05725066 0 1 0 1
43 1 2 4 0.0234075 0.8527066 0 0 0.8 0 0.0234075 0.05270654 0 7.281181 0.05767053 0 1 0 1
43 1 2 4 0.023598 0.8530815 0 0 0.8 0 0.023598 0.05308145 0 7.297752 0.0580905 0 1 0 1
43 1 2 4 0.0237855 0.8534566 0 0 0.8 0 0.0237855 0.05345654 0 7.309586 0.05850942 0 1 0 1
43 1 2 4 0.02397 0.8538346 0 0 0.8 0 0.02397 0.05383456 0 7.314842 0.05892979 0 1 0 1
43 1 2 4 0.0241515 0.8542125 0 0 0.8 0 0.0241515 0.05421251 0 7.331406 0.0593489 0 1 0 1
43 1 2 4 0.0243315 0.854592 0 0 0.8 0 0.0243315 0.05459201 0 7.337448 0.0597688 0 1 0 1
43 1 2 4 0.0245085 0.8549731 0 0 0.8 0 0.0245085 0.05497307 0 7.343323 0.06018891 0 1 0 1
43 1 2 4 0.0246825 0.8553556 0 0 0.8 0 0.0246825 0.05535555 0 7.359955 0.0606091 0 1 0 1
43 1 2 4 0.0248535 0.855738 0 0 0.8 0 0.0248535 0.05573803 0 7.365013 0.06102806 0 1 0 1
43 1 2 4 0.025023 0.8561236 0 0 0.8 0 0.025023 0.05612355 0 7.375977 0.0614492 0 1 0 1
43 1 2 4 0.0251895 0.856509 0 0 0.8 0 0.0251895 0.05650896 0 7.39254 0.061869 0 0 0 1
43 1 2 4 0.025353 0.856896 0 0 0.8 0 0.025353 0.05689603 0 7.397842 0.06228911 0 0 0 1
43 1 2 4 0.0255135 0.8572845 0 0 0.8 0 0.0255135 0.05728453 0 7.402466 0.0627093 0 0 0 1
43 1 2 4 0.025671 0.857673 0 0 0.8 0 0.025671 0.05767298 0 7.407402 0.06312823 0 0 0 1
43 1 2 4 0.025827 0.8580631 0 0 0.8 0 0.025827 0.05806309 0 7.424278 0.06354807 0 0 0 1
43 1 2 4 0.0259785 0.8584545 0 0 0.8 0 0.0259785 0.05845445 0 7.430183 0.06396723 0 0 0 1
43 1 2 4 0.0261285 0.8588475 0 0 0.8 0 0.0261285 0.05884749 0 7.434921 0.06438731 0 0 0 1
43 1 2 4 0.0262755 0.8592405 0 0 0.8 0 0.0262755 0.05924052 0 7.440041 0.06480618 0 0 0 1
43 1 2 4 0.0264195 0.859635 0 0 0.8 0 0.0264195 0.05963498 0 7.456612 0.06522515 0 0 0 1
43 1 2 4 0.026562 0.860031 0 0 0.8 0 0.026562 0.060031 0 7.467468 0.06564496 0 0 0 1
43 1 2 4 0.0267 0.860427 0 0 0.8 0 0.0267 0.06042701 0 7.484039 0.06606295 0 0 0 1
43 1 2 4 0.0268365 0.8608245 0 0 0.8 0 0.0268365 0.06082445 0 7.489838 0.06648166 0 0 0 1
43 1 2 4 0.02697 0.861222 0 0 0.8 0 0.02697 0.06122202 0 7.494965 0.0668993 0 0 0 1
43 1 2 4 0.0271005 0.861621 0 0 0.8 0 0.0271005 0.06162101 0 7.499313 0.06731705 0 0 0 1
43 1 2 4 0.027228 0.8620216 0 0 0.8 0 0.027228 0.06202155 0 7.516464 0.06773505 0 0 0 1
43 1 2 4 0.0273525 0.8624235 0 0 0.8 0 0.0273525 0.06242353 0 7.522072 0.06815318 0 0 0 1
43 1 2 4 0.027474 0.862824 0 0 0.8 0 0.027474 0.06282395 0 7.532433 0.06856872 0 0 0 1
43 1 2 4 0.027594 0.8632276 0 0 0.8 0 0.027594 0.06322759 0 7.549004 0.06898665 0 0 0 1
43 1 2 4 0.0277095 0.8636311 0 0 0.8 0 0.0277095 0.06363106 0 7.555367 0.06940265 0 0 0 1
43 1 2 4 0.0278235 0.864036 0 0 0.8 0 0.0278235 0.06403595 0 7.562866 0.06981941 0 0 0 1
43 1 2 4 0.0279345 0.864441 0 0 0.8 0 0.0279345 0.06444103 0 7.580345 0.07023519 0 0 0 1
43 1 2 4 0.0280425 0.864846 0 0 0.8 0 0.0280425 0.06484598 0 7.585709 0.07064972 0 0 0 1
43 1 2 4 0.0281475 0.8652526 0 0 0.8 0 0.0281475 0.06525254 0 7.59111 0.07106459 0 0 0 1
43 1 2 4 0.0282495 0.8656605 0 0 0.8 0 0.0282495 0.06566054 0 7.596138 0.07147965 0 0 0 1
43 1 2 4 0.0283485 0.8660686 0 0 0.8 0 0.0283485 0.06606859 0 7.612709 0.07189364 0 0 0 1
43 1 2 4 0.0284445 0.8664781 0 0 0.8 0 0.0284445 0.06647807 0 7.618362 0.07230784 0 0 0 1
43 1 2 4 0.028539 0.8668876 0 0 0.8 0 0.028539 0.06688756 0 7.634918 0.07272152 0 0 0 1
43 1 2 4 0.028629 0.8672971 0 0 0.8 0 0.028629 0.06729704 0 7.639954 0.07313352 0 0 0 1
43 1 2 4 0.0287175 0.867708 0 0 0.8 0 0.0287175 0.06770802 0 7.644966 0.07354638 0 0 0 1
43 1 2 4 0.0288015 0.868119 0 0 0.8 0 0.0288015 0.06811899 0 7.650116 0.07395758 0 0 0 1
43 1 2 4 0.028884 0.8685316 0 0 0.8 0 0.028884 0.06853157 0 7.654701 0.07436977 0 0 0 1
43 1 2 4 0.0289635 0.868944 0 0 0.8 0 0.0289635 0.06894398 0 7.659172 0.07478072 0 0 0 1
43 1 2 4 0.02904 0.8693565 0 0 0.8 0 0.02904 0.0693565 0 7.675743 0.07519073 0 0 0 1
43 1 2 4 0.0291135 0.8697705 0 0 0.8 0 0.0291135 0.06977051 0 7.681084 0.07560106 0 0 0 1
43 1 2 4 0.029184 0.8701845 0 0 0.8 0 0.029184 0.07018453 0 7.690292 0.07601035 0 0 0 1
43 1 2 4 0.0292515 0.8705986 0 0 0.8 0 0.0292515 0.07059854 0 7.706856 0.07641862 0 0 0 1
43 1 2 4 0.029316 0.871014 0 0 0.8 0 0.029316 0.07101399 0 7.71228 0.07682717 0 0 0 1
43 1 2 4 0.0293775 0.8714295 0 0 0.8 0 0.0293775 0.07142949 0 7.716377 0.07723477 0 0 0 1
43 1 2 4 0.029436 0.8718451 0 0 0.8 0 0.029436 0.07184505 0 7.720627 0.07764142 0 0 0 1
43 1 2 4 0.029493 0.8722606 0 0 0.8 0 0.029493 0.07226056 0 7.737869 0.07804758 0 0 0 1
43 1 2 4 0.0295455 0.8726776 0 0 0.8 0 0.0295455 0.07267755 0 7.744141 0.07845357 0 0 0 1
43 1 2 4 0.029595 0.8730946 0 0 0.8 0 0.029595 0.07309455 0 7.749832 0.07885859 0 0 0 1
43 1 2 4 0.029643 0.8735116 0 0 0.8 0 0.029643 0.07351154 0 7.766403 0.0792632 0 0 0 1
43 1 2 4 0.0296865 0.87393 0 0 0.8 0 0.0296865 0.07393003 0 7.771667 0.07966767 0 0 0 1
43 1 2 4 0.0297285 0.874347 0 0 0.8 0 0.0297285 0.07434702 0 7.776665 0.08007036 0 0 0 1
43 1 2 4 0.0297675 0.8747655 0 0 0.8 0 0.0297675 0.0747655 0 7.793472 0.0804735 0 0 0 1
43 1 2 4 0.029802 0.8751841 0 0 0.8 0 0.029802 0.07518405 0 7.798904 0.08087521 0 0 0 1
43 1 2 4 0.029835 0.8756026 0 0 0.8 0 0.029835 0.07560259 0 7.803604 0.08127656 0 0 0 1
43 1 2 4 0.029865 0.8760225 0 0 0.8 0 0.029865 0.07602251 0 7.80864 0.08167827 0 0 0 1
43 1 2 4 0.029892 0.876441 0 0 0.8 0 0.029892 0.07644099 0 7.81337 0.08207775 0 0 0 1
43 1 2 4 0.0299145 0.8768611 0 0 0.8 0 0.0299145 0.07686108 0 7.830009 0.08247729 0 0 0 1
43 1 2 4 0.0299355 0.8772795 0 0 0.8 0 0.0299355 0.07727951 0 7.835358 0.08287495 0 0 0 1
43 1 2 4 0.0299535 0.8776995 0 0 0.8 0 0.0299535 0.07769948 0 7.845047 0.08327317 0 0 0 1
43 1 2 4 0.0299685 0.8781196 0 0 0.8 0 0.0299685 0.07811958 0 7.861618 0.08367066 0 0 0 1
43 1 2 4 0.0299805 0.8785395 0 0 0.8 0 0.0299805 0.07853949 0 7.866844 0.08406713 0 0 0 1
43 1 2 4 0.0299895 0.8789595 0 0 0.8 0 0.0299895 0.07895952 0 7.871056 0.08446287 0 0 0 1
43 1 2 4 0.0299955 0.8793796 0 0 0.8 0 0.0299955 0.07937956 0 7.875122 0.08485779 0 0 0 1
43 1 2 4 0.03 0.8797995 0 0 0.8 0 0.03 0.07979947 0 7.891685 0.08525231 0 0 0 1
43 1 2 4 0.03 0.8800501 0 0 0.8 0 0.03 0.08005005 0 7.897018 0.0854869 0 0 0 1
